id,tag
0,"O"
1,"NNP"
2,"MD"
3,"VB"
4,"JJ"
5,"IN"
6,"NNP"
7,"NNP"
8,"IN"
9,"DT"
10,","
11,"CC"
12,"DT"
13,"JJ"
14,"NNS"
15,"VBP"
16,"VBG"
17,"RB"
18,"RB"
19,"IN"
20,"RB"
21,":"
22,"CC"
23,"JJR"
24,"."
25,"IN"
26,"NNP"
27,"NNP"
28,"NNP"
29,","
30,"IN"
31,"NN"
32,","
33,"DT"
34,"CD"
35,"NN"
36,"NNS"
37,"VBN"
38,"IN"
39,"NNP"
40,"NNP"
41,"``"
42,"NNP"
43,"''"
44,"NNP"
45,"VBD"
46,"DT"
47,"NN"
48,"NN"
49,"TO"
50,"$"
51,"CD"
52,"CD"
53,"IN"
54,"DT"
55,"JJ"
56,"NN"
57,"VBD"
58,"NNP"
59,"CD"
60,"IN"
61,"$"
62,"CD"
63,"CD"
64,"IN"
65,"DT"
66,"CD"
67,"NNS"
68,"VBD"
69,"NNP"
70,"CD"
71,","
72,"CD"
73,"."
74,"DT"
75,"NNS"
76,"VBP"
77,"RB"
78,"VB"
79,"JJ"
80,"NNS"
81,"IN"
82,"NNS"
83,"IN"
84,"NNP"
85,"NNP"
86,"NN"
87,"."
88,"NNP"
89,"NNP"
90,"PRP"
91,"VBD"
92,"VBN"
93,"$"
94,"CD"
95,"CD"
96,","
97,"IN"
98,"DT"
99,"JJ"
100,"$"
101,"CD"
102,"CD"
103,"IN"
104,"NNS"
105,","
106,"RB"
107,"IN"
108,"$"
109,"CD"
110,"CD"
111,"DT"
112,"NN"
113,"RB"
114,"."
115,"DT"
116,"NN"
117,"VBZ"
118,"VBN"
119,"IN"
120,"DT"
121,"NN"
122,"NN"
123,"POS"
124,"JJ"
125,"NN"
126,"NN"
127,"VBN"
128,"IN"
129,"DT"
130,"NNP"
131,"CC"
132,"NNP"
133,"NNP"
134,"."
135,"IN"
136,"PRP"
137,"VBZ"
138,"IN"
139,"DT"
140,"JJ"
141,"NN"
142,","
143,"NNP"
144,"NNP"
145,"POS"
146,"JJ"
147,"NNS"
148,"VBP"
149,"JJ"
150,"RB"
151,"RBR"
152,"IN"
153,"DT"
154,"IN"
155,"JJ"
156,"NNS"
157,"."
158,"DT"
159,"JJ"
160,"NN"
161,"VBZ"
162,"CD"
163,"NNS"
164,"RB"
165,"IN"
166,"CD"
167,"IN"
168,"NNP"
169,"NNP"
170,"VBD"
171,"TO"
172,"DT"
173,"JJ"
174,"NN"
175,"NN"
176,"IN"
177,"NNP"
178,"RB"
179,"IN"
180,"NNP"
181,"."
182,"RB"
183,","
184,"NNP"
185,"NNP"
186,"POS"
187,"CD"
188,"NN"
189,"CC"
190,"NN"
191,"NNS"
192,"VBD"
193,"NN"
194,"NNS"
195,"IN"
196,"DT"
197,"JJ"
198,"NN"
199,","
200,"WDT"
201,"DT"
202,"NN"
203,"VBZ"
204,"VBN"
205,"JJR"
206,"NN"
207,"NN"
208,"VBN"
209,"IN"
210,"DT"
211,"NN"
212,"IN"
213,"NN"
214,"NN"
215,"IN"
216,"DT"
217,"NNS"
218,"."
219,"RB"
220,","
221,"NNP"
222,"NNP"
223,"IN"
224,"NNP"
225,"VBD"
226,"JJ"
227,"NNS"
228,"IN"
229,"PRP$"
230,"JJ"
231,"NN"
232,","
233,"VBD"
234,"NNP"
235,"CD"
236,","
237,"RB"
238,"RB"
239,"IN"
240,"DT"
241,"CD"
242,"NN"
243,"NN"
244,"IN"
245,"NNS"
246,"IN"
247,"DT"
248,"NN"
249,"."
250,"NNP"
251,"NNP"
252,"NNP"
253,","
254,"JJ"
255,"JJ"
256,"NN"
257,","
258,"VBD"
259,"DT"
260,"JJ"
261,"NNS"
262,"IN"
263,"NNP"
264,"NNP"
265,"."
266,"``"
267,"DT"
268,"IN"
269,"PRP"
270,"VBP"
271,"IN"
272,"DT"
273,"JJ"
274,"NN"
275,"IN"
276,"$"
277,"CD"
278,"IN"
279,"DT"
280,"NN"
281,"VBZ"
282,"NN"
283,":"
284,"CC"
285,"WDT"
286,"POS"
287,"RB"
288,"JJ"
289,"RB"
290,"RB"
291,"IN"
292,"NNP"
293,"NNP"
294,"VBZ"
295,","
296,"''"
297,"NNP"
298,"NNP"
299,"VBD"
300,"."
301,"RB"
302,","
303,"NNP"
304,"NNP"
305,"VBZ"
306,"RB"
307,"VBN"
308,"DT"
309,"JJ"
310,"NN"
311,"IN"
312,"PRP$"
313,"NN"
314,"CD"
315,"NNS"
316,"RB"
317,"."
318,"NNP"
319,"NNP"
320,"NNP"
321,"NNS"
322,"IN"
323,"DT"
324,"NNP"
325,"NNP"
326,"NNP"
327,"VBD"
328,"VBN"
329,"$"
330,"CD"
331,"CD"
332,"CC"
333,"JJR"
334,"IN"
335,"NNS"
336,"IN"
337,"DT"
338,"CD"
339,"NNS"
340,"VBN"
341,"IN"
342,"NNP"
343,"."
344,"VBG"
345,"TO"
346,"DT"
347,"JJ"
348,"NN"
349,","
350,"NNP"
351,"NNP"
352,"NNP"
353,","
354,"CD"
355,","
356,"NNP"
357,"NNP"
358,"POS"
359,"NN"
360,","
361,"VBD"
362,"$"
363,"CD"
364,"CD"
365,":"
366,"DT"
367,"JJ"
368,"NN"
369,"NN"
370,","
371,"NNP"
372,"NNP"
373,"NNP"
374,","
375,"CD"
376,","
377,"VBD"
378,"RB"
379,"$"
380,"CD"
381,"CD"
382,":"
383,"CC"
384,"CD"
385,"JJ"
386,"NN"
387,"NNS"
388,","
389,"NNP"
390,"NNP"
391,"NNP"
392,","
393,"CD"
394,","
395,"CC"
396,"NNP"
397,"NNP"
398,"NNP"
399,","
400,"CD"
401,","
402,"VBN"
403,"IN"
404,"$"
405,"CD"
406,"CD"
407,"DT"
408,"."
409,"NNP"
410,"NNP"
411,"VBD"
412,"DT"
413,"NN"
414,"VBZ"
415,"DT"
416,"``"
417,"JJ"
418,"JJ"
419,"NN"
420,"''"
421,"IN"
422,"VBG"
423,"NN"
424,","
425,"VBN"
426,"IN"
427,"DT"
428,"NN"
429,"POS"
430,"NNS"
431,"."
432,"``"
433,"RB"
434,"IN"
435,"DT"
436,"JJ"
437,"NN"
438,"IN"
439,"DT"
440,"NN"
441,"VBZ"
442,"RB"
443,","
444,"''"
445,"PDT"
446,"IN"
447,"NN"
448,","
449,"``"
450,"VBZ"
451,"RB"
452,"VB"
453,"DT"
454,"JJ"
455,"NN"
456,"MD"
457,"VB"
458,"VBN"
459,"JJR"
460,","
461,"''"
462,"PRP"
463,"VBD"
464,"."
465,"O"
466,"NNP"
467,"NNP"
468,"NNP"
469,"NNP"
470,"VBD"
471,"NNP"
472,"NNP"
473,","
474,"NN"
475,"NN"
476,"NN"
477,"NN"
478,","
479,"VBZ"
480,"VBG"
481,"IN"
482,"DT"
483,"NN"
484,"IN"
485,"DT"
486,"JJ"
487,"NN"
488,"NN"
489,"IN"
490,"NNP"
491,"NNP"
492,"NNP"
493,","
494,"WP"
495,"VBZ"
496,"VBG"
497,"."
498,"NNP"
499,"NNP"
500,"MD"
501,"VB"
502,"DT"
503,"NN"
504,"IN"
505,"DT"
506,"NN"
507,"NN"
508,"POS"
509,"NN"
510,"."
511,"NNP"
512,"NNP"
513,"VBZ"
514,"RB"
515,"VBN"
516,"IN"
517,"VBG"
518,"NNP"
519,"NNP"
520,"POS"
521,"NNS"
522,"IN"
523,"PRP$"
524,"JJ"
525,"JJ"
526,"NN"
527,","
528,"NN"
529,"NN"
530,"CC"
531,"NN"
532,"NNS"
533,"IN"
534,"DT"
535,"JJ"
536,"NN"
537,"."
538,"JJ"
539,"NN"
540,","
541,"NNP"
542,"NNP"
543,"VBD"
544,"RP"
545,"PRP$"
546,"JJ"
547,"NNP"
548,"NNS"
549,"NNS"
550,"."
551,"NNP"
552,"NNP"
553,"VBD"
554,"PRP$"
555,"NN"
556,"TO"
557,"DT"
558,"NN"
559,"VBZ"
560,"PRP"
561,"MD"
562,"VB"
563,"DT"
564,"RBR"
565,"JJ"
566,"NN"
567,"IN"
568,"DT"
569,"JJ"
570,"NN"
571,"IN"
572,"DT"
573,"NN"
574,","
575,"CC"
576,"PRP"
577,"VBD"
578,"IN"
579,"DT"
580,"NN"
581,"NN"
582,"POS"
583,"JJ"
584,"NN"
585,"VBZ"
586,"JJ"
587,"."
588,"NNP"
589,"NNP"
590,"VBD"
591,"NNP"
592,"NNP"
593,"IN"
594,"NN"
595,"NN"
596,"NN"
597,"IN"
598,"NNP"
599,"CD"
600,","
601,"DT"
602,"JJ"
603,"NNS"
604,"IN"
605,"DT"
606,"NNS"
607,"IN"
608,"JJ"
609,"NNP"
610,"NNP"
611,"NNP"
612,"NNP"
613,"CC"
614,"JJ"
615,"JJ"
616,"NNS"
617,"IN"
618,"IN"
619,"DT"
620,"NN"
621,"NN"
622,"POS"
623,"NN"
624,"IN"
625,"NNP"
626,"NNP"
627,"POS"
628,"JJ"
629,"NN"
630,"IN"
631,"NNP"
632,"POS"
633,"NNP"
634,"IN"
635,"CD"
636,"."
637,"NNP"
638,"NNP"
639,"VBD"
640,"VBN"
641,"NNP"
642,"IN"
643,"DT"
644,"NN"
645,","
646,"WDT"
647,"VBD"
648,"VBN"
649,"IN"
650,"NNS"
651,"IN"
652,"NNP"
653,"VBD"
654,"JJ"
655,"NNS"
656,"TO"
657,"VB"
658,"DT"
659,"NN"
660,"POS"
661,"NN"
662,"."
663,"NNP"
664,"NNP"
665,"VBD"
666,"NNP"
667,"NNP"
668,","
669,"RB"
670,"NN"
671,"NN"
672,"NN"
673,"NN"
674,","
675,"MD"
676,"VB"
677,"DT"
678,"JJ"
679,"NN"
680,"NN"
681,"."
682,"DT"
683,"NN"
684,"NN"
685,"RB"
686,"VBD"
687,"DT"
688,"NN"
689,"NN"
690,"NNP"
691,"NNP"
692,"VBZ"
693,"VBG"
694,"JJ"
695,"NN"
696,"IN"
697,"JJ"
698,"NNS"
699,"."
700,"PRP$"
701,"NNS"
702,"MD"
703,"VB"
704,"VBN"
705,"RP"
706,"IN"
707,"NNP"
708,"NNP"
709,","
710,"WP"
711,"VBZ"
712,"VBN"
713,"VBN"
714,"JJ"
715,"NN"
716,"."
717,"NNP"
718,"IN"
719,"NNP"
720,"NNP"
721,"POS"
722,"NN"
723,"VBZ"
724,"CD"
725,"NN"
726,"IN"
727,"NNP"
728,"VBD"
729,"IN"
730,"NNP"
731,"NNP"
732,"VBD"
733,"IN"
734,"NN"
735,"IN"
736,"NNP"
737,"POS"
738,"NN"
739,"NN"
740,"TO"
741,"VB"
742,"DT"
743,"JJ"
744,"NNS"
745,"NN"
746,"."
747,"NNP"
748,"NNP"
749,"VBD"
750,"DT"
751,"NNP"
752,"NNP"
753,"CC"
754,"NNP"
755,"VBD"
756,"VBN"
757,"TO"
758,"VB"
759,"DT"
760,"NN"
761,"RB"
762,","
763,"CC"
764,"NNP"
765,"NNP"
766,"VBD"
767,"VBN"
768,"PRP"
769,"TO"
770,"VB"
771,"IN"
772,"DT"
773,"NN"
774,"VBD"
775,"IN"
776,"DT"
777,"JJ"
778,"NN"
779,"."
780,"``"
781,"IN"
782,"EX"
783,"VBZ"
784,"DT"
785,"NN"
786,"IN"
787,"DT"
788,"NNS"
789,"PRP"
790,"VBZ"
791,"IN"
792,"PRP"
793,"VBP"
794,"VBG"
795,"IN"
796,"DT"
797,"NN"
798,"WRB"
799,"DT"
800,"NN"
801,"VBZ"
802,"IN"
803,"RB"
804,"JJ"
805,"NN"
806,"CC"
807,"VBG"
808,"RB"
809,"RB"
810,"RB"
811,"."
812,"''"
813,"JJ"
814,"NN"
815,","
816,"NNP"
817,"NNP"
818,"VBD"
819,"PRP$"
820,"JJ"
821,"NN"
822,"VBD"
823,"CD"
824,"NN"
825,"TO"
826,"#"
827,"CD"
828,"CD"
829,"IN"
830,"DT"
831,"JJ"
832,"NN"
833,","
834,"VBN"
835,"IN"
836,"DT"
837,"JJ"
838,"NN"
839,"IN"
840,"PRP$"
841,"JJ"
842,"CC"
843,"JJ"
844,"JJ"
845,"NN"
846,"NN"
847,"."
848,"O"
849,"DT"
850,"NN"
851,"VBD"
852,"IN"
853,"NN"
854,"POS"
855,"NNS"
856,"CC"
857,"NNS"
858,"IN"
859,"DT"
860,"NNP"
861,"CC"
862,"JJ"
863,"NN"
864,"NNS"
865,","
866,"IN"
867,"NNS"
868,"CC"
869,"NN"
870,"NN"
871,","
872,"RB"
873,"VBN"
874,"IN"
875,"NNP"
876,"NNP"
877,"NNP"
878,"NNP"
879,"NNP"
880,":"
881,"NNP"
882,"NNP"
883,":"
884,"$"
885,"CD"
886,"CD"
887,"IN"
888,"CD"
889,"CD"
890,"NN"
891,"NNS"
892,"JJ"
893,"NNP"
894,"CD"
895,","
896,"CD"
897,","
898,"VBN"
899,"IN"
900,"CD"
901,"TO"
902,"VB"
903,"CD"
904,"NN"
905,"."
906,"DT"
907,"NN"
908,"VBD"
909,"VBN"
910,"IN"
911,"DT"
912,"NN"
913,"IN"
914,"CD"
915,"NN"
916,"NNS"
917,"IN"
918,"DT"
919,"NN"
920,"POS"
921,"JJ"
922,"NN"
923,"."
924,"VBN"
925,"JJ"
926,"IN"
927,"NNP"
928,"POS"
929,"NNP"
930,"NNP"
931,"NNP"
932,"NNP"
933,"NNP"
934,"IN"
935,"NNP"
936,"CC"
937,"NNP"
938,"POS"
939,"NNP"
940,","
941,"DT"
942,"NN"
943,"MD"
944,"VB"
945,"VBN"
946,"IN"
947,"NNS"
948,"VBN"
949,"IN"
950,"NNP"
951,","
952,"NNP"
953,"CC"
954,"NNP"
955,"."
956,"NNP"
957,"NNP"
958,"NNPS"
959,"NNP"
960,"NNP"
961,":"
962,"$"
963,"CD"
964,"CD"
965,"IN"
966,"NN"
967,"NNS"
968,"IN"
969,"NNP"
970,"NNP"
971,","
972,"JJ"
973,"CD"
974,","
975,"CD"
976,","
977,"CD"
978,","
979,"CD"
980,"CC"
981,"CD"
982,","
983,"RB"
984,"VBN"
985,"IN"
986,"DT"
987,"NNP"
988,"NNP"
989,"NN"
990,"TO"
991,"VB"
992,"IN"
993,"CD"
994,"NN"
995,"IN"
996,"CD"
997,"TO"
998,"CD"
999,"NN"
1000,"IN"
1001,"CD"
1002,"."
1003,"JJ"
1004,"NNS"
1005,"VBD"
1006,"VBN"
1007,"TO"
1008,"VB"
1009,"TO"
1010,"CD"
1011,"NN"
1012,"IN"
1013,"CD"
1014,"."
1015,"EX"
1016,"VBP"
1017,"IN"
1018,"$"
1019,"CD"
1020,"CD"
1021,"IN"
1022,"CD"
1023,"NN"
1024,"NNS"
1025,"VBN"
1026,"IN"
1027,"CD"
1028,"CD"
1029,"TO"
1030,"VB"
1031,"CD"
1032,"NN"
1033,"IN"
1034,"CD"
1035,":"
1036,"IN"
1037,"$"
1038,"CD"
1039,"CD"
1040,"IN"
1041,"CD"
1042,"NN"
1043,"NNS"
1044,"VBN"
1045,"IN"
1046,"CD"
1047,"CD"
1048,"TO"
1049,"VB"
1050,"CD"
1051,"NN"
1052,"IN"
1053,"CD"
1054,":"
1055,"IN"
1056,"$"
1057,"CD"
1058,"CD"
1059,"IN"
1060,"CD"
1061,"NN"
1062,"NNS"
1063,"VBN"
1064,"IN"
1065,"CD"
1066,"CD"
1067,"TO"
1068,"VB"
1069,"CD"
1070,"NN"
1071,"IN"
1072,"CD"
1073,":"
1074,"CC"
1075,"RB"
1076,"$"
1077,"CD"
1078,"CD"
1079,"IN"
1080,"CD"
1081,"CD"
1082,"NN"
1083,"NNS"
1084,"VBN"
1085,"TO"
1086,"VB"
1087,"CD"
1088,"NN"
1089,"IN"
1090,"CD"
1091,"."
1092,"DT"
1093,"NNS"
1094,"VBP"
1095,"VBN"
1096,"JJ"
1097,"IN"
1098,"NNP"
1099,"POS"
1100,"CC"
1101,"JJ"
1102,"IN"
1103,"NNP"
1104,","
1105,"VBG"
1106,"TO"
1107,"DT"
1108,"JJ"
1109,"NN"
1110,"."
1111,"NNP"
1112,"JJR"
1113,"NNP"
1114,"NNPS"
1115,"NNP"
1116,":"
1117,"RB"
1118,"$"
1119,"CD"
1120,"CD"
1121,"IN"
1122,"NN"
1123,"NNS"
1124,"IN"
1125,"NNP"
1126,"NNP"
1127,","
1128,"NNP"
1129,"NNP"
1130,","
1131,"JJ"
1132,"CD"
1133,","
1134,"CD"
1135,"CC"
1136,"CD"
1137,","
1138,"VBN"
1139,"JJ"
1140,"NNP"
1141,"IN"
1142,"DT"
1143,"NNP"
1144,"NNP"
1145,"NNP"
1146,"NNP"
1147,"NN"
1148,"TO"
1149,"VB"
1150,"IN"
1151,"CD"
1152,"NN"
1153,"IN"
1154,"CD"
1155,"TO"
1156,"CD"
1157,"NN"
1158,"IN"
1159,"CD"
1160,"."
1161,"JJ"
1162,"NNS"
1163,"VBD"
1164,"VBN"
1165,"TO"
1166,"VB"
1167,"IN"
1168,"CD"
1169,"NN"
1170,"IN"
1171,"CD"
1172,"TO"
1173,"CD"
1174,"NN"
1175,"IN"
1176,"CD"
1177,"."
1178,"EX"
1179,"VBP"
1180,"IN"
1181,"$"
1182,"CD"
1183,"CD"
1184,"IN"
1185,"CD"
1186,"NN"
1187,"NN"
1188,"NNS"
1189,"JJ"
1190,"CD"
1191,","
1192,"VBN"
1193,"TO"
1194,"VB"
1195,"CD"
1196,"NN"
1197,","
1198,"CC"
1199,"IN"
1200,"$"
1201,"CD"
1202,"CD"
1203,"IN"
1204,"CD"
1205,"NN"
1206,"NN"
1207,"NNS"
1208,"JJ"
1209,"CD"
1210,","
1211,"VBN"
1212,"IN"
1213,"CD"
1214,"TO"
1215,"VB"
1216,"CD"
1217,"NN"
1218,"."
1219,"DT"
1220,"NNS"
1221,"VBP"
1222,"VBN"
1223,"CC"
1224,"VBN"
1225,"JJ"
1226,"IN"
1227,"NNP"
1228,"POS"
1229,"NNP"
1230,"NNP"
1231,"."
1232,"NNP"
1233,":"
1234,"$"
1235,"CD"
1236,"CD"
1237,"IN"
1238,"JJ"
1239,"NN"
1240,"NN"
1241,"NN"
1242,"NNS"
1243,","
1244,"NNP"
1245,"NNP"
1246,"NNP"
1247,","
1248,"NNP"
1249,"NNP"
1250,"NNP"
1251,","
1252,"VBN"
1253,"IN"
1254,"DT"
1255,"NNP"
1256,"NNP"
1257,"NNP"
1258,"NN"
1259,"."
1260,"DT"
1261,"JJ"
1262,"NNS"
1263,"VBD"
1264,"VBN"
1265,"TO"
1266,"VB"
1267,"TO"
1268,"NN"
1269,"IN"
1270,"CD"
1271,"NN"
1272,"IN"
1273,"CD"
1274,"TO"
1275,"CD"
1276,"NN"
1277,"IN"
1278,"CD"
1279,","
1280,"CD"
1281,"CC"
1282,"CD"
1283,"."
1284,"DT"
1285,"NNS"
1286,"VBP"
1287,"VBN"
1288,"DT"
1289,"NN"
1290,"IN"
1291,"NNP"
1292,"IN"
1293,"NNP"
1294,"POS"
1295,","
1296,"CC"
1297,"DT"
1298,"JJ"
1299,"NN"
1300,"VBZ"
1301,"VBN"
1302,"IN"
1303,"NNP"
1304,","
1305,"DT"
1306,"NN"
1307,"VBD"
1308,"."
1309,"NNP"
1310,":"
1311,"$"
1312,"CD"
1313,"CD"
1314,"IN"
1315,"JJ"
1316,"NN"
1317,"NNS"
1318,"POS"
1319,"NN"
1320,"NNS"
1321,","
1322,"NNP"
1323,"NNP"
1324,","
1325,"JJ"
1326,"NNP"
1327,"CD"
1328,","
1329,"CD"
1330,","
1331,"CC"
1332,"JJ"
1333,"NNP"
1334,"LS"
1335,","
1336,"CD"
1337,","
1338,"IN"
1339,"DT"
1340,"NNP"
1341,"NNP"
1342,"NNP"
1343,"NN"
1344,"."
1345,"DT"
1346,"NN"
1347,"VBZ"
1348,"VBG"
1349,"DT"
1350,"NNS"
1351,"VBN"
1352,"IN"
1353,"CD"
1354,"CD"
1355,"NN"
1356,"NNS"
1357,"TO"
1358,"VB"
1359,"CD"
1360,"NN"
1361,"."
1362,"DT"
1363,"NNS"
1364,"VBP"
1365,"VBN"
1366,"JJ"
1367,"IN"
1368,"NNP"
1369,"POS"
1370,"CC"
1371,"JJ"
1372,"IN"
1373,"NNP"
1374,"."
1375,"NNP"
1376,"IN"
1377,"NNP"
1378,"CC"
1379,"NNP"
1380,"IN"
1381,"NNP"
1382,"NNP"
1383,":"
1384,"$"
1385,"CD"
1386,"CD"
1387,"IN"
1388,"NNP"
1389,"NNP"
1390,"NNS"
1391,"VBN"
1392,"IN"
1393,"DT"
1394,"NNP"
1395,"NNP"
1396,"NNP"
1397,"NN"
1398,"."
1399,"DT"
1400,"NNS"
1401,","
1402,"VBN"
1403,"JJ"
1404,"IN"
1405,"NNP"
1406,"POS"
1407,"CC"
1408,"JJ"
1409,"IN"
1410,"NNP"
1411,","
1412,"VBD"
1413,"VBN"
1414,"TO"
1415,"VB"
1416,"IN"
1417,"CD"
1418,"NN"
1419,"IN"
1420,"CD"
1421,"TO"
1422,"CD"
1423,"NN"
1424,"IN"
1425,"CD"
1426,"."
1427,"DT"
1428,"NN"
1429,"NNS"
1430,"VBP"
1431,"VBG"
1432,"VBN"
1433,"IN"
1434,"NN"
1435,"IN"
1436,"DT"
1437,"JJ"
1438,"CD"
1439,"."
1440,"NNP"
1441,"NNP"
1442,"NNP"
1443,"NNP"
1444,"NNP"
1445,":"
1446,"$"
1447,"CD"
1448,"CD"
1449,"IN"
1450,"JJ"
1451,"NN"
1452,"NNS"
1453,"VBG"
1454,"VBN"
1455,"IN"
1456,"CD"
1457,"NNS"
1458,"IN"
1459,"NNP"
1460,"NNP"
1461,"NNP"
1462,"."
1463,"DT"
1464,"NN"
1465,","
1466,"NNP"
1467,"CD"
1468,","
1469,"VBZ"
1470,"VBN"
1471,"IN"
1472,"NNP"
1473,"NNP"
1474,"CD"
1475,"NN"
1476,"NNS"
1477,"."
1478,"DT"
1479,"NN"
1480,"VBD"
1481,"JJ"
1482,"NN"
1483,"."
1484,"NNP"
1485,"NNP"
1486,"NNP"
1487,"NNP"
1488,":"
1489,"$"
1490,"CD"
1491,"CD"
1492,"IN"
1493,"JJ"
1494,"NN"
1495,"NNS"
1496,"VBG"
1497,"VBN"
1498,"IN"
1499,"CD"
1500,"NNS"
1501,"IN"
1502,"NNP"
1503,"NNP"
1504,"NNP"
1505,"."
1506,"DT"
1507,"NN"
1508,","
1509,"NNP"
1510,"NNP"
1511,","
1512,"VBZ"
1513,"VBN"
1514,"IN"
1515,"NNP"
1516,"NNP"
1517,"CD"
1518,"CD"
1519,"NN"
1520,"NNS"
1521,"CC"
1522,"JJ"
1523,"NN"
1524,"NN"
1525,"."
1526,"DT"
1527,"NN"
1528,"VBZ"
1529,"NNP"
1530,"NNP"
1531,"POS"
1532,"NNP"
1533,"NNP"
1534,"NN"
1535,"TO"
1536,"$"
1537,"CD"
1538,"CD"
1539,"CC"
1540,"PRP$"
1541,"JJ"
1542,"NN"
1543,"TO"
1544,"$"
1545,"CD"
1546,"CD"
1547,"IN"
1548,"DT"
1549,"NN"
1550,"VBD"
1551,"IN"
1552,"NNP"
1553,"CD"
1554,"."
1555,"NNP"
1556,"NNP"
1557,"NNP"
1558,"NNP"
1559,"."
1560,"("
1561,"NNP"
1562,")"
1563,":"
1564,"$"
1565,"CD"
1566,"CD"
1567,"IN"
1568,"NNS"
1569,"JJ"
1570,"NNP"
1571,"CD"
1572,","
1573,"CD"
1574,","
1575,"IN"
1576,"JJ"
1577,"NNS"
1578,","
1579,"VBG"
1580,"DT"
1581,"CD"
1582,"NN"
1583,"NN"
1584,"IN"
1585,"NN"
1586,","
1587,"IN"
1588,"NNP"
1589,"NNP"
1590,"NNP"
1591,"."
1592,"DT"
1593,"$"
1594,"CD"
1595,"NN"
1596,"VBZ"
1597,"CD"
1598,"NN"
1599,","
1600,"JJ"
1601,"IN"
1602,"NNP"
1603,"CD"
1604,","
1605,"CD"
1606,","
1607,"IN"
1608,"NNP"
1609,"CD"
1610,","
1611,"CD"
1612,","
1613,"TO"
1614,"VB"
1615,"NN"
1616,"NNS"
1617,"IN"
1618,"DT"
1619,"JJ"
1620,"NN"
1621,"IN"
1622,"CD"
1623,"CD"
1624,"NN"
1625,"TO"
1626,"DT"
1627,"NN"
1628,"NN"
1629,"NN"
1630,"WRB"
1631,"NNS"
1632,"VBP"
1633,"VBN"
1634,"NNP"
1635,"CD"
1636,"."
1637,"NNP"
1638,"NNP"
1639,"."
1640,"("
1641,"NNP"
1642,")"
1643,":"
1644,"$"
1645,"CD"
1646,"CD"
1647,"IN"
1648,"NNS"
1649,"JJ"
1650,"NNP"
1651,"CD"
1652,","
1653,"CD"
1654,","
1655,"IN"
1656,"JJ"
1657,"NNS"
1658,","
1659,"VBG"
1660,"DT"
1661,"CD"
1662,"NN"
1663,"NN"
1664,"IN"
1665,"NN"
1666,","
1667,"IN"
1668,"NNP"
1669,"NNP"
1670,"NNP"
1671,"."
1672,"DT"
1673,"$"
1674,"CD"
1675,"NN"
1676,"VBZ"
1677,"CD"
1678,"NN"
1679,","
1680,"JJ"
1681,"IN"
1682,"NNP"
1683,"CD"
1684,","
1685,"CD"
1686,","
1687,"TO"
1688,"NNP"
1689,"CD"
1690,","
1691,"CD"
1692,","
1693,"TO"
1694,"VB"
1695,"NN"
1696,"NNS"
1697,"IN"
1698,"DT"
1699,"JJ"
1700,"NN"
1701,"IN"
1702,"CD"
1703,"CD"
1704,"NN"
1705,"TO"
1706,"DT"
1707,"NN"
1708,"NN"
1709,"NN"
1710,"WRB"
1711,"NNS"
1712,"VBP"
1713,"VBN"
1714,"NNP"
1715,"CD"
1716,"."
1717,"NNP"
1718,"NNP"
1719,"NNP"
1720,"."
1721,"("
1722,"NNP"
1723,")"
1724,":"
1725,"$"
1726,"CD"
1727,"CD"
1728,"IN"
1729,"NNS"
1730,"JJ"
1731,"NNP"
1732,"CD"
1733,","
1734,"CD"
1735,","
1736,"IN"
1737,"JJ"
1738,"NNS"
1739,","
1740,"VBG"
1741,"DT"
1742,"CD"
1743,"CD"
1744,"NN"
1745,"TO"
1746,"CD"
1747,"CD"
1748,"NN"
1749,"NN"
1750,"IN"
1751,"NN"
1752,","
1753,"IN"
1754,"NNP"
1755,"NNP"
1756,"NNP"
1757,"NNP"
1758,"CC"
1759,"NNP"
1760,"NNP"
1761,"NNP"
1762,"NNP"
1763,"."
1764,"DT"
1765,"$"
1766,"CD"
1767,"NN"
1768,"VBZ"
1769,"CD"
1770,"NN"
1771,","
1772,"JJ"
1773,"IN"
1774,"NNP"
1775,"CD"
1776,","
1777,"CD"
1778,","
1779,"IN"
1780,"NNP"
1781,"CD"
1782,","
1783,"CD"
1784,","
1785,"TO"
1786,"VB"
1787,"NN"
1788,"NNS"
1789,"IN"
1790,"DT"
1791,"JJ"
1792,"NN"
1793,"IN"
1794,"CD"
1795,"NN"
1796,"TO"
1797,"CD"
1798,"NN"
1799,"IN"
1800,"DT"
1801,"NN"
1802,"NN"
1803,"NN"
1804,"WRB"
1805,"NNS"
1806,"VBP"
1807,"VBN"
1808,"NNP"
1809,"CD"
1810,"."
1811,"NNP"
1812,"NNP"
1813,"NNP"
1814,"NNP"
1815,"("
1816,"NNP"
1817,"NN"
1818,")"
1819,":"
1820,"CD"
1821,"CD"
1822,"JJ"
1823,"NNS"
1824,"IN"
1825,"CD"
1826,"CD"
1827,"NN"
1828,"NNS"
1829,"JJ"
1830,"NNP"
1831,"CD"
1832,","
1833,"CD"
1834,","
1835,"VBN"
1836,"IN"
1837,"CD"
1838,"CD"
1839,"TO"
1840,"VB"
1841,"CD"
1842,"NN"
1843,"RBR"
1844,"JJ"
1845,"NNS"
1846,","
1847,"IN"
1848,"NNP"
1849,"NNP"
1850,"NNP"
1851,"NNP"
1852,"."
1853,"VBN"
1854,"IN"
1855,"NNP"
1856,"NNP"
1857,"."
1858,"NNS"
1859,"CD"
1860,"."
1861,"NNP"
1862,"NNP"
1863,"NNP"
1864,":"
1865,"DT"
1866,"$"
1867,"CD"
1868,"CD"
1869,","
1870,"NN"
1871,"NN"
1872,"IN"
1873,"NN"
1874,"NNS"
1875,"VBN"
1876,"IN"
1877,"DT"
1878,"NN"
1879,"NN"
1880,"VBN"
1881,"IN"
1882,"NNP"
1883,"NNP"
1884,"NNP"
1885,"."
1886,"DT"
1887,"NN"
1888,"IN"
1889,"DT"
1890,"NN"
1891,"VBD"
1892,"VBN"
1893,"IN"
1894,"DT"
1895,"RB"
1896,"VBN"
1897,"$"
1898,"CD"
1899,"CD"
1900,"."
1901,"DT"
1902,"JJ"
1903,"NN"
1904,","
1905,"VBG"
1906,"IN"
1907,"$"
1908,"CD"
1909,"CD"
1910,"IN"
1911,"NNS"
1912,"JJ"
1913,"NNP"
1914,"CD"
1915,","
1916,"CD"
1917,","
1918,"IN"
1919,"DT"
1920,"JJ"
1921,"NN"
1922,"NN"
1923,","
1924,"VBD"
1925,"VBN"
1926,"IN"
1927,"CD"
1928,"CD"
1929,"NN"
1930,"NNS"
1931,"IN"
1932,"CD"
1933,"TO"
1934,"VB"
1935,"CD"
1936,"NN"
1937,"."
1938,"DT"
1939,"JJ"
1940,"NN"
1941,"VBD"
1942,"VBN"
1943,"IN"
1944,"DT"
1945,"NN"
1946,"IN"
1947,"CD"
1948,"NN"
1949,"NNS"
1950,"IN"
1951,"DT"
1952,"NN"
1953,"POS"
1954,"JJ"
1955,"NN"
1956,"NN"
1957,"."
1958,"DT"
1959,"JJ"
1960,"NN"
1961,","
1962,"VBG"
1963,"IN"
1964,"$"
1965,"CD"
1966,"CD"
1967,"IN"
1968,"JJ"
1969,"NNS"
1970,"JJ"
1971,"NNP"
1972,"CD"
1973,","
1974,"CD"
1975,","
1976,"VBD"
1977,"VBN"
1978,"IN"
1979,"CD"
1980,"CD"
1981,"NN"
1982,"NNS"
1983,"IN"
1984,"CD"
1985,"TO"
1986,"VB"
1987,"CD"
1988,"NN"
1989,"."
1990,"DT"
1991,"JJ"
1992,"NN"
1993,"VBD"
1994,"VBN"
1995,"IN"
1996,"DT"
1997,"NN"
1998,"IN"
1999,"CD"
2000,"NN"
2001,"NNS"
2002,"IN"
2003,"DT"
2004,"NN"
2005,"POS"
2006,"JJ"
2007,"NN"
2008,"."
2009,"DT"
2010,"JJ"
2011,"NN"
2012,","
2013,"VBG"
2014,"IN"
2015,"$"
2016,"CD"
2017,"CD"
2018,"IN"
2019,"JJ"
2020,"NNS"
2021,"JJ"
2022,"NNP"
2023,"CD"
2024,","
2025,"CD"
2026,","
2027,"VBD"
2028,"VBN"
2029,"IN"
2030,"CD"
2031,"CD"
2032,"NN"
2033,"NNS"
2034,"IN"
2035,"CD"
2036,"TO"
2037,"VB"
2038,"CD"
2039,"NN"
2040,"."
2041,"DT"
2042,"JJ"
2043,"NN"
2044,"VBD"
2045,"VBN"
2046,"IN"
2047,"DT"
2048,"NN"
2049,"IN"
2050,"CD"
2051,"NN"
2052,"NNS"
2053,"IN"
2054,"DT"
2055,"NN"
2056,"POS"
2057,"JJ"
2058,"NN"
2059,"."
2060,"DT"
2061,"NN"
2062,"VBZ"
2063,"VBN"
2064,"JJ"
2065,"IN"
2066,"NNP"
2067,"POS"
2068,"CC"
2069,"JJ"
2070,"IN"
2071,"NNP"
2072,"."
2073,"O"
2074,"NNP"
2075,"NNP"
2076,"NNP"
2077,"VBD"
2078,"PRP"
2079,"VBD"
2080,"PRP$"
2081,"JJ"
2082,"NN"
2083,"CC"
2084,"JJ"
2085,"NN"
2086,"NN"
2087,","
2088,"NNP"
2089,"NNP"
2090,"NNP"
2091,","
2092,"TO"
2093,"DT"
2094,"NNS"
2095,"RB"
2096,","
2097,"CC"
2098,"VBD"
2099,"PRP"
2100,"TO"
2101,"DT"
2102,"NN"
2103,"."
2104,"NNP"
2105,"RB"
2106,"VBD"
2107,"PRP"
2108,"VBD"
2109,"VBN"
2110,"IN"
2111,"DT"
2112,"JJ"
2113,"NN"
2114,"IN"
2115,"NNP"
2116,"IN"
2117,"PRP"
2118,"VBZ"
2119,"NN"
2120,"IN"
2121,"DT"
2122,"NN"
2123,"IN"
2124,"NNS"
2125,"VBG"
2126,"VBN"
2127,"IN"
2128,"DT"
2129,"JJ"
2130,"JJ"
2131,"NN"
2132,"IN"
2133,"JJ"
2134,"NNS"
2135,"IN"
2136,"DT"
2137,"JJ"
2138,"NN"
2139,","
2140,"NNP"
2141,"CC"
2142,"NNP"
2143,"NNP"
2144,"."
2145,"NNP"
2146,","
2147,"DT"
2148,"JJ"
2149,"NN"
2150,"WDT"
2151,"VBZ"
2152,"VBN"
2153,"VBN"
2154,"IN"
2155,"NN"
2156,"NNS"
2157,","
2158,"VBD"
2159,"RB"
2160,"DT"
2161,"NN"
2162,"IN"
2163,"DT"
2164,"JJ"
2165,"JJ"
2166,"NN"
2167,"IN"
2168,"DT"
2169,"JJ"
2170,"NN"
2171,"CC"
2172,"DT"
2173,"NNP"
2174,"CC"
2175,"NNP"
2176,"NNP"
2177,"NN"
2178,"."
2179,"DT"
2180,"JJ"
2181,"NN"
2182,"VBD"
2183,"PRP"
2184,"VBD"
2185,"DT"
2186,"JJ"
2187,"NN"
2188,"IN"
2189,"NNP"
2190,"NNP"
2191,"TO"
2192,"NNS"
2193,"FW"
2194,"VBN"
2195,"IN"
2196,"NNP"
2197,","
2198,"WRB"
2199,"NNP"
2200,"VBD"
2201,"PRP"
2202,"VBD"
2203,"JJ"
2204,"NN"
2205,"NN"
2206,"IN"
2207,"DT"
2208,"NNP"
2209,"."
2210,"IN"
2211,"DT"
2212,"NN"
2213,","
2214,"DT"
2215,"NN"
2216,"VBD"
2217,"PRP"
2218,"VBD"
2219,"VBG"
2220,"NN"
2221,"IN"
2222,"PRP$"
2223,"NNS"
2224,"CC"
2225,"VBD"
2226,"VBN"
2227,"VBG"
2228,"CD"
2229,"NNS"
2230,"."
2231,"DT"
2232,"NN"
2233,"VBD"
2234,"PRP"
2235,"RB"
2236,"VBD"
2237,"IN"
2238,"DT"
2239,"NN"
2240,"VBN"
2241,"TO"
2242,"DT"
2243,"NN"
2244,"IN"
2245,"DT"
2246,"``"
2247,"JJ"
2248,"''"
2249,"NN"
2250,"NN"
2251,"."
2252,"DT"
2253,"NN"
2254,"VBD"
2255,"NNS"
2256,"VBN"
2257,"IN"
2258,"DT"
2259,"NN"
2260,"NN"
2261,"WDT"
2262,"VBD"
2263,"RB"
2264,"VBN"
2265,"TO"
2266,"DT"
2267,"NNP"
2268,"."
2269,"NNP"
2270,"VBD"
2271,"PRP"
2272,"VBZ"
2273,"VBG"
2274,"IN"
2275,"DT"
2276,"NN"
2277,"."
2278,"RB"
2279,"RB"
2280,","
2281,"NNP"
2282,"NNP"
2283,","
2284,"DT"
2285,"JJ"
2286,"NN"
2287,"NN"
2288,"WP"
2289,"VBD"
2290,"JJ"
2291,"TO"
2292,"VBG"
2293,"DT"
2294,"NNP"
2295,"NN"
2296,"DT"
2297,"JJ"
2298,"NN"
2299,"IN"
2300,"$"
2301,"CD"
2302,","
2303,"VBD"
2304,"VBN"
2305,"IN"
2306,"DT"
2307,"JJ"
2308,"NN"
2309,"IN"
2310,"NNP"
2311,"TO"
2312,"CD"
2313,"NN"
2314,"IN"
2315,"NN"
2316,"NN"
2317,"CC"
2318,"DT"
2319,"$"
2320,"CD"
2321,"NN"
2322,"."
2323,"NNP"
2324,"NNP"
2325,"RB"
2326,"VBD"
2327,"VBN"
2328,"IN"
2329,"CD"
2330,"NNS"
2331,"POS"
2332,"NN"
2333,"."
2334,"NNP"
2335,"NNP"
2336,"VBD"
2337,"IN"
2338,"JJ"
2339,"NN"
2340,"NN"
2341,"IN"
2342,"NNP"
2343,"IN"
2344,"NNP"
2345,"."
2346,"IN"
2347,"NNP"
2348,","
2349,"NNP"
2350,"CC"
2351,"DT"
2352,"JJ"
2353,"NN"
2354,"VBD"
2355,"TO"
2356,"VB"
2357,"JJ"
2358,"IN"
2359,"DT"
2360,"NN"
2361,","
2362,"RB"
2363,"VBD"
2364,"DT"
2365,"JJ"
2366,"NN"
2367,"NN"
2368,"."
2369,"NNP"
2370,"NNP"
2371,"VBD"
2372,"VBG"
2373,"DT"
2374,"NN"
2375,"IN"
2376,"DT"
2377,"JJ"
2378,"NN"
2379,"IN"
2380,"JJ"
2381,"NNP"
2382,"."
2383,"NNP"
2384,"VBD"
2385,"PRP"
2386,"VBD"
2387,"PRP"
2388,"IN"
2389,"DT"
2390,"NNS"
2391,"IN"
2392,"NN"
2393,"CC"
2394,"JJ"
2395,"NN"
2396,"IN"
2397,"DT"
2398,"JJ"
2399,"NN"
2400,"IN"
2401,"IN"
2402,"PRP$"
2403,"NN"
2404,"IN"
2405,"DT"
2406,"NN"
2407,"CC"
2408,"PRP$"
2409,"NN"
2410,"IN"
2411,"NNP"
2412,"."
2413,"NNP"
2414,"NNP"
2415,","
2416,"NN"
2417,","
2418,"VBD"
2419,"NNP"
2420,"NNP"
2421,"VBD"
2422,"``"
2423,"VBN"
2424,"JJ"
2425,"NNS"
2426,"''"
2427,"TO"
2428,"VB"
2429,"DT"
2430,"NN"
2431,"POS"
2432,"NN"
2433,"CC"
2434,"NN"
2435,"IN"
2436,"NN"
2437,"CC"
2438,"NN"
2439,"."
2440,"O"
2441,"RB"
2442,"IN"
2443,"NN"
2444,"NNP"
2445,","
2446,"JJ"
2447,"NN"
2448,"VBD"
2449,"TO"
2450,"VB"
2451,"IN"
2452,"$"
2453,"CD"
2454,"CD"
2455,"."
2456,"WP"
2457,"VBP"
2458,"PRP"
2459,"VBP"
2460,"PRP"
2461,"PDT"
2462,"VB"
2463,"RP"
2464,"DT"
2465,"NN"
2466,"NN"
2467,","
2468,"VB"
2469,"NN"
2470,"CC"
2471,"NN"
2472,"DT"
2473,"$"
2474,"CD"
2475,"CD"
2476,"."
2477,"DT"
2478,"VBZ"
2479,"RB"
2480,"WP"
2481,"NN"
2482,"NN"
2483,"NNP"
2484,"NNP"
2485,"VBZ"
2486,"VBG"
2487,","
2488,"CC"
2489,"PRP"
2490,"VBP"
2491,"PRP"
2492,"VBZ"
2493,"RB"
2494,"JJ"
2495,"NN"
2496,"IN"
2497,"PRP"
2498,"MD"
2499,"VB"
2500,"."
2501,"IN"
2502,"JJ"
2503,"NNS"
2504,"MD"
2505,"RB"
2506,"VB"
2507,"JJ"
2508,"NN"
2509,"RB"
2510,":"
2511,"CC"
2512,"PRP"
2513,"MD"
2514,"RB"
2515,":"
2516,"VB"
2517,"DT"
2518,"NNS"
2519,"VBP"
2520,"PRP"
2521,"."
2522,"NNP"
2523,","
2524,"IN"
2525,"DT"
2526,"NN"
2527,"IN"
2528,"NNP"
2529,"NNP"
2530,"NNP"
2531,","
2532,"VBZ"
2533,"VBN"
2534,"VBG"
2535,"DT"
2536,"NN"
2537,"NNS"
2538,"IN"
2539,"NNS"
2540,"IN"
2541,"DT"
2542,"NN"
2543,"IN"
2544,"JJ"
2545,"NNS"
2546,"NNS"
2547,"."
2548,"("
2549,"UH"
2550,"IN"
2551,"RBR"
2552,"NNS"
2553,","
2554,"DT"
2555,"JJ"
2556,"NN"
2557,"IN"
2558,"$"
2559,"CD"
2560,"CD"
2561,"MD"
2562,"VB"
2563,"VBN"
2564,"RB"
2565,"JJR"
2566,"."
2567,")"
2568,"PRP"
2569,"VBP"
2570,"NNS"
2571,"VBP"
2572,"VBN"
2573,"RB"
2574,"IN"
2575,"DT"
2576,"NN"
2577,"."
2578,"VB"
2579,","
2580,"IN"
2581,"NN"
2582,","
2583,"IN"
2584,"RB"
2585,"NN"
2586,"POS"
2587,"RB"
2588,"VBN"
2589,"NN"
2590,"VBZ"
2591,"JJ"
2592,"TO"
2593,"VB"
2594,"VBN"
2595,"IN"
2596,"NN"
2597,"IN"
2598,"JJ"
2599,"NNS"
2600,"VBD"
2601,"TO"
2602,"VB"
2603,"."
2604,"IN"
2605,"DT"
2606,"NN"
2607,","
2608,"NNP"
2609,"POS"
2610,"NNS"
2611,"IN"
2612,"JJ"
2613,"NNS"
2614,"VBP"
2615,"VBN"
2616,"TO"
2617,"VB"
2618,"JJ"
2619,"."
2620,"NNP"
2621,"NNP"
2622,"NNP"
2623,"NN"
2624,"IN"
2625,"JJ"
2626,"NNS"
2627,"VBP"
2628,"VBN"
2629,"."
2630,"RB"
2631,","
2632,"DT"
2633,"NNP"
2634,"NNP"
2635,"POS"
2636,"NN"
2637,"IN"
2638,"DT"
2639,"NNP"
2640,"NNP"
2641,"NN"
2642,"VBD"
2643,"IN"
2644,"NNP"
2645,"NNP"
2646,"RB"
2647,"VBN"
2648,"DT"
2649,"JJ"
2650,"NNP"
2651,"NNS"
2652,"IN"
2653,"DT"
2654,"NN"
2655,"IN"
2656,"DT"
2657,"RB"
2658,"JJ"
2659,"NN"
2660,":"
2661,"``"
2662,"NNS"
2663,"VBP"
2664,"VBN"
2665,"VBG"
2666,"IN"
2667,"NNS"
2668,"IN"
2669,"PRP"
2670,"VBP"
2671,"TO"
2672,"VB"
2673,"RP"
2674,"DT"
2675,"NNS"
2676,"RB"
2677,"RB"
2678,"IN"
2679,"PRP"
2680,"VBP"
2681,"TO"
2682,"DT"
2683,"NN"
2684,"IN"
2685,"DT"
2686,"JJ"
2687,"NN"
2688,"."
2689,"''"
2690,"NNP"
2691,"NNP"
2692,"POS"
2693,"NN"
2694,"TO"
2695,"VB"
2696,"DT"
2697,"NN"
2698,"VBD"
2699,"VBN"
2700,"IN"
2701,"NN"
2702,"IN"
2703,"NNP"
2704,"NNP"
2705,"NNP"
2706,"NNP"
2707,"NNP"
2708,"NNP"
2709,":"
2710,"``"
2711,"EX"
2712,"VBZ"
2713,"DT"
2714,"NN"
2715,"RB"
2716,"IN"
2717,"DT"
2718,"NNS"
2719,"VBP"
2720,"DT"
2721,"NN"
2722,"TO"
2723,"VB"
2724,"."
2725,"PRP"
2726,"MD"
2727,"VB"
2728,"NN"
2729,"IN"
2730,"DT"
2731,"JJ"
2732,"JJ"
2733,"NN"
2734,"."
2735,"''"
2736,"DT"
2737,"NN"
2738,"VBZ"
2739,"VBG"
2740,"VBD"
2741,"RP"
2742,"IN"
2743,"VBZ"
2744,"RP"
2745,"NNP"
2746,"IN"
2747,"JJ"
2748,"JJR"
2749,"IN"
2750,"JJ"
2751,"NN"
2752,"."
2753,"PRP"
2754,"VBZ"
2755,"TO"
2756,"PRP"
2757,"IN"
2758,"DT"
2759,"JJ"
2760,"NN"
2761,"IN"
2762,"NNP"
2763,"NNP"
2764,"TO"
2765,"VB"
2766,"RP"
2767,"IN"
2768,"DT"
2769,"NNS"
2770,"PDT"
2771,"DT"
2772,"VB"
2773,"IN"
2774,"DT"
2775,"JJ"
2776,","
2777,"JJ"
2778,"NN"
2779,"."
2780,"NNP"
2781,"NNP"
2782,"MD"
2783,"VB"
2784,"JJ"
2785,"IN"
2786,"DT"
2787,"JJ"
2788,"NN"
2789,"IN"
2790,"PRP"
2791,"VBD"
2792,"DT"
2793,"NNP"
2794,"NNP"
2795,"WP"
2796,"VB"
2797,"DT"
2798,"NNS"
2799,":"
2800,"DT"
2801,"NNS"
2802,","
2803,"DT"
2804,"NNS"
2805,","
2806,"DT"
2807,"JJ"
2808,"NNS"
2809,":"
2810,"JJ"
2811,"IN"
2812,"RB"
2813,"CD"
2814,"NN"
2815,"IN"
2816,"DT"
2817,"JJ"
2818,"NN"
2819,"."
2820,"NNP"
2821,"NNP"
2822,"NNP"
2823,":"
2824,"JJ"
2825,"VBZ"
2826,"IN"
2827,"."
2828,"NNP"
2829,"NNP"
2830,"NNP"
2831,"VBD"
2832,"IN"
2833,"NNP"
2834,"IN"
2835,"IN"
2836,"DT"
2837,"CD"
2838,"NNS"
2839,"IN"
2840,"NNP"
2841,"VBD"
2842,"VBN"
2843,"IN"
2844,"CD"
2845,","
2846,"JJ"
2847,"NN"
2848,"VBD"
2849,"IN"
2850,"IN"
2851,"CD"
2852,"NN"
2853,"DT"
2854,"NN"
2855,":"
2856,"IN"
2857,"DT"
2858,"NN"
2859,","
2860,"PRP"
2861,"VBZ"
2862,"VBN"
2863,"IN"
2864,"IN"
2865,"CD"
2866,"NN"
2867,"RB"
2868,"."
2869,"DT"
2870,"JJ"
2871,"NN"
2872,"IN"
2873,"DT"
2874,"JJ"
2875,"NN"
2876,"VBD"
2877,"NNP"
2878,"NNP"
2879,"POS"
2880,"NN"
2881,"RB"
2882,"IN"
2883,"PRP$"
2884,"NN"
2885,"TO"
2886,"VB"
2887,"DT"
2888,"NN"
2889,"NN"
2890,"IN"
2891,"DT"
2892,"NN"
2893,"NN"
2894,"RB"
2895,"IN"
2896,"NN"
2897,"NNS"
2898,"."
2899,"NNP"
2900,"NNP"
2901,"POS"
2902,"JJ"
2903,"NN"
2904,"IN"
2905,"DT"
2906,"NN"
2907,"NN"
2908,"VBZ"
2909,"DT"
2910,"NN"
2911,"IN"
2912,"JJ"
2913,"NNP"
2914,"TO"
2915,"VB"
2916,"NNS"
2917,"IN"
2918,"VBG"
2919,"NNS"
2920,","
2921,"RB"
2922,"IN"
2923,"RB"
2924,"VBG"
2925,"UH"
2926,"TO"
2927,"PDT"
2928,"DT"
2929,"JJ"
2930,"JJS"
2931,"NNPS"
2932,"WDT"
2933,"VB"
2934,"DT"
2935,"FW"
2936,"NN"
2937,"."
2938,"IN"
2939,"NNP"
2940,"POS"
2941,"NNS"
2942,"RB"
2943,"VBP"
2944,"IN"
2945,"VBG"
2946,"DT"
2947,"NN"
2948,"NN"
2949,","
2950,"NNS"
2951,"MD"
2952,"VB"
2953,"VBN"
2954,"IN"
2955,"DT"
2956,"JJ"
2957,"NN"
2958,"IN"
2959,"JJ"
2960,"NN"
2961,"NNS"
2962,","
2963,"JJ"
2964,"IN"
2965,"JJ"
2966,"NN"
2967,"NN"
2968,"."
2969,"NNP"
2970,"NN"
2971,"VBD"
2972,"CD"
2973,"IN"
2974,"DT"
2975,"JJ"
2976,"``"
2977,"JJ"
2978,"''"
2979,"NNS"
2980,"VBD"
2981,"RP"
2982,"IN"
2983,"DT"
2984,"NNP"
2985,"POS"
2986,"NN"
2987,"NN"
2988,"JJ"
2989,"NNP"
2990,"."
2991,"NNS"
2992,"VBD"
2993,"DT"
2994,"JJ"
2995,"NN"
2996,","
2997,"NNP"
2998,"CD"
2999,"NN"
3000,","
3001,"DT"
3002,"JJ"
3003,"NNS"
3004,"NN"
3005,","
3006,"CC"
3007,"DT"
3008,"JJ"
3009,"NN"
3010,"IN"
3011,"DT"
3012,"JJ"
3013,"NN"
3014,"NN"
3015,"."
3016,"PDT"
3017,"DT"
3018,"NN"
3019,"RB"
3020,"VBZ"
3021,"IN"
3022,"DT"
3023,"NN"
3024,"POS"
3025,"JJ"
3026,"NN"
3027,"NN"
3028,","
3029,"CC"
3030,"JJ"
3031,"NNS"
3032,"VBP"
3033,"PRP"
3034,"VBP"
3035,"JJ"
3036,"TO"
3037,"VB"
3038,"RP"
3039,"JJ"
3040,"NNS"
3041,","
3042,"RB"
3043,"TO"
3044,"VB"
3045,"PRP"
3046,"VB"
3047,"."
3048,"NNS"
3049,"RB"
3050,"VBP"
3051,"DT"
3052,"NN"
3053,"IN"
3054,"DT"
3055,"NNP"
3056,"NN"
3057,"IN"
3058,"PRP"
3059,"MD"
3060,"VB"
3061,"DT"
3062,"JJ"
3063,"NN"
3064,"IN"
3065,"DT"
3066,"NNS"
3067,"."
3068,"NNP"
3069,"NNP"
3070,"NNP"
3071,"MD"
3072,"TO"
3073,"VB"
3074,"DT"
3075,"NN"
3076,"."
3077,"DT"
3078,"VBZ"
3079,"DT"
3080,"NN"
3081,"NN"
3082,"VBZ"
3083,"VBN"
3084,"TO"
3085,"VB"
3086,","
3087,"IN"
3088,"NNS"
3089,"VBG"
3090,"NN"
3091,"IN"
3092,"NNS"
3093,"IN"
3094,"PRP$"
3095,"NNS"
3096,"MD"
3097,"VB"
3098,","
3099,"RB"
3100,"IN"
3101,"VBG"
3102,"PRP"
3103,"IN"
3104,"DT"
3105,"JJ"
3106,"NN"
3107,"NN"
3108,"NN"
3109,"."
3110,"PRP"
3111,"VBP"
3112,"RB"
3113,"RB"
3114,"JJ"
3115,"IN"
3116,"NN"
3117,"IN"
3118,"DT"
3119,"NN"
3120,","
3121,"CD"
3122,"NNS"
3123,"IN"
3124,"NNP"
3125,"WRB"
3126,"JJ"
3127,"NNS"
3128,"CC"
3129,"NNS"
3130,"VBN"
3131,"IN"
3132,"NNS"
3133,"CC"
3134,"RB"
3135,"VBD"
3136,"DT"
3137,"NN"
3138,"TO"
3139,"VB"
3140,"IN"
3141,"DT"
3142,"NNS"
3143,"VBD"
3144,"VB"
3145,","
3146,"NNS"
3147,"VBD"
3148,","
3149,"NNS"
3150,"VBD"
3151,"CC"
3152,"IN"
3153,"DT"
3154,"RB"
3155,"JJ"
3156,"VBD"
3157,"VBN"
3158,"IN"
3159,"."
3160,"DT"
3161,"NNS"
3162,"VBP"
3163,"VBN"
3164,"."
3165,"CC"
3166,"VB"
3167,"PRP"
3168,"VB"
3169,"DT"
3170,"NN"
3171,"TO"
3172,"VB"
3173,"IN"
3174,"DT"
3175,"JJ"
3176,"NNP"
3177,"WDT"
3178,"VBZ"
3179,"VBN"
3180,"JJ"
3181,"CC"
3182,"JJ"
3183,"CC"
3184,"JJ"
3185,"IN"
3186,"DT"
3187,"NN"
3188,"IN"
3189,"DT"
3190,"JJ"
3191,"NN"
3192,"MD"
3193,"VB"
3194,"RB"
3195,"IN"
3196,"PRP$"
3197,"JJ"
3198,"NN"
3199,"."
3200,"JJ"
3201,"DT"
3202,"NN"
3203,","
3204,"CC"
3205,"VBD"
3206,"NNP"
3207,"VBP"
3208,"."
3209,"O"
3210,"NNP"
3211,"NNP"
3212,"NNP"
3213,"NNP"
3214,"NNP"
3215,"VBD"
3216,"DT"
3217,"NN"
3218,"VBD"
3219,"IN"
3220,"$"
3221,"CD"
3222,","
3223,"RB"
3224,"$"
3225,"CD"
3226,"IN"
3227,"DT"
3228,"JJ"
3229,"NN"
3230,"NNP"
3231,"CD"
3232,"."
3233,"NNS"
3234,"VBP"
3235,"RB"
3236,"VBN"
3237,"IN"
3238,"$"
3239,"CD"
3240,"NN"
3241,"CC"
3242,"$"
3243,"CD"
3244,"VBN"
3245,"."
3246,"DT"
3247,"$"
3248,"CD"
3249,"NN"
3250,"NN"
3251,"RBR"
3252,"DT"
3253,"NN"
3254,"VBD"
3255,"DT"
3256,"JJS"
3257,"IN"
3258,"RB"
3259,"CD"
3260,"NNS"
3261,"."
3262,"NNP"
3263,"NNS"
3264,"VBD"
3265,"DT"
3266,"NN"
3267,"IN"
3268,"$"
3269,"CD"
3270,"IN"
3271,"NNP"
3272,"CD"
3273,"."
3274,"O"
3275,"DT"
3276,"JJ"
3277,"NN"
3278,"VBD"
3279,"CD"
3280,"CD"
3281,"JJ"
3282,"NNS"
3283,"("
3284,"$"
3285,"CD"
3286,"CD"
3287,")"
3288,"IN"
3289,"CD"
3290,"NN"
3291,"NNS"
3292,"JJ"
3293,"NNP"
3294,"CD"
3295,","
3296,"CD"
3297,"."
3298,"DT"
3299,"NN"
3300,"VBD"
3301,"NN"
3302,"NN"
3303,"VBD"
3304,"CD"
3305,"NN"
3306,"IN"
3307,"DT"
3308,"NN"
3309,"NN"
3310,"IN"
3311,"NNP"
3312,"."
3313,"NNS"
3314,"IN"
3315,"DT"
3316,"NN"
3317,"MD"
3318,"VB"
3319,"VBN"
3320,"TO"
3321,"VB"
3322,"$"
3323,"CD"
3324,"CD"
3325,"IN"
3326,"NN"
3327,"NNS"
3328,"VBG"
3329,"NNP"
3330,"CD"
3331,"CC"
3332,"IN"
3333,"JJ"
3334,"NN"
3335,"NNS"
3336,"."
3337,"O"
3338,"NNP"
3339,"NNP"
3340,"NNP"
3341,"VBD"
3342,"PRP$"
3343,"NN"
3344,"VBD"
3345,"DT"
3346,"NN"
3347,"NNS"
3348,"VBP"
3349,"VBN"
3350,"IN"
3351,"VBG"
3352,"JJ"
3353,"NN"
3354,"NNS"
3355,","
3356,"CC"
3357,"VBD"
3358,"PRP"
3359,"VBZ"
3360,"RB"
3361,"JJ"
3362,"IN"
3363,"DT"
3364,"NN"
3365,"TO"
3366,"VB"
3367,"DT"
3368,"NN"
3369,"NN"
3370,"."
3371,"IN"
3372,"NNP"
3373,"NNP"
3374,"POS"
3375,"NN"
3376,","
3377,"NNS"
3378,"VBD"
3379,"JJ"
3380,"NNS"
3381,"IN"
3382,","
3383,"IN"
3384,"DT"
3385,"NN"
3386,"IN"
3387,"JJ"
3388,"JJ"
3389,"NNS"
3390,","
3391,"VB"
3392,"NNS"
3393,"TO"
3394,"VB"
3395,"NNS"
3396,"IN"
3397,"DT"
3398,"NN"
3399,"IN"
3400,"DT"
3401,"NN"
3402,"."
3403,"O"
3404,"NNP"
3405,"NNP"
3406,"NNP"
3407,"NNP"
3408,"VBD"
3409,"PRP"
3410,"VBZ"
3411,"TO"
3412,"VB"
3413,"RB"
3414,"JJ"
3415,"IN"
3416,"CD"
3417,"JJ"
3418,"NNS"
3419,"IN"
3420,"PRP$"
3421,"JJ"
3422,"NNP"
3423,"NNP"
3424,"NNP"
3425,"NN"
3426,"IN"
3427,"JJ"
3428,","
3429,"JJ"
3430,"NNS"
3431,"."
3432,"DT"
3433,"CD"
3434,"NNS"
3435,"VBP"
3436,"IN"
3437,"CD"
3438,"NN"
3439,"IN"
3440,"NNP"
3441,"POS"
3442,"JJ"
3443,"NNS"
3444,"JJ"
3445,","
3446,"VBG"
3447,"NNP"
3448,"NNP"
3449,"POS"
3450,"NN"
3451,"."
3452,"VBG"
3453,"DT"
3454,"JJ"
3455,"NN"
3456,"CC"
3457,"NN"
3458,"NN"
3459,"NN"
3460,"IN"
3461,"NNP"
3462,"POS"
3463,"JJ"
3464,"JJ"
3465,"NN"
3466,","
3467,"NNP"
3468,"NNP"
3469,"VBD"
3470,"PRP"
3471,"VBZ"
3472,"NNP"
3473,"POS"
3474,"NN"
3475,"VBZ"
3476,"VBN"
3477,"."
3478,"O"
3479,"JJ"
3480,"NNS"
3481,","
3482,"VBN"
3483,"IN"
3484,"NNP"
3485,"POS"
3486,"JJ"
3487,"NN"
3488,"IN"
3489,"NNP"
3490,"NNP"
3491,","
3492,"JJ"
3493,"RBS"
3494,"IN"
3495,"WDT"
3496,"NN"
3497,"POS"
3498,"NNS"
3499,"IN"
3500,"DT"
3501,"NNP"
3502,"NNP"
3503,"NNP"
3504,"."
3505,"CC"
3506,"NNS"
3507,"VBD"
3508,"DT"
3509,"NN"
3510,"VBD"
3511,"RB"
3512,"VB"
3513,"DT"
3514,"JJ"
3515,"NN"
3516,"IN"
3517,"DT"
3518,"NN"
3519,"."
3520,"IN"
3521,"NNP"
3522,","
3523,"NNS"
3524,"VBD"
3525,"JJR"
3526,"IN"
3527,"JJ"
3528,"NN"
3529,"IN"
3530,"DT"
3531,"NN"
3532,"NN"
3533,"VBD"
3534,"VBN"
3535,"IN"
3536,"JJ"
3537,"NNP"
3538,"NN"
3539,"NNS"
3540,"."
3541,"NNP"
3542,"NNS"
3543,"VBD"
3544,"DT"
3545,"JJ"
3546,"NN"
3547,","
3548,"CC"
3549,"RBS"
3550,"JJ"
3551,"JJ"
3552,"NNS"
3553,"VBD"
3554,"NNS"
3555,","
3556,"RB"
3557,"VBD"
3558,"DT"
3559,"JJ"
3560,"JJ"
3561,"CC"
3562,"JJ"
3563,"NN"
3564,"NNS"
3565,"."
3566,"NNP"
3567,"POS"
3568,"NNP"
3569,"NNP"
3570,"IN"
3571,"CD"
3572,"NNS"
3573,"VBD"
3574,"CD"
3575,"NNS"
3576,"TO"
3577,"VB"
3578,"IN"
3579,"CD"
3580,"."
3581,"DT"
3582,"NN"
3583,"VBD"
3584,"DT"
3585,"NN"
3586,"IN"
3587,"DT"
3588,"NN"
3589,"POS"
3590,"JJS"
3591,"NN"
3592,"IN"
3593,"NNP"
3594,","
3595,"WRB"
3596,"DT"
3597,"NNP"
3598,"VBD"
3599,"CD"
3600,","
3601,"CC"
3602,"CD"
3603,"NN"
3604,","
3605,"IN"
3606,"NN"
3607,"TO"
3608,"NNP"
3609,"POS"
3610,"CD"
3611,"NN"
3612,"NN"
3613,"IN"
3614,"NNP"
3615,"NNP"
3616,"."
3617,"IN"
3618,"JJ"
3619,"NN"
3620,"NNP"
3621,"IN"
3622,"NNP"
3623,","
3624,"DT"
3625,"NNP"
3626,"NN"
3627,"VBD"
3628,"CD"
3629,"NNS"
3630,"TO"
3631,"CD"
3632,"."
3633,"IN"
3634,"NNP"
3635,","
3636,"DT"
3637,"JJ"
3638,"NNP"
3639,"NNP"
3640,"NNP"
3641,"NNP"
3642,"IN"
3643,"NNS"
3644,"VBN"
3645,"IN"
3646,"DT"
3647,"JJ"
3648,"NN"
3649,","
3650,"WDT"
3651,"VBD"
3652,"CD"
3653,"NNP"
3654,","
3655,"VBD"
3656,"CD"
3657,","
3658,"CC"
3659,"CD"
3660,"NN"
3661,","
3662,"TO"
3663,"CD"
3664,"."
3665,"NNP"
3666,"VBD"
3667,"RB"
3668,"JJ"
3669,"IN"
3670,"DT"
3671,"JJ"
3672,"CD"
3673,"CD"
3674,"NNS"
3675,","
3676,"IN"
3677,"NN"
3678,"IN"
3679,"NNP"
3680,"POS"
3681,"CD"
3682,"CD"
3683,"."
3684,"VBG"
3685,"NNS"
3686,"VBD"
3687,"NNS"
3688,"CD"
3689,","
3690,"IN"
3691,"CD"
3692,"JJ"
3693,"."
3694,"``"
3695,"PRP"
3696,"VBP"
3697,"RB"
3698,"TO"
3699,"VB"
3700,"NN"
3701,","
3702,"''"
3703,"VBD"
3704,"NNP"
3705,"NNP"
3706,","
3707,"DT"
3708,"NN"
3709,"IN"
3710,"NNP"
3711,"IN"
3712,"NNP"
3713,"NNP"
3714,"NNP"
3715,"NNP"
3716,"."
3717,"JJ"
3718,"JJ"
3719,"NNS"
3720,","
3721,"VBG"
3722,"NN"
3723,"NNS"
3724,"CC"
3725,"NN"
3726,"NN"
3727,"NNS"
3728,","
3729,"WDT"
3730,"VBD"
3731,"VBN"
3732,"IN"
3733,"DT"
3734,"NNS"
3735,"IN"
3736,"NNP"
3737,"POS"
3738,"NN"
3739,"VBD"
3740,"RB"
3741,"IN"
3742,"DT"
3743,"NN"
3744,","
3745,"NNS"
3746,"VBD"
3747,"."
3748,"NNP"
3749,"NNS"
3750,"RB"
3751,"VBD"
3752,"RP"
3753,"VBG"
3754,"CC"
3755,"RBR"
3756,"VBN"
3757,"IN"
3758,"DT"
3759,"NN"
3760,"."
3761,"DT"
3762,"NNP"
3763,"NN"
3764,"VBD"
3765,"TO"
3766,"VB"
3767,"DT"
3768,"NN"
3769,","
3770,"RB"
3771,"VBN"
3772,"IN"
3773,"NNP"
3774,"IN"
3775,"DT"
3776,"JJ"
3777,"JJ"
3778,"NNS"
3779,","
3780,"IN"
3781,"DT"
3782,"NN"
3783,"IN"
3784,"NNP"
3785,"NNP"
3786,"VBD"
3787,"DT"
3788,"JJ"
3789,"NN"
3790,"VBN"
3791,"TO"
3792,"NN"
3793,"CC"
3794,"NN"
3795,"NN"
3796,"IN"
3797,"DT"
3798,"NNP"
3799,"."
3800,"``"
3801,"DT"
3802,"NN"
3803,"PRP"
3804,"VBP"
3805,"RB"
3806,"RB"
3807,"VB"
3808,"TO"
3809,"VB"
3810,"IN"
3811,"NNP"
3812,","
3813,"''"
3814,"VBD"
3815,"DT"
3816,"NN"
3817,"IN"
3818,"NNP"
3819,"NNP"
3820,"NNP"
3821,"."
3822,"``"
3823,"NN"
3824,"VBZ"
3825,"VBN"
3826,"RB"
3827,"IN"
3828,"DT"
3829,"NNP"
3830,"NN"
3831,"."
3832,"''"
3833,"CC"
3834,"RB"
3835,"IN"
3836,"NNP"
3837,"VBZ"
3838,"VBN"
3839,"IN"
3840,"JJ"
3841,"NN"
3842,"NN"
3843,","
3844,"NNS"
3845,"CC"
3846,"NNS"
3847,"VBP"
3848,"EX"
3849,"VBP"
3850,"RB"
3851,"DT"
3852,"JJ"
3853,"NNS"
3854,"IN"
3855,"DT"
3856,"NN"
3857,"."
3858,"IN"
3859,"JJ"
3860,","
3861,"JJ"
3862,"NNS"
3863,"MD"
3864,"VB"
3865,"VBG"
3866,"DT"
3867,"JJ"
3868,"NN"
3869,"IN"
3870,"NNP"
3871,"NNP"
3872,"TO"
3873,"VB"
3874,"IN"
3875,"NNP"
3876,"POS"
3877,"JJ"
3878,"NN"
3879,"VBZ"
3880,"RB"
3881,"IN"
3882,"JJ"
3883,"NNP"
3884,"JJ"
3885,"NNS"
3886,"VBP"
3887,"VBN"
3888,"."
3889,"``"
3890,"NNS"
3891,"VBP"
3892,"VBG"
3893,"JJ"
3894,"NNS"
3895,"."
3896,"EX"
3897,"VBZ"
3898,"DT"
3899,"JJ"
3900,"NN"
3901,","
3902,"''"
3903,"VBD"
3904,"NNP"
3905,"NNP"
3906,","
3907,"NN"
3908,"IN"
3909,"NN"
3910,"NNS"
3911,"IN"
3912,"NNP"
3913,"NNP"
3914,"NNP"
3915,"NNP"
3916,"IN"
3917,"NNP"
3918,"."
3919,"``"
3920,"RB"
3921,"JJ"
3922,"NNS"
3923,"RB"
3924,"RB"
3925,"MD"
3926,"VB"
3927,"JJ"
3928,"."
3929,"''"
3930,"NNP"
3931,"POS"
3932,"NNS"
3933,"VBD"
3934,"JJ"
3935,"NN"
3936,","
3937,"NN"
3938,"CC"
3939,"JJ"
3940,"NN"
3941,"NNS"
3942,","
3943,"VBG"
3944,"DT"
3945,"NN"
3946,"IN"
3947,"JJ"
3948,"NNP"
3949,"NNS"
3950,"RB"
3951,"VBP"
3952,"JJR"
3953,"IN"
3954,"RB"
3955,"JJ"
3956,"NNS"
3957,","
3958,"NNS"
3959,"VBD"
3960,"."
3961,"PRP"
3962,"RB"
3963,"VBP"
3964,"VBN"
3965,"IN"
3966,"DT"
3967,"JJ"
3968,"NN"
3969,"IN"
3970,"DT"
3971,"NN"
3972,"IN"
3973,"DT"
3974,"NN"
3975,","
3976,"IN"
3977,"DT"
3978,"JJR"
3979,"NN"
3980,"VBZ"
3981,"TO"
3982,"JJR"
3983,"NN"
3984,"NNS"
3985,"IN"
3986,"NNP"
3987,"NNP"
3988,"VBZ"
3989,"TO"
3990,"JJ"
3991,"JJ"
3992,"NNS"
3993,"."
3994,"NNP"
3995,"VBZ"
3996,"RB"
3997,"VB"
3998,"RB"
3999,"IN"
4000,"NN"
4001,"NN"
4002,"NNS"
4003,"JJ"
4004,"IN"
4005,"NN"
4006,"CC"
4007,"JJ"
4008,"JJ"
4009,"NNS"
4010,"IN"
4011,"IN"
4012,"NNS"
4013,"IN"
4014,"JJ"
4015,"NN"
4016,"NNS"
4017,"MD"
4018,"VB"
4019,"TO"
4020,"VB"
4021,"TO"
4022,"VB"
4023,"DT"
4024,"NN"
4025,"IN"
4026,"NN"
4027,"."
4028,"IN"
4029,"NN"
4030,"NNS"
4031,","
4032,"NNP"
4033,"VBD"
4034,"CD"
4035,"TO"
4036,"CD"
4037,"NNS"
4038,"("
4039,"$"
4040,"CD"
4041,")"
4042,"DT"
4043,"NN"
4044,","
4045,"CC"
4046,"NNP"
4047,"NNP"
4048,"VBD"
4049,"CD"
4050,"TO"
4051,"CD"
4052,"."
4053,"NNP"
4054,"NNS"
4055,"WDT"
4056,"VBD"
4057,"VBN"
4058,"NNP"
4059,","
4060,"WDT"
4061,"VBD"
4062,"CD"
4063,"TO"
4064,"CD"
4065,"."
4066,"IN"
4067,"DT"
4068,"JJ"
4069,"NN"
4070,"NN"
4071,","
4072,"NNP"
4073,"NNP"
4074,"NNP"
4075,"NNP"
4076,"VBD"
4077,"IN"
4078,"CD"
4079,"IN"
4080,"NNP"
4081,","
4082,"CC"
4083,"NNP"
4084,"NNP"
4085,"VBD"
4086,"CD"
4087,"TO"
4088,"CD"
4089,"."
4090,"NNP"
4091,"POS"
4092,"NNP"
4093,"NNP"
4094,"NNP"
4095,"JJ"
4096,"NN"
4097,"VBD"
4098,"CD"
4099,"NNS"
4100,"TO"
4101,"CD"
4102,"."
4103,"PRP"
4104,"VBD"
4105,"RB"
4106,"JJR"
4107,"IN"
4108,"CD"
4109,"NNS"
4110,"DT"
4111,"NN"
4112,"IN"
4113,"DT"
4114,"NN"
4115,","
4116,"VBG"
4117,"DT"
4118,"JJ"
4119,"NN"
4120,"IN"
4121,"PRP$"
4122,"NN"
4123,","
4124,"VBD"
4125,"IN"
4126,"DT"
4127,"JJ"
4128,"CD"
4129,"NNS"
4130,"IN"
4131,"NN"
4132,"."
4133,"DT"
4134,"JJR"
4135,"NNP"
4136,"NNP"
4137,"JJ"
4138,"NN"
4139,"VBD"
4140,"CD"
4141,"TO"
4142,"CD"
4143,"."
4144,"NN"
4145,"VBD"
4146,"DT"
4147,"JJ"
4148,"CD"
4149,"CD"
4150,"NNS"
4151,","
4152,"RB"
4153,"RB"
4154,"DT"
4155,"JJ"
4156,"NNS"
4157,"CC"
4158,"RB"
4159,"IN"
4160,"CD"
4161,"CD"
4162,"DT"
4163,"JJ"
4164,"NN"
4165,","
4166,"WDT"
4167,"NNP"
4168,"NNS"
4169,"VBP"
4170,"VBN"
4171,"``"
4172,"NNP"
4173,"NNP"
4174,"."
4175,"''"
4176,"NNS"
4177,"VBD"
4178,"RB"
4179,"IN"
4180,"DT"
4181,"NN"
4182,"IN"
4183,"NNP"
4184,"POS"
4185,"NNP"
4186,"NNP"
4187,"NN"
4188,"CC"
4189,"NN"
4190,"POS"
4191,"NNS"
4192,"IN"
4193,"NNP"
4194,"."
4195,"CC"
4196,"DT"
4197,"NN"
4198,"VBD"
4199,"IN"
4200,"NNP"
4201,"NNS"
4202,"CC"
4203,"NNS"
4204,"NN"
4205,"IN"
4206,"DT"
4207,"NNP"
4208,"JJ"
4209,"NN"
4210,"VBD"
4211,"RB"
4212,"."
4213,"DT"
4214,"RB"
4215,"JJ"
4216,"NNP"
4217,"NNP"
4218,"NN"
4219,"NN"
4220,"IN"
4221,"$"
4222,"CD"
4223,"CD"
4224,"VBD"
4225,"DT"
4226,"RB"
4227,"JJ"
4228,"NN"
4229,"NN"
4230,"IN"
4231,"NNP"
4232,"."
4233,"NNP"
4234,"NNP"
4235,","
4236,"WP"
4237,"VBZ"
4238,"NNS"
4239,"CC"
4240,"NN"
4241,"IN"
4242,"NN"
4243,"NN"
4244,"NNP"
4245,"NNP"
4246,"NNP"
4247,"NNP"
4248,","
4249,"VBD"
4250,":"
4251,"``"
4252,"PRP"
4253,"VBZ"
4254,"DT"
4255,"JJ"
4256,"NN"
4257,"."
4258,"PRP"
4259,"VBD"
4260,"RB"
4261,"IN"
4262,"DT"
4263,"NN"
4264,"."
4265,"IN"
4266,"PRP"
4267,"VBD"
4268,","
4269,"PRP"
4270,"VBP"
4271,"PRP"
4272,"VBD"
4273,"RB"
4274,","
4275,"CC"
4276,"IN"
4277,"PRP"
4278,"VBD"
4279,","
4280,"PRP"
4281,"VBP"
4282,"PRP"
4283,"VBD"
4284,"RB"
4285,"."
4286,"''"
4287,"PRP"
4288,"VBD"
4289,"DT"
4290,"JJ"
4291,"NN"
4292,"``"
4293,"VBZ"
4294,"PDT"
4295,"IN"
4296,"NN"
4297,","
4298,"CC"
4299,"DT"
4300,"NN"
4301,"IN"
4302,"NNP"
4303,"VBZ"
4304,"CD"
4305,"NN"
4306,"NN"
4307,"CC"
4308,"NN"
4309,"."
4310,"''"
4311,"NNP"
4312,"POS"
4313,"JJ"
4314,"NNS"
4315,","
4316,"PRP"
4317,"VBD"
4318,","
4319,"``"
4320,"VBP"
4321,"RB"
4322,"VB"
4323,"RB"
4324,"JJ"
4325,"."
4326,"''"
4327,"NNP"
4328,"VBD"
4329,"NNP"
4330,"VBD"
4331,"NNS"
4332,"IN"
4333,"VBG"
4334,"IN"
4335,"NN"
4336,"IN"
4337,"NNP"
4338,"NNP"
4339,"VBD"
4340,"JJ"
4341,"NNS"
4342,"IN"
4343,"DT"
4344,"NN"
4345,"NN"
4346,","
4347,"CC"
4348,"DT"
4349,"NN"
4350,"IN"
4351,"JJ"
4352,"NN"
4353,"RB"
4354,"IN"
4355,"DT"
4356,"NN"
4357,"VBD"
4358,"NNS"
4359,"RB"
4360,"TO"
4361,"DT"
4362,"NNS"
4363,"."
4364,"RB"
4365,","
4366,"DT"
4367,"NNS"
4368,"VBD"
4369,"JJ"
4370,"NN"
4371,"IN"
4372,"VBG"
4373,"RB"
4374,"VBN"
4375,"IN"
4376,"JJ"
4377,"NNS"
4378,"."
4379,"JJ"
4380,"NNS"
4381,"VBD"
4382,"JJR"
4383,"IN"
4384,"DT"
4385,"NN"
4386,"."
4387,"NNP"
4388,"NNP"
4389,","
4390,"WDT"
4391,"VBZ"
4392,"VBN"
4393,"VBN"
4394,"IN"
4395,"NN"
4396,"NNS"
4397,","
4398,"VBD"
4399,"CD"
4400,"TO"
4401,"CD"
4402,"NNS"
4403,"("
4404,"$"
4405,"CD"
4406,")"
4407,"DT"
4408,"NN"
4409,"."
4410,"NNP"
4411,"NNP"
4412,","
4413,"DT"
4414,"JJ"
4415,"NN"
4416,"IN"
4417,"DT"
4418,"JJ"
4419,"NN"
4420,"NNS"
4421,","
4422,"VBD"
4423,"CD"
4424,"JJR"
4425,"IN"
4426,"CD"
4427,"."
4428,"NNP"
4429,"VBD"
4430,"CD"
4431,"TO"
4432,"CD"
4433,","
4434,"CC"
4435,"NNP"
4436,"VBD"
4437,"CD"
4438,"TO"
4439,"#"
4440,"CD"
4441,"."
4442,"IN"
4443,"DT"
4444,"JJ"
4445,"NN"
4446,","
4447,"NNP"
4448,"NNP"
4449,"VBD"
4450,"IN"
4451,"PRP"
4452,"VBD"
4453,"PRP$"
4454,"NN"
4455,"IN"
4456,"NNP"
4457,"NN"
4458,"NN"
4459,"NN"
4460,"NNP"
4461,"TO"
4462,"CD"
4463,"NN"
4464,"IN"
4465,"CD"
4466,"NN"
4467,"."
4468,"NNP"
4469,"NNS"
4470,"VBD"
4471,"CD"
4472,"IN"
4473,"VBG"
4474,"TO"
4475,"VB"
4476,"IN"
4477,"CD"
4478,","
4479,"RB"
4480,"CD"
4481,"."
4482,"NNP"
4483,","
4484,"DT"
4485,"JJ"
4486,"NN"
4487,"NN"
4488,"CC"
4489,"NN"
4490,"NN"
4491,"NN"
4492,","
4493,"VBD"
4494,"CD"
4495,"TO"
4496,"CD"
4497,"."
4498,"PRP"
4499,"VBD"
4500,"DT"
4501,"CD"
4502,"NN"
4503,"NN"
4504,"IN"
4505,"JJ"
4506,"NN"
4507,"IN"
4508,"DT"
4509,"JJ"
4510,"NN"
4511,"."
4512,"NNP"
4513,"NNS"
4514,"VBD"
4515,"NN"
4516,"TO"
4517,"JJR"
4518,"IN"
4519,"VB"
4520,"IN"
4521,"JJ"
4522,"NN"
4523,","
4524,"CC"
4525,"JJS"
4526,"VBN"
4527,"IN"
4528,"PRP$"
4529,"NNS"
4530,"."
4531,"NNP"
4532,"VBD"
4533,"RP"
4534,"LS"
4535,"JJR"
4536,"IN"
4537,"FW"
4538,","
4539,"NNP"
4540,"VBD"
4541,"IN"
4542,"CD"
4543,","
4544,"RB"
4545,"CD"
4546,","
4547,"CC"
4548,"NNP"
4549,"CC"
4550,"NNP"
4551,"VBD"
4552,"CD"
4553,"TO"
4554,"CD"
4555,","
4556,"CC"
4557,"NNP"
4558,"NNP"
4559,"NNP"
4560,"NNS"
4561,"VBD"
4562,"CD"
4563,"TO"
4564,"CD"
4565,"."
4566,"NNS"
4567,"VBD"
4568,"EX"
4569,"VBD"
4570,"JJ"
4571,"NN"
4572,"IN"
4573,"DT"
4574,"JJ"
4575,"NN"
4576,"IN"
4577,"NN"
4578,"NNS"
4579,"TO"
4580,"NNP"
4581,"CC"
4582,"NNP"
4583,"."
4584,"DT"
4585,"RBS"
4586,"JJ"
4587,"NNS"
4588,"VBD"
4589,"JJ"
4590,"NNS"
4591,","
4592,"RB"
4593,"NNS"
4594,"CC"
4595,"NNS"
4596,"JJ"
4597,"IN"
4598,"NNP"
4599,"NNP"
4600,"CC"
4601,"NNP"
4602,"NNP"
4603,"."
4604,"NNS"
4605,"VBD"
4606,"DT"
4607,"NN"
4608,"IN"
4609,"PRP"
4610,"RB"
4611,"TO"
4612,"NN"
4613,"VBG"
4614,"IN"
4615,"DT"
4616,"JJ"
4617,"NN"
4618,"."
4619,"NNP"
4620,"NNP"
4621,"VBD"
4622,"IN"
4623,"CD"
4624,","
4625,"RB"
4626,"CD"
4627,","
4628,"IN"
4629,"CD"
4630,"CD"
4631,"NNS"
4632,","
4633,"NNP"
4634,"NNP"
4635,"VBD"
4636,"CD"
4637,"TO"
4638,"CD"
4639,"IN"
4640,"CD"
4641,"CD"
4642,"NNS"
4643,","
4644,"CC"
4645,"NNP"
4646,"NNP"
4647,"VBD"
4648,"CD"
4649,"JJR"
4650,"IN"
4651,"CD"
4652,"IN"
4653,"NN"
4654,"IN"
4655,"CD"
4656,"CD"
4657,"NNS"
4658,"."
4659,"NNP"
4660,"CC"
4661,"NNP"
4662,"VBD"
4663,"CD"
4664,"TO"
4665,"CD"
4666,"."
4667,"RB"
4668,"IN"
4669,"JJ"
4670,"NN"
4671,","
4672,"NNP"
4673,"NNP"
4674,"VBD"
4675,"CD"
4676,"TO"
4677,"CD"
4678,"IN"
4679,"CD"
4680,"CD"
4681,"NNS"
4682,"JJ"
4683,"NNS"
4684,"."
4685,"NNP"
4686,"NNP"
4687,","
4688,"WDT"
4689,"VBD"
4690,"CD"
4691,"CD"
4692,"NNS"
4693,","
4694,"VBD"
4695,"CD"
4696,"TO"
4697,"CD"
4698,"."
4699,"IN"
4700,"JJ"
4701,"JJ"
4702,"NNS"
4703,","
4704,"NN"
4705,"NNS"
4706,"VBD"
4707,"RB"
4708,"JJR"
4709,"IN"
4710,"NNP"
4711,"CC"
4712,"NNP"
4713,"NNP"
4714,"VBD"
4715,"JJ"
4716,"NNS"
4717,"IN"
4718,"NNP"
4719,","
4720,"NNP"
4721,"CC"
4722,"NNP"
4723,"."
4724,"NNP"
4725,"VBD"
4726,"JJR"
4727,","
4728,"CC"
4729,"RBS"
4730,"NNP"
4731,"NNS"
4732,"VBD"
4733,"JJ"
4734,"TO"
4735,"VB"
4736,"IN"
4737,"DT"
4738,"JJ"
4739,"JJ"
4740,"NN"
4741,"IN"
4742,"IN"
4743,"JJ"
4744,"NNS"
4745,"."
4746,"NNP"
4747,"NNP"
4748,"NN"
4749,"NNS"
4750,"VBD"
4751,"JJR"
4752,"."
4753,"RB"
4754,","
4755,"NN"
4756,"NNS"
4757,"VBD"
4758,"IN"
4759,"NNP"
4760,"NNP"
4761,","
4762,"NNP"
4763,","
4764,"NNP"
4765,","
4766,"NNP"
4767,","
4768,"NNP"
4769,","
4770,"NNP"
4771,"CC"
4772,"NNP"
4773,"."
4774,"IN"
4775,"NNP"
4776,"NNP"
4777,","
4778,"NNP"
4779,"CC"
4780,"NNP"
4781,":"
4782,"DT"
4783,"JJS"
4784,"IN"
4785,"DT"
4786,"NNS"
4787,":"
4788,"NNS"
4789,"VBD"
4790,"RB"
4791,"TO"
4792,"NN"
4793,"IN"
4794,"DT"
4795,"NN"
4796,"PRP"
4797,"VBD"
4798,"IN"
4799,"NNP"
4800,"POS"
4801,"NN"
4802,","
4803,"IN"
4804,"JJ"
4805,"NN"
4806,"NNS"
4807,"VBG"
4808,"NNS"
4809,"IN"
4810,"CD"
4811,"NN"
4812,"TO"
4813,"CD"
4814,"NN"
4815,"."
4816,"RB"
4817,"VBP"
4818,"NN"
4819,"NNS"
4820,"IN"
4821,"DT"
4822,"NN"
4823,"POS"
4824,"JJ"
4825,"NN"
4826,"NNS"
4827,","
4828,"RB"
4829,"VBN"
4830,"IN"
4831,"NNP"
4832,"NNP"
4833,"NNP"
4834,"NNP"
4835,"NNP"
4836,","
4837,"NNP"
4838,"."
4839,"TO"
4840,"VB"
4841,"PRP"
4842,"RB"
4843,"JJ"
4844,","
4845,"DT"
4846,"NN"
4847,"VBZ"
4848,"VBN"
4849,"IN"
4850,"DT"
4851,"NN"
4852,"IN"
4853,"CD"
4854,"VBG"
4855,"CD"
4856,"."
4857,"DT"
4858,"NN"
4859,"NN"
4860,"VBZ"
4861,"IN"
4862,"NN"
4863,"."
4864,"O"
4865,"NNP"
4866,"NNP"
4867,"NNP"
4868,"VBD"
4869,"PRP"
4870,"VBD"
4871,"NN"
4872,"TO"
4873,"VB"
4874,"IN"
4875,"CD"
4876,"JJ"
4877,"NNS"
4878,"IN"
4879,"DT"
4880,"JJ"
4881,"NN"
4882,"NN"
4883,"IN"
4884,"$"
4885,"CD"
4886,"CD"
4887,"."
4888,"DT"
4889,"NNS"
4890,"VBP"
4891,"NN"
4892,"IN"
4893,"DT"
4894,"JJ"
4895,"JJ"
4896,"NN"
4897,"NN"
4898,"IN"
4899,"NNP"
4900,"NNP"
4901,"NNP"
4902,","
4903,"NNP"
4904,","
4905,"NNP"
4906,":"
4907,"DT"
4908,"NN"
4909,"VBG"
4910,"NN"
4911,"IN"
4912,"NNP"
4913,","
4914,"NNP"
4915,","
4916,"DT"
4917,"NN"
4918,"MD"
4919,"VB"
4920,"CC"
4921,"VB"
4922,","
4923,"CC"
4924,"CD"
4925,"JJ"
4926,"NN"
4927,"NNS"
4928,"IN"
4929,"NNP"
4930,"NNP"
4931,","
4932,"NNP"
4933,"."
4934,"O"
4935,"NNP"
4936,"NNP"
4937,"CC"
4938,"NNP"
4939,"NNP"
4940,"VBD"
4941,"PRP"
4942,"VBD"
4943,"DT"
4944,"RB"
4945,"JJ"
4946,"NN"
4947,"IN"
4948,"NNP"
4949,"POS"
4950,"NNP"
4951,"NNP"
4952,"NNP"
4953,"NNP"
4954,"NN"
4955,"TO"
4956,"VB"
4957,"."
4958,"NNP"
4959,","
4960,"DT"
4961,"JJ"
4962,"JJ"
4963,"NN"
4964,"IN"
4965,"JJ"
4966,"JJ"
4967,"NNS"
4968,","
4969,"VBD"
4970,"$"
4971,"CD"
4972,"CD"
4973,"IN"
4974,"NN"
4975,"TO"
4976,"NNP"
4977,","
4978,"DT"
4979,"JJ"
4980,"NN"
4981,"IN"
4982,"NN"
4983,"NNS"
4984,"."
4985,"NNP"
4986,"NNP"
4987,"VBZ"
4988,"NNS"
4989,"CC"
4990,"VBZ"
4991,"VBN"
4992,"TO"
4993,"VB"
4994,"NNS"
4995,"."
4996,"O"
4997,"NNP"
4998,"NNP"
4999,"NNP"
5000,"VBD"
5001,"PRP"
5002,"VBZ"
5003,"TO"
5004,"VB"
5005,"$"
5006,"CD"
5007,"CD"
5008,"IN"
5009,"JJ"
5010,"NN"
5011,"NN"
5012,"CC"
5013,"NNS"
5014,"."
5015,"DT"
5016,"NN"
5017,"IN"
5018,"NN"
5019,"VBN"
5020,"IN"
5021,"NNS"
5022,"CC"
5023,"IN"
5024,"JJ"
5025,"NNS"
5026,"VBD"
5027,"NN"
5028,"IN"
5029,"DT"
5030,"NN"
5031,"VBZ"
5032,"VBN"
5033,"TO"
5034,"VB"
5035,"IN"
5036,"DT"
5037,"JJ"
5038,"NN"
5039,"IN"
5040,"CD"
5041,"."
5042,"DT"
5043,"NN"
5044,"VBZ"
5045,"JJ"
5046,"TO"
5047,"NN"
5048,"IN"
5049,"JJ"
5050,"NNP"
5051,"NNP"
5052,"JJ"
5053,"NNS"
5054,"."
5055,"O"
5056,"DT"
5057,"NN"
5058,"IN"
5059,"NNP"
5060,"NNP"
5061,"NNP"
5062,","
5063,"WDT"
5064,"VBD"
5065,"JJ"
5066,"IN"
5067,"NNP"
5068,","
5069,"VBZ"
5070,"VBN"
5071,"IN"
5072,"NNP"
5073,"CD"
5074,"."
5075,"IN"
5076,"NN"
5077,"POS"
5078,"NN"
5079,","
5080,"PRP"
5081,"VBD"
5082,"RB"
5083,"VBN"
5084,"IN"
5085,"DT"
5086,"NN"
5087,"POS"
5088,"NN"
5089,"NN"
5090,"VBZ"
5091,"VBN"
5092,"IN"
5093,"NNP"
5094,"CD"
5095,"."
5096,"O"
5097,"DT"
5098,"NN"
5099,"NN"
5100,"POS"
5101,"JJ"
5102,"NNS"
5103,"IN"
5104,"DT"
5105,"JJ"
5106,"JJ"
5107,"NNS"
5108,"VBP"
5109,"VBN"
5110,"DT"
5111,"NN"
5112,"IN"
5113,"JJ"
5114,"NNS"
5115,"VBP"
5116,"PRP"
5117,"MD"
5118,"VB"
5119,"DT"
5120,"NN"
5121,"IN"
5122,"NN"
5123,"."
5124,"IN"
5125,"NNP"
5126,","
5127,"PRP"
5128,"MD"
5129,"RB"
5130,"RB"
5131,"VB"
5132,"DT"
5133,"NN"
5134,"NNS"
5135,"WDT"
5136,"VBD"
5137,"JJ"
5138,"IN"
5139,"DT"
5140,"NNP"
5141,"CD"
5142,"NN"
5143,"."
5144,"CC"
5145,"IN"
5146,"PRP"
5147,"VBP"
5148,"TO"
5149,"VB"
5150,"IN"
5151,"DT"
5152,"NN"
5153,"IN"
5154,"JJ"
5155,"NN"
5156,"NNS"
5157,"RB"
5158,","
5159,"PRP"
5160,"VBP"
5161,"JJ"
5162,"IN"
5163,"VBG"
5164,"VBN"
5165,"IN"
5166,"DT"
5167,"JJ"
5168,"NN"
5169,"."
5170,"DT"
5171,"NN"
5172,","
5173,"IN"
5174,"JJS"
5175,"IN"
5176,"DT"
5177,"NNS"
5178,","
5179,"MD"
5180,"VB"
5181,"DT"
5182,"NN"
5183,"NN"
5184,"WDT"
5185,"VBZ"
5186,"RB"
5187,"VBN"
5188,"TO"
5189,"NNS"
5190,"IN"
5191,"DT"
5192,"NNP"
5193,"NN"
5194,"."
5195,"VBN"
5196,"DT"
5197,"``"
5198,"JJ"
5199,"VBN"
5200,","
5201,"''"
5202,"DT"
5203,"NN"
5204,"VBZ"
5205,"VBN"
5206,"RP"
5207,"IN"
5208,"VBG"
5209,"DT"
5210,"NN"
5211,"CC"
5212,"RB"
5213,"VBG"
5214,"DT"
5215,"VBN"
5216,"NN"
5217,"IN"
5218,"DT"
5219,"NN"
5220,"."
5221,"PRP"
5222,"VBZ"
5223,"IN"
5224,"``"
5225,"NN"
5226,"NN"
5227,","
5228,"''"
5229,"VBZ"
5230,"NNP"
5231,"NNP"
5232,","
5233,"DT"
5234,"JJ"
5235,"NNS"
5236,"NN"
5237,"IN"
5238,"NNP"
5239,"CC"
5240,"NNP"
5241,"."
5242,"IN"
5243,"DT"
5244,"JJ"
5245,"NN"
5246,"VBZ"
5247,"PRP$"
5248,"NN"
5249,"DT"
5250,"NN"
5251,","
5252,"CC"
5253,"RB"
5254,"DT"
5255,"NN"
5256,","
5257,"TO"
5258,"VB"
5259,"DT"
5260,"JJ"
5261,"NN"
5262,"IN"
5263,"NNS"
5264,"IN"
5265,"DT"
5266,"NN"
5267,"IN"
5268,"DT"
5269,"JJ"
5270,"NN"
5271,"IN"
5272,"CC"
5273,"IN"
5274,"DT"
5275,"NN"
5276,"POS"
5277,"NN"
5278,"NN"
5279,","
5280,"DT"
5281,"NN"
5282,"VBZ"
5283,"VBN"
5284,"IN"
5285,"DT"
5286,"JJ"
5287,"NN"
5288,"IN"
5289,"DT"
5290,"NN"
5291,"POS"
5292,"NN"
5293,"."
5294,"CC"
5295,"JJS"
5296,"NN"
5297,"NNS"
5298,"VBP"
5299,"RB"
5300,"VB"
5301,"VBG"
5302,"JJ"
5303,"VBZ"
5304,"PDT"
5305,"DT"
5306,"NN"
5307,"."
5308,"DT"
5309,"VBZ"
5310,"IN"
5311,"DT"
5312,"NN"
5313,"IN"
5314,"VBG"
5315,"VBN"
5316,"NNS"
5317,"NNS"
5318,"IN"
5319,"DT"
5320,"NN"
5321,"POS"
5322,"NN"
5323,"WRB"
5324,"NN"
5325,"NNS"
5326,"VBP"
5327,"."
5328,"``"
5329,"DT"
5330,"VBZ"
5331,"DT"
5332,"NN"
5333,"IN"
5334,"NN"
5335,"NN"
5336,"PRP"
5337,"RB"
5338,"VB"
5339,"WRB"
5340,"DT"
5341,"JJ"
5342,"NNS"
5343,"VBP"
5344,"IN"
5345,"NN"
5346,","
5347,"''"
5348,"VBZ"
5349,"NNP"
5350,"NNP"
5351,"."
5352,"``"
5353,"PRP"
5354,"RB"
5355,"VBP"
5356,"PRP$"
5357,"NN"
5358,"JJ"
5359,","
5360,"CC"
5361,"PRP"
5362,"VBP"
5363,"RB"
5364,"RB"
5365,"VB"
5366,"DT"
5367,"NN"
5368,"IN"
5369,"PRP$"
5370,"NNS"
5371,"TO"
5372,"VB"
5373,"VBN"
5374,"."
5375,"''"
5376,"IN"
5377,"NN"
5378,"TO"
5379,"VBG"
5380,"JJ"
5381,"NN"
5382,"NNS"
5383,","
5384,"DT"
5385,"JJ"
5386,"NN"
5387,"MD"
5388,"VB"
5389,"VBN"
5390,"TO"
5391,"VB"
5392,"NNS"
5393,"IN"
5394,"DT"
5395,"NN"
5396,"RB"
5397,"VBZ"
5398,"."
5399,"IN"
5400,"DT"
5401,"NN"
5402,","
5403,"DT"
5404,"NN"
5405,"VBZ"
5406,"CD"
5407,"JJ"
5408,"NNS"
5409,":"
5410,":"
5411,"IN"
5412,"DT"
5413,"NN"
5414,"VBZ"
5415,"RB"
5416,"IN"
5417,"NN"
5418,"IN"
5419,"NNP"
5420,"CC"
5421,"DT"
5422,"VBN"
5423,"POS"
5424,"NN"
5425,"NN"
5426,","
5427,"DT"
5428,"NN"
5429,"MD"
5430,"RB"
5431,"VB"
5432,"NN"
5433,"."
5434,"DT"
5435,"NN"
5436,"MD"
5437,"VB"
5438,"IN"
5439,"DT"
5440,"NN"
5441,"IN"
5442,"DT"
5443,"NN"
5444,","
5445,"WDT"
5446,"VBZ"
5447,"VBN"
5448,"DT"
5449,"``"
5450,"NN"
5451,","
5452,"''"
5453,"CC"
5454,"DT"
5455,"NN"
5456,"MD"
5457,"VB"
5458,"DT"
5459,"JJ"
5460,"NN"
5461,"."
5462,":"
5463,"IN"
5464,"DT"
5465,"NN"
5466,"NNS"
5467,"IN"
5468,"DT"
5469,"JJ"
5470,"NN"
5471,"IN"
5472,"NNP"
5473,"CC"
5474,"DT"
5475,"VBN"
5476,"POS"
5477,"NN"
5478,"NN"
5479,","
5480,"DT"
5481,"NN"
5482,"POS"
5483,"NN"
5484,"MD"
5485,"VB"
5486,"VBN"
5487,"TO"
5488,"DT"
5489,"NN"
5490,"IN"
5491,"DT"
5492,"NN"
5493,","
5494,"CC"
5495,"DT"
5496,"NN"
5497,"VBD"
5498,"IN"
5499,"DT"
5500,"JJ"
5501,"NN"
5502,"IN"
5503,"DT"
5504,"NN"
5505,"."
5506,"DT"
5507,"JJ"
5508,"NN"
5509,"MD"
5510,"VB"
5511,"IN"
5512,"DT"
5513,"NN"
5514,"VBZ"
5515,"JJ"
5516,"."
5517,":"
5518,"IN"
5519,"DT"
5520,"NN"
5521,"IN"
5522,"DT"
5523,"NN"
5524,"NNS"
5525,","
5526,"DT"
5527,"NN"
5528,"MD"
5529,"VB"
5530,"IN"
5531,"NN"
5532,"."
5533,"IN"
5534,"DT"
5535,"NN"
5536,"NN"
5537,"VBZ"
5538,"RB"
5539,"IN"
5540,"DT"
5541,"NN"
5542,"NN"
5543,","
5544,"CC"
5545,"``"
5546,"NN"
5547,"NN"
5548,","
5549,"''"
5550,"IN"
5551,"DT"
5552,"VBD"
5553,","
5554,"DT"
5555,"NN"
5556,"MD"
5557,"VB"
5558,"DT"
5559,"NN"
5560,"IN"
5561,"DT"
5562,"NN"
5563,"NN"
5564,"IN"
5565,"NN"
5566,"."
5567,"DT"
5568,"NN"
5569,"VBZ"
5570,"DT"
5571,"JJ"
5572,"NN"
5573,"NN"
5574,"IN"
5575,"DT"
5576,"NN"
5577,"IN"
5578,"PRP$"
5579,"NN"
5580,"."
5581,"WRB"
5582,"DT"
5583,"NN"
5584,"VBZ"
5585,"IN"
5586,"DT"
5587,"NN"
5588,"POS"
5589,"NN"
5590,"NN"
5591,","
5592,"DT"
5593,"NN"
5594,"RB"
5595,"VBZ"
5596,"DT"
5597,"NN"
5598,"IN"
5599,"DT"
5600,"NN"
5601,"CC"
5602,"RB"
5603,"VBZ"
5604,"DT"
5605,"VBN"
5606,"IN"
5607,"DT"
5608,"NN"
5609,"."
5610,"CC"
5611,","
5612,"DT"
5613,"NN"
5614,"MD"
5615,"VB"
5616,"DT"
5617,"NN"
5618,","
5619,"IN"
5620,"VBG"
5621,"DT"
5622,"NN"
5623,"TO"
5624,"PRP$"
5625,"CC"
5626,"PRP$"
5627,"NN"
5628,"IN"
5629,"NN"
5630,"IN"
5631,"NN"
5632,"IN"
5633,"DT"
5634,"NN"
5635,"WP"
5636,"VBZ"
5637,"VBN"
5638,"DT"
5639,"NN"
5640,"IN"
5641,"DT"
5642,"JJ"
5643,"NN"
5644,"."
5645,"NNS"
5646,"VBP"
5647,"JJ"
5648,"NNS"
5649,"IN"
5650,"DT"
5651,"NNS"
5652,"VBG"
5653,"NNP"
5654,","
5655,"WDT"
5656,"VBZ"
5657,"DT"
5658,"NN"
5659,"NNS"
5660,"."
5661,"DT"
5662,"JJ"
5663,"NN"
5664,"VBZ"
5665,"WRB"
5666,"DT"
5667,"NN"
5668,"MD"
5669,"VB"
5670,"IN"
5671,"CD"
5672,"NNS"
5673,"."
5674,"NNP"
5675,"RB"
5676,"VBD"
5677,"IN"
5678,"DT"
5679,"NN"
5680,","
5681,"DT"
5682,"NN"
5683,"MD"
5684,"VB"
5685,"IN"
5686,"DT"
5687,"NN"
5688,"IN"
5689,"DT"
5690,"NN"
5691,"NN"
5692,"MD"
5693,"VB"
5694,"RB"
5695,"VBN"
5696,"IN"
5697,"DT"
5698,"NNS"
5699,"IN"
5700,"DT"
5701,"NN"
5702,"VBZ"
5703,"."
5704,"IN"
5705,"NN"
5706,","
5707,"NNP"
5708,"NNP"
5709,"VBZ"
5710,"DT"
5711,"JJ"
5712,"NN"
5713,"IN"
5714,"CD"
5715,"NNS"
5716,","
5717,"WDT"
5718,"MD"
5719,"VB"
5720,"VBN"
5721,"IN"
5722,"DT"
5723,"NNP"
5724,"NN"
5725,"VBZ"
5726,"JJ"
5727,","
5728,"RB"
5729,","
5730,"VB"
5731,"DT"
5732,"NN"
5733,"IN"
5734,"VBG"
5735,"DT"
5736,"NN"
5737,"IN"
5738,"DT"
5739,"NN"
5740,"."
5741,"IN"
5742,"DT"
5743,"NN"
5744,","
5745,"DT"
5746,"NN"
5747,"POS"
5748,"NN"
5749,"MD"
5750,"RB"
5751,"VB"
5752,"CD"
5753,"NN"
5754,"IN"
5755,"DT"
5756,"JJ"
5757,"NN"
5758,"."
5759,"TO"
5760,"VB"
5761,"DT"
5762,"NNS"
5763,","
5764,"NNS"
5765,"IN"
5766,"DT"
5767,"NN"
5768,"CC"
5769,"JJ"
5770,"NN"
5771,"VBP"
5772,"RB"
5773,"VBN"
5774,"IN"
5775,"DT"
5776,"NN"
5777,"."
5778,"EX"
5779,"VBP"
5780,"JJR"
5781,"IN"
5782,"CD"
5783,"NNS"
5784,"IN"
5785,"WDT"
5786,"NNS"
5787,"MD"
5788,"VB"
5789,"VBN"
5790,"CC"
5791,"VBN"
5792,","
5793,"VBG"
5794,"DT"
5795,"JJ"
5796,"NNS"
5797,"."
5798,"CC"
5799,"DT"
5800,"NNS"
5801,"MD"
5802,"VB"
5803,"DT"
5804,"JJR"
5805,"NN"
5806,"IN"
5807,"VBG"
5808,"PRP$"
5809,"JJ"
5810,"NNS"
5811,"."
5812,"PRP"
5813,"MD"
5814,"VB"
5815,"DT"
5816,"IN"
5817,"VBG"
5818,"``"
5819,"NN"
5820,"VBZ"
5821,","
5822,"''"
5823,"WDT"
5824,"VBP"
5825,"RB"
5826,"VB"
5827,"NNS"
5828,"IN"
5829,"NNS"
5830,"WDT"
5831,"VBP"
5832,"JJ"
5833,"NNS"
5834,"IN"
5835,"NNS"
5836,"."
5837,"IN"
5838,"NN"
5839,","
5840,"DT"
5841,"RBS"
5842,"JJ"
5843,"NN"
5844,"NN"
5845,"VBZ"
5846,"DT"
5847,"NNP"
5848,"CD"
5849,"NN"
5850,","
5851,"RB"
5852,"VBD"
5853,"DT"
5854,"NN"
5855,"."
5856,"PRP"
5857,"VBZ"
5858,"VBN"
5859,"IN"
5860,"DT"
5861,"NNS"
5862,"WDT"
5863,"VBP"
5864,"RP"
5865,"NNP"
5866,"CC"
5867,"NNP"
5868,"POS"
5869,"JJ"
5870,"NN"
5871,"."
5872,"IN"
5873,"NNS"
5874,"IN"
5875,"JJ"
5876,"NNS"
5877,","
5878,"NN"
5879,"NNS"
5880,"VBP"
5881,"VBN"
5882,"RB"
5883,"IN"
5884,"NN"
5885,","
5886,"CC"
5887,"DT"
5888,"NN"
5889,"VBZ"
5890,"RB"
5891,"VBN"
5892,"."
5893,"CC"
5894,"IN"
5895,"NN"
5896,"NNS"
5897,"VBP"
5898,"JJ"
5899,","
5900,"PRP"
5901,"VBP"
5902,"JJ"
5903,"NNS"
5904,"."
5905,"IN"
5906,"CD"
5907,"NN"
5908,","
5909,"DT"
5910,"NN"
5911,"POS"
5912,"NN"
5913,"MD"
5914,"RB"
5915,"RB"
5916,"VB"
5917,"DT"
5918,"NNP"
5919,"CD"
5920,"."
5921,"IN"
5922,"DT"
5923,"NN"
5924,","
5925,"DT"
5926,"NN"
5927,"NN"
5928,"MD"
5929,"CC"
5930,"MD"
5931,"RB"
5932,"RB"
5933,"VB"
5934,"DT"
5935,"NN"
5936,"POS"
5937,"NNS"
5938,"IN"
5939,"DT"
5940,"NN"
5941,"IN"
5942,"DT"
5943,"NN"
5944,"NN"
5945,"."
5946,"IN"
5947,"NN"
5948,","
5949,"NNP"
5950,"NNS"
5951,"VBD"
5952,"VBN"
5953,"IN"
5954,"VBG"
5955,"JJ"
5956,"NNP"
5957,"NN"
5958,","
5959,"IN"
5960,"DT"
5961,"NN"
5962,"NN"
5963,"VBD"
5964,"IN"
5965,"NN"
5966,"CC"
5967,"NN"
5968,"IN"
5969,"DT"
5970,"CD"
5971,"NNS"
5972,"NN"
5973,"VBD"
5974,"VBN"
5975,"."
5976,"IN"
5977,"DT"
5978,"NN"
5979,"WP"
5980,"VBD"
5981,"TO"
5982,"VB"
5983,"DT"
5984,"NN"
5985,"IN"
5986,"NNP"
5987,"VBZ"
5988,"IN"
5989,"DT"
5990,"NN"
5991,"NN"
5992,"MD"
5993,"VB"
5994,"VBN"
5995,"RP"
5996,"IN"
5997,"NN"
5998,"."
5999,"IN"
6000,"DT"
6001,"JJ"
6002,"NN"
6003,","
6004,"RB"
6005,"DT"
6006,"NN"
6007,"IN"
6008,"JJ"
6009,"NNS"
6010,"VBD"
6011,"VBN"
6012,"IN"
6013,"NN"
6014,"IN"
6015,"NNP"
6016,"."
6017,"RB"
6018,","
6019,"IN"
6020,"DT"
6021,"JJ"
6022,"NN"
6023,"VBZ"
6024,"VBN"
6025,"IN"
6026,"NN"
6027,","
6028,"DT"
6029,"NNS"
6030,"IN"
6031,"DT"
6032,"NNS"
6033,"RB"
6034,"VBP"
6035,"RB"
6036,"VB"
6037,"."
6038,"RB"
6039,","
6040,"IN"
6041,"DT"
6042,"NN"
6043,"VBD"
6044,"IN"
6045,"NN"
6046,"VBZ"
6047,"VBZ"
6048,"JJ"
6049,"VBZ"
6050,"IN"
6051,"DT"
6052,"NN"
6053,"IN"
6054,"DT"
6055,"NNS"
6056,"."
6057,"DT"
6058,"NN"
6059,"VBZ"
6060,"IN"
6061,"NNS"
6062,"IN"
6063,"JJ"
6064,"NN"
6065,"NN"
6066,"."
6067,"CC"
6068,"PRP"
6069,"RB"
6070,"MD"
6071,"VB"
6072,"JJR"
6073,"IN"
6074,"VBG"
6075,"DT"
6076,"JJ"
6077,"NN"
6078,"."
6079,"DT"
6080,"NN"
6081,"IN"
6082,"VBG"
6083,"JJ"
6084,"VBZ"
6085,"VBZ"
6086,"RB"
6087,"JJ"
6088,"TO"
6089,"DT"
6090,"JJ"
6091,"IN"
6092,"DT"
6093,"NNS"
6094,"NN"
6095,"DT"
6096,"NNS"
6097,"VBP"
6098,"VBG"
6099,"IN"
6100,"JJ"
6101,"NNS"
6102,":"
6103,"VBG"
6104,"NN"
6105,"NNS"
6106,"IN"
6107,"NNS"
6108,"DT"
6109,"NN"
6110,"VBZ"
6111,"."
6112,"DT"
6113,"NN"
6114,"NN"
6115,"VBZ"
6116,"JJ"
6117,"TO"
6118,"DT"
6119,"VBN"
6120,","
6121,"IN"
6122,"WDT"
6123,"PRP"
6124,"VBZ"
6125,"PRP$"
6126,"NN"
6127,"DT"
6128,"NN"
6129,"TO"
6130,"VB"
6131,"NNS"
6132,"IN"
6133,"DT"
6134,"JJ"
6135,"NN"
6136,"IN"
6137,"NN"
6138,"."
6139,"VBG"
6140,"DT"
6141,"NN"
6142,"NN"
6143,"VBZ"
6144,"DT"
6145,"NN"
6146,"DT"
6147,"JJ"
6148,"NN"
6149,"IN"
6150,"DT"
6151,"JJ"
6152,"NN"
6153,"."
6154,"DT"
6155,"VBZ"
6156,"IN"
6157,"PRP"
6158,"VBZ"
6159,"DT"
6160,"NN"
6161,"IN"
6162,"DT"
6163,"NN"
6164,"IN"
6165,"DT"
6166,"NN"
6167,"IN"
6168,"NN"
6169,"VBN"
6170,"IN"
6171,"DT"
6172,"NN"
6173,"IN"
6174,"DT"
6175,"NN"
6176,"."
6177,"CC"
6178,"IN"
6179,"DT"
6180,"NN"
6181,"IN"
6182,"DT"
6183,"NN"
6184,"VBZ"
6185,"IN"
6186,"DT"
6187,"NN"
6188,"NN"
6189,"IN"
6190,"DT"
6191,"NN"
6192,","
6193,"DT"
6194,"NN"
6195,"VBZ"
6196,"RB"
6197,"JJ"
6198,"TO"
6199,"VB"
6200,"VBN"
6201,"RB"
6202,"."
6203,"CC"
6204,"IN"
6205,"DT"
6206,"NN"
6207,","
6208,"DT"
6209,"NN"
6210,"VBZ"
6211,"RB"
6212,"IN"
6213,"DT"
6214,"JJ"
6215,"NN"
6216,"NN"
6217,"."
6218,"DT"
6219,"NNS"
6220,"VBP"
6221,"DT"
6222,"NN"
6223,"IN"
6224,"NNS"
6225,"VBN"
6226,"IN"
6227,"NNS"
6228,"VBN"
6229,"IN"
6230,"DT"
6231,"NN"
6232,"."
6233,"DT"
6234,"NNS"
6235,"VBP"
6236,"RB"
6237,"IN"
6238,"NNP"
6239,"POS"
6240,"NN"
6241,"."
6242,"O"
6243,"NNS"
6244,"IN"
6245,"JJ"
6246,"NN"
6247,"IN"
6248,"JJ"
6249,"NN"
6250,"NN"
6251,"VBN"
6252,"IN"
6253,"NNS"
6254,"TO"
6255,"VB"
6256,"DT"
6257,"NN"
6258,"NN"
6259,"IN"
6260,"NN"
6261,"IN"
6262,"DT"
6263,"JJ"
6264,"NN"
6265,"VBD"
6266,"RB"
6267,"."
6268,"NNP"
6269,"NNS"
6270,"VBD"
6271,"VBN"
6272,"TO"
6273,"VB"
6274,"DT"
6275,"NNP"
6276,"POS"
6277,"NN"
6278,"IN"
6279,"VBG"
6280,"DT"
6281,"NN"
6282,"IN"
6283,"NNP"
6284,"NN"
6285,"NNS"
6286,"IN"
6287,"WDT"
6288,"PRP"
6289,"MD"
6290,"VB"
6291,"NNS"
6292,"WDT"
6293,"MD"
6294,"RB"
6295,"VB"
6296,"DT"
6297,"JJ"
6298,"CD"
6299,"NN"
6300,"NN"
6301,"IN"
6302,"DT"
6303,"JJ"
6304,"NN"
6305,"IN"
6306,"DT"
6307,"NNS"
6308,"IN"
6309,"DT"
6310,"NNP"
6311,"VBD"
6312,"."
6313,"CC"
6314,"DT"
6315,"NN"
6316,"VBD"
6317,"VBN"
6318,"IN"
6319,"DT"
6320,"NN"
6321,"IN"
6322,"WP"
6323,"MD"
6324,"VB"
6325,"IN"
6326,"JJ"
6327,"NNS"
6328,","
6329,"VBG"
6330,"IN"
6331,"VBG"
6332,"DT"
6333,"JJ"
6334,"NN"
6335,"TO"
6336,"NN"
6337,"NN"
6338,"TO"
6339,"VB"
6340,"IN"
6341,"JJ"
6342,"NN"
6343,"."
6344,"``"
6345,"DT"
6346,"NNS"
6347,"VBP"
6348,"EX"
6349,"VBP"
6350,"JJ"
6351,"NNS"
6352,"IN"
6353,"DT"
6354,"NNP"
6355,"NN"
6356,"WDT"
6357,"MD"
6358,"VB"
6359,"VBN"
6360,","
6361,"''"
6362,"NNP"
6363,"NNP"
6364,"NNP"
6365,"("
6366,"NNP"
6367,","
6368,"NNP"
6369,"."
6370,")"
6371,"VBD"
6372,"."
6373,"``"
6374,"IN"
6375,"EX"
6376,"VBZ"
6377,"DT"
6378,"NN"
6379,"IN"
6380,"VBG"
6381,"DT"
6382,"NN"
6383,","
6384,"PRP"
6385,"VBZ"
6386,"VBN"
6387,"IN"
6388,"PRP$"
6389,"NN"
6390,"TO"
6391,"VB"
6392,"PRP"
6393,"VBD"
6394,"IN"
6395,"DT"
6396,"NN"
6397,"."
6398,"''"
6399,"RB"
6400,"DT"
6401,"NNS"
6402,"MD"
6403,"VB"
6404,"VBN"
6405,"IN"
6406,"DT"
6407,"JJ"
6408,"NN"
6409,","
6410,"WDT"
6411,"MD"
6412,"VB"
6413,"RB"
6414,"RB"
6415,"IN"
6416,"NN"
6417,","
6418,"IN"
6419,"DT"
6420,"NN"
6421,"IN"
6422,"PRP"
6423,"MD"
6424,"RB"
6425,"VB"
6426,"VBN"
6427,"EX"
6428,"CC"
6429,"VBN"
6430,"IN"
6431,"JJ"
6432,"NN"
6433,"."
6434,"``"
6435,"PRP"
6436,"VBP"
6437,"VBN"
6438,"TO"
6439,"VB"
6440,"DT"
6441,"NNS"
6442,"DT"
6443,"NN"
6444,"TO"
6445,"VB"
6446,"IN"
6447,"PRP"
6448,"MD"
6449,"VB"
6450,"NNS"
6451,"RP"
6452,","
6453,"''"
6454,"VBD"
6455,"NNP"
6456,"NNP"
6457,"NNP"
6458,"NNP"
6459,"NNP"
6460,"NNP"
6461,"("
6462,"NNP"
6463,","
6464,"NNP"
6465,"."
6466,")"
6467,"."
6468,"``"
6469,"DT"
6470,"VBZ"
6471,"DT"
6472,"JJ"
6473,"NN"
6474,":"
6475,"PRP"
6476,"MD"
6477,"RB"
6478,"VB"
6479,"NN"
6480,"IN"
6481,"RB"
6482,"."
6483,"''"
6484,"NNP"
6485,"NNP"
6486,"NNP"
6487,"NNP"
6488,"NNP"
6489,"NNP"
6490,"VBZ"
6491,"VBD"
6492,"PRP"
6493,"MD"
6494,"VB"
6495,"TO"
6496,"VB"
6497,"TO"
6498,"VB"
6499,"DT"
6500,"JJ"
6501,"NN"
6502,"IN"
6503,"DT"
6504,"JJ"
6505,"NN"
6506,"IN"
6507,"DT"
6508,"NN"
6509,"IN"
6510,"DT"
6511,"NNP"
6512,"VBZ"
6513,"JJ"
6514,"IN"
6515,"PRP$"
6516,"JJ"
6517,"NNS"
6518,"."
6519,"NNP"
6520,"NNS"
6521,"VBD"
6522,"VBN"
6523,"TO"
6524,"VB"
6525,"JJ"
6526,"TO"
6527,"VB"
6528,"DT"
6529,"NN"
6530,"NN"
6531,"IN"
6532,"DT"
6533,"NN"
6534,"TO"
6535,"NNP"
6536,"NNP"
6537,"IN"
6538,"DT"
6539,"NN"
6540,"IN"
6541,"DT"
6542,"NN"
6543,","
6544,"CC"
6545,"NNP"
6546,"NNP"
6547,"VBD"
6548,"DT"
6549,"VBD"
6550,"RB"
6551,"JJ"
6552,"."
6553,"NN"
6554,"TO"
6555,"VB"
6556,"DT"
6557,"NN"
6558,"VBN"
6559,"IN"
6560,"$"
6561,"CD"
6562,"CD"
6563,"IN"
6564,"JJ"
6565,"NN"
6566,"NNS"
6567,"VBD"
6568,"NN"
6569,"NNP"
6570,"IN"
6571,"DT"
6572,"NNP"
6573,"NN"
6574,"NN"
6575,"."
6576,"DT"
6577,"NN"
6578,"MD"
6579,"VB"
6580,"VBN"
6581,"IN"
6582,"DT"
6583,"NNS"
6584,"MD"
6585,"VB"
6586,"VBN"
6587,"."
6588,"O"
6589,"NNP"
6590,"NNP"
6591,"IN"
6592,"NNP"
6593,"CC"
6594,"NNP"
6595,"POS"
6596,"CD"
6597,"NN"
6598,"NNS"
6599,"NNS"
6600,"IN"
6601,"DT"
6602,"NNP"
6603,"NNP"
6604,"NNP"
6605,"NNP"
6606,"VBD"
6607,"CD"
6608,"NNS"
6609,"."
6610,"NNP"
6611,"POS"
6612,"NN"
6613,"RB"
6614,"VBD"
6615,"NNP"
6616,"POS"
6617,"NN"
6618,"NN"
6619,"IN"
6620,"DT"
6621,"NN"
6622,"IN"
6623,"DT"
6624,"NNP"
6625,"CD"
6626,"NN"
6627,"."
6628,"O"
6629,"NNP"
6630,"NNP"
6631,"VBD"
6632,"$"
6633,"CD"
6634,"CD"
6635,"IN"
6636,"JJ"
6637,"NN"
6638,"IN"
6639,"DT"
6640,"JJ"
6641,"NN"
6642,"."
6643,"IN"
6644,"NN"
6645,"POS"
6646,"NN"
6647,","
6648,"DT"
6649,"NN"
6650,"IN"
6651,"JJ"
6652,"NN"
6653,"VBD"
6654,"VBN"
6655,"."
6656,"O"
6657,"NNP"
6658,"NNP"
6659,"NNP"
6660,"VBD"
6661,"PRP$"
6662,"NN"
6663,"NN"
6664,"TO"
6665,"VB"
6666,"RB"
6667,"IN"
6668,"JJ"
6669,"IN"
6670,"CD"
6671,"CD"
6672,","
6673,"CC"
6674,"CD"
6675,"NN"
6676,","
6677,"IN"
6678,"PRP$"
6679,"JJ"
6680,"NNS"
6681,"IN"
6682,"$"
6683,"CD"
6684,"RB"
6685,","
6686,"WDT"
6687,"VBD"
6688,"NNP"
6689,"NN"
6690,","
6691,"VBD"
6692,"VBN"
6693,"."
6694,"DT"
6695,"NN"
6696,"CC"
6697,"NN"
6698,"IN"
6699,"JJ"
6700,"JJ"
6701,"NNS"
6702,"VBD"
6703,"JJ"
6704,"NNS"
6705,"VBP"
6706,"IN"
6707,"IN"
6708,"CD"
6709,"NNS"
6710,"VBD"
6711,"VBN"
6712,"VBN"
6713,","
6714,"VBG"
6715,"DT"
6716,"JJ"
6717,"NN"
6718,"NN"
6719,"IN"
6720,"NNP"
6721,"."
6722,"DT"
6723,"JJ"
6724,"NN"
6725,"NN"
6726,"MD"
6727,"VB"
6728,"VBN"
6729,"NNP"
6730,"."
6731,"O"
6732,"NNP"
6733,"NNP"
6734,"NNP"
6735,"VBD"
6736,"PRP"
6737,"VBZ"
6738,"VBG"
6739,"TO"
6740,"VB"
6741,"CD"
6742,"IN"
6743,"PRP$"
6744,"JJ"
6745,"NNS"
6746,"."
6747,"IN"
6748,"DT"
6749,"JJ"
6750,"VBP"
6751,"NN"
6752,"VBG"
6753,"NN"
6754,"NNS"
6755,","
6756,"NNP"
6757,"NNP"
6758,"NNP"
6759,","
6760,"DT"
6761,"JJ"
6762,"NN"
6763,"CC"
6764,"NN"
6765,"NN"
6766,","
6767,"MD"
6768,"VB"
6769,"IN"
6770,"NNP"
6771,"NNP"
6772,"NNP"
6773,","
6774,"NNP"
6775,"NNP"
6776,"NNP"
6777,"CC"
6778,"NNP"
6779,"NNP"
6780,"NNP"
6781,"."
6782,"NNP"
6783,"MD"
6784,"RB"
6785,"VB"
6786,"PRP$"
6787,"NN"
6788,"IN"
6789,"NNP"
6790,"NNP"
6791,"NNP"
6792,"TO"
6793,"CD"
6794,"NN"
6795,"IN"
6796,"CD"
6797,"NN"
6798,"."
6799,"NNP"
6800,"VBD"
6801,"PRP"
6802,"MD"
6803,"VB"
6804,"IN"
6805,"CD"
6806,"NN"
6807,"IN"
6808,"DT"
6809,"NN"
6810,"CC"
6811,"CD"
6812,"NN"
6813,"IN"
6814,"DT"
6815,"NNS"
6816,"IN"
6817,"NNP"
6818,"IN"
6819,"DT"
6820,"NN"
6821,"."
6822,"DT"
6823,"NNS"
6824,"VBP"
6825,"JJ"
6826,"TO"
6827,"JJ"
6828,"NN"
6829,"CC"
6830,"VB"
6831,"NN"
6832,"IN"
6833,"NNS"
6834,"IN"
6835,"NNP"
6836,","
6837,"NNP"
6838,","
6839,"NNP"
6840,"CC"
6841,"NNP"
6842,"IN"
6843,"JJ"
6844,"NNS"
6845,"IN"
6846,"NNP"
6847,"CD"
6848,"."
6849,"O"
6850,"NNP"
6851,"NNP"
6852,"NNP"
6853,","
6854,"JJ"
6855,"NN"
6856,"NN"
6857,"IN"
6858,"DT"
6859,"NN"
6860,"NN"
6861,"NN"
6862,","
6863,"VBD"
6864,"VBN"
6865,"NN"
6866,","
6867,"JJ"
6868,"NN"
6869,"NN"
6870,"CC"
6871,"DT"
6872,"NN"
6873,"IN"
6874,"DT"
6875,"NNP"
6876,"NNP"
6877,"CC"
6878,"NNP"
6879,"NNP"
6880,"NNP"
6881,"."
6882,"PRP"
6883,"VBZ"
6884,"NNP"
6885,"NNP"
6886,"NNP"
6887,"NNP"
6888,","
6889,"WP"
6890,"VBD"
6891,"IN"
6892,"DT"
6893,"CD"
6894,"NNS"
6895,"TO"
6896,"VB"
6897,"JJ"
6898,"NNS"
6899,"."
6900,"O"
6901,"NNP"
6902,"NNP"
6903,"NNP"
6904,"VBD"
6905,"PRP"
6906,"VBD"
6907,"CD"
6908,"NN"
6909,"NNS"
6910,"."
6911,"CD"
6912,"NN"
6913,","
6914,"VBD"
6915,"DT"
6916,"NN"
6917,","
6918,"VBZ"
6919,"DT"
6920,"JJ"
6921,"JJ"
6922,"NN"
6923,"NN"
6924,"TO"
6925,"VB"
6926,"NN"
6927,"NNS"
6928,"RB"
6929,"RBR"
6930,"IN"
6931,"VBD"
6932,"RB"
6933,"JJ"
6934,","
6935,"DT"
6936,"NN"
6937,"VBD"
6938,"."
6939,"DT"
6940,"JJ"
6941,","
6942,"VBD"
6943,"DT"
6944,"NNP"
6945,","
6946,"VBZ"
6947,"NN"
6948,"VBD"
6949,"CC"
6950,"VBZ"
6951,"DT"
6952,"JJ"
6953,"NN"
6954,"NN"
6955,"NN"
6956,"WDT"
6957,"VBZ"
6958,"RB"
6959,"VB"
6960,"DT"
6961,"NN"
6962,"NN"
6963,","
6964,"DT"
6965,"NN"
6966,"VBD"
6967,"."
6968,"O"
6969,"DT"
6970,"JJ"
6971,"NN"
6972,"IN"
6973,"DT"
6974,"NNP"
6975,"NN"
6976,"NN"
6977,"VBD"
6978,"NNS"
6979,"IN"
6980,"DT"
6981,"NN"
6982,"POS"
6983,"NN"
6984,"NN"
6985,"VBZ"
6986,"VBN"
6987,","
6988,"CC"
6989,"VBD"
6990,"JJ"
6991,"NN"
6992,"IN"
6993,"JJ"
6994,"NNS"
6995,"."
6996,"DT"
6997,"NN"
6998,"NN"
6999,"NN"
7000,"VBD"
7001,"IN"
7002,"NNP"
7003,"TO"
7004,"$"
7005,"CD"
7006,"CD"
7007,","
7008,"DT"
7009,"NNP"
7010,"NNP"
7011,"VBD"
7012,","
7013,"DT"
7014,"JJ"
7015,"NN"
7016,"IN"
7017,"NNP"
7018,"POS"
7019,"$"
7020,"CD"
7021,"CD"
7022,"CC"
7023,"DT"
7024,"JJS"
7025,"NN"
7026,"IN"
7027,"DT"
7028,"NN"
7029,"DT"
7030,"NN"
7031,"."
7032,"NNS"
7033,"VBD"
7034,"IN"
7035,"DT"
7036,"JJ"
7037,"NN"
7038,"IN"
7039,"DT"
7040,"NN"
7041,","
7042,"IN"
7043,"NNS"
7044,"VBD"
7045,"TO"
7046,"DT"
7047,"NN"
7048,"."
7049,"``"
7050,"DT"
7051,"VBZ"
7052,"CD"
7053,"IN"
7054,"DT"
7055,"JJS"
7056,"NN"
7057,"NNS"
7058,"PRP"
7059,"VBP"
7060,"VBN"
7061,"IN"
7062,"DT"
7063,"NN"
7064,"VBD"
7065,"IN"
7066,"IN"
7067,"CD"
7068,","
7069,"''"
7070,"VBD"
7071,"NNP"
7072,"NNP"
7073,","
7074,"JJ"
7075,"JJ"
7076,"NN"
7077,"IN"
7078,"NNP"
7079,"NNP"
7080,"NNP"
7081,"."
7082,"IN"
7083,"JJS"
7084,"NNS"
7085,","
7086,"NNP"
7087,"NNP"
7088,"VBD"
7089,"JJ"
7090,"TO"
7091,"VB"
7092,"RB"
7093,"JJ"
7094,"IN"
7095,"CD"
7096,"NN"
7097,"POS"
7098,"NNS"
7099,":"
7100,"CC"
7101,"PRP"
7102,"VBD"
7103,","
7104,"``"
7105,"PRP"
7106,"VBZ"
7107,"RB"
7108,"IN"
7109,"DT"
7110,"NN"
7111,"IN"
7112,"DT"
7113,"NNP"
7114,"NN"
7115,"VBZ"
7116,"RB"
7117,"RB"
7118,"JJ"
7119,"IN"
7120,"PRP"
7121,"VBP"
7122,"VBN"
7123,"VBN"
7124,"TO"
7125,"VB"
7126,"."
7127,"''"
7128,"DT"
7129,"NN"
7130,"VBD"
7131,"DT"
7132,"JJ"
7133,"NN"
7134,"IN"
7135,"NNP"
7136,"NNP"
7137,","
7138,"VBG"
7139,"IN"
7140,"RBR"
7141,"JJ"
7142,"JJ"
7143,"NNS"
7144,"MD"
7145,"VB"
7146,"JJ"
7147,"NNP"
7148,"POS"
7149,"NN"
7150,"NN"
7151,"NN"
7152,"."
7153,"DT"
7154,"NNP"
7155,"NNP"
7156,"NNP"
7157,"NNP"
7158,"VBD"
7159,"JJR"
7160,"IN"
7161,"CD"
7162,"NNS"
7163,"IN"
7164,"DT"
7165,"NN"
7166,"POS"
7167,"NN"
7168,","
7169,"IN"
7170,"VBG"
7171,"TO"
7172,"VB"
7173,"CD"
7174,"NNS"
7175,"JJR"
7176,"IN"
7177,"CD"
7178,"."
7179,"``"
7180,"DT"
7181,"JJ"
7182,"NN"
7183,"NN"
7184,"VBZ"
7185,"DT"
7186,"JJR"
7187,"NNS"
7188,"IN"
7189,"DT"
7190,"NN"
7191,"NN"
7192,","
7193,"''"
7194,"VBD"
7195,"NNP"
7196,"NNP"
7197,","
7198,"JJ"
7199,"NN"
7200,"IN"
7201,"NNP"
7202,"NNP"
7203,"."
7204,"``"
7205,"PRP"
7206,"VBZ"
7207,"NNS"
7208,"IN"
7209,"JJR"
7210,"JJ"
7211,"NNS"
7212,","
7213,"DT"
7214,"NN"
7215,"NN"
7216,"CC"
7217,"DT"
7218,"NN"
7219,"NN"
7220,"CC"
7221,"DT"
7222,"JJ"
7223,"NN"
7224,"IN"
7225,"NN"
7226,"TO"
7227,"VB"
7228,"TO"
7229,"NNS"
7230,"IN"
7231,"PRP"
7232,"."
7233,"''"
7234,"DT"
7235,"NN"
7236,"NN"
7237,"VBD"
7238,"RB"
7239,"DT"
7240,"JJ"
7241,"NN"
7242,"TO"
7243,"NNP"
7244,"CD"
7245,"."
7246,"IN"
7247,"NNP"
7248,"CD"
7249,"IN"
7250,"DT"
7251,"NN"
7252,","
7253,"DT"
7254,"NN"
7255,"IN"
7256,"DT"
7257,"RB"
7258,"JJ"
7259,"NNP"
7260,"NN"
7261,"NN"
7262,"VBD"
7263,"VB"
7264,"DT"
7265,"JJ"
7266,"NN"
7267,"NN"
7268,"."
7269,"DT"
7270,"NN"
7271,"VBD"
7272,"IN"
7273,"DT"
7274,"JJ"
7275,"NN"
7276,"NN"
7277,"NN"
7278,"IN"
7279,"NNP"
7280,"CD"
7281,"."
7282,"IN"
7283,"CD"
7284,","
7285,"RB"
7286,","
7287,"DT"
7288,"NN"
7289,"VBD"
7290,"DT"
7291,"JJS"
7292,"IN"
7293,"DT"
7294,"NN"
7295,"IN"
7296,"NNS"
7297,"IN"
7298,"NN"
7299,","
7300,"IN"
7301,"DT"
7302,"JJ"
7303,"NN"
7304,"VBZ"
7305,"IN"
7306,"DT"
7307,"NN"
7308,"IN"
7309,"NN"
7310,"."
7311,"DT"
7312,"JJ"
7313,"NN"
7314,"NN"
7315,"VBD"
7316,"VBN"
7317,"RB"
7318,"IN"
7319,"DT"
7320,"NNP"
7321,"NN"
7322,"."
7323,"NNP"
7324,"NNP"
7325,"NNP"
7326,"NNP"
7327,"VBD"
7328,"DT"
7329,"NN"
7330,"NN"
7331,"VBZ"
7332,"``"
7333,"JJ"
7334,"IN"
7335,"CD"
7336,"JJ"
7337,"JJ"
7338,"NNS"
7339,"."
7340,"''"
7341,"CC"
7342,"NNP"
7343,"NNP"
7344,"NN"
7345,"NNP"
7346,"NNP"
7347,"VBD"
7348,"DT"
7349,"NN"
7350,"VBD"
7351,"``"
7352,"DT"
7353,"JJ"
7354,"NN"
7355,","
7356,"''"
7357,"VBG"
7358,"IN"
7359,"``"
7360,"PRP"
7361,"VBP"
7362,"JJ"
7363,"IN"
7364,"PRP"
7365,"RB"
7366,"VBZ"
7367,"DT"
7368,"JJ"
7369,"NN"
7370,"CC"
7371,"MD"
7372,"VB"
7373,"RB"
7374,"."
7375,"''"
7376,"CC"
7377,"DT"
7378,"NNS"
7379,"VBD"
7380,"DT"
7381,"NN"
7382,"IN"
7383,"JJ"
7384,"JJ"
7385,"NNS"
7386,"IN"
7387,"DT"
7388,"NN"
7389,"IN"
7390,"DT"
7391,"NNP"
7392,"NN"
7393,"NN"
7394,"VBZ"
7395,"VBN"
7396,"RP"
7397,"IN"
7398,"NN"
7399,"."
7400,"``"
7401,"DT"
7402,"NNS"
7403,"NN"
7404,"VB"
7405,"RBR"
7406,"NN"
7407,"TO"
7408,"VB"
7409,"DT"
7410,"NN"
7411,"IN"
7412,"DT"
7413,"NN"
7414,"IN"
7415,"DT"
7416,"NNP"
7417,"NN"
7418,"NN"
7419,"VBZ"
7420,"RB"
7421,"VBN"
7422,"RP"
7423,"IN"
7424,"DT"
7425,"NN"
7426,"IN"
7427,"IN"
7428,"DT"
7429,"$"
7430,"CD"
7431,"CD"
7432,"JJ"
7433,"NN"
7434,","
7435,"''"
7436,"VBD"
7437,"NNP"
7438,"NNP"
7439,","
7440,"DT"
7441,"NN"
7442,"NN"
7443,"IN"
7444,"DT"
7445,"NNP"
7446,"IN"
7447,"NNP"
7448,"NNP"
7449,"RB"
7450,"."
7451,"``"
7452,"DT"
7453,"VBZ"
7454,"RB"
7455,"DT"
7456,"NN"
7457,"IN"
7458,"JJ"
7459,"NN"
7460,","
7461,"CC"
7462,"PRP"
7463,"VBZ"
7464,"VBN"
7465,"TO"
7466,"VB"
7467,"IN"
7468,"RB"
7469,"PRP"
7470,"VBP"
7471,"VBN"
7472,"PDT"
7473,"DT"
7474,"NN"
7475,"PRP"
7476,"MD"
7477,"RB"
7478,"IN"
7479,"JJ"
7480,"NN"
7481,"NN"
7482,"CC"
7483,"JJ"
7484,"JJ"
7485,"NNS"
7486,"IN"
7487,"DT"
7488,"JJ"
7489,"NN"
7490,"NN"
7491,"."
7492,"''"
7493,"NNS"
7494,"VBD"
7495,"IN"
7496,"DT"
7497,"JJ"
7498,"JJ"
7499,"NN"
7500,"IN"
7501,"NNP"
7502,","
7503,"VBG"
7504,"CD"
7505,"NN"
7506,"TO"
7507,"$"
7508,"CD"
7509,"CD"
7510,","
7511,"DT"
7512,"NNP"
7513,"NNP"
7514,"VBD"
7515,"."
7516,"NNP"
7517,","
7518,"IN"
7519,"DT"
7520,"JJ"
7521,"NN"
7522,","
7523,"VBD"
7524,"CD"
7525,"NN"
7526,"TO"
7527,"DT"
7528,"JJ"
7529,"$"
7530,"CD"
7531,"CD"
7532,"."
7533,"RB"
7534,"RB"
7535,"VBD"
7536,"NNP"
7537,"POS"
7538,"NN"
7539,"RB"
7540,"JJR"
7541,"IN"
7542,"NNP"
7543,"POS"
7544,","
7545,"CC"
7546,"DT"
7547,"NN"
7548,"VBD"
7549,"DT"
7550,"NNP"
7551,"NN"
7552,"RB"
7553,"IN"
7554,"DT"
7555,"$"
7556,"CD"
7557,"CD"
7558,"NN"
7559,"PRP"
7560,"VBD"
7561,"RB"
7562,"VBN"
7563,"JJ"
7564,"NN"
7565,"."
7566,"JJ"
7567,"NNS"
7568,"VBP"
7569,"IN"
7570,"JJ"
7571,"NNS"
7572,"IN"
7573,"DT"
7574,"NNP"
7575,"NN"
7576,"NN"
7577,"VBP"
7578,"VBN"
7579,"IN"
7580,"JJ"
7581,"NN"
7582,"NN"
7583,"MD"
7584,"VB"
7585,"."
7586,"DT"
7587,"VBZ"
7588,"IN"
7589,"DT"
7590,"NN"
7591,"NN"
7592,"VBZ"
7593,"DT"
7594,"JJ"
7595,"NN"
7596,"IN"
7597,"DT"
7598,"NN"
7599,"IN"
7600,"DT"
7601,"JJ"
7602,"NNS"
7603,"CC"
7604,"JJ"
7605,"NN"
7606,","
7607,"JJ"
7608,"DT"
7609,"NN"
7610,"POS"
7611,"NN"
7612,"TO"
7613,"VB"
7614,"."
7615,"``"
7616,"NNS"
7617,"VBP"
7618,"JJ"
7619,"CC"
7620,"JJ"
7621,"IN"
7622,"NN"
7623,"IN"
7624,"DT"
7625,"NNS"
7626,","
7627,"CC"
7628,"DT"
7629,"NNS"
7630,"VBP"
7631,"RB"
7632,"RB"
7633,"CC"
7634,"PRP"
7635,"VBP"
7636,"RB"
7637,"DT"
7638,"NN"
7639,","
7640,"''"
7641,"VBD"
7642,"NNP"
7643,"NNP"
7644,"."
7645,"IN"
7646,"NN"
7647,","
7648,"DT"
7649,"NN"
7650,"IN"
7651,"DT"
7652,"NN"
7653,"IN"
7654,"DT"
7655,"NN"
7656,"IN"
7657,"JJ"
7658,"NNS"
7659,"IN"
7660,"DT"
7661,"JJ"
7662,"JJ"
7663,"NNS"
7664,"VBZ"
7665,"VBN"
7666,"DT"
7667,"NN"
7668,"IN"
7669,"JJ"
7670,"NNS"
7671,"IN"
7672,"JJ"
7673,"NNS"
7674,"CC"
7675,"VB"
7676,"DT"
7677,"NN"
7678,"POS"
7679,"NN"
7680,"."
7681,"IN"
7682,"NNP"
7683,","
7684,"NNS"
7685,"VBP"
7686,"VBN"
7687,"RB"
7688,"JJ"
7689,"."
7690,"IN"
7691,"DT"
7692,"JJ"
7693,"NN"
7694,","
7695,"NNP"
7696,"NNP"
7697,"NNP"
7698,","
7699,"JJ"
7700,"NN"
7701,"NN"
7702,"IN"
7703,"DT"
7704,"NNP"
7705,"NNP"
7706,"IN"
7707,"NNP"
7708,","
7709,"VBZ"
7710,":"
7711,"``"
7712,"RB"
7713,"DT"
7714,"JJR"
7715,"NN"
7716,"VBZ"
7717,"VBN"
7718,"NNS"
7719,"RBR"
7720,"JJ"
7721,"''"
7722,"IN"
7723,"VBG"
7724,"PRP$"
7725,"NNS"
7726,"TO"
7727,"VB"
7728,"."
7729,"NNP"
7730,"NNS"
7731,"VBP"
7732,"DT"
7733,"VBG"
7734,"NNP"
7735,"NN"
7736,"TO"
7737,"VB"
7738,"NN"
7739,"IN"
7740,"NNS"
7741,"."
7742,"CC"
7743,"PRP"
7744,"VBP"
7745,"RB"
7746,"JJ"
7747,"NN"
7748,"IN"
7749,"NNS"
7750,"IN"
7751,"DT"
7752,"NN"
7753,"CC"
7754,"DT"
7755,"JJ"
7756,"NN"
7757,"NN"
7758,"VBN"
7759,"RP"
7760,"."
7761,"``"
7762,"DT"
7763,"JJS"
7764,"NN"
7765,"PRP"
7766,"MD"
7767,"VB"
7768,"IN"
7769,"DT"
7770,"NNS"
7771,"MD"
7772,"VB"
7773,"TO"
7774,"VB"
7775,"DT"
7776,"NN"
7777,"CC"
7778,"NNP"
7779,"VBP"
7780,"JJ"
7781,"IN"
7782,"VBG"
7783,"DT"
7784,"NNP"
7785,"IN"
7786,"DT"
7787,"RB"
7788,"JJ"
7789,"JJ"
7790,"NN"
7791,","
7792,"''"
7793,"VBD"
7794,"NNP"
7795,"NNP"
7796,","
7797,"NN"
7798,"NN"
7799,"IN"
7800,"JJ"
7801,"JJ"
7802,"NNS"
7803,"IN"
7804,"DT"
7805,"NNP"
7806,"NNP"
7807,"IN"
7808,"NNP"
7809,"."
7810,"``"
7811,"DT"
7812,"MD"
7813,"VB"
7814,"IN"
7815,"VBG"
7816,"DT"
7817,"JJ"
7818,"NN"
7819,"NN"
7820,"."
7821,"''"
7822,"NNP"
7823,"POS"
7824,"NN"
7825,"IN"
7826,"NNS"
7827,"VBD"
7828,"NNS"
7829,"IN"
7830,"NNS"
7831,"IN"
7832,"JJ"
7833,"NNS"
7834,","
7835,"NN"
7836,"NNS"
7837,"CC"
7838,"NN"
7839,"RB"
7840,"CC"
7841,"NNS"
7842,"IN"
7843,"NNS"
7844,"IN"
7845,"NN"
7846,"NNS"
7847,","
7848,"NNS"
7849,"CC"
7850,"NNS"
7851,"."
7852,"DT"
7853,"NN"
7854,"IN"
7855,"NNS"
7856,"VBN"
7857,"IN"
7858,"JJ"
7859,"NNS"
7860,"IN"
7861,"NNS"
7862,"IN"
7863,"JJ"
7864,"NNS"
7865,"."
7866,"DT"
7867,"NNS"
7868,"VBD"
7869,"VBN"
7870,"IN"
7871,"JJ"
7872,"JJ"
7873,"NNS"
7874,"."
7875,"NNP"
7876,"NNP"
7877,"VBD"
7878,"TO"
7879,"DT"
7880,"NN"
7881,"."
7882,"("
7883,"IN"
7884,"NNS"
7885,"IN"
7886,"JJ"
7887,"NNS"
7888,","
7889,"RB"
7890,"RB"
7891,"VBN"
7892,")"
7893,"SYM"
7894,"FW"
7895,"VBN"
7896,"NNS"
7897,":"
7898,"NNP"
7899,","
7900,"NNP"
7901,"NNP"
7902,","
7903,"NNP"
7904,","
7905,"NNP"
7906,"NNP"
7907,"O"
7908,"NNP"
7909,"NNP"
7910,"VBD"
7911,"DT"
7912,"NN"
7913,"RB"
7914,"IN"
7915,"DT"
7916,"NN"
7917,"IN"
7918,"JJ"
7919,"NN"
7920,"IN"
7921,"DT"
7922,"NN"
7923,"TO"
7924,"VB"
7925,"NNS"
7926,"IN"
7927,"NNP"
7928,"NNP"
7929,"POS"
7930,"JJ"
7931,"NN"
7932,"."
7933,"NNP"
7934,"NNP"
7935,"VBD"
7936,"TO"
7937,"NN"
7938,"DT"
7939,"NN"
7940,"IN"
7941,"PRP$"
7942,"NN"
7943,"POS"
7944,"NNS"
7945,"NN"
7946,"IN"
7947,"VBG"
7948,"DT"
7949,"JJ"
7950,"NN"
7951,"IN"
7952,"DT"
7953,"JJ"
7954,"NN"
7955,"IN"
7956,"$"
7957,"CD"
7958,","
7959,"CC"
7960,"CD"
7961,"NN"
7962,","
7963,"IN"
7964,"DT"
7965,"NN"
7966,"VBZ"
7967,"DT"
7968,"NN"
7969,"NN"
7970,"IN"
7971,"DT"
7972,"NN"
7973,"TO"
7974,"NNP"
7975,"POS"
7976,"JJ"
7977,"NN"
7978,"."
7979,"DT"
7980,"JJ"
7981,"NN"
7982,","
7983,"WDT"
7984,"VBZ"
7985,"DT"
7986,"NN"
7987,"NN"
7988,"IN"
7989,"NN"
7990,"IN"
7991,"RB"
7992,"DT"
7993,"NN"
7994,"NN"
7995,"NN"
7996,","
7997,"RB"
7998,"RB"
7999,"MD"
8000,"VB"
8001,"NNP"
8002,"POS"
8003,"JJ"
8004,"JJ"
8005,"NN"
8006,"IN"
8007,"NNS"
8008,"VBP"
8009,"JJ"
8010,"NN"
8011,"."
8012,"NNP"
8013,"NNP"
8014,","
8015,"NN"
8016,"IN"
8017,"NNP"
8018,"NNP"
8019,"NNP"
8020,","
8021,"VBD"
8022,"RB"
8023,"CD"
8024,"NNS"
8025,"RB"
8026,"IN"
8027,"DT"
8028,"NNS"
8029,"IN"
8030,"VBG"
8031,"DT"
8032,"NN"
8033,"IN"
8034,"DT"
8035,"NN"
8036,"NN"
8037,"NNS"
8038,"VBP"
8039,"VBN"
8040,"CC"
8041,"VBN"
8042,"."
8043,"PRP$"
8044,"JJ"
8045,"NN"
8046,","
8047,"VBN"
8048,"IN"
8049,"DT"
8050,"NN"
8051,"RB"
8052,"CC"
8053,"VBN"
8054,"RB"
8055,"IN"
8056,"NN"
8057,"NN"
8058,"NNS"
8059,","
8060,"NNS"
8061,"FW"
8062,"NNS"
8063,","
8064,"JJ"
8065,"NN"
8066,","
8067,"JJ"
8068,"NN"
8069,"CC"
8070,"DT"
8071,"JJ"
8072,"JJ"
8073,"NN"
8074,"."
8075,"CC"
8076,"DT"
8077,"NN"
8078,"VBD"
8079,"VBG"
8080,"DT"
8081,"JJ"
8082,"NN"
8083,"IN"
8084,"IN"
8085,"PRP$"
8086,"JJ"
8087,"NN"
8088,","
8089,"DT"
8090,"NN"
8091,"IN"
8092,"NN"
8093,"CC"
8094,"DT"
8095,"JJ"
8096,"NN"
8097,"NN"
8098,"WDT"
8099,"VBD"
8100,"RB"
8101,"JJ"
8102,"."
8103,"DT"
8104,"NN"
8105,"VBD"
8106,"NN"
8107,"IN"
8108,"DT"
8109,"NN"
8110,"IN"
8111,"JJ"
8112,"NN"
8113,"."
8114,"DT"
8115,"RB"
8116,"JJ"
8117,"NN"
8118,"VBZ"
8119,"RB"
8120,"VBN"
8121,"NNS"
8122,"."
8123,"RB"
8124,","
8125,"RBS"
8126,"NNS"
8127,"WDT"
8128,"VBP"
8129,"VBN"
8130,"DT"
8131,"NNS"
8132,"VBP"
8133,"PRP"
8134,"VBP"
8135,"VBG"
8136,"JJ"
8137,"NNS"
8138,"IN"
8139,"NN"
8140,"NNS"
8141,"."
8142,"NNS"
8143,"MD"
8144,"RB"
8145,"VB"
8146,"DT"
8147,"JJ"
8148,"NN"
8149,"IN"
8150,"DT"
8151,"JJ"
8152,"NN"
8153,"NN"
8154,"IN"
8155,"$"
8156,"CD"
8157,"."
8158,"DT"
8159,"NN"
8160,"IN"
8161,"DT"
8162,"JJ"
8163,"NN"
8164,"MD"
8165,"RB"
8166,"VB"
8167,"$"
8168,"CD"
8169,","
8170,"CC"
8171,"IN"
8172,"RB"
8173,"IN"
8174,"NNP"
8175,"MD"
8176,"VB"
8177,"DT"
8178,"NN"
8179,"IN"
8180,"DT"
8181,"JJ"
8182,"NN"
8183,"CC"
8184,"NN"
8185,"NN"
8186,"IN"
8187,"DT"
8188,"NN"
8189,"TO"
8190,"DT"
8191,"WP"
8192,"VBP"
8193,"RB"
8194,"VBN"
8195,"JJ"
8196,"NNS"
8197,"."
8198,"JJ"
8199,"NNS"
8200,"MD"
8201,"VB"
8202,"DT"
8203,"JJ"
8204,"NN"
8205,"IN"
8206,"NNP"
8207,"NNP"
8208,","
8209,"DT"
8210,"NN"
8211,"NN"
8212,"VBN"
8213,"IN"
8214,"NNP"
8215,"NNP"
8216,","
8217,"NNP"
8218,","
8219,"IN"
8220,"RB"
8221,"$"
8222,"CD"
8223,"JJR"
8224,"."
8225,"NNP"
8226,"NNP"
8227,"VBD"
8228,"DT"
8229,"NNS"
8230,"VBD"
8231,"VBN"
8232,"IN"
8233,"NNS"
8234,"IN"
8235,"NNS"
8236,"WP"
8237,"VBP"
8238,"VBN"
8239,"IN"
8240,"DT"
8241,"NN"
8242,"IN"
8243,"DT"
8244,"JJ"
8245,"NN"
8246,","
8247,"WDT"
8248,"VBZ"
8249,"RB"
8250,"VBN"
8251,"IN"
8252,"JJ"
8253,"NN"
8254,"IN"
8255,"DT"
8256,"NNS"
8257,"."
8258,"DT"
8259,"NN"
8260,"VBD"
8261,"IN"
8262,"NNS"
8263,"VBD"
8264,"VBG"
8265,","
8266,"``"
8267,"WRB"
8268,"VBP"
8269,"RB"
8270,"PRP"
8271,"VB"
8272,"PRP"
8273,"DT"
8274,"JJR"
8275,"NN"
8276,"."
8277,"''"
8278,"NNP"
8279,"NNP"
8280,"VBD"
8281,"IN"
8282,"DT"
8283,"NN"
8284,"IN"
8285,"NN"
8286,"NN"
8287,"RB"
8288,"."
8289,"JJ"
8290,"NNS"
8291,"MD"
8292,"VB"
8293,"RB"
8294,"JJ"
8295,"NNS"
8296,"IN"
8297,"NNS"
8298,"CC"
8299,"VB"
8300,"PRP"
8301,"RB"
8302,"JJR"
8303,"TO"
8304,"VB"
8305,"NN"
8306,"NNS"
8307,"CC"
8308,"JJ"
8309,"NNS"
8310,"IN"
8311,"DT"
8312,"NN"
8313,"."
8314,"CC"
8315,"DT"
8316,"NN"
8317,","
8318,"IN"
8319,"NNP"
8320,","
8321,"VBZ"
8322,"RB"
8323,"JJR"
8324,"IN"
8325,"DT"
8326,"RB"
8327,"VBN"
8328,"JJ"
8329,"NNS"
8330,"."
8331,"TO"
8332,"VB"
8333,"IN"
8334,"DT"
8335,"NNS"
8336,"VBN"
8337,"IN"
8338,"DT"
8339,"JJ"
8340,"NN"
8341,","
8342,"NNP"
8343,","
8344,"WDT"
8345,"VBZ"
8346,"JJ"
8347,"POS"
8348,"JJ"
8349,"NN"
8350,"TO"
8351,"NNS"
8352,","
8353,"VBZ"
8354,"IN"
8355,"NNS"
8356,"VBN"
8357,"VBG"
8358,"NNS"
8359,"TO"
8360,"VB"
8361,"JJ"
8362,"NNS"
8363,"IN"
8364,"DT"
8365,"NNS"
8366,"."
8367,"NNP"
8368,"POS"
8369,"NN"
8370,"TO"
8371,"VB"
8372,"IN"
8373,"DT"
8374,"JJ"
8375,"JJ"
8376,"NN"
8377,"IN"
8378,"DT"
8379,"JJ"
8380,"NN"
8381,"VBZ"
8382,"RB"
8383,"VB"
8384,"DT"
8385,"NN"
8386,"IN"
8387,"JJ"
8388,"NN"
8389,","
8390,"VBD"
8391,"NNP"
8392,"NNP"
8393,","
8394,"WP"
8395,"IN"
8396,"NNS"
8397,"VBZ"
8398,"VBN"
8399,"DT"
8400,"NN"
8401,"MD"
8402,"VB"
8403,"DT"
8404,"JJ"
8405,"NN"
8406,"IN"
8407,"DT"
8408,"JJ"
8409,"NN"
8410,"."
8411,"``"
8412,"PRP"
8413,"VBP"
8414,"RB"
8415,"VBN"
8416,"TO"
8417,"JJ"
8418,"NN"
8419,"NN"
8420,"''"
8421,"PRP"
8422,"VBD"
8423,"."
8424,"``"
8425,"PRP"
8426,"VBP"
8427,"NN"
8428,"MD"
8429,"VB"
8430,"DT"
8431,"NN"
8432,"IN"
8433,"DT"
8434,"JJ"
8435,"NNS"
8436,"."
8437,"''"
8438,"PRP"
8439,"VBD"
8440,"IN"
8441,"DT"
8442,"JJ"
8443,"NN"
8444,"IN"
8445,"JJ"
8446,"NNS"
8447,"MD"
8448,"VB"
8449,"RB"
8450,"RB"
8451,"IN"
8452,"JJ"
8453,"NNS"
8454,","
8455,"CC"
8456,"PRP"
8457,"VBZ"
8458,"IN"
8459,"JJ"
8460,"NNS"
8461,"IN"
8462,"DT"
8463,"NNS"
8464,"."
8465,"CC"
8466,"NN"
8467,"NN"
8468,"NNS"
8469,","
8470,"WP"
8471,"VBD"
8472,"DT"
8473,"NN"
8474,","
8475,"VBD"
8476,"PRP"
8477,"DT"
8478,"JJ"
8479,"NN"
8480,"IN"
8481,"DT"
8482,"NN"
8483,"NN"
8484,"IN"
8485,"NN"
8486,"CC"
8487,"NN"
8488,"WDT"
8489,"VBZ"
8490,"JJ"
8491,"TO"
8492,"VB"
8493,"JJ"
8494,"POS"
8495,"NNS"
8496,"IN"
8497,"NNS"
8498,"."
8499,"``"
8500,"IN"
8501,"DT"
8502,"NN"
8503,"IN"
8504,"NN"
8505,"IN"
8506,"DT"
8507,"NN"
8508,"IN"
8509,"NN"
8510,","
8511,"DT"
8512,"VBZ"
8513,"DT"
8514,"NN"
8515,"NN"
8516,","
8517,"''"
8518,"VBD"
8519,"NNP"
8520,"NNP"
8521,"NNP"
8522,","
8523,"DT"
8524,"JJ"
8525,"NN"
8526,"NN"
8527,"IN"
8528,"DT"
8529,"JJ"
8530,"NN"
8531,"NN"
8532,"NN"
8533,"."
8534,"``"
8535,"CC"
8536,"PRP"
8537,"MD"
8538,"RB"
8539,"VB"
8540,"JJ"
8541,"POS"
8542,"NNS"
8543,"."
8544,"''"
8545,"NNS"
8546,","
8547,"RB"
8548,","
8549,"VBP"
8550,"JJ"
8551,"POS"
8552,"NNS"
8553,"MD"
8554,"VB"
8555,"RB"
8556,"JJR"
8557,"IN"
8558,"JJ"
8559,"NNS"
8560,"IN"
8561,"NNS"
8562,"NN"
8563,"DT"
8564,"NN"
8565,"."
8566,"``"
8567,"PRP"
8568,"MD"
8569,"RB"
8570,"VB"
8571,"TO"
8572,"VB"
8573,"DT"
8574,"NN"
8575,"NN"
8576,","
8577,"''"
8578,"VBN"
8579,"IN"
8580,"IN"
8581,"$"
8582,"CD"
8583,","
8584,"VBD"
8585,"NNP"
8586,"NNP"
8587,","
8588,"NN"
8589,"IN"
8590,"JJ"
8591,"NN"
8592,"IN"
8593,"NNP"
8594,"POS"
8595,"NNP"
8596,"NNP"
8597,"NNP"
8598,","
8599,"WDT"
8600,"VBZ"
8601,"VBN"
8602,"CD"
8603,"JJ"
8604,"NNS"
8605,"."
8606,"NNP"
8607,"NN"
8608,"IN"
8609,"NNP"
8610,"POS"
8611,"NN"
8612,"RB"
8613,"VBZ"
8614,"VBN"
8615,"IN"
8616,"NN"
8617,"IN"
8618,"NN"
8619,"NN"
8620,"IN"
8621,"PRP"
8622,"."
8623,"NNP"
8624,"NN"
8625,"VBZ"
8626,"VBN"
8627,"IN"
8628,"JJ"
8629,"JJ"
8630,"NNS"
8631,","
8632,"CC"
8633,"DT"
8634,"JJ"
8635,"NN"
8636,"VBZ"
8637,"RB"
8638,"VBN"
8639,"IN"
8640,"DT"
8641,"NN"
8642,"WDT"
8643,"VBZ"
8644,"PRP"
8645,"."
8646,"NNP"
8647,"POS"
8648,"NN"
8649,"RB"
8650,"VBZ"
8651,"JJR"
8652,"NN"
8653,"NNS"
8654,","
8655,"CC"
8656,"NNP"
8657,"NNP"
8658,"VBD"
8659,"PRP"
8660,"VBZ"
8661,"RBR"
8662,"RB"
8663,"."
8664,"PRP"
8665,"VBD"
8666,"PRP"
8667,"VBZ"
8668,"NNP"
8669,"NNP"
8670,"NNP"
8671,"TO"
8672,"VB"
8673,"DT"
8674,"JJ"
8675,"NN"
8676,"IN"
8677,"PRP$"
8678,"JJ"
8679,"CD"
8680,"NN"
8681,"NN"
8682,"IN"
8683,"CD"
8684,"."
8685,"NNS"
8686,"VBD"
8687,"IN"
8688,"JJ"
8689,"NNS"
8690,"TO"
8691,"RB"
8692,"VB"
8693,"DT"
8694,"NN"
8695,"NN"
8696,"IN"
8697,"PRP$"
8698,"NN"
8699,"."
8700,"DT"
8701,"JJ"
8702,"NN"
8703,"VBZ"
8704,"NNS"
8705,"IN"
8706,"JJ"
8707,"NNS"
8708,"."
8709,"NNP"
8710,"MD"
8711,"RB"
8712,"VB"
8713,"IN"
8714,"WRB"
8715,"PRP"
8716,"MD"
8717,"VB"
8718,"DT"
8719,"JJ"
8720,","
8721,"CC"
8722,"VBZ"
8723,"VBN"
8724,"TO"
8725,"VB"
8726,"DT"
8727,"JJ"
8728,"NN"
8729,"IN"
8730,"NN"
8731,"."
8732,"O"
8733,"NNP"
8734,"NNP"
8735,"NNP"
8736,","
8737,"CD"
8738,"NNS"
8739,"JJ"
8740,","
8741,"VBD"
8742,"VBN"
8743,"NN"
8744,"CC"
8745,"JJ"
8746,"NN"
8747,"NN"
8748,"IN"
8749,"DT"
8750,"NN"
8751,"CC"
8752,"NN"
8753,"IN"
8754,"NNS"
8755,","
8756,"NN"
8757,"NNS"
8758,"CC"
8759,"NN"
8760,"NNS"
8761,"."
8762,"PRP"
8763,"VBZ"
8764,"IN"
8765,"NN"
8766,","
8767,"NNP"
8768,"NNP"
8769,","
8770,"WP"
8771,"VBZ"
8772,"NN"
8773,"CC"
8774,"JJ"
8775,"NN"
8776,"NN"
8777,"."
8778,"DT"
8779,"NN"
8780,"IN"
8781,"JJ"
8782,"NN"
8783,"NN"
8784,"VBZ"
8785,"JJ"
8786,"."
8787,"O"
8788,"NNP"
8789,"NNP"
8790,"VBD"
8791,"DT"
8792,"JJ"
8793,"NN"
8794,"IN"
8795,"$"
8796,"CD"
8797,"CD"
8798,","
8799,"CC"
8800,"CD"
8801,"NNS"
8802,"DT"
8803,"NN"
8804,","
8805,"IN"
8806,"DT"
8807,"JJ"
8808,"NN"
8809,","
8810,"WDT"
8811,"VBD"
8812,"VBN"
8813,"IN"
8814,"NN"
8815,"NNS"
8816,"CC"
8817,"DT"
8818,"NN"
8819,"IN"
8820,"VBG"
8821,"PRP$"
8822,"JJ"
8823,"NN"
8824,"NNS"
8825,"."
8826,"DT"
8827,"NN"
8828,"NN"
8829,"VBD"
8830,"NN"
8831,"VBD"
8832,"CD"
8833,"NN"
8834,"TO"
8835,"$"
8836,"CD"
8837,"CD"
8838,"."
8839,"DT"
8840,"NNS"
8841,"IN"
8842,"DT"
8843,"JJ"
8844,"NN"
8845,","
8846,"WRB"
8847,"DT"
8848,"NN"
8849,"VBD"
8850,"JJ"
8851,"NN"
8852,"IN"
8853,"$"
8854,"CD"
8855,"CD"
8856,","
8857,"CC"
8858,"CD"
8859,"NNS"
8860,"DT"
8861,"NN"
8862,","
8863,"IN"
8864,"NN"
8865,"IN"
8866,"$"
8867,"CD"
8868,"CD"
8869,"."
8870,"IN"
8871,"DT"
8872,"CD"
8873,"NNS"
8874,","
8875,"NNP"
8876,"VBD"
8877,"DT"
8878,"NN"
8879,"IN"
8880,"$"
8881,"CD"
8882,"CD"
8883,","
8884,"CC"
8885,"$"
8886,"CD"
8887,"DT"
8888,"NN"
8889,"."
8890,"IN"
8891,"DT"
8892,"JJ"
8893,"NN"
8894,","
8895,"DT"
8896,"NN"
8897,"VBD"
8898,"NN"
8899,"IN"
8900,"$"
8901,"CD"
8902,"CD"
8903,","
8904,"CC"
8905,"$"
8906,"CD"
8907,"DT"
8908,"NN"
8909,"."
8910,"NN"
8911,"IN"
8912,"DT"
8913,"NN"
8914,"VBD"
8915,"RB"
8916,"CD"
8917,"NN"
8918,"TO"
8919,"$"
8920,"CD"
8921,"CD"
8922,"IN"
8923,"IN"
8924,"$"
8925,"CD"
8926,"CD"
8927,"JJ"
8928,"NN"
8929,"."
8930,"NNP"
8931,"NNP"
8932,"NNP"
8933,","
8934,"NN"
8935,","
8936,"NN"
8937,"CC"
8938,"JJ"
8939,"NN"
8940,"NN"
8941,","
8942,"VBD"
8943,"DT"
8944,"NN"
8945,"TO"
8946,"JJ"
8947,"JJ"
8948,"NN"
8949,"IN"
8950,"IN"
8951,"$"
8952,"CD"
8953,"CD"
8954,"VBN"
8955,"TO"
8956,"VB"
8957,"JJ"
8958,"NN"
8959,"NNS"
8960,"TO"
8961,"DT"
8962,"JJ"
8963,"NN"
8964,"NN"
8965,"NNP"
8966,"CD"
8967,","
8968,"CC"
8969,"$"
8970,"CD"
8971,"CD"
8972,"VBN"
8973,"IN"
8974,"DT"
8975,"JJ"
8976,"NN"
8977,"IN"
8978,"NN"
8979,"NN"
8980,"."
8981,"PRP"
8982,"VBD"
8983,"DT"
8984,"NN"
8985,"VBD"
8986,"``"
8987,"VBN"
8988,"IN"
8989,"NN"
8990,"''"
8991,"PRP"
8992,"VBD"
8993,"IN"
8994,"JJ"
8995,"NNS"
8996,"RB"
8997,"VBG"
8998,"NNP"
8999,"CD"
9000,"."
9001,"DT"
9002,"JJ"
9003,"NN"
9004,"VBD"
9005,"IN"
9006,"DT"
9007,"NN"
9008,"TO"
9009,"NNP"
9010,"NNP"
9011,","
9012,"CC"
9013,"NNS"
9014,"VBD"
9015,"PRP"
9016,"VBD"
9017,"JJ"
9018,"NNS"
9019,"IN"
9020,"DT"
9021,"JJ"
9022,"NN"
9023,"IN"
9024,"NN"
9025,"NNS"
9026,"IN"
9027,"NNP"
9028,"CD"
9029,","
9030,"DT"
9031,"NN"
9032,"IN"
9033,"JJ"
9034,"NNS"
9035,"IN"
9036,"DT"
9037,"JJ"
9038,"NN"
9039,"."
9040,"``"
9041,"DT"
9042,"NN"
9043,"VBZ"
9044,"IN"
9045,"NN"
9046,"IN"
9047,"JJ"
9048,"NNS"
9049,","
9050,"''"
9051,"VBD"
9052,"NNP"
9053,"NNP"
9054,"NNP"
9055,"NNP"
9056,","
9057,"DT"
9058,"NN"
9059,"IN"
9060,"NNP"
9061,","
9062,"NNP"
9063,"CC"
9064,"NNP"
9065,"IN"
9066,"NNP"
9067,"NNP"
9068,"."
9069,"PRP"
9070,"VBD"
9071,"JJ"
9072,"NNS"
9073,"CC"
9074,"NN"
9075,"NN"
9076,"``"
9077,"VBD"
9078,"RB"
9079,"RB"
9080,"''"
9081,"IN"
9082,"DT"
9083,"JJ"
9084,"NN"
9085,","
9086,"RB"
9087,"IN"
9088,"NNS"
9089,"IN"
9090,"JJ"
9091,"NN"
9092,"NN"
9093,"NNS"
9094,"IN"
9095,"NN"
9096,"CC"
9097,"NN"
9098,"."
9099,"``"
9100,"DT"
9101,"NN"
9102,"IN"
9103,"DT"
9104,"JJ"
9105,"NN"
9106,"IN"
9107,"DT"
9108,"JJ"
9109,"NN"
9110,"VBZ"
9111,"VBN"
9112,"."
9113,"CC"
9114,"IN"
9115,"DT"
9116,"NN"
9117,"VBZ"
9118,"RB"
9119,"VBN"
9120,"DT"
9121,"JJ"
9122,"NN"
9123,","
9124,"PRP"
9125,"RB"
9126,"VBZ"
9127,"IN"
9128,"WDT"
9129,"POS"
9130,"RB"
9131,"VBG"
9132,"TO"
9133,"VB"
9134,"RB"
9135,"RB"
9136,","
9137,"''"
9138,"NNP"
9139,"NNP"
9140,"VBD"
9141,"."
9142,"DT"
9143,"NN"
9144,"VBD"
9145,"IN"
9146,"DT"
9147,"NN"
9148,"IN"
9149,"PRP"
9150,"VBZ"
9151,"TO"
9152,"VB"
9153,"JJ"
9154,"NNS"
9155,"``"
9156,"IN"
9157,"DT"
9158,"JJ"
9159,"CD"
9160,"NNS"
9161,"."
9162,"''"
9163,"``"
9164,"PRP"
9165,"RB"
9166,"VBZ"
9167,"IN"
9168,"NNP"
9169,"NNP"
9170,"NNP"
9171,"CD"
9172,"VBZ"
9173,"RB"
9174,"VBG"
9175,"TO"
9176,"VB"
9177,"("
9178,"RB"
9179,")"
9180,"JJ"
9181,"IN"
9182,"DT"
9183,"JJ"
9184,"NN"
9185,"IN"
9186,"CD"
9187,","
9188,"''"
9189,"VBD"
9190,"NNP"
9191,"NNP"
9192,","
9193,"DT"
9194,"NN"
9195,"IN"
9196,"NNP"
9197,"NNP"
9198,"IN"
9199,"NNP"
9200,"NNP"
9201,"."
9202,"``"
9203,"DT"
9204,"VBZ"
9205,"DT"
9206,"JJ"
9207,"NN"
9208,"RB"
9209,"IN"
9210,"VBG"
9211,"DT"
9212,"NN"
9213,"IN"
9214,"DT"
9215,"NN"
9216,"."
9217,"PRP"
9218,"VBZ"
9219,"RB"
9220,"DT"
9221,"NN"
9222,"RB"
9223,"."
9224,"''"
9225,"NNP"
9226,"NNP"
9227,"VBD"
9228,"IN"
9229,"DT"
9230,"NN"
9231,"MD"
9232,"VB"
9233,"NNS"
9234,"IN"
9235,"DT"
9236,"JJ"
9237,"NN"
9238,"RB"
9239,"DT"
9240,"NN"
9241,","
9242,"DT"
9243,"JJ"
9244,"NN"
9245,"VBZ"
9246,"JJ"
9247,"TO"
9248,"VB"
9249,"``"
9250,"JJ"
9251,"TO"
9252,"DT"
9253,"JJ"
9254,"NN"
9255,"VBZ"
9256,"."
9257,"''"
9258,"IN"
9259,"DT"
9260,"NN"
9261,"MD"
9262,"VB"
9263,"TO"
9264,"VB"
9265,"IN"
9266,"DT"
9267,"NN"
9268,","
9269,"PRP"
9270,"MD"
9271,"VB"
9272,"DT"
9273,","
9274,"IN"
9275,"RB"
9276,"DT"
9277,"IN"
9278,"DT"
9279,"JJ"
9280,"NN"
9281,","
9282,"PRP"
9283,"VBD"
9284,"."
9285,"IN"
9286,"JJ"
9287,"JJ"
9288,"NN"
9289,","
9290,"NNP"
9291,"VBD"
9292,"NN"
9293,"IN"
9294,"$"
9295,"CD"
9296,"DT"
9297,"NN"
9298,","
9299,"RB"
9300,"CD"
9301,"NNS"
9302,"."
9303,"O"
9304,"NNP"
9305,","
9306,"NNP"
9307,"CD"
9308,","
9309,"CD"
9310,"DT"
9311,"JJ"
9312,"NNP"
9313,"CC"
9314,"JJ"
9315,"JJ"
9316,"NN"
9317,"NNS"
9318,"RB"
9319,"VBP"
9320,"DT"
9321,"NN"
9322,"TO"
9323,"JJ"
9324,"NNS"
9325,"CC"
9326,"VBP"
9327,"RB"
9328,"RB"
9329,"VB"
9330,"JJ"
9331,"NNS"
9332,"."
9333,"NNP"
9334,"NNP"
9335,":"
9336,"CD"
9337,"CD"
9338,"NN"
9339,"."
9340,"DT"
9341,"JJ"
9342,"NN"
9343,"IN"
9344,"JJ"
9345,"NNS"
9346,"IN"
9347,"JJ"
9348,"NNP"
9349,"NN"
9350,"NN"
9351,"JJ"
9352,"NNS"
9353,"."
9354,"NNP"
9355,"NNP"
9356,":"
9357,"CD"
9358,"CD"
9359,"NN"
9360,"JJ"
9361,","
9362,"CD"
9363,"CD"
9364,"NN"
9365,"JJ"
9366,","
9367,"CD"
9368,"CD"
9369,"NN"
9370,"IN"
9371,"NN"
9372,"NN"
9373,","
9374,"CD"
9375,"CD"
9376,"NN"
9377,"VBD"
9378,"."
9379,"NNS"
9380,"VBN"
9381,"IN"
9382,"JJ"
9383,"NNS"
9384,"IN"
9385,"JJ"
9386,"NN"
9387,"IN"
9388,"NNS"
9389,"IN"
9390,"$"
9391,"CD"
9392,"CD"
9393,"CC"
9394,"JJR"
9395,"."
9396,"NN"
9397,":"
9398,"NNP"
9399,"NNP"
9400,"("
9401,"NNP"
9402,"."
9403,")"
9404,"NNP"
9405,"."
9406,"NNP"
9407,"NNP"
9408,":"
9409,"CD"
9410,"NN"
9411,"."
9412,"DT"
9413,"NN"
9414,"IN"
9415,"NNS"
9416,"TO"
9417,"JJ"
9418,"NNS"
9419,"IN"
9420,"DT"
9421,"NNP"
9422,"NNP"
9423,"NNP"
9424,"NNP"
9425,"NNP"
9426,"."
9427,"NNP"
9428,"NNP"
9429,":"
9430,"CD"
9431,"CD"
9432,"NN"
9433,"TO"
9434,"CD"
9435,"NN"
9436,"."
9437,"DT"
9438,"NN"
9439,"IN"
9440,"NNS"
9441,"TO"
9442,"NNS"
9443,"IN"
9444,"NN"
9445,"NN"
9446,"NN"
9447,"."
9448,"NNP"
9449,"NNP"
9450,"VBD"
9451,"RB"
9452,"IN"
9453,"NNP"
9454,"NNP"
9455,"NNP"
9456,"NNP"
9457,":"
9458,"CD"
9459,"NN"
9460,"CD"
9461,"TO"
9462,"CD"
9463,"NNS"
9464,":"
9465,"CD"
9466,"NN"
9467,"CD"
9468,"TO"
9469,"CD"
9470,"NNS"
9471,":"
9472,"CD"
9473,"NN"
9474,"CD"
9475,"TO"
9476,"CD"
9477,"NNS"
9478,":"
9479,"CD"
9480,"NN"
9481,"CD"
9482,"TO"
9483,"CD"
9484,"NNS"
9485,":"
9486,"CD"
9487,"NN"
9488,"CD"
9489,"TO"
9490,"CD"
9491,"NNS"
9492,":"
9493,"CD"
9494,"NN"
9495,"CD"
9496,"TO"
9497,"CD"
9498,"NNS"
9499,":"
9500,"CD"
9501,"NN"
9502,"CD"
9503,"TO"
9504,"CD"
9505,"NNS"
9506,"."
9507,"NNP"
9508,"NNP"
9509,":"
9510,"JJ"
9511,"JJ"
9512,"NNS"
9513,"VBN"
9514,"IN"
9515,"NNS"
9516,"IN"
9517,"JJ"
9518,"NNS"
9519,"IN"
9520,"NNS"
9521,"IN"
9522,"$"
9523,"CD"
9524,":"
9525,"CD"
9526,"NN"
9527,"CD"
9528,"NNS"
9529,":"
9530,"CD"
9531,"NN"
9532,"CD"
9533,"NNS"
9534,":"
9535,"CD"
9536,"NN"
9537,"CD"
9538,"NNS"
9539,"."
9540,"NNS"
9541,"IN"
9542,"NN"
9543,":"
9544,"CD"
9545,"NN"
9546,"CD"
9547,"NN"
9548,":"
9549,"CD"
9550,"NN"
9551,"CD"
9552,"NNS"
9553,":"
9554,"CD"
9555,"NN"
9556,"CD"
9557,"NNS"
9558,":"
9559,"CD"
9560,"NN"
9561,"CD"
9562,"NNS"
9563,":"
9564,"CD"
9565,"NN"
9566,"CD"
9567,"NN"
9568,"."
9569,"NN"
9570,"IN"
9571,"JJ"
9572,"NNS"
9573,"VBN"
9574,"IN"
9575,"JJ"
9576,"NNP"
9577,"NNP"
9578,"NNS"
9579,"IN"
9580,"JJ"
9581,"JJ"
9582,"NNS"
9583,"IN"
9584,"JJ"
9585,"NNS"
9586,","
9587,"RB"
9588,"IN"
9589,"NNS"
9590,"IN"
9591,"$"
9592,"CD"
9593,"CD"
9594,"CC"
9595,"JJR"
9596,"."
9597,"DT"
9598,"JJ"
9599,"NN"
9600,"VBZ"
9601,"$"
9602,"CD"
9603,"."
9604,"JJ"
9605,"NNS"
9606,"IN"
9607,"DT"
9608,"JJ"
9609,"NN"
9610,":"
9611,"CD"
9612,"NN"
9613,"CD"
9614,"NN"
9615,":"
9616,"CD"
9617,"NN"
9618,"CD"
9619,"NNS"
9620,":"
9621,"CD"
9622,"NN"
9623,"CD"
9624,"NNS"
9625,"."
9626,"NNS"
9627,"NNS"
9628,":"
9629,"CD"
9630,"NN"
9631,"CD"
9632,"NNS"
9633,":"
9634,"CD"
9635,"NN"
9636,"CD"
9637,"NNS"
9638,":"
9639,"CD"
9640,"NN"
9641,"CD"
9642,"NNS"
9643,":"
9644,"CD"
9645,"NN"
9646,"CD"
9647,"NNS"
9648,":"
9649,"CD"
9650,"NN"
9651,"CD"
9652,"NNS"
9653,":"
9654,"CD"
9655,"NN"
9656,"CD"
9657,"NNS"
9658,"."
9659,"JJ"
9660,","
9661,"JJ"
9662,"NN"
9663,"NN"
9664,"NNS"
9665,"RB"
9666,"VBG"
9667,"DT"
9668,"NN"
9669,"NN"
9670,"."
9671,"NNP"
9672,"RB"
9673,"NNS"
9674,":"
9675,"CD"
9676,"CD"
9677,"NN"
9678,"TO"
9679,"CD"
9680,"CD"
9681,"NN"
9682,"CD"
9683,"NN"
9684,":"
9685,"CD"
9686,"CD"
9687,"NN"
9688,"TO"
9689,"CD"
9690,"CD"
9691,"NN"
9692,"CD"
9693,"NNS"
9694,":"
9695,"CD"
9696,"CD"
9697,"NN"
9698,"TO"
9699,"CD"
9700,"CD"
9701,"NN"
9702,"CD"
9703,"NNS"
9704,":"
9705,"CD"
9706,"CD"
9707,"NN"
9708,"TO"
9709,"CD"
9710,"CD"
9711,"NN"
9712,"CD"
9713,"NNS"
9714,":"
9715,"CD"
9716,"CD"
9717,"NN"
9718,"TO"
9719,"CD"
9720,"CD"
9721,"NN"
9722,"CD"
9723,"NNS"
9724,":"
9725,"CD"
9726,"CD"
9727,"NN"
9728,"TO"
9729,"CD"
9730,"CD"
9731,"NN"
9732,"CD"
9733,"NNS"
9734,"."
9735,"NNP"
9736,"NNP"
9737,"NNP"
9738,"NNP"
9739,"("
9740,"NNP"
9741,")"
9742,":"
9743,"CD"
9744,"CD"
9745,"NN"
9746,"CD"
9747,"NN"
9748,":"
9749,"CD"
9750,"CD"
9751,"NN"
9752,"CD"
9753,"NNS"
9754,":"
9755,"CD"
9756,"CD"
9757,"NN"
9758,"CD"
9759,"NNS"
9760,":"
9761,"CD"
9762,"CD"
9763,"NN"
9764,"NN"
9765,"NN"
9766,"."
9767,"DT"
9768,"NN"
9769,"IN"
9770,"NN"
9771,"VBD"
9772,"NNS"
9773,"IN"
9774,"NN"
9775,"NNS"
9776,"IN"
9777,"DT"
9778,"NNP"
9779,"NN"
9780,"VBN"
9781,"IN"
9782,"NNS"
9783,"IN"
9784,"CD"
9785,"JJ"
9786,"NNS"
9787,"."
9788,"NNP"
9789,"NNP"
9790,"NNP"
9791,":"
9792,"NNP"
9793,"CD"
9794,"NN"
9795,":"
9796,"NNP"
9797,"CD"
9798,"NN"
9799,":"
9800,"NNP"
9801,"CD"
9802,"NN"
9803,":"
9804,"NNP"
9805,"CD"
9806,"NN"
9807,":"
9808,"NNP"
9809,"CD"
9810,"NN"
9811,"."
9812,"DT"
9813,"NN"
9814,"NNS"
9815,"VBP"
9816,"RB"
9817,"RB"
9818,"JJ"
9819,":"
9820,"NN"
9821,"NNS"
9822,"VBP"
9823,"RB"
9824,"IN"
9825,"NN"
9826,"."
9827,"NNP"
9828,"NNPS"
9829,":"
9830,"NNS"
9831,"IN"
9832,"DT"
9833,"NNP"
9834,","
9835,"NNP"
9836,"CD"
9837,","
9838,"CD"
9839,","
9840,"NN"
9841,"IN"
9842,"JJ"
9843,"NNP"
9844,"NN"
9845,"NNS"
9846,","
9847,"VBN"
9848,"IN"
9849,"DT"
9850,"NN"
9851,"IN"
9852,"NN"
9853,"NN"
9854,"IN"
9855,"NNS"
9856,"IN"
9857,"$"
9858,"CD"
9859,"TO"
9860,"$"
9861,"CD"
9862,"CD"
9863,":"
9864,"CD"
9865,"NN"
9866,"CD"
9867,"NNS"
9868,":"
9869,"CD"
9870,"NN"
9871,"CD"
9872,"NNS"
9873,"."
9874,"NNP"
9875,"NNP"
9876,"NNP"
9877,"NNP"
9878,"NNP"
9879,"."
9880,"("
9881,"NNP"
9882,"NNP"
9883,")"
9884,":"
9885,"VBN"
9886,"NNS"
9887,"IN"
9888,"JJ"
9889,"NN"
9890,"NNS"
9891,"IN"
9892,"NN"
9893,"IN"
9894,"CD"
9895,"NNS"
9896,"."
9897,"CD"
9898,"NN"
9899,","
9900,"JJ"
9901,"JJ"
9902,"JJ"
9903,"NNS"
9904,":"
9905,"CD"
9906,"NN"
9907,","
9908,"CD"
9909,"NN"
9910,"NN"
9911,"VBD"
9912,"JJ"
9913,"JJ"
9914,"NN"
9915,"NNS"
9916,"."
9917,"NN"
9918,":"
9919,"NNP"
9920,"NNP"
9921,"NNP"
9922,"."
9923,"NNP"
9924,"NNP"
9925,"NNP"
9926,"NNP"
9927,"("
9928,"NNP"
9929,"NNP"
9930,")"
9931,":"
9932,"VBN"
9933,"NNS"
9934,"IN"
9935,"CD"
9936,"NN"
9937,"NN"
9938,"NNS"
9939,"IN"
9940,"NN"
9941,"IN"
9942,"CD"
9943,"NNS"
9944,"("
9945,"VBN"
9946,"IN"
9947,"NN"
9948,")"
9949,"CD"
9950,"NN"
9951,","
9952,"JJ"
9953,"JJ"
9954,"JJ"
9955,"NNS"
9956,":"
9957,"CD"
9958,"NN"
9959,","
9960,"CD"
9961,"NN"
9962,"VBD"
9963,"JJ"
9964,"JJ"
9965,"NN"
9966,"NNS"
9967,"."
9968,"NN"
9969,":"
9970,"NNP"
9971,"NNP"
9972,"NNP"
9973,"."
9974,"NNP"
9975,"NNP"
9976,"NNP"
9977,"NNP"
9978,"NNP"
9979,":"
9980,"CD"
9981,"NN"
9982,"."
9983,"JJ"
9984,"NN"
9985,"NN"
9986,"IN"
9987,"NN"
9988,"IN"
9989,"NNS"
9990,"IN"
9991,"DT"
9992,"JJ"
9993,"CD"
9994,"NNS"
9995,":"
9996,"RB"
9997,"DT"
9998,"NN"
9999,"IN"
10000,"JJ"
10001,"NNS"
10002,"."
10003,"O"
10004,"NNP"
10005,"NNP"
10006,"VBD"
10007,"DT"
10008,"JJ"
10009,"NN"
10010,"NN"
10011,"VBD"
10012,"CD"
10013,"NN"
10014,"IN"
10015,"DT"
10016,"JJ"
10017,"NN"
10018,"VBN"
10019,"IN"
10020,"DT"
10021,"NN"
10022,"IN"
10023,"JJ"
10024,"NNS"
10025,"."
10026,"NN"
10027,"IN"
10028,"JJ"
10029,"NNS"
10030,"VBD"
10031,"CD"
10032,"NN"
10033,"."
10034,"DT"
10035,"NNS"
10036,"CC"
10037,"NN"
10038,"NN"
10039,"VBD"
10040,"NN"
10041,"IN"
10042,"DT"
10043,"JJ"
10044,"NN"
10045,"VBD"
10046,"$"
10047,"CD"
10048,"CD"
10049,","
10050,"CC"
10051,"CD"
10052,"NNS"
10053,"DT"
10054,"NN"
10055,"."
10056,"IN"
10057,"DT"
10058,"JJ"
10059,"NN"
10060,","
10061,"NNP"
10062,"VBD"
10063,"$"
10064,"CD"
10065,"CD"
10066,","
10067,"CC"
10068,"CD"
10069,"NNS"
10070,"DT"
10071,"NN"
10072,"."
10073,"DT"
10074,"JJ"
10075,"NN"
10076,"VBD"
10077,"$"
10078,"CD"
10079,"CD"
10080,"IN"
10081,"NNS"
10082,"VBN"
10083,"RP"
10084,"IN"
10085,"NNP"
10086,"NNPS"
10087,"NNP"
10088,"."
10089,"NNP"
10090,"VBD"
10091,"$"
10092,"CD"
10093,"CD"
10094,","
10095,"RB"
10096,"CD"
10097,"NN"
10098,"IN"
10099,"$"
10100,"CD"
10101,"CD"
10102,"DT"
10103,"NN"
10104,"RB"
10105,"."
10106,"NNP"
10107,"VBD"
10108,"JJ"
10109,"NN"
10110,"IN"
10111,"PRP$"
10112,"NN"
10113,"NN"
10114,","
10115,"VBG"
10116,"NN"
10117,"NNS"
10118,","
10119,"VBD"
10120,"CD"
10121,"NN"
10122,"IN"
10123,"DT"
10124,"JJ"
10125,"NN"
10126,"TO"
10127,"$"
10128,"CD"
10129,"CD"
10130,"IN"
10131,"$"
10132,"CD"
10133,"CD"
10134,"."
10135,"IN"
10136,"DT"
10137,"NNS"
10138,"NN"
10139,","
10140,"JJ"
10141,"NN"
10142,"VBD"
10143,"CD"
10144,"NN"
10145,"TO"
10146,"$"
10147,"CD"
10148,"CD"
10149,"IN"
10150,"$"
10151,"CD"
10152,"CD"
10153,"."
10154,"DT"
10155,"NN"
10156,"POS"
10157,"NNS"
10158,"NNS"
10159,"VBP"
10160,","
10161,"IN"
10162,"JJ"
10163,"NNS"
10164,","
10165,"NN"
10166,"NNS"
10167,","
10168,"NNS"
10169,"NNS"
10170,"CC"
10171,"RB"
10172,"VBN"
10173,"IN"
10174,"DT"
10175,"NN"
10176,"NN"
10177,"."
10178,"IN"
10179,"DT"
10180,"CD"
10181,"NNS"
10182,","
10183,"NNP"
10184,"VBD"
10185,"JJ"
10186,"VBD"
10187,"LS"
10188,"NN"
10189,"TO"
10190,"$"
10191,"CD"
10192,"CD"
10193,","
10194,"CC"
10195,"$"
10196,"CD"
10197,"DT"
10198,"NN"
10199,","
10200,"IN"
10201,"$"
10202,"CD"
10203,"CD"
10204,","
10205,"$"
10206,"CD"
10207,"DT"
10208,"NN"
10209,","
10210,"DT"
10211,"NN"
10212,"RB"
10213,"."
10214,"NN"
10215,"IN"
10216,"DT"
10217,"JJ"
10218,"NN"
10219,"VBD"
10220,"$"
10221,"CD"
10222,"CD"
10223,"IN"
10224,"JJ"
10225,"NNS"
10226,"CC"
10227,"DT"
10228,"NN"
10229,"IN"
10230,"$"
10231,"CD"
10232,"CD"
10233,"IN"
10234,"DT"
10235,"NN"
10236,"NN"
10237,"."
10238,"IN"
10239,"DT"
10240,"JJ"
10241,"NN"
10242,","
10243,"NNP"
10244,"VBD"
10245,"$"
10246,"CD"
10247,"CD"
10248,"IN"
10249,"JJ"
10250,"NNS"
10251,"."
10252,"NNP"
10253,"VBD"
10254,"$"
10255,"CD"
10256,"CD"
10257,","
10258,"RB"
10259,"CD"
10260,"NN"
10261,"IN"
10262,"$"
10263,"CD"
10264,"CD"
10265,"DT"
10266,"NN"
10267,"RBR"
10268,"."
10269,"IN"
10270,"NNP"
10271,"NNP"
10272,"NNP"
10273,"NNP"
10274,"JJ"
10275,"NN"
10276,","
10277,"NNP"
10278,"VBD"
10279,"IN"
10280,"$"
10281,"CD"
10282,"DT"
10283,"NN"
10284,","
10285,"RB"
10286,"CD"
10287,"NNS"
10288,"."
10289,"O"
10290,"NNP"
10291,"NNP"
10292,","
10293,"VBD"
10294,"IN"
10295,"DT"
10296,"JJ"
10297,"NN"
10298,"IN"
10299,"NN"
10300,"IN"
10301,"PRP$"
10302,"NN"
10303,"CC"
10304,"NN"
10305,"NNS"
10306,","
10307,"VBD"
10308,"JJ"
10309,"NN"
10310,"VBD"
10311,"CD"
10312,"NN"
10313,"IN"
10314,"PRP$"
10315,"JJ"
10316,"NN"
10317,"VBD"
10318,"NNP"
10319,"CD"
10320,"IN"
10321,"DT"
10322,"CD"
10323,"NN"
10324,"NN"
10325,"IN"
10326,"NN"
10327,"."
10328,"DT"
10329,"NN"
10330,"CC"
10331,"NN"
10332,"NN"
10333,","
10334,"VBN"
10335,"IN"
10336,"NNP"
10337,","
10338,"VBD"
10339,"NN"
10340,"VBD"
10341,"$"
10342,"CD"
10343,"CD"
10344,","
10345,"CC"
10346,"CD"
10347,"NNS"
10348,"DT"
10349,"JJ"
10350,"NN"
10351,","
10352,"RB"
10353,"IN"
10354,"$"
10355,"CD"
10356,"CD"
10357,","
10358,"CC"
10359,"CD"
10360,"NNS"
10361,"DT"
10362,"NN"
10363,"."
10364,"JJ"
10365,"NNS"
10366,"DT"
10367,"NN"
10368,"VB"
10369,"$"
10370,"CD"
10371,"CD"
10372,"IN"
10373,"JJ"
10374,"NNS"
10375,":"
10376,"DT"
10377,"CD"
10378,"NN"
10379,"VBD"
10380,"RB"
10381,"VB"
10382,"PDT"
10383,"DT"
10384,"NN"
10385,"."
10386,"NNP"
10387,"VBD"
10388,"TO"
10389,"$"
10390,"CD"
10391,"CD"
10392,"IN"
10393,"$"
10394,"CD"
10395,"CD"
10396,"."
10397,"JJ"
10398,"NN"
10399,"VBD"
10400,"CD"
10401,"NN"
10402,"TO"
10403,"$"
10404,"CD"
10405,"CD"
10406,","
10407,"CC"
10408,"$"
10409,"CD"
10410,"DT"
10411,"JJ"
10412,"NN"
10413,","
10414,"IN"
10415,"$"
10416,"CD"
10417,"CD"
10418,","
10419,"CC"
10420,"$"
10421,"CD"
10422,"DT"
10423,"NN"
10424,"."
10425,"JJ"
10426,"JJ"
10427,"NNS"
10428,"IN"
10429,"CD"
10430,"VB"
10431,"$"
10432,"CD"
10433,"CD"
10434,"IN"
10435,"JJ"
10436,"NNS"
10437,"WDT"
10438,"VBD"
10439,"DT"
10440,"NN"
10441,"IN"
10442,"DT"
10443,"JJ"
10444,"NN"
10445,"."
10446,"NNP"
10447,"VBD"
10448,"CD"
10449,"NN"
10450,"TO"
10451,"$"
10452,"CD"
10453,"CD"
10454,"."
10455,"IN"
10456,"NNP"
10457,"NNP"
10458,"NNP"
10459,"NNP"
10460,"JJ"
10461,"NN"
10462,"NNP"
10463,","
10464,"NNP"
10465,"VBD"
10466,"IN"
10467,"$"
10468,"CD"
10469,","
10470,"RB"
10471,"$"
10472,"CD"
10473,"."
10474,"O"
10475,"NNP"
10476,"NNP"
10477,"VBD"
10478,"IN"
10479,"CD"
10480,"CD"
10481,","
10482,"CC"
10483,"CD"
10484,"NN"
10485,","
10486,"IN"
10487,"DT"
10488,"RB"
10489,"VBN"
10490,"NNS"
10491,"IN"
10492,"PRP$"
10493,"JJ"
10494,"NN"
10495,","
10496,"NNP"
10497,"NNP"
10498,"NNP"
10499,"NNP"
10500,","
10501,"VBD"
10502,"VBN"
10503,"IN"
10504,"NN"
10505,"TO"
10506,"DT"
10507,"NN"
10508,"WDT"
10509,"VBD"
10510,"NNP"
10511,"."
10512,"NNP"
10513,"VBD"
10514,"DT"
10515,"JJ"
10516,"NNS"
10517,"MD"
10518,"VB"
10519,"PRP$"
10520,"NN"
10521,"IN"
10522,"DT"
10523,"NN"
10524,"TO"
10525,"JJR"
10526,"IN"
10527,"CD"
10528,"NN"
10529,"IN"
10530,"CD"
10531,"NN"
10532,"."
10533,"IN"
10534,"CD"
10535,"NNS"
10536,"MD"
10537,"VB"
10538,"TO"
10539,"VB"
10540,"RB"
10541,"VBN"
10542,"IN"
10543,"DT"
10544,"NNP"
10545,"NNP"
10546,"NNP"
10547,"NNP"
10548,","
10549,"NNP"
10550,"VBD"
10551,"."
10552,"NNP"
10553,"VBD"
10554,"VBN"
10555,"NN"
10556,"DT"
10557,"NN"
10558,"IN"
10559,"PRP$"
10560,"NN"
10561,"CC"
10562,"$"
10563,"CD"
10564,"IN"
10565,"NN"
10566,"IN"
10567,"DT"
10568,"NN"
10569,"."
10570,"O"
10571,"DT"
10572,"JJ"
10573,"NN"
10574,"NN"
10575,"NN"
10576,","
10577,"DT"
10578,"JJS"
10579,"RB"
10580,"VBN"
10581,"NN"
10582,"IN"
10583,"NNP"
10584,"POS"
10585,"NN"
10586,"NN"
10587,"CC"
10588,"NN"
10589,","
10590,"VBD"
10591,"DT"
10592,"NN"
10593,"IN"
10594,"#"
10595,"CD"
10596,"CD"
10597,"IN"
10598,"NNP"
10599,","
10600,"VBN"
10601,"IN"
10602,"DT"
10603,"NN"
10604,"IN"
10605,"#"
10606,"CD"
10607,"CD"
10608,"IN"
10609,"NNP"
10610,"CC"
10611,"DT"
10612,"NN"
10613,"IN"
10614,"#"
10615,"CD"
10616,"CD"
10617,"IN"
10618,"NNP"
10619,"CD"
10620,","
10621,"DT"
10622,"NN"
10623,"VBD"
10624,"."
10625,"IN"
10626,"DT"
10627,"CD"
10628,"NNS"
10629,"IN"
10630,"DT"
10631,"JJ"
10632,"JJ"
10633,"NN"
10634,"VBD"
10635,"NNP"
10636,"CD"
10637,","
10638,"DT"
10639,"NN"
10640,"VBD"
10641,"#"
10642,"CD"
10643,"CD"
10644,","
10645,"VBN"
10646,"IN"
10647,"DT"
10648,"NN"
10649,"IN"
10650,"#"
10651,"CD"
10652,"CD"
10653,"IN"
10654,"DT"
10655,"JJ"
10656,"NN"
10657,"."
10658,"DT"
10659,"NN"
10660,"VBZ"
10661,"VBG"
10662,"DT"
10663,"#"
10664,"CD"
10665,"CD"
10666,"NN"
10667,"IN"
10668,"DT"
10669,"JJ"
10670,"NN"
10671,"."
10672,"DT"
10673,"JJ"
10674,"NNS"
10675,"IN"
10676,"DT"
10677,"JJ"
10678,"NN"
10679,"NN"
10680,"NN"
10681,"VB"
10682,"NNS"
10683,"IN"
10684,"DT"
10685,"NN"
10686,"IN"
10687,"JJ"
10688,"NNS"
10689,"."
10690,"VBG"
10691,"DT"
10692,"NNS"
10693,","
10694,"DT"
10695,"NN"
10696,"NN"
10697,"MD"
10698,"VB"
10699,"VBD"
10700,"IN"
10701,"#"
10702,"CD"
10703,"CD"
10704,"IN"
10705,"DT"
10706,"JJ"
10707,"CD"
10708,"NNS"
10709,","
10710,"VBN"
10711,"IN"
10712,"#"
10713,"CD"
10714,"CD"
10715,"DT"
10716,"NN"
10717,"RB"
10718,","
10719,"DT"
10720,"NN"
10721,"VBD"
10722,"."
10723,"O"
10724,"JJ"
10725,"NN"
10726,"NN"
10727,"IN"
10728,"NNP"
10729,"VBD"
10730,"CD"
10731,"JJ"
10732,"NNS"
10733,","
10734,"JJ"
10735,"IN"
10736,"DT"
10737,"NN"
10738,"RB"
10739,","
10740,"VBG"
10741,"TO"
10742,"DT"
10743,"NNP"
10744,"NNP"
10745,"NNP"
10746,"POS"
10747,"NN"
10748,"."
10749,"DT"
10750,"NN"
10751,"VBD"
10752,"DT"
10753,"NNP"
10754,"NN"
10755,"VBD"
10756,"JJ"
10757,"NN"
10758,"IN"
10759,"DT"
10760,"JJ"
10761,"CD"
10762,"NNS"
10763,"DT"
10764,"NN"
10765,"TO"
10766,"CD"
10767,"NNS"
10768,","
10769,"RB"
10770,"CD"
10771,"NN"
10772,"IN"
10773,"DT"
10774,"NN"
10775,"RBR"
10776,"."
10777,"O"
10778,"NNP"
10779,"NNP"
10780,"NNP"
10781,","
10782,"WP$"
10783,"JJ"
10784,"JJ"
10785,"NN"
10786,"NN"
10787,"IN"
10788,"NNP"
10789,"NNP"
10790,"NNP"
10791,"VBD"
10792,"IN"
10793,"NN"
10794,"IN"
10795,"NN"
10796,","
10797,"RB"
10798,"VBZ"
10799,"VBN"
10800,"DT"
10801,"NN"
10802,"IN"
10803,"NN"
10804,"IN"
10805,"DT"
10806,"JJ"
10807,"NN"
10808,"RB"
10809,"."
10810,"IN"
10811,"NN"
10812,"IN"
10813,"WP"
10814,"DT"
10815,"NN"
10816,"NN"
10817,"VBD"
10818,"DT"
10819,"``"
10820,"JJ"
10821,"NN"
10822,","
10823,"''"
10824,"NNP"
10825,"NNP"
10826,"MD"
10827,"VB"
10828,"RB"
10829,"IN"
10830,"NN"
10831,"IN"
10832,"JJ"
10833,"NN"
10834,"NNS"
10835,"CC"
10836,"DT"
10837,"JJ"
10838,"NN"
10839,"IN"
10840,"DT"
10841,"NN"
10842,"IN"
10843,"NN"
10844,"NN"
10845,"NN"
10846,"."
10847,"IN"
10848,"DT"
10849,"NN"
10850,"NN"
10851,","
10852,"NNP"
10853,"NNP"
10854,"NNP"
10855,"VBD"
10856,"IN"
10857,"NN"
10858,","
10859,"JJ"
10860,"NN"
10861,"CC"
10862,"DT"
10863,"NN"
10864,","
10865,"IN"
10866,"NNP"
10867,"NNP"
10868,"VBD"
10869,"IN"
10870,"DT"
10871,"NN"
10872,"."
10873,"NNP"
10874,"NNP"
10875,"VBZ"
10876,"IN"
10877,"JJ"
10878,"NN"
10879,"NN"
10880,"."
10881,"NNP"
10882,"NNP"
10883,"NNP"
10884,"CC"
10885,"NNP"
10886,"NNP"
10887,"NNP"
10888,","
10889,"WP"
10890,"VBD"
10891,"VBN"
10892,"VBN"
10893,"TO"
10894,"VB"
10895,"IN"
10896,"NN"
10897,"POS"
10898,"JJ"
10899,"NNS"
10900,"VBD"
10901,"JJ"
10902,"POS"
10903,"NN"
10904,"NN"
10905,"VBD"
10906,","
10907,"VBD"
10908,"VBN"
10909,"NN"
10910,"NNS"
10911,"CC"
10912,"NNS"
10913,"."
10914,"NNP"
10915,"NNP"
10916,"VBD"
10917,"RB"
10918,"DT"
10919,"NN"
10920,"NN"
10921,"CC"
10922,"JJ"
10923,"NN"
10924,"IN"
10925,"DT"
10926,"NNP"
10927,"NNP"
10928,"NN"
10929,":"
10930,"NNP"
10931,"NNP"
10932,"VBD"
10933,"DT"
10934,"JJ"
10935,"NN"
10936,"NN"
10937,"NN"
10938,"IN"
10939,"NNP"
10940,"NNP"
10941,"NNP"
10942,"."
10943,"IN"
10944,"NN"
10945,","
10946,"DT"
10947,"NN"
10948,"VBZ"
10949,"IN"
10950,"NNP"
10951,"NNP"
10952,"NNP"
10953,","
10954,"NN"
10955,"IN"
10956,"NNP"
10957,"NNP"
10958,"POS"
10959,"JJ"
10960,"NN"
10961,","
10962,"TO"
10963,"VB"
10964,"VBN"
10965,"NN"
10966,"IN"
10967,"DT"
10968,"VBN"
10969,"NN"
10970,"WDT"
10971,"MD"
10972,"VB"
10973,"CD"
10974,"JJ"
10975,"JJ"
10976,"NNS"
10977,"."
10978,"RB"
10979,"VBN"
10980,"TO"
10981,"DT"
10982,"JJ"
10983,"NN"
10984,"VBD"
10985,"NNP"
10986,"NNP"
10987,"NNP"
10988,","
10989,"NNP"
10990,"POS"
10991,"JJ"
10992,"NN"
10993,"NN"
10994,"CC"
10995,"JJ"
10996,"NN"
10997,"."
10998,"NNP"
10999,","
11000,"DT"
11001,"JJ"
11002,"JJ"
11003,"JJ"
11004,"NN"
11005,"NN"
11006,","
11007,"RB"
11008,"VBN"
11009,"TO"
11010,"VB"
11011,"$"
11012,"CD"
11013,"CD"
11014,"IN"
11015,"NN"
11016,","
11017,"WDT"
11018,"IN"
11019,"NN"
11020,"VBD"
11021,"TO"
11022,"VB"
11023,"RB"
11024,"RB"
11025,"IN"
11026,"$"
11027,"CD"
11028,"CD"
11029,"IN"
11030,"PRP$"
11031,"NN"
11032,"."
11033,"DT"
11034,"MD"
11035,"VB"
11036,"NNP"
11037,"POS"
11038,"NN"
11039,"IN"
11040,"DT"
11041,"NN"
11042,"POS"
11043,"JJ"
11044,"NNS"
11045,"JJ"
11046,"TO"
11047,"CD"
11048,"NN"
11049,"IN"
11050,"CD"
11051,"NN"
11052,"."
11053,"IN"
11054,"DT"
11055,"NN"
11056,","
11057,"NNP"
11058,"VBZ"
11059,"VBN"
11060,"TO"
11061,"VB"
11062,"PRP$"
11063,"NN"
11064,"IN"
11065,"NN"
11066,"TO"
11067,"CD"
11068,"NN"
11069,"."
11070,"IN"
11071,"DT"
11072,","
11073,"NNP"
11074,"VBD"
11075,"PRP"
11076,"MD"
11077,"RB"
11078,"VB"
11079,"TO"
11080,"VB"
11081,"JJ"
11082,"NNS"
11083,"IN"
11084,"JJR"
11085,"IN"
11086,"$"
11087,"CD"
11088,"DT"
11089,"NN"
11090,"IN"
11091,"DT"
11092,"JJ"
11093,"NN"
11094,"CC"
11095,"JJR"
11096,"IN"
11097,"$"
11098,"CD"
11099,"DT"
11100,"NN"
11101,"IN"
11102,"DT"
11103,"JJ"
11104,"CD"
11105,"NNS"
11106,"."
11107,"NNP"
11108,"RB"
11109,"VBD"
11110,"PRP"
11111,"VBD"
11112,"DT"
11113,"NN"
11114,"IN"
11115,"NNP"
11116,"NNP"
11117,"CC"
11118,"NNP"
11119,"IN"
11120,"NNP"
11121,"TO"
11122,"VB"
11123,"DT"
11124,"JJ"
11125,"$"
11126,"CD"
11127,"CD"
11128,"IN"
11129,"NN"
11130,"NN"
11131,"TO"
11132,"DT"
11133,"JJ"
11134,","
11135,"JJ"
11136,"JJ"
11137,"NN"
11138,"NN"
11139,"TO"
11140,"VB"
11141,"VBN"
11142,"IN"
11143,"DT"
11144,"NN"
11145,"IN"
11146,"JJ"
11147,"NNS"
11148,"."
11149,"IN"
11150,"NNP"
11151,","
11152,"NNP"
11153,"VBD"
11154,"PRP"
11155,"VBD"
11156,"IN"
11157,"NN"
11158,"IN"
11159,"JJ"
11160,"NNS"
11161,"IN"
11162,"PRP$"
11163,"NN"
11164,"NNS"
11165,"IN"
11166,"NN"
11167,"NNS"
11168,"IN"
11169,"IN"
11170,"DT"
11171,"$"
11172,"CD"
11173,"CD"
11174,"NN"
11175,"IN"
11176,"DT"
11177,"JJ"
11178,"NN"
11179,"VBD"
11180,"NNP"
11181,"CD"
11182,"."
11183,"DT"
11184,"NN"
11185,"VBD"
11186,"DT"
11187,"NN"
11188,"TO"
11189,"VBG"
11190,"NN"
11191,"CC"
11192,"NN"
11193,"NNS"
11194,"VBG"
11195,"TO"
11196,"JJ"
11197,"NNS"
11198,"IN"
11199,"DT"
11200,"NN"
11201,"CC"
11202,"CD"
11203,"JJ"
11204,"NNS"
11205,","
11206,"NNP"
11207,"NNP"
11208,"NNP"
11209,"NNP"
11210,"CC"
11211,"NNP"
11212,"NNP"
11213,"NNP"
11214,"."
11215,"DT"
11216,"JJ"
11217,"NNS"
11218,"VBD"
11219,"VBN"
11220,"JJ"
11221,"NNP"
11222,"IN"
11223,"NNS"
11224,"IN"
11225,"NN"
11226,","
11227,"NN"
11228,"CC"
11229,"NN"
11230,"VBN"
11231,"TO"
11232,"NNS"
11233,"IN"
11234,"DT"
11235,"NN"
11236,"TO"
11237,"VB"
11238,"$"
11239,"CD"
11240,"CD"
11241,"IN"
11242,"NNP"
11243,"NNP"
11244,"NNS"
11245,"."
11246,"NNP"
11247,"NNP"
11248,"VBD"
11249,"PRP"
11250,"VBD"
11251,"TO"
11252,"VB"
11253,"DT"
11254,"NN"
11255,"IN"
11256,"NN"
11257,"TO"
11258,"DT"
11259,"NN"
11260,"IN"
11261,"PRP$"
11262,"NNS"
11263,"IN"
11264,"DT"
11265,"JJ"
11266,"NN"
11267,"IN"
11268,"NNP"
11269,"."
11270,"IN"
11271,"NNP"
11272,"NNP"
11273,"NNP"
11274,"NNP"
11275,"JJ"
11276,"NN"
11277,","
11278,"NNP"
11279,"VBD"
11280,"CD"
11281,"NNS"
11282,"TO"
11283,"$"
11284,"CD"
11285,"."
11286,"NNP"
11287,"VBD"
11288,"CD"
11289,"NNS"
11290,"TO"
11291,"$"
11292,"CD"
11293,"IN"
11294,"JJ"
11295,"JJ"
11296,"NN"
11297,"."
11298,"O"
11299,"NNP"
11300,"NNP"
11301,"NNP"
11302,"POS"
11303,"NNP"
11304,"NN"
11305,","
11306,"VBG"
11307,"TO"
11308,"JJ"
11309,"NNS"
11310,","
11311,"VBD"
11312,"PRP"
11313,"MD"
11314,"VB"
11315,"$"
11316,"CD"
11317,"NNS"
11318,"IN"
11319,"PRP$"
11320,"CD"
11321,"NN"
11322,","
11323,"DT"
11324,"JJ"
11325,"NN"
11326,"IN"
11327,"PRP$"
11328,"JJ"
11329,"NN"
11330,"NN"
11331,"."
11332,"JJ"
11333,"NNS"
11334,"IN"
11335,"DT"
11336,"NN"
11337,","
11338,"CC"
11339,"PRP$"
11340,"JJ"
11341,"NN"
11342,"NN"
11343,","
11344,"DT"
11345,"NN"
11346,","
11347,"VBD"
11348,"NNP"
11349,"TO"
11350,"VB"
11351,"DT"
11352,"CD"
11353,"NNS"
11354,"WDT"
11355,"VBP"
11356,"DT"
11357,"NNS"
11358,"IN"
11359,"DT"
11360,"NN"
11361,"IN"
11362,"CD"
11363,"NNS"
11364,"DT"
11365,"NN"
11366,"."
11367,"DT"
11368,"NNP"
11369,"CC"
11370,"NNP"
11371,"VB"
11372,"RP"
11373,"DT"
11374,"JJ"
11375,"NN"
11376,"NN"
11377,"IN"
11378,"NNP"
11379,","
11380,"CC"
11381,"NNS"
11382,"IN"
11383,"DT"
11384,"NNS"
11385,"VBP"
11386,"RB"
11387,"CD"
11388,"NN"
11389,"IN"
11390,"DT"
11391,"NN"
11392,","
11393,"CC"
11394,"VBD"
11395,"DT"
11396,"JJ"
11397,"CD"
11398,"NN"
11399,"IN"
11400,"JJ"
11401,"NNP"
11402,"."
11403,"NNP"
11404,"RB"
11405,"VBZ"
11406,"VBG"
11407,"DT"
11408,"$"
11409,"CD"
11410,"NN"
11411,"IN"
11412,"DT"
11413,"JJ"
11414,"NN"
11415,"."
11416,"DT"
11417,"JJS"
11418,"NN"
11419,"VBZ"
11420,"JJ"
11421,"IN"
11422,"DT"
11423,"NN"
11424,"NNS"
11425,"."
11426,"NNP"
11427,"NNS"
11428,"MD"
11429,"VB"
11430,"DT"
11431,"NN"
11432,","
11433,"CC"
11434,"VB"
11435,"JJ"
11436,"NN"
11437,"IN"
11438,"NNS"
11439,"VBG"
11440,"IN"
11441,"CD"
11442,"NN"
11443,"IN"
11444,"JJ"
11445,"NNS"
11446,"TO"
11447,"CD"
11448,"NN"
11449,"IN"
11450,"JJ"
11451,"NNS"
11452,"."
11453,"O"
11454,"NNP"
11455,"NNP"
11456,"VBD"
11457,"PRP"
11458,"VBD"
11459,"DT"
11460,"NN"
11461,"TO"
11462,"DT"
11463,"NNS"
11464,"IN"
11465,"NNP"
11466,"NNP"
11467,"TO"
11468,"VB"
11469,"DT"
11470,"NN"
11471,","
11472,"NNP"
11473,","
11474,"NN"
11475,"."
11476,"IN"
11477,"TO"
11478,"VB"
11479,"PRP$"
11480,"NN"
11481,"IN"
11482,"``"
11483,"JJ"
11484,"CC"
11485,"JJ"
11486,"NN"
11487,"IN"
11488,"DT"
11489,"JJS"
11490,"NNS"
11491,"IN"
11492,"NNP"
11493,"NNS"
11494,","
11495,"''"
11496,"NNP"
11497,"VBD"
11498,"TO"
11499,"VB"
11500,"NNS"
11501,"IN"
11502,"PRP$"
11503,"NN"
11504,"."
11505,"PRP"
11506,"RB"
11507,"VBD"
11508,"NNP"
11509,"TO"
11510,"VB"
11511,"DT"
11512,"NN"
11513,"JJ"
11514,"."
11515,"DT"
11516,"NNP"
11517,"NN"
11518,"VBD"
11519,"NN"
11520,"IN"
11521,"DT"
11522,"NN"
11523,"CC"
11524,"VBD"
11525,"NNS"
11526,"MD"
11527,"VB"
11528,"TO"
11529,"VB"
11530,"PRP"
11531,"."
11532,"JJ"
11533,"NN"
11534,","
11535,"NNP"
11536,"VBD"
11537,"DT"
11538,"NN"
11539,"IN"
11540,"NNP"
11541,"TO"
11542,"VB"
11543,"PRP"
11544,"CC"
11545,"VB"
11546,"."
11547,"NNP"
11548,"VBZ"
11549,"DT"
11550,"CD"
11551,"NN"
11552,"NN"
11553,"IN"
11554,"NNP"
11555,","
11556,"WDT"
11557,"VBZ"
11558,"CD"
11559,"NN"
11560,"CC"
11561,"CD"
11562,"JJ"
11563,"NNS"
11564,"IN"
11565,"CD"
11566,"NNS"
11567,"IN"
11568,"NNP"
11569,"NNP"
11570,","
11571,"NNP"
11572,","
11573,"NNP"
11574,","
11575,"NNP"
11576,"CC"
11577,"NNP"
11578,"."
11579,"NNP"
11580,"VBZ"
11581,"CD"
11582,"NN"
11583,"FW"
11584,"NN"
11585,","
11586,"VBG"
11587,"CD"
11588,"NNS"
11589,"IN"
11590,"NNP"
11591,","
11592,"NNP"
11593,"CC"
11594,"NNP"
11595,"."
11596,"DT"
11597,"NN"
11598,"VBZ"
11599,"RB"
11600,"RB"
11601,"VBN"
11602,"DT"
11603,"NN"
11604,"."
11605,"O"
11606,"DT"
11607,"JJ"
11608,"NN"
11609,"IN"
11610,"NNP"
11611,"NNP"
11612,","
11613,"DT"
11614,"JJ"
11615,"NNP"
11616,"NN"
11617,","
11618,"VBD"
11619,"JJ"
11620,"TO"
11621,"VBG"
11622,"TO"
11623,"VB"
11624,"DT"
11625,"NN"
11626,"POS"
11627,"NNS"
11628,"IN"
11629,"JJ"
11630,"NN"
11631,"NN"
11632,"NNS"
11633,"."
11634,"NNP"
11635,"NNP"
11636,"NNP"
11637,"NNP"
11638,","
11639,"WP"
11640,"VBD"
11641,"RB"
11642,"JJ"
11643,"NN"
11644,"NN"
11645,"IN"
11646,"NNP"
11647,","
11648,"MD"
11649,"VB"
11650,"DT"
11651,"JJ"
11652,"NN"
11653,"IN"
11654,"CD"
11655,"NNS"
11656,"IN"
11657,"JJ"
11658,"NN"
11659,"CC"
11660,"DT"
11661,"$"
11662,"CD"
11663,"NN"
11664,"."
11665,"DT"
11666,"NN"
11667,"NN"
11668,"VBZ"
11669,"RB"
11670,"VBN"
11671,"VBN"
11672,"."
11673,"NNP"
11674,"NNP"
11675,"VBD"
11676,"PRP"
11677,"VBD"
11678,"TO"
11679,"VB"
11680,"DT"
11681,"NN"
11682,"RB"
11683,"TO"
11684,"VB"
11685,"NN"
11686,"NNS"
11687,"VBN"
11688,"IN"
11689,"NNP"
11690,"NN"
11691,"NNS"
11692,"NNP"
11693,"NNP"
11694,"NNP"
11695,"NNP"
11696,"CC"
11697,"NNP"
11698,"NNP"
11699,"NNP"
11700,","
11701,"DT"
11702,"IN"
11703,"WP"
11704,"VBD"
11705,"NN"
11706,"NNS"
11707,"."
11708,"DT"
11709,"NNP"
11710,"NNP"
11711,"NNP"
11712,"NNP"
11713,"NNP"
11714,"VBP"
11715,"VBN"
11716,"VBN"
11717,"IN"
11718,"JJ"
11719,"NN"
11720,"."
11721,"IN"
11722,"VBG"
11723,"DT"
11724,"JJ"
11725,"NN"
11726,","
11727,"JJ"
11728,"NNS"
11729,"IN"
11730,"NNP"
11731,"NNP"
11732,"CC"
11733,"NNP"
11734,"VBD"
11735,"VBN"
11736,"IN"
11737,"NNP"
11738,"POS"
11739,"NNS"
11740,"IN"
11741,"NNS"
11742,","
11743,"VBG"
11744,"DT"
11745,"NN"
11746,"TO"
11747,"VB"
11748,"NNS"
11749,"CC"
11750,"NN"
11751,"IN"
11752,"JJ"
11753,"NN"
11754,","
11755,"VBG"
11756,"TO"
11757,"DT"
11758,"NNP"
11759,"NN"
11760,"POS"
11761,"NN"
11762,"IN"
11763,"NNP"
11764,"NNP"
11765,","
11766,"NNP"
11767,"."
11768,"DT"
11769,"NN"
11770,"VBD"
11771,"NN"
11772,"IN"
11773,"DT"
11774,"NN"
11775,"IN"
11776,"NNP"
11777,"NNP"
11778,"TO"
11779,"VB"
11780,"NNP"
11781,"POS"
11782,"JJ"
11783,"JJ"
11784,"NN"
11785,"IN"
11786,"JJ"
11787,"NNS"
11788,","
11789,"VBG"
11790,"TO"
11791,"JJ"
11792,"NNS"
11793,"CC"
11794,"NNS"
11795,"."
11796,"DT"
11797,"$"
11798,"CD"
11799,"CD"
11800,"NN"
11801,"VBD"
11802,"VBN"
11803,"JJ"
11804,"CC"
11805,"VBD"
11806,"IN"
11807,"NNP"
11808,"CD"
11809,"."
11810,"NNP"
11811,"POS"
11812,"JJ"
11813,"NN"
11814,"CC"
11815,"JJ"
11816,"NN"
11817,"NN"
11818,","
11819,"NNP"
11820,"NNP"
11821,","
11822,"VBZ"
11823,"RB"
11824,"VBN"
11825,"IN"
11826,"VBG"
11827,"TO"
11828,"VB"
11829,"DT"
11830,"NNS"
11831,"IN"
11832,"NNP"
11833,"NNP"
11834,"CC"
11835,"NNP"
11836,"."
11837,"NNP"
11838,"NNP"
11839,"VBZ"
11840,"VBN"
11841,"IN"
11842,"NN"
11843,"NNP"
11844,"CD"
11845,"IN"
11846,"JJ"
11847,"NNP"
11848,"NNP"
11849,"NNP"
11850,"IN"
11851,"NNP"
11852,"NNP"
11853,"."
11854,"O"
11855,"PRP"
11856,"VBD"
11857,"``"
11858,"JJ"
11859,","
11860,"''"
11861,"NNP"
11862,"NNP"
11863,"POS"
11864,"JJ"
11865,"NN"
11866,"IN"
11867,"DT"
11868,"NNP"
11869,"NNP"
11870,","
11871,"IN"
11872,"JJ"
11873,"NN"
11874,"."
11875,"NN"
11876,","
11877,"PRP"
11878,"VBD"
11879,","
11880,"MD"
11881,"VB"
11882,"RBR"
11883,"RB"
11884,"VBN"
11885,"IN"
11886,"DT"
11887,"JJ"
11888,"NN"
11889,"IN"
11890,"DT"
11891,"NNP"
11892,"NN"
11893,"."
11894,"PRP"
11895,"VBD"
11896,"VBN"
11897,","
11898,"RB"
11899,","
11900,"DT"
11901,"NNP"
11902,"NNP"
11903,"POS"
11904,"NN"
11905,"CC"
11906,"DT"
11907,"NN"
11908,"IN"
11909,"NN"
11910,"IN"
11911,"NNP"
11912,"."
11913,"IN"
11914,"DT"
11915,"NN"
11916,"RB"
11917,"VBZ"
11918,"VBN"
11919,"IN"
11920,"DT"
11921,"NNS"
11922,"IN"
11923,"NNP"
11924,","
11925,"PRP"
11926,"VBZ"
11927,"IN"
11928,"DT"
11929,"JJ"
11930,"NN"
11931,"IN"
11932,"NNS"
11933,"IN"
11934,"DT"
11935,"JJ"
11936,"CD"
11937,"NNS"
11938,"."
11939,"IN"
11940,"NN"
11941,","
11942,"IN"
11943,"CD"
11944,"NN"
11945,"NNP"
11946,"NNP"
11947,"("
11948,"NNP"
11949,"NNP"
11950,")"
11951,","
11952,"DT"
11953,"NN"
11954,","
11955,"RB"
11956,"JJ"
11957,"NN"
11958,"NN"
11959,","
11960,"VBZ"
11961,"DT"
11962,"NN"
11963,"IN"
11964,"DT"
11965,"NN"
11966,"CC"
11967,"JJR"
11968,"NNS"
11969,"IN"
11970,"JJ"
11971,"NNS"
11972,","
11973,"VBG"
11974,"IN"
11975,"DT"
11976,"VBG"
11977,"DT"
11978,"NN"
11979,"IN"
11980,"NNP"
11981,"CC"
11982,"NNP"
11983,"NNP"
11984,"CC"
11985,"DT"
11986,"NN"
11987,"CC"
11988,"NN"
11989,"NN"
11990,"."
11991,"NNP"
11992,","
11993,"DT"
11994,"JJ"
11995,"NN"
11996,"VBZ"
11997,"IN"
11998,"NN"
11999,","
12000,"JJ"
12001,"IN"
12002,"JJ"
12003,"NN"
12004,"NN"
12005,"NN"
12006,"CC"
12007,"DT"
12008,"JJ"
12009,"NN"
12010,"IN"
12011,"DT"
12012,"NN"
12013,"IN"
12014,"DT"
12015,"NNP"
12016,"IN"
12017,"DT"
12018,"NN"
12019,"."
12020,"DT"
12021,"NN"
12022,"NN"
12023,"VBZ"
12024,"JJ"
12025,"NN"
12026,"CC"
12027,"IN"
12028,"PRP"
12029,","
12030,"DT"
12031,"NNS"
12032,"IN"
12033,"DT"
12034,"JJ"
12035,"NN"
12036,","
12037,"IN"
12038,"DT"
12039,"NN"
12040,"NN"
12041,","
12042,"DT"
12043,"NNP"
12044,"NNP"
12045,"NNP"
12046,"."
12047,"RB"
12048,"RB"
12049,"VBP"
12050,"EX"
12051,"NN"
12052,"NNS"
12053,"IN"
12054,"DT"
12055,"NNS"
12056,","
12057,"CC"
12058,"DT"
12059,"NNS"
12060,"VBP"
12061,"VBN"
12062,"IN"
12063,"VBZ"
12064,"IN"
12065,"DT"
12066,"NN"
12067,"."
12068,"DT"
12069,"NN"
12070,"IN"
12071,"NN"
12072,"VBZ"
12073,"RB"
12074,"RB"
12075,"JJ"
12076,"."
12077,"NNP"
12078,"NNP"
12079,"RB"
12080,"VBZ"
12081,"IN"
12082,"PDT"
12083,"DT"
12084,"NNS"
12085,"IN"
12086,"DT"
12087,"JJ"
12088,"NN"
12089,":"
12090,"DT"
12091,"NNS"
12092,","
12093,"DT"
12094,"NNS"
12095,","
12096,"DT"
12097,"NNS"
12098,"CC"
12099,"DT"
12100,"NN"
12101,"NNS"
12102,":"
12103,"VBP"
12104,"NNS"
12105,"."
12106,"IN"
12107,"DT"
12108,"NN"
12109,"IN"
12110,"``"
12111,"JJ"
12112,"''"
12113,"NNS"
12114,","
12115,"PRP"
12116,"VBP"
12117,"IN"
12118,"DT"
12119,"NNP"
12120,"NNP"
12121,"NNP"
12122,"VBN"
12123,"NN"
12124,"IN"
12125,"DT"
12126,"NNS"
12127,"IN"
12128,"DT"
12129,"JJ"
12130,"NN"
12131,"WP"
12132,"VBZ"
12133,"DT"
12134,"NN"
12135,"NNS"
12136,"IN"
12137,"NNS"
12138,"."
12139,"DT"
12140,"NN"
12141,","
12142,"PRP"
12143,"VBZ"
12144,","
12145,"VBZ"
12146,"DT"
12147,"NNP"
12148,"NN"
12149,","
12150,"VBN"
12151,"IN"
12152,"NNP"
12153,"CC"
12154,"NNP"
12155,"IN"
12156,"DT"
12157,"NNPS"
12158,"."
12159,"PRP"
12160,"PRP"
12161,"VBZ"
12162,"IN"
12163,"DT"
12164,"``"
12165,"JJ"
12166,"NN"
12167,"IN"
12168,"JJ"
12169,"NNS"
12170,"IN"
12171,"DT"
12172,"NN"
12173,"IN"
12174,"NNP"
12175,"."
12176,"''"
12177,"DT"
12178,"NN"
12179,"VBD"
12180,"IN"
12181,"DT"
12182,"NNP"
12183,"VBZ"
12184,"DT"
12185,"NNP"
12186,"NN"
12187,"NN"
12188,","
12189,"NNP"
12190,"NNP"
12191,"NNP"
12192,"("
12193,"NNP"
12194,")"
12195,"."
12196,"RB"
12197,"DT"
12198,"NNP"
12199,"MD"
12200,"VB"
12201,"IN"
12202,"DT"
12203,"NNS"
12204,"IN"
12205,"NNP"
12206,","
12207,"CC"
12208,"IN"
12209,"PRP"
12210,"MD"
12211,","
12212,"DT"
12213,"FW"
12214,"NNP"
12215,"NN"
12216,"VBZ"
12217,"VBN"
12218,"IN"
12219,"DT"
12220,"NN"
12221,"NN"
12222,"IN"
12223,"NNP"
12224,"NNP"
12225,","
12226,"DT"
12227,"VBG"
12228,"NN"
12229,"IN"
12230,"DT"
12231,"NNP"
12232,"NNP"
12233,"NNP"
12234,"."
12235,"DT"
12236,"JJ"
12237,"NN"
12238,","
12239,"NNP"
12240,"NNP"
12241,","
12242,"WP"
12243,"IN"
12244,"PRP"
12245,"MD"
12246,"VB"
12247,","
12248,"VBZ"
12249,"VBG"
12250,"VBN"
12251,"TO"
12252,"DT"
12253,"NN"
12254,","
12255,"VBZ"
12256,"VBN"
12257,"TO"
12258,"VB"
12259,"IN"
12260,"DT"
12261,"NN"
12262,"."
12263,"RB"
12264,"DT"
12265,"NN"
12266,"VBZ"
12267,"VBG"
12268,"DT"
12269,"$"
12270,"CD"
12271,"CD"
12272,"NN"
12273,"VBN"
12274,"``"
12275,"NNP"
12276,","
12277,"DT"
12278,"JJ"
12279,"NN"
12280,","
12281,"''"
12282,"TO"
12283,"VB"
12284,"PRP"
12285,"IN"
12286,"``"
12287,"FW"
12288,","
12289,"DT"
12290,"JJ"
12291,","
12292,"''"
12293,"IN"
12294,"UH"
12295,"IN"
12296,"``"
12297,"FW"
12298,","
12299,"DT"
12300,"NNP"
12301,"''"
12302,"CC"
12303,"``"
12304,"NNP"
12305,","
12306,"DT"
12307,"NN"
12308,"."
12309,"''"
12310,"DT"
12311,"NN"
12312,","
12313,"TO"
12314,"VB"
12315,"VBN"
12316,"IN"
12317,"DT"
12318,"JJ"
12319,"JJ"
12320,"NN"
12321,"IN"
12322,"NNP"
12323,"NNP"
12324,","
12325,"VBZ"
12326,"DT"
12327,"NN"
12328,"IN"
12329,"VBG"
12330,"$"
12331,"CD"
12332,"CD"
12333,"IN"
12334,"NNS"
12335,"TO"
12336,"NNP"
12337,"NNP"
12338,","
12339,"DT"
12340,"JJ"
12341,"NN"
12342,"VBG"
12343,"TO"
12344,"VB"
12345,"JJ"
12346,"NNP"
12347,","
12348,"WDT"
12349,"VBZ"
12350,"VBN"
12351,"VBN"
12352,"IN"
12353,"IN"
12354,"DT"
12355,"JJ"
12356,"NN"
12357,"NNP"
12358,"NNP"
12359,","
12360,"DT"
12361,"JJ"
12362,"NN"
12363,","
12364,"WP"
12365,"VBZ"
12366,"DT"
12367,"JJ"
12368,"NN"
12369,"IN"
12370,"NN"
12371,"NNS"
12372,"."
12373,"DT"
12374,"NN"
12375,"NN"
12376,"PDT"
12377,"DT"
12378,"IN"
12379,"DT"
12380,"JJ"
12381,"NN"
12382,"VBZ"
12383,"NNP"
12384,"NNP"
12385,"NNP"
12386,","
12387,"NNP"
12388,"NNP"
12389,"POS"
12390,"NN"
12391,"IN"
12392,"IN"
12393,"NNP"
12394,"NNP"
12395,"NNP"
12396,"."
12397,"NNP"
12398,"NNP"
12399,"NNP"
12400,"VBZ"
12401,"VBN"
12402,"DT"
12403,"JJ"
12404,"NN"
12405,"TO"
12406,"VB"
12407,"IN"
12408,"DT"
12409,"NNS"
12410,"IN"
12411,"JJ"
12412,"JJ"
12413,"NNS"
12414,"CC"
12415,"TO"
12416,"VB"
12417,"DT"
12418,"NN"
12419,"NNS"
12420,"WP"
12421,"RB"
12422,"VB"
12423,"RP"
12424,"IN"
12425,"JJ"
12426,"NNS"
12427,"."
12428,"NNP"
12429,"NNP"
12430,"NNP"
12431,"VBZ"
12432,"JJ"
12433,"CC"
12434,"RB"
12435,"VBN"
12436,"IN"
12437,"NNP"
12438,"NNP"
12439,","
12440,"VBG"
12441,"RB"
12442,"DT"
12443,"JJ"
12444,"NN"
12445,"IN"
12446,"NN"
12447,"CC"
12448,"NN"
12449,":"
12450,"NNP"
12451,"NNP"
12452,"VBZ"
12453,"NN"
12454,","
12455,"NN"
12456,"CC"
12457,"JJ"
12458,"NN"
12459,"IN"
12460,"DT"
12461,"JJ"
12462,"NN"
12463,"WP"
12464,"VBZ"
12465,"IN"
12466,"DT"
12467,"JJ"
12468,"NN"
12469,"IN"
12470,"NNP"
12471,"NNP"
12472,":"
12473,"NNP"
12474,"NNP"
12475,"VBZ"
12476,"RB"
12477,"JJ"
12478,"NN"
12479,"DT"
12480,"NN"
12481,"IN"
12482,"NNS"
12483,":"
12484,"NNP"
12485,"NNP"
12486,"VBZ"
12487,"DT"
12488,"JJ"
12489,"``"
12490,"FW"
12491,","
12492,"NNS"
12493,"''"
12494,"CC"
12495,"IN"
12496,"NNP"
12497,"NNP"
12498,"IN"
12499,"PRP$"
12500,"NN"
12501,"IN"
12502,"DT"
12503,"NN"
12504,"NN"
12505,":"
12506,"CC"
12507,"NNP"
12508,"NNP"
12509,"VBZ"
12510,"JJ"
12511,"IN"
12512,"DT"
12513,"NN"
12514,"IN"
12515,"NNS"
12516,"POS"
12517,"NNS"
12518,"."
12519,"IN"
12520,"NN"
12521,"PRP"
12522,"VBZ"
12523,"JJ"
12524,","
12525,"IN"
12526,"NNP"
12527,"NNP"
12528,"NNP"
12529,"VBZ"
12530,"VBG"
12531,"DT"
12532,"JJ"
12533,"NN"
12534,","
12535,"CC"
12536,"IN"
12537,"DT"
12538,"NN"
12539,"NN"
12540,"POS"
12541,"NN"
12542,"PRP"
12543,"VBZ"
12544,"IN"
12545,"IN"
12546,"JJ"
12547,"NN"
12548,","
12549,"VBG"
12550,"DT"
12551,"VBN"
12552,"NN"
12553,"CC"
12554,"NN"
12555,","
12556,"VBG"
12557,"NNP"
12558,"NNP"
12559,"POS"
12560,"NNS"
12561,"RB"
12562,"TO"
12563,"DT"
12564,"JJ"
12565,"NN"
12566,"."
12567,"IN"
12568,"PRP"
12569,"VBZ"
12570,"JJ"
12571,"IN"
12572,"NNP"
12573,"NNP"
12574,"POS"
12575,"NNS"
12576,"VBP"
12577,"RB"
12578,"VB"
12579,"IN"
12580,"DT"
12581,"JJ"
12582,"NN"
12583,","
12584,"PRP"
12585,"VBZ"
12586,"RB"
12587,"JJ"
12588,"IN"
12589,"PRP"
12590,"VBZ"
12591,"VBN"
12592,"IN"
12593,"VBG"
12594,"PRP$"
12595,"JJ"
12596,"NN"
12597,","
12598,"VBG"
12599,"JJ"
12600,"NN"
12601,"IN"
12602,"NNS"
12603,"CC"
12604,"NNS"
12605,"IN"
12606,"DT"
12607,"NNP"
12608,"CC"
12609,"RB"
12610,"IN"
12611,"DT"
12612,"NN"
12613,"."
12614,"NNP"
12615,"NNP"
12616,"RB"
12617,"VBZ"
12618,"NN"
12619,"IN"
12620,"NN"
12621,"."
12622,"``"
12623,"NN"
12624,"''"
12625,"VBZ"
12626,"VBN"
12627,"``"
12628,"DT"
12629,"VB"
12630,"IN"
12631,"NNS"
12632,","
12633,"''"
12634,"CC"
12635,"NNP"
12636,"NNP"
12637,"VBZ"
12638,"DT"
12639,"NN"
12640,"IN"
12641,"NN"
12642,"IN"
12643,"NN"
12644,"."
12645,"PRP"
12646,"VBZ"
12647,"DT"
12648,"NN"
12649,"JJR"
12650,"IN"
12651,"CD"
12652,"WP"
12653,"VBD"
12654,"DT"
12655,"``"
12656,"JJ"
12657,"NN"
12658,"''"
12659,"CC"
12660,"VBD"
12661,"PRP"
12662,"``"
12663,"VBG"
12664,"NN"
12665,"NNS"
12666,"IN"
12667,"DT"
12668,"NNP"
12669,"IN"
12670,"NNP"
12671,"NNP"
12672,"."
12673,"''"
12674,"DT"
12675,"NN"
12676,"IN"
12677,"NNS"
12678,"VBZ"
12679,"IN"
12680,"CD"
12681,"CC"
12682,"NN"
12683,","
12684,"RB"
12685,"."
12686,"NNP"
12687,"NNP"
12688,"VBZ"
12689,"DT"
12690,"NN"
12691,","
12692,"DT"
12693,"NN"
12694,"CC"
12695,"DT"
12696,"NN"
12697,"IN"
12698,"NN"
12699,"PRP"
12700,"VBZ"
12701,"IN"
12702,"DT"
12703,"NNS"
12704,"."
12705,"IN"
12706,"DT"
12707,"NNS"
12708,"VBP"
12709,","
12710,"DT"
12711,"NNP"
12712,"NNP"
12713,"NNP"
12714,"("
12715,"NNP"
12716,"NNP"
12717,")"
12718,"VBZ"
12719,":"
12720,"``"
12721,"VB"
12722,"PRP"
12723,"VB"
12724,"CD"
12725,"NN"
12726,"IN"
12727,"DT"
12728,"NN"
12729,":"
12730,"PRP"
12731,"VBP"
12732,"RB"
12733,"VBG"
12734,"IN"
12735,"NNS"
12736,"TO"
12737,"NN"
12738,"CC"
12739,"VBZ"
12740,"TO"
12741,"VB"
12742,"."
12743,"''"
12744,"NNP"
12745,"NNP"
12746,"PRP"
12747,"VBZ"
12748,"IN"
12749,"JJ"
12750,"NN"
12751,":"
12752,"``"
12753,"IN"
12754,"RBR"
12755,"JJ"
12756,"NN"
12757,","
12758,"NNS"
12759,"IN"
12760,"JJ"
12761,"NN"
12762,"NNS"
12763,","
12764,"WP"
12765,"VBD"
12766,"VBN"
12767,"NN"
12768,"NN"
12769,"IN"
12770,"PRP$"
12771,"NN"
12772,"CC"
12773,"NNS"
12774,"IN"
12775,"PRP"
12776,","
12777,"VBD"
12778,"RB"
12779,"VB"
12780,"RP"
12781,"IN"
12782,"DT"
12783,"NNS"
12784,"IN"
12785,"DT"
12786,"NN"
12787,"."
12788,"''"
12789,"IN"
12790,"DT"
12791,"NN"
12792,"PRP"
12793,"VBZ"
12794,":"
12795,"``"
12796,"NN"
12797,"VBZ"
12798,"DT"
12799,"JJ"
12800,"NN"
12801,"TO"
12802,"VB"
12803,"IN"
12804,"CD"
12805,"."
12806,"''"
12807,"DT"
12808,"NN"
12809,"VBZ"
12810,"JJ"
12811,":"
12812,"CD"
12813,"NNS"
12814,"IN"
12815,"DT"
12816,"NN"
12817,":"
12818,"CC"
12819,"RB"
12820,"RB"
12821,","
12822,"IN"
12823,"DT"
12824,"NN"
12825,"VBZ"
12826,"DT"
12827,"NN"
12828,"IN"
12829,"NNP"
12830,"NNP"
12831,"POS"
12832,"NN"
12833,"VBZ"
12834,"PRP$"
12835,"NN"
12836,"IN"
12837,"PRP$"
12838,"NNS"
12839,"VBP"
12840,"RB"
12841,"RB"
12842,"RBR"
12843,"JJ"
12844,"."
12845,"JJS"
12846,"IN"
12847,"DT"
12848,"NN"
12849,","
12850,"RB"
12851,","
12852,"VBZ"
12853,"VBN"
12854,"IN"
12855,"JJ"
12856,"CC"
12857,"JJ"
12858,"NN"
12859,"."
12860,"IN"
12861,"``"
12862,"JJ"
12863,","
12864,"''"
12865,"NNP"
12866,"NNP"
12867,"VBZ"
12868,"VBN"
12869,"PRP"
12870,"RB"
12871,"RB"
12872,"CD"
12873,"CC"
12874,"CD"
12875,"NNS"
12876,"WDT"
12877,"VBP"
12878,"DT"
12879,"CC"
12880,"VBD"
12881,"IN"
12882,"DT"
12883,"NNP"
12884,"NN"
12885,":"
12886,"JJ"
12887,"JJ"
12888,"NN"
12889,"CC"
12890,"DT"
12891,"RB"
12892,"JJR"
12893,"NN"
12894,"IN"
12895,"DT"
12896,"NN"
12897,"IN"
12898,"NN"
12899,"."
12900,"O"
12901,"NNP"
12902,"NNP"
12903,"NNP"
12904,"NNP"
12905,"NNP"
12906,"VBD"
12907,"RP"
12908,"DT"
12909,"JJ"
12910,"NN"
12911,"IN"
12912,"DT"
12913,"NN"
12914,"CC"
12915,"VBD"
12916,"NNP"
12917,"NNP"
12918,"NNP"
12919,"IN"
12920,"NN"
12921,"NN"
12922,","
12923,"JJ"
12924,"NNP"
12925,"CD"
12926,"."
12927,"NNP"
12928,"NNP"
12929,"VBZ"
12930,"VBN"
12931,"DT"
12932,"NN"
12933,"NN"
12934,"IN"
12935,"NNP"
12936,"NNP"
12937,"NNP"
12938,"IN"
12939,"CD"
12940,","
12941,"CC"
12942,"IN"
12943,"WDT"
12944,"VBD"
12945,"NN"
12946,"IN"
12947,"JJ"
12948,"NNS"
12949,","
12950,"DT"
12951,"NNP"
12952,"NN"
12953,"NN"
12954,"."
12955,"PRP"
12956,"VBZ"
12957,"JJ"
12958,"IN"
12959,"JJ"
12960,"NNS"
12961,","
12962,"VBG"
12963,"VBN"
12964,"NN"
12965,"NN"
12966,"TO"
12967,"NNP"
12968,"NNP"
12969,"NNP"
12970,"NNP"
12971,"NNP"
12972,"NN"
12973,"IN"
12974,"NNP"
12975,"NNP"
12976,"POS"
12977,"CD"
12978,"JJ"
12979,"NN"
12980,"."
12981,"IN"
12982,"NNP"
12983,"NNP"
12984,","
12985,"PRP"
12986,"MD"
12987,"VB"
12988,"NN"
12989,"IN"
12990,"DT"
12991,"NN"
12992,"POS"
12993,"JJ"
12994,"CC"
12995,"JJ"
12996,"NNS"
12997,"CC"
12998,"MD"
12999,"VB"
13000,"IN"
13001,"NNP"
13002,"NNP"
13003,","
13004,"NN"
13005,"CC"
13006,"JJ"
13007,"NN"
13008,"NN"
13009,","
13010,"CC"
13011,"NNP"
13012,"NNP"
13013,","
13014,"NN"
13015,"CC"
13016,"JJ"
13017,"NN"
13018,"NN"
13019,","
13020,"IN"
13021,"JJ"
13022,"NN"
13023,"."
13024,"NNP"
13025,"NNP"
13026,","
13027,"CD"
13028,"NNS"
13029,"JJ"
13030,","
13031,"VBZ"
13032,"VBN"
13033,"DT"
13034,"NN"
13035,"IN"
13036,"NN"
13037,"TO"
13038,"NNP"
13039,"NNP"
13040,"IN"
13041,"DT"
13042,"JJ"
13043,"CD"
13044,"CD"
13045,"NNS"
13046,"."
13047,"IN"
13048,"DT"
13049,"NN"
13050,","
13051,"PRP"
13052,"VBD"
13053,"NNP"
13054,"NNP"
13055,"VBZ"
13056,"DT"
13057,"NN"
13058,"IN"
13059,"NNS"
13060,"IN"
13061,"DT"
13062,"NN"
13063,"IN"
13064,"DT"
13065,"NN"
13066,"NN"
13067,"CC"
13068,"DT"
13069,"NN"
13070,"TO"
13071,"VB"
13072,"PRP$"
13073,"NNS"
13074,"RB"
13075,"."
13076,"``"
13077,"EX"
13078,"VBZ"
13079,"DT"
13080,"NN"
13081,"IN"
13082,"JJ"
13083,"NNS"
13084,"TO"
13085,"VB"
13086,","
13087,"''"
13088,"PRP"
13089,"VBD"
13090,"."
13091,"NNP"
13092,"NNP"
13093,"RB"
13094,"VBD"
13095,"NNP"
13096,"NNP"
13097,"NNP"
13098,","
13099,"NN"
13100,"IN"
13101,"NNP"
13102,"NNP"
13103,"IN"
13104,"NNP"
13105,"CC"
13106,"DT"
13107,"NN"
13108,"IN"
13109,"CD"
13110,","
13111,"VBD"
13112,"RP"
13113,"DT"
13114,"NN"
13115,"IN"
13116,"PRP$"
13117,"NN"
13118,"IN"
13119,"DT"
13120,"NN"
13121,"TO"
13122,"VB"
13123,"NNP"
13124,"NNP"
13125,"POS"
13126,"NN"
13127,"IN"
13128,"DT"
13129,"NN"
13130,"."
13131,"DT"
13132,"NN"
13133,"VBZ"
13134,"CD"
13135,"NNS"
13136,"VBN"
13137,"IN"
13138,"NNS"
13139,"CC"
13140,"CD"
13141,"JJ"
13142,"NNS"
13143,"."
13144,"NNP"
13145,"NNP"
13146,","
13147,"DT"
13148,"RB"
13149,"JJ"
13150,","
13151,"JJ"
13152,"NN"
13153,","
13154,"VBZ"
13155,"DT"
13156,"JJ"
13157,"NN"
13158,"IN"
13159,"NN"
13160,"NNS"
13161,","
13162,"VBG"
13163,"NNS"
13164,"IN"
13165,"NNS"
13166,","
13167,"VBG"
13168,"DT"
13169,"IN"
13170,"NNS"
13171,"IN"
13172,"NN"
13173,"TO"
13174,"NNS"
13175,"CC"
13176,"VBG"
13177,"DT"
13178,"NN"
13179,"IN"
13180,"PRP$"
13181,"NN"
13182,"."
13183,"O"
13184,"``"
13185,"DT"
13186,"NNP"
13187,"NNP"
13188,"''"
13189,"IN"
13190,"NNP"
13191,"NNP"
13192,"NNP"
13193,"CC"
13194,"NNP"
13195,"NNP"
13196,"NNP"
13197,"("
13198,"NNP"
13199,","
13200,"NNP"
13201,","
13202,"NN"
13203,"NNS"
13204,","
13205,"$"
13206,"CD"
13207,")"
13208,","
13209,"VBZ"
13210,"DT"
13211,"NN"
13212,"IN"
13213,"DT"
13214,"JJ"
13215,"``"
13216,"JJ"
13217,"NN"
13218,"''"
13219,"NNP"
13220,"NNP"
13221,"NNP"
13222,"NN"
13223,"NNS"
13224,"IN"
13225,"JJ"
13226,"JJ"
13227,"NN"
13228,"NNS"
13229,"IN"
13230,"NNP"
13231,"NNP"
13232,","
13233,"NNP"
13234,"NNP"
13235,","
13236,"NNP"
13237,"NNP"
13238,"CC"
13239,"NNP"
13240,"NNP"
13241,"."
13242,"PRP$"
13243,"JJ"
13244,"JJ"
13245,"NNS"
13246,"VBP"
13247,"DT"
13248,"NN"
13249,"NN"
13250,"NN"
13251,"NN"
13252,"."
13253,"DT"
13254,"CD"
13255,"NNP"
13256,"NNP"
13257,"NNS"
13258,"VBD"
13259,"IN"
13260,"DT"
13261,"JJ"
13262,"NN"
13263,"NN"
13264,","
13265,"IN"
13266,"DT"
13267,"NN"
13268,"NN"
13269,"VBD"
13270,"IN"
13271,"NN"
13272,"IN"
13273,"DT"
13274,"JJ"
13275,"NN"
13276,"."
13277,"DT"
13278,"NN"
13279,"NN"
13280,"VBD"
13281,"RB"
13282,"IN"
13283,"DT"
13284,"JJ"
13285,"NN"
13286,","
13287,"CC"
13288,"NNP"
13289,"NNP"
13290,"VBD"
13291,"TO"
13292,"VB"
13293,"RP"
13294,"PRP$"
13295,"NN"
13296,","
13297,"TO"
13298,"VB"
13299,"DT"
13300,"NN"
13301,"IN"
13302,"EX"
13303,"VBD"
13304,"DT"
13305,"JJR"
13306,"NN"
13307,"."
13308,"RB"
13309,","
13310,"NNP"
13311,"NNP"
13312,"VBD"
13313,"PRP$"
13314,"NN"
13315,"IN"
13316,"DT"
13317,"NN"
13318,"."
13319,"RB"
13320,"DT"
13321,"VBZ"
13322,"VBN"
13323,"TO"
13324,"VB"
13325,"RP"
13326,"DT"
13327,"JJ"
13328,"NNP"
13329,"NN"
13330,","
13331,"VBG"
13332,"DT"
13333,"NN"
13334,"IN"
13335,"DT"
13336,"NN"
13337,","
13338,"TO"
13339,"VB"
13340,"PRP$"
13341,"NN"
13342,"NNS"
13343,"."
13344,"IN"
13345,"DT"
13346,","
13347,"DT"
13348,"NN"
13349,"VBD"
13350,"TO"
13351,"VB"
13352,"VBN"
13353,"IN"
13354,"DT"
13355,"NNP"
13356,"POS"
13357,"NN"
13358,"."
13359,"DT"
13360,"NNS"
13361,"VBD"
13362,"RB"
13363,"VB"
13364,"NN"
13365,"."
13366,"CC"
13367,"DT"
13368,"JJ"
13369,"NNS"
13370,"VBD"
13371,"RB"
13372,"RB"
13373,","
13374,"RB"
13375,"TO"
13376,"VB"
13377,"VBN"
13378,"``"
13379,"IN"
13380,"NN"
13381,"''"
13382,"IN"
13383,"NNP"
13384,"NNP"
13385,","
13386,"WP"
13387,"VBD"
13388,"DT"
13389,"NN"
13390,"."
13391,"IN"
13392,"DT"
13393,"NNS"
13394,"RB"
13395,"VBD"
13396,"DT"
13397,"JJ"
13398,"NN"
13399,"IN"
13400,"DT"
13401,"JJ"
13402,"NN"
13403,"IN"
13404,"NNP"
13405,"NNP"
13406,"CC"
13407,"DT"
13408,"JJ"
13409,"NN"
13410,"IN"
13411,"DT"
13412,"NN"
13413,"VBD"
13414,"$"
13415,"CD"
13416,"CD"
13417,"NN"
13418,"IN"
13419,"NNP"
13420,","
13421,"DT"
13422,"NNS"
13423,"VBD"
13424,"VBN"
13425,"DT"
13426,"NN"
13427,"TO"
13428,"VB"
13429,"DT"
13430,"JJ"
13431,"NN"
13432,"IN"
13433,"NNS"
13434,","
13435,"CC"
13436,"IN"
13437,"DT"
13438,"JJ"
13439,"NN"
13440,"VBD"
13441,"PDT"
13442,"DT"
13443,"NNS"
13444,"CC"
13445,"DT"
13446,"NN"
13447,"IN"
13448,"DT"
13449,"$"
13450,"CD"
13451,"CD"
13452,"NN"
13453,"."
13454,"NN"
13455,"RBR"
13456,","
13457,"PRP"
13458,"VBD"
13459,","
13460,"MD"
13461,"VB"
13462,"PRP"
13463,"IN"
13464,"PRP$"
13465,"FW"
13466,"."
13467,"WRB"
13468,"VBD"
13469,"PDT"
13470,"DT"
13471,"NN"
13472,"VBN"
13473,"IN"
13474,"."
13475,"DT"
13476,"JJ"
13477,"NNP"
13478,"NNP"
13479,"VBD"
13480,"VBN"
13481,"VBN"
13482,"IN"
13483,"NNP"
13484,"NNP"
13485,"IN"
13486,"NNP"
13487,"NNP"
13488,"WRB"
13489,"PRP"
13490,"VBD"
13491,"RB"
13492,"DT"
13493,"JJ"
13494,"NN"
13495,","
13496,"CC"
13497,"VBD"
13498,"TO"
13499,"VB"
13500,"IN"
13501,"DT"
13502,"NN"
13503,","
13504,"CC"
13505,"RB"
13506,"IN"
13507,"DT"
13508,"JJ"
13509,"NN"
13510,"."
13511,"``"
13512,"``"
13513,"VB"
13514,"RP"
13515,"PRP$"
13516,":"
13517,","
13518,"POS"
13519,"PRP"
13520,"MD"
13521,"JJ"
13522,","
13523,"''"
13524,"VBP"
13525,"DT"
13526,"NNS"
13527,"."
13528,"VBG"
13529,"IN"
13530,"DT"
13531,"NN"
13532,","
13533,"PRP"
13534,"VBD"
13535,"JJ"
13536,"NN"
13537,"CC"
13538,","
13539,"IN"
13540,"PRP$"
13541,"JJ"
13542,"NN"
13543,","
13544,"NNP"
13545,","
13546,"VBD"
13547,"PRP"
13548,"JJ"
13549,"IN"
13550,"DT"
13551,"NN"
13552,"NNS"
13553,"IN"
13554,"PRP$"
13555,"JJ"
13556,"NN"
13557,"NNS"
13558,"CC"
13559,"JJ"
13560,"NNS"
13561,"."
13562,"IN"
13563,"PRP"
13564,"VBD"
13565,"VBN"
13566,"NN"
13567,"IN"
13568,"DT"
13569,"NN"
13570,"IN"
13571,"CD"
13572,"CD"
13573,"NNS"
13574,","
13575,"PRP"
13576,"CC"
13577,"PRP$"
13578,"NNS"
13579,"VBD"
13580,"PRP"
13581,"TO"
13582,"NNP"
13583,","
13584,"DT"
13585,"JJ"
13586,"NN"
13587,"NN"
13588,"NN"
13589,","
13590,"IN"
13591,"$"
13592,"CD"
13593,"CD"
13594,"IN"
13595,"JJ"
13596,"NN"
13597,"."
13598,"NNP"
13599,"NN"
13600,"NNP"
13601,"NNP"
13602,","
13603,"WP$"
13604,"NN"
13605,"NN"
13606,"VBD"
13607,"VBN"
13608,"IN"
13609,"DT"
13610,"NN"
13611,"POS"
13612,"NN"
13613,"IN"
13614,"CD"
13615,"NNS"
13616,"CC"
13617,"WP"
13618,"VBD"
13619,"VBN"
13620,"PRP"
13621,"MD"
13622,"VB"
13623,"RB"
13624,"RB"
13625,","
13626,"VBD"
13627,"RB"
13628,"VBN"
13629,"."
13630,"NNP"
13631,"NNP"
13632,"VBD"
13633,"$"
13634,"CD"
13635,"CD"
13636,","
13637,"IN"
13638,"NNP"
13639,"NNP"
13640,"VBD"
13641,"$"
13642,"CD"
13643,"CD"
13644,","
13645,"RB"
13646,"JJR"
13647,"IN"
13648,"IN"
13649,"PRP"
13650,"VBD"
13651,"VBN"
13652,"DT"
13653,"NN"
13654,"."
13655,"``"
13656,"PRP"
13657,"VBD"
13658,"JJ"
13659,","
13660,"''"
13661,"PRP"
13662,"RB"
13663,"VBD"
13664,"."
13665,"RBR"
13666,","
13667,"NNP"
13668,"POS"
13669,"NN"
13670,"VBD"
13671,"VBN"
13672,"RP"
13673,"."
13674,"PRP$"
13675,"NNS"
13676,","
13677,"IN"
13678,"NNP"
13679,"POS"
13680,","
13681,"VBN"
13682,"IN"
13683,"DT"
13684,"JJ"
13685,"CD"
13686,"NNS"
13687,","
13688,"CC"
13689,"VBD"
13690,"PRP"
13691,"VBD"
13692,"RB"
13693,","
13694,"NNP"
13695,"MD"
13696,"VB"
13697,"VBN"
13698,"DT"
13699,"RB"
13700,"JJR"
13701,"NN"
13702,"."
13703,"DT"
13704,"NN"
13705,"RB"
13706,"VBZ"
13707,"DT"
13708,"RB"
13709,"JJ"
13710,"NNS"
13711,"VBG"
13712,"DT"
13713,"VBG"
13714,"IN"
13715,"DT"
13716,"NN"
13717,"IN"
13718,"NNP"
13719,"NNP"
13720,"CC"
13721,"JJ"
13722,"JJ"
13723,"JJ"
13724,"NNS"
13725,"."
13726,"RB"
13727,"DT"
13728,"NN"
13729,","
13730,"JJ"
13731,","
13732,"JJ"
13733,"NN"
13734,"NNS"
13735,"VBD"
13736,"VBN"
13737,"IN"
13738,"JJ"
13739,"NNS"
13740,":"
13741,"``"
13742,"WRB"
13743,"VBN"
13744,","
13745,"PRP"
13746,"VBD"
13747,"RB"
13748,"RB"
13749,"IN"
13750,"PRP$"
13751,"NN"
13752,"VBD"
13753,"CC"
13754,"PRP$"
13755,"FW"
13756,"NNS"
13757,"VBN"
13758,"IN"
13759,"JJ"
13760,"PRP$"
13761,","
13762,"''"
13763,"DT"
13764,"NNS"
13765,"VBP"
13766,"IN"
13767,"NNP"
13768,"POS"
13769,"NNP"
13770,"NNP"
13771,"."
13772,"DT"
13773,"JJR"
13774,"NN"
13775,"IN"
13776,"``"
13777,"JJ"
13778,"NN"
13779,"''"
13780,"NNS"
13781,":"
13782,"NNS"
13783,","
13784,"FW"
13785,","
13786,"NNPS"
13787,","
13788,"NNS"
13789,"CC"
13790,"NNS"
13791,":"
13792,"VBD"
13793,"VBN"
13794,"IN"
13795,"DT"
13796,"NN"
13797,","
13798,"NN"
13799,","
13800,"NN"
13801,"CC"
13802,"NN"
13803,"."
13804,"PRP"
13805,"VBD"
13806,"JJ"
13807,"JJ"
13808,"NNS"
13809,","
13810,"WP"
13811,"VBD"
13812,"TO"
13813,"VB"
13814,"IN"
13815,"JJ"
13816,"JJ"
13817,"NN"
13818,"."
13819,"CC"
13820,"IN"
13821,"DT"
13822,"JJ"
13823,"NN"
13824,"IN"
13825,"NN"
13826,"POS"
13827,"NNP"
13828,"NNP"
13829,"PRP"
13830,"VBP"
13831,"VBN"
13832,"RP"
13833,"TO"
13834,"RBR"
13835,"JJ"
13836,"CC"
13837,"RB"
13838,"JJR"
13839,"JJ"
13840,"NNS"
13841,"."
13842,"DT"
13843,"NN"
13844,"VBZ"
13845,"DT"
13846,"NNS"
13847,"IN"
13848,"JJ"
13849,"NNS"
13850,"CC"
13851,"NNS"
13852,"IN"
13853,"PRP$"
13854,"NNS"
13855,"."
13856,"CC"
13857,"DT"
13858,"JJ"
13859,"NN"
13860,"VBD"
13861,"DT"
13862,"JJ"
13863,"NN"
13864,"NNS"
13865,":"
13866,"PRP"
13867,"VBD"
13868,"IN"
13869,"PRP$"
13870,"JJ"
13871,"NN"
13872,"."
13873,"RB"
13874,","
13875,"IN"
13876,"DT"
13877,"NNP"
13878,"NNP"
13879,"VBD"
13880,"IN"
13881,"DT"
13882,"NN"
13883,","
13884,"PRP"
13885,"MD"
13886,"RB"
13887,"VB"
13888,"VBN"
13889,"RB"
13890,"JJ"
13891,"."
13892,"DT"
13893,"JJ"
13894,"NN"
13895,"VBD"
13896,"DT"
13897,"NN"
13898,","
13899,"RB"
13900,","
13901,"TO"
13902,"NN"
13903,"DT"
13904,"NNS"
13905,"POS"
13906,"JJ"
13907,"NNS"
13908,"IN"
13909,"NN"
13910,"NN"
13911,","
13912,"JJ"
13913,"IN"
13914,"NNP"
13915,"."
13916,"("
13917,"NNP"
13918,"NNP"
13919,"NN"
13920,"IN"
13921,"NNP"
13922,"NNP"
13923,"VBD"
13924,"VBN"
13925,","
13926,"``"
13927,"JJ"
13928,"CC"
13929,"JJ"
13930,"IN"
13931,"DT"
13932,"JJ"
13933,"NNS"
13934,"."
13935,"''"
13936,")"
13937,"PRP$"
13938,"JJ"
13939,"NN"
13940,"VBZ"
13941,"VBN"
13942,"JJ"
13943,"NNS"
13944,","
13945,"RB"
13946,"JJ"
13947,"CC"
13948,"VBN"
13949,"IN"
13950,"NN"
13951,"NNS"
13952,"."
13953,"JJ"
13954,"NNS"
13955,"VBP"
13956,"RB"
13957,"DT"
13958,"JJ"
13959,"NN"
13960,"."
13961,"RB"
13962,"PRP"
13963,"VBP"
13964,"JJ"
13965,","
13966,"CC"
13967,"RB"
13968,"RB"
13969,"."
13970,"NNP"
13971,","
13972,"IN"
13973,"VBG"
13974,"NN"
13975,"NN"
13976,"IN"
13977,"JJ"
13978,"NNS"
13979,","
13980,"PRP"
13981,"VBP"
13982,"VBG"
13983,"IN"
13984,"DT"
13985,"NN"
13986,":"
13987,"RB"
13988,"DT"
13989,"NN"
13990,"IN"
13991,"NNP"
13992,"."
13993,"NNP"
13994,","
13995,"DT"
13996,"JJ"
13997,"NN"
13998,"IN"
13999,"DT"
14000,"JJ"
14001,"NN"
14002,"MD"
14003,"RB"
14004,"VB"
14005,"RB"
14006,"JJ"
14007,"WRB"
14008,"DT"
14009,"NN"
14010,"NN"
14011,"VBZ"
14012,"RB"
14013,":"
14014,"PRP"
14015,"MD"
14016,"VB"
14017,"RB"
14018,"."
14019,"CC"
14020,"IN"
14021,"DT"
14022,"NN"
14023,"VBZ"
14024,"IN"
14025,"WRB"
14026,"DT"
14027,"NN"
14028,"VBZ"
14029,"JJ"
14030,","
14031,"DT"
14032,"NN"
14033,"RB"
14034,"VBZ"
14035,"PRP$"
14036,"NN"
14037,"."
14038,"DT"
14039,"NNS"
14040,","
14041,"RB"
14042,","
14043,"VBP"
14044,"VBN"
14045,"PRP$"
14046,"JJ"
14047,"NN"
14048,"IN"
14049,"VBG"
14050,"PRP$"
14051,"JJ"
14052,"NNS"
14053,"."
14054,"IN"
14055,"VBN"
14056,"IN"
14057,"``"
14058,"DT"
14059,"NNP"
14060,"NNP"
14061,","
14062,"''"
14063,"PRP"
14064,"VBP"
14065,"IN"
14066,"JJ"
14067,"JJ"
14068,"NNS"
14069,","
14070,"NN"
14071,"TO"
14072,"NNP"
14073,","
14074,"NNP"
14075,","
14076,"CC"
14077,"NNP"
14078,","
14079,"NNP"
14080,","
14081,"NN"
14082,"UH"
14083,"NNS"
14084,","
14085,"CC"
14086,"VB"
14087,"PRP$"
14088,"NNS"
14089,"VB"
14090,"DT"
14091,"NN"
14092,"IN"
14093,"NNS"
14094,"."
14095,"VBG"
14096,"VBN"
14097,"RB"
14098,"TO"
14099,"NNS"
14100,","
14101,"PRP"
14102,"VBP"
14103,"DT"
14104,"NN"
14105,"IN"
14106,"PRP$"
14107,"NNS"
14108,"."
14109,"DT"
14110,"NN"
14111,"VBZ"
14112,"VBG"
14113,"IN"
14114,"DT"
14115,"JJ"
14116,"NN"
14117,"NN"
14118,"IN"
14119,"NN"
14120,","
14121,"WDT"
14122,"VBZ"
14123,"PRP$"
14124,"JJ"
14125,"NNS"
14126,"."
14127,"RB"
14128,","
14129,"IN"
14130,"NN"
14131,","
14132,"DT"
14133,"NN"
14134,"NN"
14135,"VBZ"
14136,"NNP"
14137,"."
14138,"IN"
14139,"DT"
14140,"WP"
14141,"VBP"
14142,"DT"
14143,"NN"
14144,"VBP"
14145,"RB"
14146,"VB"
14147,"VBN"
14148,"IN"
14149,"DT"
14150,"NNS"
14151,"CC"
14152,"DT"
14153,"NNS"
14154,","
14155,"RB"
14156,"NNP"
14157,"NNP"
14158,"MD"
14159,"VB"
14160,"PRP"
14161,","
14162,"RB"
14163,"."
14164,"PRP"
14165,"VBZ"
14166,"VBN"
14167,"RB"
14168,"VBN"
14169,"IN"
14170,"DT"
14171,"JJ"
14172,"NN"
14173,"RB"
14174,"IN"
14175,"JJ"
14176,"NN"
14177,"VBZ"
14178,","
14179,"NNP"
14180,"VBP"
14181,"FW"
14182,"RB"
14183,"IN"
14184,"PRP"
14185,"."
14186,"DT"
14187,"NN"
14188,"IN"
14189,"DT"
14190,"NNP"
14191,"NNP"
14192,"NNS"
14193,"VBP"
14194,"VBN"
14195,"DT"
14196,"NN"
14197,"IN"
14198,"DT"
14199,"NN"
14200,"TO"
14201,"DT"
14202,"JJ"
14203,","
14204,"CC"
14205,"VBP"
14206,"VBN"
14207,"RP"
14208,"IN"
14209,"DT"
14210,"NN"
14211,"CC"
14212,"VBG"
14213,"JJ"
14214,"NNS"
14215,":"
14216,"NNP"
14217,"NNP"
14218,","
14219,"NNP"
14220,"NNP"
14221,","
14222,"NNP"
14223,"NNP"
14224,","
14225,"NNP"
14226,"CC"
14227,"NNP"
14228,"NNP"
14229,","
14230,"CC"
14231,"NNP"
14232,"NNP"
14233,"NNP"
14234,"CC"
14235,"RB"
14236,"NNP"
14237,"NNP"
14238,"."
14239,"DT"
14240,"JJ"
14241,"NN"
14242,"IN"
14243,"NNP"
14244,"NNP"
14245,"VBN"
14246,"IN"
14247,"DT"
14248,"NN"
14249,"NN"
14250,"VBD"
14251,"RB"
14252,"VBN"
14253,"NN"
14254,"NNS"
14255,"NNP"
14256,"NNP"
14257,"CC"
14258,"``"
14259,"NNP"
14260,"''"
14261,"NNP"
14262,","
14263,"NN"
14264,"NNS"
14265,"IN"
14266,"DT"
14267,"JJ"
14268,"NN"
14269,"RB"
14270,"IN"
14271,"NN"
14272,"NNS"
14273,"."
14274,"DT"
14275,"NNP"
14276,"NNP"
14277,"VBZ"
14278,"RB"
14279,"VBN"
14280,"IN"
14281,"DT"
14282,"NN"
14283,"IN"
14284,"PDT"
14285,"DT"
14286,"."
14287,"RB"
14288,","
14289,"DT"
14290,"NN"
14291,"VBZ"
14292,"RB"
14293,"RB"
14294,"JJ"
14295,"."
14296,"PRP"
14297,"VBZ"
14298,"RB"
14299,"VBN"
14300,"JJ"
14301,"IN"
14302,"DT"
14303,"IN"
14304,"DT"
14305,"NN"
14306,"VBP"
14307,"TO"
14308,"VB"
14309,"IN"
14310,","
14311,"CC"
14312,"IN"
14313,"DT"
14314,"JJ"
14315,"NN"
14316,"NN"
14317,"NNS"
14318,"IN"
14319,"DT"
14320,"NN"
14321,"."
14322,"DT"
14323,"JJ"
14324,"NN"
14325,"NN"
14326,"VBD"
14327,"DT"
14328,"JJ"
14329,"NNS"
14330,"POS"
14331,"NNP"
14332,"NNP"
14333,"CC"
14334,"NNP"
14335,"NNP"
14336,"CC"
14337,"VBD"
14338,"PRP$"
14339,"NNS"
14340,"POS"
14341,"NNS"
14342,"TO"
14343,"JJ"
14344,"NNS"
14345,"."
14346,"NNP"
14347,"NNP"
14348,"VBD"
14349,"DT"
14350,"NN"
14351,"VBN"
14352,"TO"
14353,"NNP"
14354,"NNP"
14355,"CC"
14356,"NNP"
14357,"NNP"
14358,","
14359,"CC"
14360,"NNP"
14361,"NNP"
14362,"VBD"
14363,"NN"
14364,"IN"
14365,"JJ"
14366,"NNS"
14367,"CC"
14368,"NNS"
14369,"."
14370,"RB"
14371,"WP"
14372,"VBZ"
14373,"."
14374,"IN"
14375,"DT"
14376,"NN"
14377,"CC"
14378,"CD"
14379,"DT"
14380,"IN"
14381,"DT"
14382,"NNP"
14383,"NNP"
14384,"MD"
14385,"VB"
14386,"JJ"
14387,"NN"
14388,","
14389,"RB"
14390,"TO"
14391,"VB"
14392,"VBN"
14393,"IN"
14394,"NN"
14395,"IN"
14396,"DT"
14397,"JJ"
14398,"NN"
14399,"IN"
14400,"JJ"
14401,"NNS"
14402,"."
14403,"CC"
14404,"RB"
14405,"NNP"
14406,"NNP"
14407,","
14408,"WRB"
14409,"PRP"
14410,"VBZ"
14411,"VBN"
14412,"RB"
14413,","
14414,"MD"
14415,"VB"
14416,"DT"
14417,"NN"
14418,"VBZ"
14419,"DT"
14420,"NN"
14421,"NN"
14422,","
14423,"CC"
14424,"VB"
14425,"PRP$"
14426,"NN"
14427,"."
14428,"NNP"
14429,"NNP"
14430,"VBZ"
14431,"NN"
14432,"IN"
14433,"NNP"
14434,","
14435,"NNP"
14436,"NNP"
14437,"NNP"
14438,","
14439,"NNP"
14440,"NNP"
14441,"."
14442,"O"
14443,"NNP"
14444,"NN"
14445,"NNP"
14446,"NNP"
14447,"NNP"
14448,"VBD"
14449,"PRP"
14450,"VBD"
14451,"PRP$"
14452,"NN"
14453,"IN"
14454,"NNP"
14455,"NNP"
14456,"TO"
14457,"CD"
14458,"NN"
14459,"IN"
14460,"CD"
14461,"NN"
14462,"IN"
14463,"DT"
14464,"NN"
14465,"CC"
14466,"NN"
14467,"NN"
14468,"POS"
14469,"JJ"
14470,"NNS"
14471,"."
14472,"IN"
14473,"DT"
14474,"NNP"
14475,"CC"
14476,"NNP"
14477,"NNP"
14478,"NN"
14479,","
14480,"NNP"
14481,"NNP"
14482,"VBD"
14483,"PRP"
14484,"CC"
14485,"NNS"
14486,"PRP"
14487,"VBZ"
14488,","
14489,"NNP"
14490,"NNP"
14491,"NNP"
14492,"CC"
14493,"NNP"
14494,"NNP"
14495,"NNP"
14496,","
14497,"NN"
14498,"NN"
14499,"NNS"
14500,"IN"
14501,"NNP"
14502,","
14503,"IN"
14504,"NNP"
14505,","
14506,"NNP"
14507,"."
14508,"PRP"
14509,"VBP"
14510,"CD"
14511,"NNS"
14512,"VBD"
14513,"NNP"
14514,"IN"
14515,"IN"
14516,"$"
14517,"CD"
14518,"CC"
14519,"$"
14520,"CD"
14521,"DT"
14522,"."
14523,"IN"
14524,"JJ"
14525,"NN"
14526,"IN"
14527,"DT"
14528,"NNP"
14529,"NNP"
14530,"NNP"
14531,"NNP"
14532,","
14533,"NNP"
14534,"VBD"
14535,"IN"
14536,"$"
14537,"CD"
14538,"DT"
14539,"NN"
14540,","
14541,"RB"
14542,"CD"
14543,"NNS"
14544,"."
14545,"RB"
14546,"DT"
14547,"NN"
14548,","
14549,"NNP"
14550,"NNP"
14551,"VBD"
14552,"TO"
14553,"VBN"
14554,"VBZ"
14555,"VBG"
14556,"PRP"
14557,"IN"
14558,"VBG"
14559,"PRP"
14560,"VBN"
14561,"TO"
14562,"VB"
14563,"PRP$"
14564,"NNP"
14565,"NN"
14566,"IN"
14567,"``"
14568,"DT"
14569,"NN"
14570,"NN"
14571,"VBZ"
14572,"TO"
14573,"VB"
14574,"VBG"
14575,"JJR"
14576,"JJ"
14577,"."
14578,"''"
14579,"NNP"
14580,"NNP"
14581,","
14582,"DT"
14583,"IN"
14584,"NNP"
14585,"NNP"
14586,"POS"
14587,"NNS"
14588,","
14589,"VBD"
14590,"TO"
14591,"DT"
14592,"NN"
14593,"NNP"
14594,"IN"
14595,"DT"
14596,"NNP"
14597,"NNP"
14598,"NNP"
14599,","
14600,"WDT"
14601,"VBD"
14602,"DT"
14603,"NN"
14604,"IN"
14605,"DT"
14606,"NNP"
14607,"NNP"
14608,"NNP"
14609,"NNP"
14610,"NNP"
14611,"."
14612,"NNP"
14613,"VBD"
14614,"DT"
14615,"NNS"
14616,"VBD"
14617,"RB"
14618,"RB"
14619,"VB"
14620,"NNP"
14621,"CC"
14622,"PRP$"
14623,"NNS"
14624,"POS"
14625,"NNS"
14626,"IN"
14627,"NNP"
14628,"."
14629,"RB"
14630,","
14631,"NNP"
14632,"VBD"
14633,","
14634,"PRP"
14635,"MD"
14636,"VB"
14637,","
14638,"VB"
14639,"CC"
14640,"VB"
14641,"PRP$"
14642,"NNP"
14643,"NNS"
14644,","
14645,"VBG"
14646,"IN"
14647,"DT"
14648,"NN"
14649,"IN"
14650,"NNS"
14651,"."
14652,"O"
14653,"NNP"
14654,","
14655,"WDT"
14656,"VBZ"
14657,"VBG"
14658,"TO"
14659,"VB"
14660,"IN"
14661,"NN"
14662,"NNS"
14663,"IN"
14664,"DT"
14665,"NNP"
14666,","
14667,"VBD"
14668,"DT"
14669,"CD"
14670,"NN"
14671,"NN"
14672,"IN"
14673,"PRP$"
14674,"NN"
14675,"NN"
14676,"IN"
14677,"DT"
14678,"NNP"
14679,"IN"
14680,"NNP"
14681,","
14682,"NNP"
14683,"NNP"
14684,","
14685,"DT"
14686,"JJ"
14687,"NN"
14688,","
14689,"VBD"
14690,"."
14691,"NNP"
14692,"NNS"
14693,"TO"
14694,"NNP"
14695,"VBD"
14696,"CD"
14697,"NN"
14698,"IN"
14699,"NNP"
14700,"IN"
14701,"NNP"
14702,"IN"
14703,"NNP"
14704,"NNS"
14705,"IN"
14706,"NNP"
14707,"VBD"
14708,"RB"
14709,"CD"
14710,"NN"
14711,"."
14712,"IN"
14713,"DT"
14714,"NN"
14715,","
14716,"NNP"
14717,"POS"
14718,"NN"
14719,"NN"
14720,"IN"
14721,"DT"
14722,"NNP"
14723,"VBD"
14724,"TO"
14725,"$"
14726,"CD"
14727,"CD"
14728,"("
14729,"$"
14730,"CD"
14731,"CD"
14732,")"
14733,"IN"
14734,"NNP"
14735,"IN"
14736,"$"
14737,"CD"
14738,"CD"
14739,"("
14740,"$"
14741,"CD"
14742,"CD"
14743,")"
14744,"IN"
14745,"NNP"
14746,"."
14747,"NNP"
14748,"VBZ"
14749,"VBN"
14750,"IN"
14751,"NNP"
14752,"IN"
14753,"JJ"
14754,"JJ"
14755,"NN"
14756,"IN"
14757,"JJ"
14758,"NN"
14759,"CC"
14760,"NN"
14761,"CC"
14762,"DT"
14763,"NN"
14764,"IN"
14765,"JJ"
14766,"NN"
14767,"NN"
14768,","
14769,"JJ"
14770,"NNS"
14771,"VBD"
14772,"."
14773,"DT"
14774,"NNP"
14775,"NNP"
14776,"NNP"
14777,","
14778,"WDT"
14779,"VBP"
14780,"JJR"
14781,"NN"
14782,"IN"
14783,"DT"
14784,"JJ"
14785,"NN"
14786,"IN"
14787,"NNS"
14788,","
14789,"VBP"
14790,"TO"
14791,"VB"
14792,"JJ"
14793,"NN"
14794,"TO"
14795,"VB"
14796,"DT"
14797,"NN"
14798,"IN"
14799,"JJ"
14800,"NN"
14801,"NNS"
14802,"IN"
14803,"DT"
14804,"NNP"
14805,"JJ"
14806,"NN"
14807,"NN"
14808,"."
14809,"NNP"
14810,"IN"
14811,"DT"
14812,"NNS"
14813,"VBP"
14814,"VBN"
14815,"DT"
14816,"NN"
14817,"IN"
14818,"NN"
14819,"NNS"
14820,"IN"
14821,"NNS"
14822,"IN"
14823,"NNS"
14824,"."
14825,"DT"
14826,"NNS"
14827,"VBD"
14828,"VBN"
14829,"WRB"
14830,"DT"
14831,"NN"
14832,"NN"
14833,"VBD"
14834,"NN"
14835,"NNP"
14836,"CD"
14837,"."
14838,"DT"
14839,"NN"
14840,"VBD"
14841,"TO"
14842,"VB"
14843,"VBN"
14844,"RP"
14845,"IN"
14846,"CD"
14847,"CC"
14848,"CD"
14849,"JJ"
14850,"NNS"
14851,","
14852,"IN"
14853,"DT"
14854,"NNS"
14855,"VBN"
14856,"IN"
14857,"NNP"
14858,"CD"
14859,"."
14860,"DT"
14861,"CD"
14862,"NNS"
14863,"VBP"
14864,"TO"
14865,"VB"
14866,"DT"
14867,"NN"
14868,"IN"
14869,"JJ"
14870,"NNP"
14871,"IN"
14872,"DT"
14873,"NN"
14874,"IN"
14875,"JJ"
14876,"NN"
14877,"NNS"
14878,"WDT"
14879,"MD"
14880,"VB"
14881,"NN"
14882,"RB"
14883,"JJ"
14884,"NN"
14885,"."
14886,"JJ"
14887,"NNS"
14888,"VBD"
14889,"DT"
14890,"NN"
14891,"NN"
14892,"VBZ"
14893,"VBN"
14894,"DT"
14895,"JJ"
14896,"NN"
14897,"IN"
14898,"JJ"
14899,"JJ"
14900,"JJ"
14901,"NNS"
14902,"IN"
14903,"RB"
14904,"VBN"
14905,"JJ"
14906,"CC"
14907,"DT"
14908,"JJ"
14909,"NNS"
14910,"."
14911,"IN"
14912,"JJ"
14913,"NNS"
14914,","
14915,"DT"
14916,"JJ"
14917,"NN"
14918,"VBZ"
14919,"VBG"
14920,"CD"
14921,"NNS"
14922,"DT"
14923,"NN"
14924,"TO"
14925,"NNP"
14926,"NNS"
14927,"VBG"
14928,"IN"
14929,"NNP"
14930,"."
14931,"DT"
14932,"NNS"
14933,"VBP"
14934,"VBN"
14935,"TO"
14936,"JJ"
14937,"NNS"
14938,"CC"
14939,"NNS"
14940,"CC"
14941,"VBN"
14942,"IN"
14943,"NN"
14944,"NNS"
14945,"."
14946,"DT"
14947,"NNP"
14948,"NNP"
14949,"NNP"
14950,"VBZ"
14951,"VBG"
14952,"TO"
14953,"VB"
14954,"IN"
14955,"JJ"
14956,"NNS"
14957,"IN"
14958,"NNP"
14959,"NNS"
14960,"IN"
14961,"JJ"
14962,"NNS"
14963,"IN"
14964,"PRP$"
14965,"NNP"
14966,"NNP"
14967,"."
14968,"NNP"
14969,"NN"
14970,"."
14971,"NNS"
14972,"IN"
14973,"DT"
14974,"NNP"
14975,"NNS"
14976,"TO"
14977,"NNP"
14978,"VBP"
14979,"TO"
14980,"VB"
14981,"VBN"
14982,"IN"
14983,"NNS"
14984,"IN"
14985,"DT"
14986,"NNP"
14987,"NNP"
14988,"IN"
14989,"JJ"
14990,"NNS"
14991,","
14992,"DT"
14993,"NN"
14994,"NN"
14995,","
14996,"IN"
14997,"NN"
14998,"IN"
14999,"PRP$"
15000,"NN"
15001,"NNS"
15002,"."
15003,"DT"
15004,"JJ"
15005,"NN"
15006,"RB"
15007,"VBZ"
15008,"RB"
15009,"VBN"
15010,"JJ"
15011,"NN"
15012,"NNS"
15013,"IN"
15014,"NNP"
15015,"NNP"
15016,":"
15017,"NNP"
15018,"NNP"
15019,","
15020,"NNP"
15021,"NNP"
15022,":"
15023,"NNP"
15024,":"
15025,"NNP"
15026,","
15027,"NNP"
15028,","
15029,"NNP"
15030,"NNP"
15031,","
15032,"VBG"
15033,"DT"
15034,"JJ"
15035,"NN"
15036,"IN"
15037,"JJ"
15038,"JJ"
15039,"NNS"
15040,"IN"
15041,"DT"
15042,"NNP"
15043,"TO"
15044,"CD"
15045,"."
15046,"DT"
15047,"NNP"
15048,"VBZ"
15049,"CD"
15050,"NN"
15051,"NN"
15052,"NNS"
15053,"IN"
15054,"NNP"
15055,"."
15056,"NNP"
15057,"POS"
15058,"NN"
15059,"NN"
15060,"VBZ"
15061,"VBN"
15062,"VBN"
15063,"IN"
15064,"JJ"
15065,"NN"
15066,"NN"
15067,"NN"
15068,"CC"
15069,"IN"
15070,"DT"
15071,"CD"
15072,"NN"
15073,"NN"
15074,"IN"
15075,"DT"
15076,"JJ"
15077,"NN"
15078,"IN"
15079,"PRP$"
15080,"JJ"
15081,"NN"
15082,"IN"
15083,"DT"
15084,"JJ"
15085,"CD"
15086,"NNS"
15087,"WDT"
15088,"VBZ"
15089,"VBN"
15090,"JJ"
15091,"NNS"
15092,"RBR"
15093,"JJ"
15094,"IN"
15095,"DT"
15096,"NNP"
15097,"."
15098,"NNP"
15099,"POS"
15100,"NN"
15101,"NN"
15102,"IN"
15103,"DT"
15104,"NNS"
15105,"VBD"
15106,"TO"
15107,"$"
15108,"CD"
15109,"CD"
15110,"IN"
15111,"NNP"
15112,"IN"
15113,"$"
15114,"CD"
15115,"CD"
15116,"IN"
15117,"NNP"
15118,","
15119,"NNP"
15120,"NNP"
15121,"VBD"
15122,"."
15123,"O"
15124,"NNP"
15125,"NNP"
15126,"VBD"
15127,"PRP"
15128,"VBD"
15129,"DT"
15130,"$"
15131,"CD"
15132,"CD"
15133,"NN"
15134,"IN"
15135,"NNP"
15136,"POS"
15137,"NNP"
15138,"IN"
15139,"NNP"
15140,","
15141,"DT"
15142,"JJS"
15143,"NN"
15144,"DT"
15145,"NN"
15146,"RB"
15147,"VBZ"
15148,"VBN"
15149,"."
15150,"NNP"
15151,"MD"
15152,"VB"
15153,"TO"
15154,"NNP"
15155,"DT"
15156,"JJ"
15157,"NNS"
15158,"NN"
15159,"IN"
15160,"PRP$"
15161,"NN"
15162,"IN"
15163,"JJ"
15164,"NN"
15165,"."
15166,"DT"
15167,"NN"
15168,"VBZ"
15169,"JJ"
15170,"NN"
15171,"CC"
15172,"JJ"
15173,"NN"
15174,"NNS"
15175,"."
15176,"DT"
15177,"NN"
15178,"NN"
15179,"NN"
15180,"VBD"
15181,"NN"
15182,"MD"
15183,"VB"
15184,"IN"
15185,"NNP"
15186,"CD"
15187,"CC"
15188,"VB"
15189,"IN"
15190,"FW"
15191,"."
15192,"NNP"
15193,"VBD"
15194,"DT"
15195,"NN"
15196,"IN"
15197,"NNP"
15198,"MD"
15199,"VB"
15200,"NNS"
15201,"IN"
15202,"NN"
15203,"TO"
15204,"VB"
15205,"DT"
15206,"NN"
15207,"IN"
15208,"JJ"
15209,"NN"
15210,"NNS"
15211,"."
15212,"O"
15213,"NNP"
15214,"NNP"
15215,"NNP"
15216,"VBD"
15217,"PRP"
15218,"VBD"
15219,"DT"
15220,"JJ"
15221,"NN"
15222,"TO"
15223,"VB"
15224,"DT"
15225,"NNP"
15226,"NNP"
15227,"NNP"
15228,"NNP"
15229,"VBZ"
15230,"PRP"
15231,"VBZ"
15232,"RB"
15233,"RB"
15234,"JJ"
15235,"."
15236,"IN"
15237,"DT"
15238,"JJ"
15239,"NN"
15240,","
15241,"NNP"
15242,"NNP"
15243,"NNS"
15244,"MD"
15245,"VB"
15246,"CD"
15247,"NNP"
15248,"NNS"
15249,"IN"
15250,"DT"
15251,"IN"
15252,"DT"
15253,"CD"
15254,"CD"
15255,"NNP"
15256,"NNP"
15257,"NNS"
15258,"RB"
15259,"VBN"
15260,"IN"
15261,"NNP"
15262,","
15263,"WDT"
15264,"RB"
15265,"VBZ"
15266,"CD"
15267,"NN"
15268,"."
15269,"DT"
15270,"NN"
15271,"VBZ"
15272,"JJ"
15273,"TO"
15274,"NN"
15275,"IN"
15276,"DT"
15277,"NNP"
15278,"NNP"
15279,"IN"
15280,"NNP"
15281,"NNP"
15282,"NN"
15283,","
15284,"NNP"
15285,"VBD"
15286,"."
15287,"NNP"
15288,"NNP"
15289,"VBZ"
15290,"VBN"
15291,"IN"
15292,"NNP"
15293,","
15294,"NNP"
15295,"NNP"
15296,","
15297,"CC"
15298,"NNP"
15299,"NNP"
15300,"VBZ"
15301,"VBN"
15302,"IN"
15303,"NNP"
15304,"."
15305,"DT"
15306,"JJ"
15307,"NN"
15308,"NNS"
15309,"."
15310,"O"
15311,"NNP"
15312,"NNP"
15313,"NNP"
15314,"VBD"
15315,"PRP$"
15316,"NN"
15317,"VBN"
15318,"IN"
15319,"NNP"
15320,"CD"
15321,"DT"
15322,"NN"
15323,"NN"
15324,"IN"
15325,"NNP"
15326,"POS"
15327,"JJ"
15328,"NN"
15329,"NN"
15330,"VBZ"
15331,"JJ"
15332,"."
15333,"DT"
15334,"NN"
15335,"NN"
15336,"VBD"
15337,"VBN"
15338,"NNP"
15339,"CD"
15340,"."
15341,"DT"
15342,"IN"
15343,"DT"
15344,"CD"
15345,"NNS"
15346,"VB"
15347,"DT"
15348,"NNS"
15349,"TO"
15350,"VB"
15351,"CD"
15352,"NN"
15353,"IN"
15354,"NNP"
15355,"JJ"
15356,"NN"
15357,"IN"
15358,"$"
15359,"CD"
15360,"."
15361,"NNP"
15362,"VBD"
15363,"VBN"
15364,"IN"
15365,"DT"
15366,"JJ"
15367,"NN"
15368,"NN"
15369,"IN"
15370,"$"
15371,"CD"
15372,"NN"
15373,"."
15374,"O"
15375,"NNP"
15376,"IN"
15377,"NNP"
15378,"NNP"
15379,"NNP"
15380,","
15381,"VBG"
15382,"TO"
15383,"VB"
15384,"PRP$"
15385,"NN"
15386,"IN"
15387,"DT"
15388,"NN"
15389,"IN"
15390,"JJ"
15391,"NNS"
15392,"CC"
15393,"VBG"
15394,"NN"
15395,"NNS"
15396,","
15397,"VBD"
15398,"PRP"
15399,"MD"
15400,"VB"
15401,"DT"
15402,"NNS"
15403,"CC"
15404,"VBD"
15405,"RP"
15406,"LS"
15407,"NN"
15408,"IN"
15409,"PRP$"
15410,"NN"
15411,"NN"
15412,"."
15413,"DT"
15414,"NN"
15415,"NN"
15416,"NN"
15417,"RB"
15418,"VBD"
15419,"DT"
15420,"JJ"
15421,"NN"
15422,"VBD"
15423,"CD"
15424,"NN"
15425,","
15426,"TO"
15427,"$"
15428,"CD"
15429,"CD"
15430,","
15431,"CC"
15432,"CD"
15433,"NNS"
15434,"DT"
15435,"NN"
15436,","
15437,"IN"
15438,"DT"
15439,"JJ"
15440,"$"
15441,"CD"
15442,"CD"
15443,","
15444,"CC"
15445,"$"
15446,"CD"
15447,"DT"
15448,"NN"
15449,"."
15450,"IN"
15451,"PRP$"
15452,"NN"
15453,"NNS"
15454,","
15455,"DT"
15456,"NN"
15457,"VBD"
15458,"PRP"
15459,"VBZ"
15460,"TO"
15461,"VB"
15462,"CD"
15463,"IN"
15464,"PRP$"
15465,"JJ"
15466,"NN"
15467,"NNS"
15468,"CC"
15469,"TO"
15470,"VB"
15471,"IN"
15472,"CD"
15473,"NNS"
15474,"."
15475,"RB"
15476,","
15477,"NN"
15478,"VBZ"
15479,"VBN"
15480,"TO"
15481,"VB"
15482,"TO"
15483,"JJR"
15484,"IN"
15485,"CD"
15486,"IN"
15487,"DT"
15488,"JJ"
15489,"NN"
15490,"IN"
15491,"IN"
15492,"CD"
15493,"."
15494,"NNP"
15495,"NNP"
15496,","
15497,"NN"
15498,","
15499,"VBD"
15500,"IN"
15501,"DT"
15502,"NN"
15503,"IN"
15504,"DT"
15505,"NN"
15506,"VBZ"
15507,"TO"
15508,"VB"
15509,"JJ"
15510,"NNS"
15511,"IN"
15512,"$"
15513,"CD"
15514,"CD"
15515,"TO"
15516,"$"
15517,"CD"
15518,"CD"
15519,"IN"
15520,"DT"
15521,"NN"
15522,"IN"
15523,"PRP$"
15524,"NN"
15525,"NNS"
15526,"CC"
15527,"IN"
15528,"JJ"
15529,"JJ"
15530,"NN"
15531,"NNS"
15532,"."
15533,"IN"
15534,"DT"
15535,"JJ"
15536,"NN"
15537,","
15538,"DT"
15539,"NN"
15540,"VBD"
15541,"PRP"
15542,"VBZ"
15543,"TO"
15544,"VB"
15545,"DT"
15546,"NNS"
15547,"IN"
15548,"NN"
15549,"NN"
15550,"."
15551,"JJ"
15552,"NNS"
15553,"VBD"
15554,"TO"
15555,"VB"
15556,"RP"
15557,"IN"
15558,"DT"
15559,"JJS"
15560,"NN"
15561,","
15562,"VBG"
15563,"TO"
15564,"$"
15565,"CD"
15566,"CD"
15567,","
15568,"CC"
15569,"CD"
15570,"NN"
15571,"IN"
15572,"NNS"
15573,"CC"
15574,"NNS"
15575,","
15576,"IN"
15577,"$"
15578,"CD"
15579,"CD"
15580,","
15581,"CC"
15582,"CD"
15583,"NN"
15584,","
15585,"IN"
15586,"DT"
15587,"NN"
15588,"IN"
15589,"DT"
15590,"JJ"
15591,"NN"
15592,"."
15593,"DT"
15594,"$"
15595,"CD"
15596,"CD"
15597,"IN"
15598,"DT"
15599,"$"
15600,"CD"
15601,"CD"
15602,"NN"
15603,"IN"
15604,"JJ"
15605,"NNS"
15606,"VBD"
15607,"VBN"
15608,"TO"
15609,"JJ"
15610,"NN"
15611,","
15612,"CC"
15613,"RB"
15614,"NNS"
15615,"IN"
15616,"WDT"
15617,"VBD"
15618,"IN"
15619,"DT"
15620,"JJ"
15621,"NNP"
15622,"NNP"
15623,"NN"
15624,","
15625,"VBG"
15626,"TO"
15627,"NNP"
15628,"NNP"
15629,","
15630,"NN"
15631,"NN"
15632,"."
15633,"NNP"
15634,"NNP"
15635,"VBD"
15636,"IN"
15637,","
15638,"IN"
15639,"JJ"
15640,"NN"
15641,"IN"
15642,"DT"
15643,"NN"
15644,"POS"
15645,"JJ"
15646,"NN"
15647,"NN"
15648,","
15649,"NNP"
15650,"IN"
15651,"NNP"
15652,"NNP"
15653,"VBZ"
15654,"DT"
15655,"NN"
15656,"IN"
15657,"NN"
15658,"IN"
15659,"JJ"
15660,"NNS"
15661,"TO"
15662,"VB"
15663,"IN"
15664,"JJ"
15665,"NNS"
15666,"."
15667,"NNP"
15668,"NNP"
15669,"VBD"
15670,"DT"
15671,"JJ"
15672,"JJ"
15673,"NNS"
15674,","
15675,"IN"
15676,"$"
15677,"CD"
15678,"CD"
15679,","
15680,"VBN"
15681,"RB"
15682,"IN"
15683,"DT"
15684,"$"
15685,"CD"
15686,"CD"
15687,"IN"
15688,"DT"
15689,"JJ"
15690,"NN"
15691,"."
15692,"CC"
15693,"PRP"
15694,"VBD"
15695,"DT"
15696,"JJR"
15697,"JJ"
15698,"NN"
15699,"VBZ"
15700,"VBN"
15701,"IN"
15702,"DT"
15703,"JJ"
15704,"NN"
15705,"IN"
15706,"NNS"
15707,"."
15708,"DT"
15709,"NN"
15710,"VBD"
15711,"PRP$"
15712,"NN"
15713,"NN"
15714,"NN"
15715,"TO"
15716,"$"
15717,"CD"
15718,"CD"
15719,"IN"
15720,"$"
15721,"CD"
15722,"CD"
15723,"IN"
15724,"DT"
15725,"NN"
15726,"IN"
15727,"DT"
15728,"JJ"
15729,"NN"
15730,"."
15731,"JJ"
15732,"NNS"
15733,"VBD"
15734,"TO"
15735,"$"
15736,"CD"
15737,"CD"
15738,","
15739,"IN"
15740,"$"
15741,"CD"
15742,"CD"
15743,"IN"
15744,"IN"
15745,"NNP"
15746,"CD"
15747,"."
15748,"IN"
15749,"JJ"
15750,"NN"
15751,"NNS"
15752,","
15753,"DT"
15754,"NN"
15755,"VBD"
15756,"PRP"
15757,"MD"
15758,"VB"
15759,"PRP$"
15760,"NN"
15761,"NN"
15762,"NNS"
15763,"IN"
15764,"NNP"
15765,","
15766,"NNP"
15767,"NNP"
15768,"CC"
15769,"NNP"
15770,"."
15771,"DT"
15772,"NNP"
15773,"NN"
15774,"VBD"
15775,"RB"
15776,"IN"
15777,"DT"
15778,"NN"
15779,"POS"
15780,"NNS"
15781,"RBR"
15782,"DT"
15783,"NN"
15784,","
15785,"WRB"
15786,"$"
15787,"CD"
15788,"CD"
15789,"IN"
15790,"NNS"
15791,"TO"
15792,"NNP"
15793,"NN"
15794,"NNP"
15795,"NNP"
15796,"VBD"
15797,"JJ"
15798,"."
15799,"IN"
15800,"DT"
15801,"JJ"
15802,"NN"
15803,"TO"
15804,"NNS"
15805,","
15806,"NNP"
15807,"NNP"
15808,"CC"
15809,"NNP"
15810,"VBD"
15811,"DT"
15812,"NN"
15813,"IN"
15814,"DT"
15815,"NN"
15816,"TO"
15817,"VB"
15818,"JJ"
15819,"NNS"
15820,"VBN"
15821,"IN"
15822,"DT"
15823,"NN"
15824,"IN"
15825,"NNS"
15826,"IN"
15827,"DT"
15828,"JJ"
15829,"CD"
15830,"NNS"
15831,"."
15832,"O"
15833,"NNP"
15834,"POS"
15835,"JJ"
15836,"NN"
15837,"NN"
15838,"VBD"
15839,"CD"
15840,"NN"
15841,"IN"
15842,"NNP"
15843,"IN"
15844,"NNP"
15845,"NNP"
15846,"VBD"
15847,"RB"
15848,"CD"
15849,"NN"
15850,"IN"
15851,"DT"
15852,"NN"
15853,"RB"
15854,","
15855,"DT"
15856,"NN"
15857,"JJ"
15858,"NN"
15859,"VBD"
15860,"."
15861,"DT"
15862,"NN"
15863,"VBD"
15864,"CD"
15865,"IN"
15866,"NNP"
15867,","
15868,"VBN"
15869,"IN"
15870,"CD"
15871,"IN"
15872,"NNP"
15873,"NNP"
15874,"IN"
15875,"CD"
15876,"IN"
15877,"NNP"
15878,"CD"
15879,"."
15880,"DT"
15881,"JJ"
15882,"NN"
15883,"IN"
15884,"NNP"
15885,"VBD"
15886,"RB"
15887,"RB"
15888,"IN"
15889,"DT"
15890,"CD"
15891,"NN"
15892,"NN"
15893,"IN"
15894,"NNP"
15895,"."
15896,"DT"
15897,"NN"
15898,"VBZ"
15899,"DT"
15900,"NN"
15901,"IN"
15902,"CD"
15903,"NN"
15904,"IN"
15905,"CD"
15906,"CC"
15907,"VBZ"
15908,"RB"
15909,"RB"
15910,"VBN"
15911,"."
15912,"O"
15913,"NNP"
15914,"NN"
15915,"NNS"
15916,"IN"
15917,"NNP"
15918,"VBD"
15919,"CD"
15920,"NN"
15921,"IN"
15922,"DT"
15923,"NN"
15924,"RB"
15925,"TO"
15926,"CD"
15927,"NNS"
15928,","
15929,"VBG"
15930,"TO"
15931,"DT"
15932,"NNP"
15933,"NNP"
15934,"CC"
15935,"NNP"
15936,"NNP"
15937,"."
15938,"DT"
15939,"NN"
15940,"NN"
15941,"POS"
15942,"NN"
15943,"IN"
15944,"NNP"
15945,"NNP"
15946,"NNS"
15947,"VBD"
15948,"IN"
15949,"NNP"
15950,"NNS"
15951,","
15952,"DT"
15953,"JJ"
15954,"JJS"
15955,"JJ"
15956,"NN"
15957,"IN"
15958,"DT"
15959,"NN"
15960,","
15961,"VBD"
15962,"RB"
15963,"CD"
15964,"NN"
15965,"IN"
15966,"NNP"
15967,"POS"
15968,"CD"
15969,"NNS"
15970,"CC"
15971,"IN"
15972,"JJ"
15973,"NN"
15974,"POS"
15975,"NN"
15976,"IN"
15977,"CD"
15978,"NNS"
15979,"IN"
15980,"NNP"
15981,"CD"
15982,"."
15983,"NNP"
15984,"NNS"
15985,"VBD"
15986,"CD"
15987,"NN"
15988,"IN"
15989,"DT"
15990,"NNP"
15991,"NN"
15992,","
15993,"VBN"
15994,"IN"
15995,"CD"
15996,"NN"
15997,"IN"
15998,"NNP"
15999,"CC"
16000,"CD"
16001,"NN"
16002,"IN"
16003,"NNP"
16004,"CD"
16005,"."
16006,"DT"
16007,"JJ"
16008,"NN"
16009,"POS"
16010,"NNS"
16011,"VBP"
16012,"IN"
16013,"NNS"
16014,"IN"
16015,"NN"
16016,"IN"
16017,"NNP"
16018,"NNP"
16019,"NNS"
16020,"VBD"
16021,"TO"
16022,"CD"
16023,"NNS"
16024,"IN"
16025,"CD"
16026,"DT"
16027,"NN"
16028,"RBR"
16029,","
16030,"IN"
16031,"NNS"
16032,"IN"
16033,"NNP"
16034,"VBD"
16035,"TO"
16036,"CD"
16037,"NNS"
16038,"IN"
16039,"CD"
16040,"IN"
16041,"NNP"
16042,"."
16043,"NNS"
16044,"IN"
16045,"NNP"
16046,"VBD"
16047,"TO"
16048,"CD"
16049,"NNS"
16050,"IN"
16051,"NNP"
16052,"IN"
16053,"CD"
16054,"IN"
16055,"NNP"
16056,"."
16057,"DT"
16058,"NNP"
16059,"NNP"
16060,"IN"
16061,"NNP"
16062,"NNP"
16063,"VBD"
16064,"NNS"
16065,"IN"
16066,"DT"
16067,"JJ"
16068,"CD"
16069,"NNS"
16070,"IN"
16071,"NNP"
16072,"VBD"
16073,"IN"
16074,"DT"
16075,"NN"
16076,"VBN"
16077,"IN"
16078,"DT"
16079,"JJ"
16080,"NN"
16081,"NN"
16082,"NN"
16083,"."
16084,"DT"
16085,"NN"
16086,"VBD"
16087,"IN"
16088,","
16089,"VBG"
16090,"JJ"
16091,"NN"
16092,"NNS"
16093,","
16094,"JJ"
16095,"NNS"
16096,"VBD"
16097,"CD"
16098,"NN"
16099,"IN"
16100,"NN"
16101,","
16102,"VBN"
16103,"IN"
16104,"DT"
16105,"VBN"
16106,"NN"
16107,"IN"
16108,"CD"
16109,"NN"
16110,"."
16111,"O"
16112,"JJ"
16113,"NN"
16114,"NNS"
16115,"VBD"
16116,"NNS"
16117,"VBG"
16118,"CD"
16119,"CD"
16120,"NNS"
16121,"("
16122,"$"
16123,"CD"
16124,"CD"
16125,")"
16126,"IN"
16127,"NNP"
16128,","
16129,"RB"
16130,"CD"
16131,"NN"
16132,"IN"
16133,"DT"
16134,"NN"
16135,"RB"
16136,","
16137,"DT"
16138,"NNP"
16139,"NNP"
16140,"NNP"
16141,"VBD"
16142,"."
16143,"``"
16144,"NNP"
16145,"NNS"
16146,"IN"
16147,"DT"
16148,"JJ"
16149,"NN"
16150,"VBD"
16151,"RB"
16152,"JJ"
16153,"IN"
16154,"NN"
16155,"CC"
16156,"NN"
16157,"NNS"
16158,","
16159,"''"
16160,"VBD"
16161,"DT"
16162,"NN"
16163,"NN"
16164,"."
16165,"DT"
16166,"JJ"
16167,"NN"
16168,"VBZ"
16169,"IN"
16170,"DT"
16171,"JJ"
16172,"CD"
16173,"NN"
16174,"NN"
16175,"IN"
16176,"NNP"
16177,"NN"
16178,"NNS"
16179,"IN"
16180,"DT"
16181,"NN"
16182,"RBR"
16183,"."
16184,"O"
16185,"NNP"
16186,"NNP"
16187,","
16188,"RB"
16189,"IN"
16190,"NNP"
16191,"NNP"
16192,"NNP"
16193,"VBD"
16194,"DT"
16195,"JJ"
16196,"$"
16197,"CD"
16198,"CD"
16199,"NN"
16200,"CC"
16201,"VBD"
16202,"PRP$"
16203,"NN"
16204,","
16205,"CD"
16206,"NNP"
16207,"NNS"
16208,"NNS"
16209,"VBD"
16210,"NNS"
16211,"DT"
16212,"NN"
16213,"VBG"
16214,":"
16215,"``"
16216,"PRP"
16217,"RB"
16218,"VBP"
16219,"IN"
16220,"PRP"
16221,"MD"
16222,"RB"
16223,"VB"
16224,"NN"
16225,"NNS"
16226,"IN"
16227,"DT"
16228,"NN"
16229,"VBG"
16230,"DT"
16231,"``"
16232,"JJ"
16233,"NN"
16234,"IN"
16235,"NNP"
16236,"."
16237,"''"
16238,"''"
16239,"WRB"
16240,"RB"
16241,"NNP"
16242,"MD"
16243,"VB"
16244,"DT"
16245,"NN"
16246,","
16247,"CC"
16248,"IN"
16249,"PRP"
16250,"MD"
16251,"IN"
16252,"PDT"
16253,","
16254,"VBP"
16255,"RB"
16256,"NNS"
16257,"IN"
16258,"NN"
16259,"."
16260,"CC"
16261,"NNP"
16262,"NNP"
16263,"VBP"
16264,"VBG"
16265,"TO"
16266,"VB"
16267,"IN"
16268,"DT"
16269,"JJS"
16270,"NN"
16271,"DT"
16272,"NN"
16273,"MD"
16274,"VB"
16275,":"
16276,"VBG"
16277,"DT"
16278,"NNS"
16279,"IN"
16280,"DT"
16281,"NN"
16282,"WDT"
16283,"VBZ"
16284,"IN"
16285,"DT"
16286,"NNS"
16287,"."
16288,"``"
16289,"IN"
16290,"PRP$"
16291,"NN"
16292,"VBZ"
16293,"NN"
16294,"NN"
16295,"DT"
16296,"JJ"
16297,"NN"
16298,"CC"
16299,"PRP"
16300,"VBP"
16301,"RB"
16302,"VBG"
16303,"RB"
16304,"IN"
16305,"PRP"
16306,"VBP"
16307,"VBN"
16308,"RP"
16309,"IN"
16310,"DT"
16311,"JJ"
16312,"NN"
16313,","
16314,"PRP"
16315,"VBP"
16316,"VBN"
16317,"PRP"
16318,"IN"
16319,"PRP"
16320,"VBP"
16321,"VBN"
16322,","
16323,"''"
16324,"VBZ"
16325,"NNP"
16326,"NNP"
16327,"NNP"
16328,","
16329,"DT"
16330,"NNP"
16331,","
16332,"NNP"
16333,","
16334,"JJ"
16335,"NN"
16336,"CC"
16337,"NN"
16338,"WP"
16339,"VBZ"
16340,"IN"
16341,"JJ"
16342,"NN"
16343,"NNS"
16344,"."
16345,"PRP"
16346,"MD"
16347,"VB"
16348,"IN"
16349,"DT"
16350,"NN"
16351,"."
16352,"VB"
16353,"DT"
16354,"NNS"
16355,"VBN"
16356,"IN"
16357,"JJ"
16358,"NN"
16359,"WRB"
16360,"DT"
16361,"NN"
16362,"VBD"
16363,"VBN"
16364,"IN"
16365,"JJ"
16366,"NNS"
16367,"IN"
16368,"JJ"
16369,"NN"
16370,","
16371,"CC"
16372,"NNP"
16373,"NNS"
16374,"POS"
16375,"NNS"
16376,"IN"
16377,"DT"
16378,"NN"
16379,"IN"
16380,"DT"
16381,"NNP"
16382,"NN"
16383,"NN"
16384,"."
16385,"IN"
16386,"NNS"
16387,"IN"
16388,"NN"
16389,"IN"
16390,"PRP"
16391,","
16392,"NNP"
16393,"POS"
16394,"JJ"
16395,"NN"
16396,"NNS"
16397,"TO"
16398,"VB"
16399,"DT"
16400,"JJ"
16401,"NN"
16402,"."
16403,"``"
16404,"PRP"
16405,"VBZ"
16406,"RB"
16407,"JJ"
16408,"IN"
16409,"PRP"
16410,"JJ"
16411,"NN"
16412,","
16413,"RB"
16414,"RB"
16415,"IN"
16416,"DT"
16417,"NN"
16418,"PRP"
16419,"VBP"
16420,"EX"
16421,"POS"
16422,"DT"
16423,"NN"
16424,"IN"
16425,"JJ"
16426,"NN"
16427,"RB"
16428,","
16429,"''"
16430,"VBD"
16431,"NNP"
16432,"NNP"
16433,","
16434,"DT"
16435,"NNP"
16436,","
16437,"NNP"
16438,","
16439,"NN"
16440,"NN"
16441,"POS"
16442,"JJ"
16443,"NN"
16444,","
16445,"IN"
16446,"DT"
16447,"JJ"
16448,"NN"
16449,"TO"
16450,"VB"
16451,"DT"
16452,"NN"
16453,"IN"
16454,"PRP"
16455,"VBD"
16456,"RP"
16457,"."
16458,"NNP"
16459,"VBD"
16460,"IN"
16461,"JJ"
16462,"NN"
16463,"IN"
16464,"IN"
16465,"JJ"
16466,"NN"
16467,"CC"
16468,"RB"
16469,"JJ"
16470,"JJ"
16471,"NNS"
16472,"."
16473,"PRP$"
16474,"JJ"
16475,"NNS"
16476,"CC"
16477,"NN"
16478,"NNS"
16479,"VBP"
16480,"VBN"
16481,"NN"
16482,"TO"
16483,"JJR"
16484,"JJ"
16485,"NNS"
16486,"."
16487,"JJ"
16488,"NN"
16489,"PRP"
16490,"VBN"
16491,"PRP$"
16492,"JJ"
16493,"NN"
16494,"IN"
16495,"JJ"
16496,"NN"
16497,","
16498,"CC"
16499,"PRP"
16500,"VBD"
16501,"JJ"
16502,"NNS"
16503,"WRB"
16504,"NNS"
16505,"VBD"
16506,"RB"
16507,"RB"
16508,"IN"
16509,"VBG"
16510,"."
16511,"IN"
16512,"DT"
16513,"NN"
16514,"VBD"
16515,"JJ"
16516,"NN"
16517,"IN"
16518,"DT"
16519,"JJ"
16520,"JJ"
16521,"NN"
16522,","
16523,"NNP"
16524,"POS"
16525,"NN"
16526,"NN"
16527,"VBD"
16528,"DT"
16529,"JJ"
16530,"NN"
16531,"NNS"
16532,"TO"
16533,"NNS"
16534,"JJ"
16535,"IN"
16536,"``"
16537,"WRB"
16538,"MD"
16539,"PRP"
16540,"RB"
16541,"VBP"
16542,"VBN"
16543,"PRP"
16544,"VBD"
16545,"VBG"
16546,"TO"
16547,"VB"
16548,"$"
16549,"CD"
16550,"CD"
16551,"."
16552,"''"
16553,"CC"
16554,"``"
16555,"VBZ"
16556,"NNP"
16557,"RB"
16558,"DT"
16559,"JJ"
16560,"NN"
16561,"."
16562,"''"
16563,"JJ"
16564,"NN"
16565,"TO"
16566,"VB"
16567,"PRP$"
16568,"NNS"
16569,"CC"
16570,"VB"
16571,"NNS"
16572,"IN"
16573,"NNS"
16574,"."
16575,"VBG"
16576,"TO"
16577,"JJ"
16578,"NNS"
16579,"VBZ"
16580,"``"
16581,"JJ"
16582,","
16583,"''"
16584,"VBZ"
16585,"NNP"
16586,"NNP"
16587,","
16588,"NNP"
16589,"POS"
16590,"NN"
16591,"NN"
16592,","
16593,"NN"
16594,"."
16595,"``"
16596,"DT"
16597,"VBZ"
16598,"JJ"
16599,"TO"
16600,"DT"
16601,"NN"
16602,"IN"
16603,"NN"
16604,"."
16605,"''"
16606,"RB"
16607,","
16608,"PRP"
16609,"VBZ"
16610,"IN"
16611,"VBG"
16612,"JJ"
16613,"NNS"
16614,"``"
16615,"VBZ"
16616,"DT"
16617,"NN"
16618,"IN"
16619,"DT"
16620,"NN"
16621,"WP"
16622,"VBZ"
16623,"RB"
16624,"RB"
16625,"JJ"
16626,"IN"
16627,"DT"
16628,"NN"
16629,"NN"
16630,"."
16631,"''"
16632,"IN"
16633,"CD"
16634,"NNS"
16635,"NN"
16636,"NN"
16637,","
16638,"DT"
16639,"NN"
16640,"VBD"
16641,"VBG"
16642,"NN"
16643,"TO"
16644,"VB"
16645,"NNS"
16646,"IN"
16647,"DT"
16648,"JJ"
16649,"NN"
16650,"."
16651,"NNP"
16652,"NNP"
16653,"VBD"
16654,"DT"
16655,":"
16656,"``"
16657,"RB"
16658,"PRP"
16659,"MD"
16660,"RB"
16661,"VB"
16662,"DT"
16663,"DT"
16664,"NNS"
16665,","
16666,"''"
16667,"PRP"
16668,"VBZ"
16669,"."
16670,"RB"
16671,","
16672,"PRP"
16673,"VBZ"
16674,","
16675,"IN"
16676,"DT"
16677,"NN"
16678,"MD"
16679,"VB"
16680,"DT"
16681,"NNS"
16682,"TO"
16683,"VB"
16684,"NNP"
16685,"POS"
16686,"NNS"
16687,"IN"
16688,"PRP$"
16689,"NNS"
16690,","
16691,"PRP"
16692,"CC"
16693,"DT"
16694,"JJ"
16695,"JJ"
16696,"NN"
16697,"MD"
16698,"VB"
16699,"TO"
16700,"VB"
16701,"DT"
16702,"NNS"
16703,"IN"
16704,"NNS"
16705,"."
16706,"NNP"
16707,"NNP"
16708,","
16709,"DT"
16710,"NN"
16711,"IN"
16712,"NNP"
16713,"NNP"
16714,"NNP"
16715,","
16716,"NNP"
16717,","
16718,"NN"
16719,","
16720,"VBZ"
16721,"DT"
16722,"NN"
16723,"NN"
16724,":"
16725,"``"
16726,"PRP"
16727,"VBP"
16728,"PRP"
16729,"$"
16730,"LS"
16731,"CD"
16732,"NNS"
16733,"VBP"
16734,"RB"
16735,"VB"
16736,"RP"
16737,"IN"
16738,"NN"
16739,"."
16740,"PRP"
16741,"VBP"
16742,"PRP"
16743,"PDT"
16744,"DT"
16745,"JJ"
16746,"NNS"
16747,"VBP"
16748,"VBG"
16749,"JJ"
16750,"NNS"
16751,"."
16752,"''"
16753,"JJ"
16754,"NN"
16755,"NNS"
16756,"VBP"
16757,"VBG"
16758,"JJ"
16759,"NNS"
16760,"CC"
16761,"NNS"
16762,"NNS"
16763,","
16764,"CC"
16765,"RB"
16766,"JJ"
16767,"VBP"
16768,"VBD"
16769,"NNS"
16770,"JJ"
16771,"TO"
16772,"NNP"
16773,"POS"
16774,"CC"
16775,"VBP"
16776,"VBG"
16777,"PDT"
16778,"DT"
16779,"JJ"
16780,"NN"
16781,"NN"
16782,"."
16783,"NNP"
16784,"NNP"
16785,"VBZ"
16786,"IN"
16787,"IN"
16788,"DT"
16789,"JJ"
16790,"JJ"
16791,"NN"
16792,"IN"
16793,"NNP"
16794,"CC"
16795,"NNP"
16796,","
16797,"NNS"
16798,"VBN"
16799,"IN"
16800,"NNP"
16801,"."
16802,"IN"
16803,"NNP"
16804,"MD"
16805,"VB"
16806,"DT"
16807,"NN"
16808,"IN"
16809,"DT"
16810,"JJ"
16811,"NN"
16812,"VBD"
16813,"NNP"
16814,"CD"
16815,"CC"
16816,"DT"
16817,"JJ"
16818,"JJ"
16819,"NN"
16820,","
16821,"NNP"
16822,"NNP"
16823,"VBZ"
16824,"PRP"
16825,"VBZ"
16826,"DT"
16827,"NN"
16828,"MD"
16829,"VB"
16830,"TO"
16831,"NN"
16832,"IN"
16833,"DT"
16834,"JJ"
16835,"NN"
16836,"."
16837,"NNS"
16838,"IN"
16839,"JJ"
16840,"NN"
16841,"VBP"
16842,"NN"
16843,"VBG"
16844,"DT"
16845,"JJ"
16846,"NN"
16847,"MD"
16848,"VB"
16849,"DT"
16850,"JJ"
16851,"NN"
16852,"."
16853,"``"
16854,"IN"
16855,"DT"
16856,"NN"
16857,"VBZ"
16858,"PRP$"
16859,"NN"
16860,"IN"
16861,"DT"
16862,"NN"
16863,"IN"
16864,"NN"
16865,","
16866,"PRP"
16867,"MD"
16868,"VB"
16869,"DT"
16870,"NN"
16871,"IN"
16872,"DT"
16873,"JJ"
16874,"NN"
16875,","
16876,"''"
16877,"VBZ"
16878,"NNP"
16879,"NNP"
16880,","
16881,"DT"
16882,"NNP"
16883,","
16884,"NNP"
16885,","
16886,"JJ"
16887,"NN"
16888,"CC"
16889,"NN"
16890,"IN"
16891,"``"
16892,"DT"
16893,"NNP"
16894,"NNP"
16895,"."
16896,"''"
16897,"RB"
16898,","
16899,"VBZ"
16900,"NNP"
16901,"NNP"
16902,","
16903,"DT"
16904,"NN"
16905,"NN"
16906,"IN"
16907,"NNP"
16908,"NNP"
16909,"NNP"
16910,"IN"
16911,"NNP"
16912,","
16913,"WP"
16914,"VBZ"
16915,"VBN"
16916,"JJ"
16917,"JJ"
16918,"NNS"
16919,"IN"
16920,"NNP"
16921,"CC"
16922,"NNP"
16923,":"
16924,"``"
16925,"DT"
16926,"NN"
16927,"MD"
16928,"VB"
16929,"TO"
16930,"NN"
16931,"."
16932,"RB"
16933,"DT"
16934,"JJ"
16935,"NN"
16936,"."
16937,"NNP"
16938,"PRP"
16939,"VBZ"
16940,"NN"
16941,"IN"
16942,"JJ"
16943,"."
16944,"''"
16945,"DT"
16946,"VBZ"
16947,"RB"
16948,"JJ"
16949,"."
16950,"NNP"
16951,"POS"
16952,"NNS"
16953,"VBP"
16954,"NN"
16955,"NN"
16956,"NNS"
16957,"WP"
16958,"VBP"
16959,"TO"
16960,"VB"
16961,"JJ"
16962,"IN"
16963,"PRP$"
16964,"NNS"
16965,"VBP"
16966,"JJ"
16967,","
16968,"VB"
16969,"NNS"
16970,"WDT"
16971,"MD"
16972,"VB"
16973,"RP"
16974,"TO"
16975,"VB"
16976,"NNS"
16977,"CC"
16978,"VB"
16979,"NNS"
16980,"IN"
16981,"NNS"
16982,"TO"
16983,"VB"
16984,"."
16985,"IN"
16986,"NNS"
16987,","
16988,"``"
16989,"DT"
16990,"JJ"
16991,"NN"
16992,"NNS"
16993,","
16994,"''"
16995,"VBZ"
16996,"NNP"
16997,"NNP"
16998,","
16999,"WP"
17000,"VBZ"
17001,"DT"
17002,"NN"
17003,"IN"
17004,"NNP"
17005,"NNS"
17006,"IN"
17007,"DT"
17008,"NNP"
17009,"NN"
17010,"IN"
17011,"NNP"
17012,"NNP"
17013,"."
17014,"DT"
17015,"NN"
17016,"VBZ"
17017,"VBG"
17018,"VBG"
17019,"DT"
17020,"$"
17021,"CD"
17022,"NN"
17023,"TO"
17024,"VB"
17025,"NNS"
17026,"RB"
17027,"."
17028,"``"
17029,"IN"
17030,"DT"
17031,"RB"
17032,"JJ"
17033,"NN"
17034,","
17035,"PRP"
17036,"VBD"
17037,"VBG"
17038,"IN"
17039,"NNP"
17040,"RB"
17041,"RB"
17042,","
17043,"''"
17044,"PRP"
17045,"VBZ"
17046,"."
17047,"CC"
17048,"``"
17049,"PRP$"
17050,"JJ"
17051,"JJ"
17052,"NN"
17053,"VBZ"
17054,"PRP"
17055,"MD"
17056,"VB"
17057,"DT"
17058,"JJ"
17059,"NN"
17060,"VBG"
17061,"DT"
17062,"NN"
17063,"NN"
17064,"IN"
17065,"NN"
17066,"IN"
17067,"NN"
17068,"."
17069,"''"
17070,"NNP"
17071,"NNP"
17072,"VBZ"
17073,":"
17074,"``"
17075,"IN"
17076,"DT"
17077,"NN"
17078,"PRP"
17079,"MD"
17080,"VB"
17081,"TO"
17082,"VB"
17083,","
17084,"``"
17085,"WRB"
17086,"VBP"
17087,"PRP"
17088,"VB"
17089,"IN"
17090,"IN"
17091,"CD"
17092,"NNS"
17093,"PRP"
17094,"MD"
17095,"RB"
17096,"VB"
17097,"IN"
17098,"NNP"
17099,"CD"
17100,"."
17101,"''"
17102,"''"
17103,"IN"
17104,"DT"
17105,"JJ"
17106,"NN"
17107,","
17108,"NNP"
17109,"VBZ"
17110,"VBN"
17111,"JJ"
17112,"NNS"
17113,"CC"
17114,"DT"
17115,"JJ"
17116,"NN"
17117,"CC"
17118,"VBD"
17119,"DT"
17120,"JJ"
17121,"NN"
17122,"."
17123,"NNP"
17124,"POS"
17125,"JJ"
17126,"NN"
17127,"NN"
17128,"VBZ"
17129,"``"
17130,"RB"
17131,"RB"
17132,"IN"
17133,"NN"
17134,"IN"
17135,"JJ"
17136,"NNS"
17137,","
17138,"CC"
17139,"PRP"
17140,"VBP"
17141,"VBN"
17142,"DT"
17143,"JJ"
17144,"NN"
17145,","
17146,"''"
17147,"VBZ"
17148,"NNP"
17149,"NNP"
17150,","
17151,"DT"
17152,"NN"
17153,"IN"
17154,"NN"
17155,"NN"
17156,"NNP"
17157,"NNP"
17158,","
17159,"NNP"
17160,","
17161,"NNP"
17162,"."
17163,"``"
17164,"PRP"
17165,"VBD"
17166,"IN"
17167,"DT"
17168,"NN"
17169,"IN"
17170,"NN"
17171,"IN"
17172,"NNS"
17173,"IN"
17174,"NN"
17175,"NNS"
17176,"IN"
17177,"DT"
17178,"JJ"
17179,"NN"
17180,"VBD"
17181,"."
17182,"''"
17183,"DT"
17184,"JJ"
17185,"NN"
17186,"IN"
17187,"NNP"
17188,"POS"
17189,"JJ"
17190,"NN"
17191,"VBZ"
17192,"TO"
17193,"VB"
17194,"JJ"
17195,"PRP"
17196,"VBZ"
17197,"IN"
17198,"TO"
17199,"VBG"
17200,"NNS"
17201,"."
17202,"NNP"
17203,"POS"
17204,"VBN"
17205,"NN"
17206,"VBZ"
17207,"CD"
17208,"IN"
17209,"PRP$"
17210,"JJS"
17211,"NNS"
17212,","
17213,"CC"
17214,"JJ"
17215,"IN"
17216,"DT"
17217,"NNS"
17218,"VBP"
17219,"RB"
17220,"JJ"
17221,"."
17222,"CC"
17223,"RB"
17224,"IN"
17225,"NNP"
17226,"POS"
17227,"JJS"
17228,"JJ"
17229,"NNS"
17230,"VBD"
17231,","
17232,"DT"
17233,"NNS"
17234,"``"
17235,"VBD"
17236,"VBG"
17237,"TO"
17238,"NN"
17239,"IN"
17240,"PRP$"
17241,"NNP"
17242,"NNS"
17243,"''"
17244,"IN"
17245,"JJ"
17246,"NNS"
17247,"MD"
17248,"RB"
17249,"VB"
17250,"NNP"
17251,","
17252,"VBZ"
17253,"NNP"
17254,"NNP"
17255,","
17256,"DT"
17257,"JJ"
17258,"NNP"
17259,"NN"
17260,"WP"
17261,"VBZ"
17262,"RB"
17263,"DT"
17264,"NN"
17265,"NN"
17266,"IN"
17267,"NNP"
17268,"NNP"
17269,","
17270,"DT"
17271,"NN"
17272,"NN"
17273,"NN"
17274,"IN"
17275,"NNP"
17276,","
17277,"NNP"
17278,"."
17279,"NNP"
17280,"NNP"
17281,"NN"
17282,"WP"
17283,"VBD"
17284,"DT"
17285,"NN"
17286,"IN"
17287,"NNP"
17288,"VBZ"
17289,"IN"
17290,"WRB"
17291,"PRP"
17292,"VBD"
17293,"TO"
17294,"VB"
17295,"NNS"
17296,"TO"
17297,"NNP"
17298,"NNP"
17299,","
17300,"PRP"
17301,"VBD"
17302,"``"
17303,"TO"
17304,"VB"
17305,"NN"
17306,"IN"
17307,"JJ"
17308,"NNS"
17309,","
17310,"''"
17311,"CC"
17312,"``"
17313,"DT"
17314,"NNS"
17315,"VBD"
17316,"JJ"
17317,"IN"
17318,"PRP"
17319,"VBD"
17320,"DT"
17321,"NN"
17322,"."
17323,"DT"
17324,"JJ"
17325,"JJ"
17326,"NNS"
17327,"VBD"
17328,"RB"
17329,"JJ"
17330,"."
17331,"''"
17332,"NNP"
17333,"NNS"
17334,","
17335,"DT"
17336,"NN"
17337,"IN"
17338,"JJR"
17339,"NNS"
17340,"IN"
17341,"NN"
17342,"CC"
17343,"DT"
17344,"NN"
17345,"TO"
17346,"NNP"
17347,"POS"
17348,"JJ"
17349,"NN"
17350,","
17351,"VBP"
17352,"RB"
17353,"JJR"
17354,"."
17355,"NNP"
17356,"NNP"
17357,","
17358,"DT"
17359,"JJ"
17360,"NN"
17361,"NN"
17362,"IN"
17363,"NNP"
17364,"POS"
17365,"NNP"
17366,"NN"
17367,","
17368,"VBG"
17369,"TO"
17370,"NNP"
17371,"POS"
17372,"NN"
17373,"NN"
17374,"NN"
17375,","
17376,"VBZ"
17377,":"
17378,"``"
17379,"PRP"
17380,"MD"
17381,"RB"
17382,"VB"
17383,"DT"
17384,"NN"
17385,"TO"
17386,"DT"
17387,"JJ"
17388,"NN"
17389,"."
17390,"''"
17391,"NNP"
17392,"NNP"
17393,"VBD"
17394,"NNP"
17395,"DT"
17396,"NN"
17397,"IN"
17398,"NNP"
17399,"NNP"
17400,"NNP"
17401,","
17402,"DT"
17403,"NN"
17404,"NN"
17405,"."
17406,"DT"
17407,"JJ"
17408,"NNS"
17409,"VBP"
17410,"RB"
17411,"JJ"
17412,"IN"
17413,"NN"
17414,"VBG"
17415,"NNP"
17416,"POS"
17417,"NN"
17418,"NNS"
17419,","
17420,"WDT"
17421,"VBP"
17422,"NN"
17423,"NNS"
17424,"TO"
17425,"JJ"
17426,"NNS"
17427,"."
17428,"NNS"
17429,"VBP"
17430,"IN"
17431,"NNP"
17432,"POS"
17433,"NN"
17434,"VBZ"
17435,"IN"
17436,"DT"
17437,"RBS"
17438,"JJ"
17439,"IN"
17440,"DT"
17441,"NN"
17442,"NN"
17443,"."
17444,"CC"
17445,"RB"
17446,"RB"
17447,"VBN"
17448,"IN"
17449,"NN"
17450,"IN"
17451,"NNP"
17452,"POS"
17453,"NNS"
17454,"VBD"
17455,"PRP$"
17456,"NNS"
17457,"NNS"
17458,"."
17459,"NNP"
17460,"NNP"
17461,","
17462,"DT"
17463,"JJ"
17464,"JJ"
17465,"NN"
17466,"IN"
17467,"NNP"
17468,","
17469,"VBZ"
17470,"IN"
17471,"PRP$"
17472,"NN"
17473,"VBD"
17474,"RB"
17475,"CC"
17476,"VBD"
17477,"DT"
17478,"$"
17479,"CD"
17480,"CD"
17481,"NN"
17482,"NN"
17483,"TO"
17484,"JJ"
17485,"NN"
17486,"NNP"
17487,"NNP"
17488,"CC"
17489,"NNP"
17490,"."
17491,"``"
17492,"WRB"
17493,"PRP"
17494,"VBD"
17495,"VBG"
17496,"DT"
17497,"NN"
17498,","
17499,"DT"
17500,"NN"
17501,"VBD"
17502,"RB"
17503,"IN"
17504,"DT"
17505,"NNS"
17506,"."
17507,"''"
17508,"PRP"
17509,"VBZ"
17510,"DT"
17511,"NNP"
17512,"NNS"
17513,"VBD"
17514,"PRP"
17515,"PRP"
17516,"MD"
17517,"RB"
17518,"VB"
17519,"DT"
17520,"NN"
17521,"IN"
17522,"NNP"
17523,"."
17524,"NNP"
17525,"NNP"
17526,"VBP"
17527,"PRP"
17528,"VBZ"
17529,"RB"
17530,"VB"
17531,"NNP"
17532,"."
17533,"NNS"
17534,"VBP"
17535,"TO"
17536,"VB"
17537,"IN"
17538,"DT"
17539,"NN"
17540,"``"
17541,"RB"
17542,"VBG"
17543,"CC"
17544,"VBG"
17545,"DT"
17546,"NN"
17547,","
17548,"''"
17549,"PRP"
17550,"VBZ"
17551,"."
17552,"``"
17553,"WRB"
17554,"DT"
17555,"NN"
17556,"VBZ"
17557,"IN"
17558,","
17559,"PRP"
17560,"VBZ"
17561,"JJ"
17562,"TO"
17563,"VB"
17564,"IN"
17565,"NNP"
17566,"."
17567,"''"
17568,"IN"
17569,"NNP"
17570,"NNP"
17571,","
17572,"WP"
17573,"VBZ"
17574,"PRP"
17575,"VBD"
17576,"TO"
17577,"VB"
17578,"RB"
17579,"RB"
17580,"IN"
17581,"$"
17582,"CD"
17583,"DT"
17584,"NN"
17585,"IN"
17586,"NNP"
17587,","
17588,"PRP"
17589,"VBD"
17590,"CD"
17591,"JJR"
17592,"NN"
17593,"TO"
17594,"VB"
17595,"."
17596,"PRP"
17597,"VBZ"
17598,"RB"
17599,"NN"
17600,"IN"
17601,"JJ"
17602,"NNPS"
17603,"NNP"
17604,","
17605,"DT"
17606,"NNP"
17607,"NN"
17608,"."
17609,"PRP"
17610,"MD"
17611,"VB"
17612,"JJ"
17613,"IN"
17614,"DT"
17615,"NN"
17616,"TO"
17617,"VB"
17618,"IN"
17619,"NNS"
17620,"IN"
17621,"NN"
17622,"."
17623,"NNP"
17624,"NNP"
17625,","
17626,"DT"
17627,"JJ"
17628,"NNP"
17629,"NN"
17630,"IN"
17631,"NNP"
17632,"NNP"
17633,"NNP"
17634,","
17635,"VBZ"
17636,":"
17637,"``"
17638,"PRP"
17639,"VBP"
17640,"NN"
17641,"IN"
17642,"PRP$"
17643,"NN"
17644,"."
17645,"PRP"
17646,"VBP"
17647,"PRP"
17648,"MD"
17649,"VB"
17650,"RP"
17651,"CC"
17652,"VB"
17653,"NNS"
17654,"RB"
17655,"."
17656,"PRP"
17657,"VBZ"
17658,"DT"
17659,"JJ"
17660,"NN"
17661,"WRB"
17662,"PRP"
17663,"MD"
17664,"RB"
17665,"."
17666,"DT"
17667,"NN"
17668,"VBZ"
17669,"RB"
17670,"JJ"
17671,"TO"
17672,"PRP$"
17673,"NN"
17674,"NNS"
17675,"."
17676,"''"
17677,"NNP"
17678,"VBZ"
17679,"IN"
17680,"PRP"
17681,"."
17682,"``"
17683,"DT"
17684,"NN"
17685,"VBZ"
17686,","
17687,"IN"
17688,"NNS"
17689,"VBP"
17690,"RB"
17691,"IN"
17692,"DT"
17693,"NNS"
17694,","
17695,"PRP"
17696,"VBP"
17697,"VBG"
17698,","
17699,"''"
17700,"VBZ"
17701,"NNP"
17702,"NNP"
17703,","
17704,"DT"
17705,"NN"
17706,"NNS"
17707,"NN"
17708,"IN"
17709,"NNP"
17710,"POS"
17711,"NNP"
17712,"NN"
17713,"."
17714,"NNP"
17715,"NNP"
17716,"IN"
17717,"NNP"
17718,"VBZ"
17719,"TO"
17720,"VB"
17721,"PRP$"
17722,"JJ"
17723,"NN"
17724,"."
17725,"NNP"
17726,"NNP"
17727,","
17728,"DT"
17729,"NNP"
17730,","
17731,"NNP"
17732,","
17733,"NNS"
17734,"CC"
17735,"NN"
17736,"NN"
17737,"CC"
17738,"NN"
17739,"IN"
17740,"``"
17741,"JJ"
17742,","
17743,"UH"
17744,","
17745,"PRP"
17746,"VBP"
17747,"JJ"
17748,","
17749,"''"
17750,"VBZ"
17751,":"
17752,"``"
17753,"DT"
17754,"JJ"
17755,"NN"
17756,"VBZ"
17757,","
17758,"PRP"
17759,"MD"
17760,"VB"
17761,"VBN"
17762,"JJR"
17763,"."
17764,"DT"
17765,"JJ"
17766,"NN"
17767,"VBZ"
17768,","
17769,"PRP"
17770,"VBZ"
17771,"RB"
17772,"PRP$"
17773,"NN"
17774,"."
17775,"''"
17776,"RB"
17777,","
17778,"PRP"
17779,"VBZ"
17780,","
17781,"VB"
17782,"NNS"
17783,"JJ"
17784,"."
17785,"IN"
17786,"NN"
17787,","
17788,"PRP"
17789,"VBZ"
17790,"DT"
17791,"JJ"
17792,"NN"
17793,"NN"
17794,"NNS"
17795,"MD"
17796,"VB"
17797,"TO"
17798,"PRP"
17799,":"
17800,"``"
17801,"PDT"
17802,"PRP"
17803,"VBP"
17804,"TO"
17805,"VB"
17806,"NN"
17807,"VBZ"
17808,"VB"
17809,"CD"
17810,"NNS"
17811,"."
17812,"''"
17813,"CC"
17814,"NNP"
17815,"NNP"
17816,","
17817,"NNP"
17818,"POS"
17819,"JJ"
17820,"NN"
17821,","
17822,"RB"
17823,"VBD"
17824,"PRP$"
17825,"NN"
17826,"IN"
17827,"NN"
17828,"."
17829,"``"
17830,"PRP$"
17831,"NNS"
17832,"VBP"
17833,"PRP"
17834,"IN"
17835,"DT"
17836,"JJ"
17837,"NN"
17838,","
17839,"''"
17840,"PRP"
17841,"VBD"
17842,"."
17843,"``"
17844,"VB"
17845,"DT"
17846,"NN"
17847,"NN"
17848,"IN"
17849,"DT"
17850,"NN"
17851,"CC"
17852,"VB"
17853,","
17854,"``"
17855,"PRP"
17856,"VBP"
17857,"JJ"
17858,"TO"
17859,"VB"
17860,"IN"
17861,"NNP"
17862,"."
17863,"O"
17864,"NNP"
17865,"NNP"
17866,"NNP"
17867,"NNP"
17868,","
17869,"DT"
17870,"NN"
17871,"IN"
17872,"JJ"
17873,"NN"
17874,"NN"
17875,","
17876,"NNP"
17877,"CC"
17878,"NNP"
17879,","
17880,"VBD"
17881,"PRP$"
17882,"NNS"
17883,"VBD"
17884,"DT"
17885,"RB"
17886,"VBN"
17887,"NN"
17888,"NN"
17889,"TO"
17890,"NNP"
17891,"NNPS"
17892,"NNP"
17893,"."
17894,"``"
17895,"DT"
17896,"NN"
17897,"NN"
17898,"VBZ"
17899,"VBG"
17900,"IN"
17901,"JJ"
17902,"NNS"
17903,"IN"
17904,"DT"
17905,"NN"
17906,","
17907,"''"
17908,"VBD"
17909,"NNP"
17910,"NNP"
17911,"NNP"
17912,"IN"
17913,"VBG"
17914,"DT"
17915,"NN"
17916,"NN"
17917,"."
17918,"``"
17919,"RB"
17920,"PRP"
17921,"VBD"
17922,"RB"
17923,"VB"
17924,"NNP"
17925,","
17926,"("
17927,"NNS"
17928,")"
17929,"VBD"
17930,"PRP"
17931,"VBD"
17932,"DT"
17933,"NN"
17934,"NN"
17935,"."
17936,"''"
17937,"NNP"
17938,"NNP"
17939,"VBD"
17940,"DT"
17941,"NN"
17942,"VBD"
17943,"RB"
17944,"VBN"
17945,"TO"
17946,"DT"
17947,"NN"
17948,"POS"
17949,"JJ"
17950,"NNS"
17951,","
17952,"WDT"
17953,"VBP"
17954,"VBN"
17955,"JJ"
17956,"NNS"
17957,"IN"
17958,"NNS"
17959,","
17960,"NNS"
17961,"IN"
17962,"DT"
17963,"NNS"
17964,"NNS"
17965,"CC"
17966,"NNS"
17967,"IN"
17968,"JJ"
17969,"NNS"
17970,"."
17971,"DT"
17972,"NN"
17973,"VBD"
17974,"PRP"
17975,"VBZ"
17976,"DT"
17977,"NN"
17978,"NN"
17979,"TO"
17980,"VB"
17981,"NN"
17982,"IN"
17983,"DT"
17984,"NN"
17985,"."
17986,"O"
17987,"NNP"
17988,"NNP"
17989,"VBD"
17990,"JJ"
17991,"JJ"
17992,"NN"
17993,"VBD"
17994,"CD"
17995,"NN"
17996,"IN"
17997,"DT"
17998,"NN"
17999,"IN"
18000,"PRP$"
18001,"JJ"
18002,"NN"
18003,"."
18004,"NN"
18005,"VBD"
18006,"$"
18007,"CD"
18008,"CD"
18009,","
18010,"CC"
18011,"$"
18012,"CD"
18013,"DT"
18014,"NN"
18015,","
18016,"RB"
18017,"IN"
18018,"$"
18019,"CD"
18020,"CD"
18021,","
18022,"CC"
18023,"CD"
18024,"NNS"
18025,"DT"
18026,"NN"
18027,","
18028,"DT"
18029,"NN"
18030,"RBR"
18031,"."
18032,"NNS"
18033,"VBD"
18034,"CD"
18035,"NN"
18036,"TO"
18037,"$"
18038,"CD"
18039,"CD"
18040,"IN"
18041,"$"
18042,"CD"
18043,"CD"
18044,"."
18045,"NNP"
18046,"VBD"
18047,"PRP$"
18048,"NN"
18049,"NN"
18050,"VBD"
18051,"NN"
18052,"IN"
18053,"$"
18054,"CD"
18055,"CD"
18056,","
18057,"RB"
18058,"IN"
18059,"$"
18060,"CD"
18061,"CD"
18062,"DT"
18063,"NN"
18064,"RB"
18065,","
18066,"RB"
18067,"IN"
18068,"IN"
18069,"NNS"
18070,"IN"
18071,"NNS"
18072,"JJ"
18073,"IN"
18074,"JJ"
18075,"NN"
18076,"."
18077,"DT"
18078,"NN"
18079,"VBD"
18080,"DT"
18081,"NNS"
18082,"VBD"
18083,"VBN"
18084,"TO"
18085,"NN"
18086,"NNS"
18087,"CC"
18088,"JJR"
18089,"NNS"
18090,"."
18091,"DT"
18092,"NN"
18093,"IN"
18094,"NNS"
18095,"VBP"
18096,"DT"
18097,"NN"
18098,","
18099,"NN"
18100,"CC"
18101,"NN"
18102,"NNS"
18103,"."
18104,"DT"
18105,"NN"
18106,"NN"
18107,"VBD"
18108,"DT"
18109,"$"
18110,"CD"
18111,"CD"
18112,"NN"
18113,"IN"
18114,"DT"
18115,"NN"
18116,"IN"
18117,"NNP"
18118,"CC"
18119,"JJ"
18120,"NNS"
18121,","
18122,"WDT"
18123,"VBD"
18124,"VBN"
18125,"IN"
18126,"DT"
18127,"$"
18128,"CD"
18129,"CD"
18130,"NN"
18131,"IN"
18132,"JJ"
18133,"JJ"
18134,"NNS"
18135,"."
18136,"NN"
18137,"IN"
18138,"NNP"
18139,"POS"
18140,"NN"
18141,"CC"
18142,"NN"
18143,"NN"
18144,"VBD"
18145,"TO"
18146,"$"
18147,"CD"
18148,"CD"
18149,"IN"
18150,"$"
18151,"CD"
18152,"CD"
18153,"."
18154,"DT"
18155,"NNS"
18156,"NN"
18157,","
18158,"VBN"
18159,"IN"
18160,"DT"
18161,"NN"
18162,","
18163,"VBD"
18164,"JJ"
18165,"NNS"
18166,","
18167,"IN"
18168,"$"
18169,"CD"
18170,"CD"
18171,"DT"
18172,"NN"
18173,"RB"
18174,"."
18175,"IN"
18176,"DT"
18177,"JJ"
18178,"CD"
18179,"NNS"
18180,","
18181,"NNP"
18182,"VBD"
18183,"CD"
18184,"NN"
18185,"TO"
18186,"$"
18187,"CD"
18188,"CD"
18189,","
18190,"CC"
18191,"$"
18192,"CD"
18193,"DT"
18194,"NN"
18195,","
18196,"IN"
18197,"$"
18198,"CD"
18199,"CD"
18200,","
18201,"CC"
18202,"$"
18203,"CD"
18204,"DT"
18205,"NN"
18206,"DT"
18207,"NN"
18208,"RB"
18209,"."
18210,"NNS"
18211,"VBD"
18212,"CD"
18213,"NN"
18214,"TO"
18215,"$"
18216,"CD"
18217,"CD"
18218,"IN"
18219,"$"
18220,"CD"
18221,"CD"
18222,"."
18223,"IN"
18224,"NNP"
18225,"NNP"
18226,"NNP"
18227,"NNP"
18228,"JJ"
18229,"NN"
18230,","
18231,"NNP"
18232,"VBD"
18233,"IN"
18234,"$"
18235,"CD"
18236,"DT"
18237,"NN"
18238,","
18239,"RB"
18240,"CD"
18241,"NNS"
18242,"."
18243,"O"
18244,"NNP"
18245,"NNP"
18246,"CC"
18247,"NNP"
18248,"NNP"
18249,"NNP"
18250,"VBD"
18251,"JJ"
18252,"NN"
18253,"NNS"
18254,"TO"
18255,"VB"
18256,"NNS"
18257,"IN"
18258,"DT"
18259,"JJ"
18260,"NN"
18261,"."
18262,"NNP"
18263,"NNP"
18264,"NNP"
18265,"CC"
18266,"NNP"
18267,"NNP"
18268,"VBD"
18269,"JJ"
18270,"NNS"
18271,"."
18272,"NNP"
18273,"NNP"
18274,"."
18275,"NNP"
18276,"VBD"
18277,"JJ"
18278,"NN"
18279,"VBD"
18280,"CD"
18281,"NN"
18282,","
18283,"VBN"
18284,"IN"
18285,"JJR"
18286,"NN"
18287,"NN"
18288,"NNS"
18289,"CC"
18290,"DT"
18291,"NN"
18292,"IN"
18293,"NN"
18294,"NNS"
18295,"IN"
18296,"NN"
18297,"."
18298,"JJ"
18299,"NN"
18300,"NN"
18301,"IN"
18302,"NN"
18303,"NNS"
18304,"VBD"
18305,"CD"
18306,"NN"
18307,"IN"
18308,"NNS"
18309,"IN"
18310,"NN"
18311,"NNS"
18312,"CC"
18313,"JJ"
18314,"NNS"
18315,"VBD"
18316,"JJ"
18317,"."
18318,"NNS"
18319,"VBD"
18320,"CD"
18321,"NN"
18322,"TO"
18323,"$"
18324,"CD"
18325,"CD"
18326,"IN"
18327,"$"
18328,"CD"
18329,"CD"
18330,"."
18331,"DT"
18332,"NN"
18333,"VBD"
18334,"DT"
18335,"NN"
18336,"VBD"
18337,"DT"
18338,"CD"
18339,"NN"
18340,"NN"
18341,"IN"
18342,"JJ"
18343,"NN"
18344,"IN"
18345,"JJ"
18346,"NN"
18347,"CC"
18348,"DT"
18349,"CD"
18350,"NN"
18351,"NN"
18352,"IN"
18353,"DT"
18354,"NN"
18355,"IN"
18356,"NN"
18357,"NNS"
18358,"IN"
18359,"NN"
18360,"."
18361,"RB"
18362,"NN"
18363,"NNS"
18364,"IN"
18365,"NNP"
18366,"NNP"
18367,"NNP"
18368,"VBD"
18369,"DT"
18370,"NN"
18371,"POS"
18372,"NN"
18373,"CC"
18374,"NN"
18375,"NN"
18376,"$"
18377,"CD"
18378,"CD"
18379,":"
18380,"DT"
18381,"NN"
18382,"RBR"
18383,","
18384,"VBG"
18385,"NN"
18386,"IN"
18387,"NN"
18388,"NNS"
18389,"VBD"
18390,"VBN"
18391,"IN"
18392,"DT"
18393,"JJ"
18394,"NN"
18395,"IN"
18396,"DT"
18397,"NN"
18398,"IN"
18399,"DT"
18400,"NN"
18401,"IN"
18402,"DT"
18403,"NN"
18404,"."
18405,"NN"
18406,"IN"
18407,"DT"
18408,"NN"
18409,"NNS"
18410,"CC"
18411,"NNS"
18412,"NN"
18413,"VBD"
18414,"CD"
18415,"NN"
18416,"TO"
18417,"$"
18418,"CD"
18419,"CD"
18420,","
18421,"CC"
18422,"NN"
18423,"NN"
18424,"VBD"
18425,"JJ"
18426,"IN"
18427,"$"
18428,"CD"
18429,"CD"
18430,","
18431,"RB"
18432,"RB"
18433,"IN"
18434,"JJ"
18435,"NNS"
18436,"."
18437,"JJ"
18438,"NNS"
18439,"POS"
18440,"NNS"
18441,"VBD"
18442,"TO"
18443,"$"
18444,"CD"
18445,"CD"
18446,"IN"
18447,"$"
18448,"CD"
18449,"CD"
18450,"IN"
18451,"JJR"
18452,"JJ"
18453,"NN"
18454,"NN"
18455,"VBN"
18456,"IN"
18457,"JJR"
18458,"JJ"
18459,"NNS"
18460,"CC"
18461,"DT"
18462,"NN"
18463,"IN"
18464,"JJR"
18465,"NNS"
18466,"IN"
18467,"NNP"
18468,"CC"
18469,"NNP"
18470,"NNP"
18471,"."
18472,"NN"
18473,"NN"
18474,"IN"
18475,"$"
18476,"CD"
18477,"CD"
18478,"VBD"
18479,"JJ"
18480,"."
18481,"IN"
18482,"JJ"
18483,"NN"
18484,"IN"
18485,"DT"
18486,"NNP"
18487,"NNP"
18488,"NNP"
18489,"NNP"
18490,","
18491,"NNP"
18492,"VBD"
18493,"$"
18494,"CD"
18495,"TO"
18496,"$"
18497,"CD"
18498,"."
18499,"NNP"
18500,"NNP"
18501,"NNP"
18502,"."
18503,"NNP"
18504,","
18505,"WDT"
18506,"VBD"
18507,"IN"
18508,"NNS"
18509,"TO"
18510,"VB"
18511,"JJ"
18512,"NN"
18513,"NN"
18514,"TO"
18515,"JJ"
18516,"NNS"
18517,","
18518,"VBD"
18519,"DT"
18520,"CD"
18521,"NN"
18522,"NN"
18523,"IN"
18524,"NNS"
18525,"."
18526,"NNP"
18527,"VBD"
18528,"CD"
18529,"NN"
18530,"TO"
18531,"$"
18532,"CD"
18533,"CD"
18534,"IN"
18535,"$"
18536,"CD"
18537,"CD"
18538,"."
18539,"NN"
18540,"NN"
18541,"VBD"
18542,"CD"
18543,"NN"
18544,"TO"
18545,"$"
18546,"CD"
18547,"CD"
18548,"IN"
18549,"$"
18550,"CD"
18551,"CD"
18552,","
18553,"IN"
18554,"NN"
18555,"NNS"
18556,"VBD"
18557,"TO"
18558,"CD"
18559,"NN"
18560,"IN"
18561,"CD"
18562,"NN"
18563,"DT"
18564,"JJ"
18565,"NN"
18566,"CC"
18567,"CD"
18568,"NN"
18569,"DT"
18570,"NN"
18571,"RB"
18572,"."
18573,"NNP"
18574,"NNP"
18575,","
18576,"NNP"
18577,"JJ"
18578,"JJ"
18579,"NN"
18580,","
18581,"VBD"
18582,"DT"
18583,"NN"
18584,"VBZ"
18585,"JJ"
18586,"NNS"
18587,"IN"
18588,"NN"
18589,"NNS"
18590,"."
18591,"``"
18592,"PRP"
18593,"VBP"
18594,"PRP"
18595,"MD"
18596,"VB"
18597,"PRP"
18598,"TO"
18599,"DT"
18600,"CD"
18601,"NN"
18602,"NN"
18603,"IN"
18604,"JJ"
18605,"CD"
18606,"TO"
18607,"CD"
18608,"NNS"
18609,","
18610,"''"
18611,"PRP"
18612,"VBD"
18613,"."
18614,"IN"
18615,"JJ"
18616,"JJ"
18617,"NN"
18618,","
18619,"NNP"
18620,"VBD"
18621,"$"
18622,"CD"
18623,"TO"
18624,"$"
18625,"CD"
18626,"."
18627,"NNP"
18628,"NNP"
18629,","
18630,"DT"
18631,"NN"
18632,"IN"
18633,"NNP"
18634,"NNP"
18635,","
18636,"NNP"
18637,"NNP"
18638,"CC"
18639,"NNP"
18640,","
18641,"VBD"
18642,"DT"
18643,"NNS"
18644,"RB"
18645,"VBD"
18646,"RB"
18647,"JJR"
18648,"NN"
18649,"NN"
18650,"."
18651,"DT"
18652,"NN"
18653,"VBD"
18654,"DT"
18655,"JJ"
18656,"NN"
18657,"VBD"
18658,"JJR"
18659,"IN"
18660,"NN"
18661,"NN"
18662,"CC"
18663,"VBD"
18664,"IN"
18665,"TO"
18666,"PRP$"
18667,"JJ"
18668,"JJ"
18669,"VBG"
18670,"NN"
18671,"IN"
18672,"VBZ"
18673,"IN"
18674,"NNP"
18675,"NNP"
18676,"CC"
18677,"NNP"
18678,"POS"
18679,"NN"
18680,"IN"
18681,"NNP"
18682,"NN"
18683,"."
18684,"NNP"
18685,"VBZ"
18686,"RB"
18687,"CD"
18688,"NN"
18689,"IN"
18690,"DT"
18691,"JJ"
18692,"NN"
18693,"NN"
18694,"NN"
18695,"CC"
18696,"RB"
18697,"IN"
18698,"CD"
18699,"NN"
18700,"IN"
18701,"DT"
18702,"$"
18703,"CD"
18704,"CD"
18705,"JJ"
18706,"NN"
18707,"."
18708,"PRP"
18709,"VBZ"
18710,"VBN"
18711,"VBG"
18712,"TO"
18713,"VB"
18714,"PRP$"
18715,"NN"
18716,"IN"
18717,"DT"
18718,"JJ"
18719,"NN"
18720,"."
18721,"DT"
18722,"NN"
18723,"VBZ"
18724,"PRP$"
18725,"NN"
18726,"NN"
18727,"TO"
18728,"RBR"
18729,"RB"
18730,"VB"
18731,"IN"
18732,"IN"
18733,"NN"
18734,":"
18735,"DT"
18736,"NN"
18737,"PRP"
18738,"VBZ"
18739,"MD"
18740,"VB"
18741,"VB"
18742,"VB"
18743,"NN"
18744,"."
18745,"NNP"
18746,"NNP"
18747,"VBD"
18748,"NNP"
18749,"VBD"
18750,"``"
18751,"DT"
18752,"JJ"
18753,"NN"
18754,"NN"
18755,"NN"
18756,","
18757,"''"
18758,"PRP$"
18759,"JJ"
18760,"IN"
18761,"DT"
18762,"NN"
18763,","
18764,"CC"
18765,"VBD"
18766,"TO"
18767,"VB"
18768,"IN"
18769,"IN"
18770,"DT"
18771,"NN"
18772,"VBZ"
18773,"VBG"
18774,"DT"
18775,"NN"
18776,"CC"
18777,"VBZ"
18778,"VBG"
18779,"DT"
18780,"NN"
18781,"."
18782,"DT"
18783,"JJ"
18784,"NN"
18785,","
18786,"PRP"
18787,"VBD"
18788,","
18789,"``"
18790,"VBZ"
18791,"JJ"
18792,"."
18793,"PRP"
18794,"VBP"
18795,"NN"
18796,"MD"
18797,"VB"
18798,"TO"
18799,"VB"
18800,"CC"
18801,"IN"
18802,"PRP"
18803,"MD"
18804,"VB"
18805,"NNS"
18806,"CC"
18807,"RB"
18808,"VB"
18809,"NN"
18810,"."
18811,"''"
18812,"NNP"
18813,"NNP"
18814,"NNP"
18815,"."
18816,"NNP"
18817,"NNP"
18818,"NNP"
18819,"VBD"
18820,"NN"
18821,"VBD"
18822,"CD"
18823,"NN"
18824,","
18825,"RB"
18826,"DT"
18827,"NN"
18828,"IN"
18829,"CD"
18830,"JJ"
18831,"NNS"
18832,":"
18833,"DT"
18834,"NN"
18835,"NN"
18836,"NN"
18837,"IN"
18838,"PRP$"
18839,"NNP"
18840,"NNP"
18841,"NNP"
18842,"NNP"
18843,"NN"
18844,"VBD"
18845,"JJ"
18846,"NN"
18847,":"
18848,"DT"
18849,"NN"
18850,"NN"
18851,"IN"
18852,"JJ"
18853,"JJ"
18854,"NNS"
18855,"NNS"
18856,"TO"
18857,"DT"
18858,"JJ"
18859,"NN"
18860,"IN"
18861,"DT"
18862,"JJ"
18863,":"
18864,"DT"
18865,"NN"
18866,"NN"
18867,"IN"
18868,"NNP"
18869,"CC"
18870,"DT"
18871,"JJ"
18872,"NN"
18873,"TO"
18874,"NN"
18875,"NN"
18876,"NNS"
18877,"."
18878,"NNP"
18879,"VBD"
18880,"CD"
18881,"NN"
18882,"TO"
18883,"$"
18884,"CD"
18885,"CD"
18886,"IN"
18887,"$"
18888,"CD"
18889,"CD"
18890,"."
18891,"DT"
18892,"NN"
18893,"NN"
18894,"VBD"
18895,"VBN"
18896,"VBN"
18897,"."
18898,"NNP"
18899,"NNP"
18900,"NNP"
18901,"NNP"
18902,"VBD"
18903,"NNP"
18904,"NNP"
18905,"POS"
18906,"``"
18907,"NNS"
18908,"VBP"
18909,"JJ"
18910,"CC"
18911,"VBP"
18912,"VBG"
18913,"TO"
18914,"VB"
18915,"."
18916,"''"
18917,"DT"
18918,"NN"
18919,"VBD"
18920,"DT"
18921,"CD"
18922,"NN"
18923,"NN"
18924,"IN"
18925,"DT"
18926,"NN"
18927,"IN"
18928,"NN"
18929,"NNS"
18930,"IN"
18931,"NN"
18932,","
18933,"CC"
18934,"RB"
18935,"VBD"
18936,"PRP$"
18937,"NNP"
18938,"NNP"
18939,"NNP"
18940,"NNP"
18941,"NN"
18942,"VBD"
18943,"CD"
18944,"JJ"
18945,"NNS"
18946,","
18947,"IN"
18948,"DT"
18949,"JJ"
18950,"NN"
18951,"IN"
18952,"IN"
18953,"CD"
18954,"."
18955,"JJ"
18956,"NNS"
18957,"VBD"
18958,"CD"
18959,"NNS"
18960,"TO"
18961,"$"
18962,"CD"
18963,"IN"
18964,"JJ"
18965,"NN"
18966,"IN"
18967,"DT"
18968,"NNP"
18969,"NNP"
18970,"NNP"
18971,"NNP"
18972,"."
18973,"NNP"
18974,"NNP"
18975,"NNP"
18976,"."
18977,"NNP"
18978,"NNP"
18979,"NNP"
18980,"VBD"
18981,"NN"
18982,"VBD"
18983,"CD"
18984,"NN"
18985,"."
18986,"DT"
18987,"NN"
18988,"VBD"
18989,"IN"
18990,"DT"
18991,"JJ"
18992,"NN"
18993,"VBD"
18994,"RB"
18995,"JJ"
18996,","
18997,"IN"
18998,"DT"
18999,"NN"
19000,"IN"
19001,"RB"
19002,"CD"
19003,"NN"
19004,"."
19005,"NNP"
19006,"VBD"
19007,"RB"
19008,"CD"
19009,"NN"
19010,"TO"
19011,"$"
19012,"CD"
19013,"CD"
19014,"IN"
19015,"$"
19016,"CD"
19017,"CD"
19018,"."
19019,"IN"
19020,"JJ"
19021,"NN"
19022,"IN"
19023,"DT"
19024,"NNP"
19025,"NNP"
19026,"NNP"
19027,"NNP"
19028,","
19029,"NNP"
19030,"NNP"
19031,"VBD"
19032,"CD"
19033,"NNS"
19034,"TO"
19035,"$"
19036,"CD"
19037,"."
19038,"DT"
19039,"NN"
19040,"VBD"
19041,"IN"
19042,"DT"
19043,"NN"
19044,"IN"
19045,"NN"
19046,"NNS"
19047,"VBD"
19048,"RB"
19049,"IN"
19050,"DT"
19051,"NN"
19052,","
19053,"DT"
19054,"NN"
19055,"VBD"
19056,"TO"
19057,"JJ"
19058,"NNS"
19059,"."
19060,"IN"
19061,"DT"
19062,"NN"
19063,","
19064,"RB"
19065,","
19066,"NN"
19067,"NNS"
19068,"IN"
19069,"NN"
19070,"VBP"
19071,"VBN"
19072,"CD"
19073,"NN"
19074,"."
19075,"NNP"
19076,"NNP"
19077,"NNP"
19078,"VBD"
19079,"DT"
19080,"NN"
19081,"VBZ"
19082,"VBN"
19083,"DT"
19084,"JJ"
19085,"CD"
19086,"NN"
19087,"NN"
19088,"IN"
19089,"NN"
19090,"NNS"
19091,"TO"
19092,"IN"
19093,"$"
19094,"CD"
19095,"CD"
19096,"IN"
19097,"RB"
19098,"VBG"
19099,"NN"
19100,"."
19101,"O"
19102,"NNP"
19103,"NNP"
19104,"NNP"
19105,"POS"
19106,"JJ"
19107,"NN"
19108,"VBD"
19109,"PRP"
19110,"VBD"
19111,"DT"
19112,"JJ"
19113,"NN"
19114,"VBG"
19115,"PRP$"
19116,"NN"
19117,"IN"
19118,"NNP"
19119,"NNP"
19120,"TO"
19121,"VB"
19122,"JJ"
19123,"NNS"
19124,"IN"
19125,"NNP"
19126,"POS"
19127,"CD"
19128,"NNS"
19129,"."
19130,"NNP"
19131,"VBD"
19132,"DT"
19133,"NN"
19134,"VBZ"
19135,"IN"
19136,"PRP"
19137,"TO"
19138,"VB"
19139,"CD"
19140,"JJ"
19141,"JJ"
19142,"NNS"
19143,"IN"
19144,"DT"
19145,"NNS"
19146,"."
19147,"DT"
19148,"VBP"
19149,","
19150,"IN"
19151,"JJ"
19152,"NNS"
19153,","
19154,"DT"
19155,"NN"
19156,"POS"
19157,"CD"
19158,"JJ"
19159,"NNS"
19160,","
19161,"DT"
19162,"NN"
19163,"NN"
19164,","
19165,"JJ"
19166,"NN"
19167,","
19168,"VBN"
19169,"JJ"
19170,"NNS"
19171,"IN"
19172,"DT"
19173,"NNS"
19174,"CC"
19175,"DT"
19176,"NN"
19177,"NN"
19178,"NN"
19179,"."
19180,"IN"
19181,"DT"
19182,"JJ"
19183,"NN"
19184,","
19185,"NNP"
19186,"VBD"
19187,","
19188,"PRP"
19189,"VBZ"
19190,"RB"
19191,"VBN"
19192,"JJ"
19193,"IN"
19194,"DT"
19195,"NNS"
19196,"TO"
19197,"NNP"
19198,"."
19199,"NNP"
19200,","
19201,"VBN"
19202,"IN"
19203,"NNP"
19204,"NNP"
19205,","
19206,"NNP"
19207,","
19208,"VBZ"
19209,"DT"
19210,"NN"
19211,","
19212,"NN"
19213,","
19214,"JJ"
19215,"CC"
19216,"NNS"
19217,"NN"
19218,"."
19219,"O"
19220,"NNP"
19221,"NNP"
19222,"NNP"
19223,"VBD"
19224,"VBN"
19225,"TO"
19226,"DT"
19227,"NN"
19228,"NN"
19229,"POS"
19230,"NN"
19231,","
19232,"VBG"
19233,"DT"
19234,"NN"
19235,"VBN"
19236,"IN"
19237,"DT"
19238,"NN"
19239,"IN"
19240,"NNP"
19241,"NNP"
19242,"JJ"
19243,"NNP"
19244,"."
19245,"NNP"
19246,"NNP"
19247,","
19248,"CD"
19249,"NNS"
19250,"JJ"
19251,","
19252,"VBD"
19253,"IN"
19254,"NN"
19255,"NN"
19256,"IN"
19257,"DT"
19258,"JJ"
19259,"NN"
19260,"."
19261,"IN"
19262,"NNP"
19263,","
19264,"PRP"
19265,"VBD"
19266,"DT"
19267,"NN"
19268,"IN"
19269,"NN"
19270,"NN"
19271,"IN"
19272,"NNP"
19273,"NNP"
19274,","
19275,"DT"
19276,"NN"
19277,"NN"
19278,"NN"
19279,"."
19280,"O"
19281,"NNP"
19282,"NNP"
19283,"NNP"
19284,"NNP"
19285,"."
19286,"NNP"
19287,"NNP"
19288,"NNP"
19289,","
19290,"CD"
19291,"NNS"
19292,"JJ"
19293,","
19294,"VBD"
19295,"VBN"
19296,"NN"
19297,"CC"
19298,"JJ"
19299,"NN"
19300,"NN"
19301,"IN"
19302,"NNP"
19303,"NNP"
19304,","
19305,"DT"
19306,"NNP"
19307,","
19308,"NNP"
19309,","
19310,"NN"
19311,"IN"
19312,"DT"
19313,"NNP"
19314,"NNP"
19315,"NN"
19316,"NN"
19317,"NN"
19318,"."
19319,"NNP"
19320,","
19321,"WDT"
19322,"VBZ"
19323,"NNS"
19324,"IN"
19325,"JJ"
19326,"NN"
19327,","
19328,"VBD"
19329,"DT"
19330,"NN"
19331,"VBZ"
19332,"RB"
19333,"VBN"
19334,"."
19335,"NNP"
19336,"NNP"
19337,"VBD"
19338,"VBN"
19339,"JJ"
19340,"NN"
19341,"NN"
19342,"IN"
19343,"NNP"
19344,"."
19345,"IN"
19346,"NN"
19347,"TO"
19348,"PRP$"
19349,"JJ"
19350,"NN"
19351,"NN"
19352,"CC"
19353,"NN"
19354,"NNS"
19355,","
19356,"NNP"
19357,"NNP"
19358,"VBZ"
19359,"NN"
19360,"IN"
19361,"NN"
19362,"CC"
19363,"NN"
19364,"NN"
19365,"."
19366,"DT"
19367,"NNS"
19368,"VBD"
19369,"VBN"
19370,"VBN"
19371,"IN"
19372,"NNP"
19373,"NNP"
19374,","
19375,"CD"
19376,","
19377,"WP"
19378,"VBD"
19379,"IN"
19380,"DT"
19381,"JJ"
19382,"NN"
19383,"NN"
19384,"."
19385,"NNP"
19386,"VBZ"
19387,"RB"
19388,"JJ"
19389,"IN"
19390,"NNP"
19391,"NNP"
19392,"NNP"
19393,"."
19394,"O"
19395,"NNP"
19396,"NNP"
19397,"NNP"
19398,","
19399,"VBG"
19400,"JJ"
19401,"NNP"
19402,"JJ"
19403,"NN"
19404,"NNS"
19405,","
19406,"VBD"
19407,"DT"
19408,"JJ"
19409,"NN"
19410,"IN"
19411,"$"
19412,"CD"
19413,"CD"
19414,","
19415,"CC"
19416,"$"
19417,"CD"
19418,"DT"
19419,"NN"
19420,"."
19421,"DT"
19422,"NN"
19423,"RB"
19424,","
19425,"DT"
19426,"NN"
19427,"NN"
19428,"VBD"
19429,"NNS"
19430,"IN"
19431,"$"
19432,"CD"
19433,"CD"
19434,","
19435,"CC"
19436,"CD"
19437,"NNS"
19438,"DT"
19439,"NN"
19440,"."
19441,"IN"
19442,"DT"
19443,"CD"
19444,"NNS"
19445,","
19446,"PRP"
19447,"VBD"
19448,"DT"
19449,"NN"
19450,"IN"
19451,"$"
19452,"CD"
19453,"CD"
19454,","
19455,"CC"
19456,"$"
19457,"CD"
19458,"DT"
19459,"NN"
19460,","
19461,"IN"
19462,"NNS"
19463,"IN"
19464,"$"
19465,"CD"
19466,"CD"
19467,","
19468,"CC"
19469,"$"
19470,"CD"
19471,"DT"
19472,"NN"
19473,","
19474,"IN"
19475,"DT"
19476,"CD"
19477,"NN"
19478,"."
19479,"NNP"
19480,"NNP"
19481,"VBD"
19482,"PRP"
19483,"VBD"
19484,"PRP$"
19485,"JJ"
19486,"NNS"
19487,"IN"
19488,"$"
19489,"CD"
19490,"CD"
19491,"IN"
19492,"VBG"
19493,"PRP$"
19494,"NN"
19495,"NN"
19496,","
19497,"VBG"
19498,"PRP$"
19499,"JJ"
19500,"NN"
19501,"CC"
19502,"JJ"
19503,"NN"
19504,"NNS"
19505,"TO"
19506,"$"
19507,"CD"
19508,"CD"
19509,"."
19510,"IN"
19511,"DT"
19512,"JJ"
19513,"NN"
19514,","
19515,"PRP"
19516,"VBD"
19517,","
19518,"PRP"
19519,"VBD"
19520,"NN"
19521,"NN"
19522,"IN"
19523,"$"
19524,"CD"
19525,"CD"
19526,"IN"
19527,"DT"
19528,"NN"
19529,"."
19530,"DT"
19531,"NN"
19532,"VBD"
19533,"DT"
19534,"NN"
19535,"IN"
19536,"JJ"
19537,"NNS"
19538,"IN"
19539,"JJ"
19540,"NNS"
19541,"IN"
19542,"NNP"
19543,"JJ"
19544,"NN"
19545,"NNS"
19546,","
19547,"VBG"
19548,"DT"
19549,"JJ"
19550,"NN"
19551,"IN"
19552,"DT"
19553,"NN"
19554,"."
19555,"IN"
19556,"NN"
19557,"TO"
19558,"DT"
19559,"JJ"
19560,"NN"
19561,","
19562,"DT"
19563,"NN"
19564,"NN"
19565,"VBD"
19566,"DT"
19567,"JJ"
19568,"NN"
19569,"IN"
19570,"$"
19571,"CD"
19572,"CD"
19573,"VBG"
19574,"JJ"
19575,"CC"
19576,"JJ"
19577,"NNS"
19578,"IN"
19579,"NN"
19580,"NNS"
19581,"CC"
19582,"JJ"
19583,"NNS"
19584,","
19585,"CC"
19586,"PRP"
19587,"VBD"
19588,"DT"
19589,"$"
19590,"CD"
19591,"CD"
19592,"NN"
19593,"IN"
19594,"JJ"
19595,"NN"
19596,"NN"
19597,"NNS"
19598,","
19599,"VBG"
19600,"DT"
19601,"NN"
19602,"IN"
19603,"JJR"
19604,"NNS"
19605,"VBP"
19606,"VBG"
19607,"PRP$"
19608,"NNS"
19609,"."
19610,"O"
19611,"NNS"
19612,"VBD"
19613,"RB"
19614,"DT"
19615,"JJ"
19616,"JJ"
19617,"NNS"
19618,"IN"
19619,"DT"
19620,"NN"
19621,"IN"
19622,"NNP"
19623,"NNP"
19624,"NN"
19625,"."
19626,"VB"
19627,"IN"
19628,"WP"
19629,"VBD"
19630,"TO"
19631,"NNP"
19632,"POS"
19633,"NN"
19634,","
19635,"NNP"
19636,"NNP"
19637,"NNP"
19638,","
19639,"CC"
19640,"PRP$"
19641,"JJ"
19642,"JJ"
19643,"NN"
19644,","
19645,"NNP"
19646,"NNP"
19647,"NNP"
19648,"."
19649,"IN"
19650,"DT"
19651,"NN"
19652,"DT"
19653,"NNP"
19654,"NNP"
19655,"NNS"
19656,"VBD"
19657,"NNP"
19658,"NNP"
19659,"VBD"
19660,"CC"
19661,"NN"
19662,"NN"
19663,"NNS"
19664,"VBD"
19665,"PRP$"
19666,"NN"
19667,","
19668,"NNP"
19669,"NNP"
19670,"CC"
19671,"NNP"
19672,"VBD"
19673,"PRP$"
19674,"JJ"
19675,"JJ"
19676,"NNS"
19677,"VBP"
19678,"TO"
19679,"VB"
19680,"IN"
19681,"NNS"
19682,"IN"
19683,"NNP"
19684,","
19685,"NNP"
19686,"POS"
19687,"NN"
19688,"NN"
19689,","
19690,"VBD"
19691,"$"
19692,"CD"
19693,"IN"
19694,"DT"
19695,"NNP"
19696,"NNP"
19697,"TO"
19698,"VB"
19699,"IN"
19700,"$"
19701,"CD"
19702,"."
19703,"NNP"
19704,"NNP"
19705,"POS"
19706,"NN"
19707,","
19708,"WDT"
19709,"VBZ"
19710,"VBN"
19711,"DT"
19712,"CD"
19713,"NNS"
19714,"NN"
19715,"NNS"
19716,"IN"
19717,"$"
19718,"CD"
19719,"CD"
19720,","
19721,"VBN"
19722,"IN"
19723,"WP"
19724,"PRP"
19725,"MD"
19726,"VB"
19727,"VBN"
19728,"VBD"
19729,"DT"
19730,"NNS"
19731,"CC"
19732,"JJ"
19733,"NN"
19734,"IN"
19735,"NNP"
19736,"VBN"
19737,"IN"
19738,"IN"
19739,"$"
19740,"CD"
19741,"DT"
19742,"NN"
19743,"."
19744,"WRB"
19745,"NN"
19746,"NN"
19747,"IN"
19748,"DT"
19749,"NN"
19750,"VBD"
19751,"JJ"
19752,"NN"
19753,","
19754,"RB"
19755,"VBD"
19756,"NNP"
19757,"POS"
19758,"NN"
19759,"."
19760,"RB"
19761,"IN"
19762,"DT"
19763,"NNS"
19764,"VBP"
19765,"DT"
19766,"NN"
19767,"NN"
19768,"IN"
19769,"$"
19770,"CD"
19771,"DT"
19772,"NN"
19773,","
19774,"DT"
19775,"CD"
19776,"NNS"
19777,"MD"
19778,"RB"
19779,"VB"
19780,"IN"
19781,"$"
19782,"CD"
19783,"CD"
19784,"JJR"
19785,"IN"
19786,"PRP"
19787,"VBD"
19788,"TO"
19789,"VB"
19790,"IN"
19791,"DT"
19792,"JJ"
19793,"NN"
19794,"."
19795,"NNP"
19796,"NNP"
19797,"VBZ"
19798,"CD"
19799,"NNP"
19800,"NNS"
19801,"CC"
19802,"VBZ"
19803,"NNS"
19804,"TO"
19805,"VB"
19806,"DT"
19807,"CD"
19808,"IN"
19809,"$"
19810,"CD"
19811,"DT"
19812,"."
19813,"IN"
19814,"DT"
19815,"$"
19816,"JJ"
19817,"NN"
19818,","
19819,"WDT"
19820,"VBD"
19821,"IN"
19822,"$"
19823,"CD"
19824,"CD"
19825,"."
19826,"IN"
19827,"NN"
19828,"POS"
19829,"NN"
19830,"IN"
19831,"NN"
19832,","
19833,"PRP"
19834,"VBD"
19835,"JJ"
19836,"IN"
19837,"DT"
19838,"JJ"
19839,"$"
19840,"CD"
19841,"CD"
19842,"."
19843,"IN"
19844,"NN"
19845,","
19846,"NNP"
19847,"NNP"
19848,","
19849,"CD"
19850,"NNS"
19851,"JJ"
19852,","
19853,"VBZ"
19854,"DT"
19855,"NN"
19856,"."
19857,"PRP"
19858,"VBD"
19859,"PRP$"
19860,"JJ"
19861,"CD"
19862,"NNS"
19863,"IN"
19864,"NNP"
19865,"NNP"
19866,"CC"
19867,"NNP"
19868,"NNP"
19869,"IN"
19870,"JJ"
19871,"NN"
19872,"NNS"
19873,"IN"
19874,"IN"
19875,"$"
19876,"CD"
19877,"CD"
19878,","
19879,"CC"
19880,"NNP"
19881,"VBD"
19882,"PRP"
19883,"DT"
19884,"$"
19885,"CD"
19886,"CD"
19887,"NN"
19888,"WRB"
19889,"PRP"
19890,"VBD"
19891,"PRP"
19892,"."
19893,"PRP$"
19894,"CD"
19895,"NN"
19896,"VBD"
19897,"$"
19898,"CD"
19899,","
19900,"IN"
19901,"DT"
19902,"$"
19903,"CD"
19904,"NN"
19905,"."
19906,"DT"
19907,"JJ"
19908,"NN"
19909,"NNP"
19910,"NNP"
19911,"VBZ"
19912,"RB"
19913,"VBN"
19914,"NNS"
19915,"JJ"
19916,":"
19917,"IN"
19918,"JJS"
19919,"DT"
19920,"JJ"
19921,"NNS"
19922,":"
19923,"TO"
19924,"VB"
19925,"RP"
19926,"DT"
19927,"NN"
19928,"IN"
19929,"NN"
19930,"."
19931,"NNP"
19932,"VBD"
19933,"PRP"
19934,"DT"
19935,"$"
19936,"CD"
19937,"NN"
19938,"TO"
19939,"VB"
19940,"PRP"
19941,"RB"
19942,"IN"
19943,"NNP"
19944,"NNPS"
19945,","
19946,"CC"
19947,"PRP"
19948,"VBD"
19949,"VBN"
19950,"DT"
19951,"NN"
19952,"IN"
19953,"$"
19954,"CD"
19955,"JJ"
19956,"NN"
19957,"IN"
19958,"DT"
19959,"$"
19960,"CD"
19961,"NN"
19962,"."
19963,"NNP"
19964,"NNP"
19965,"VBZ"
19966,"CD"
19967,"NNP"
19968,"NNS"
19969,"CC"
19970,"VBZ"
19971,"NNS"
19972,"TO"
19973,"VB"
19974,"DT"
19975,"CD"
19976,"IN"
19977,"$"
19978,"CD"
19979,"DT"
19980,"."
19981,"DT"
19982,"VBD"
19983,"TO"
19984,"DT"
19985,"JJ"
19986,"$"
19987,"CD"
19988,"CD"
19989,"IN"
19990,"DT"
19991,"$"
19992,"JJ"
19993,"NN"
19994,","
19995,"CC"
19996,"RB"
19997,"$"
19998,"CD"
19999,"CD"
20000,"IN"
20001,"NN"
20002,"POS"
20003,"NN"
20004,"."
20005,"IN"
20006,"DT"
20007,"JJ"
20008,"$"
20009,"CD"
20010,"CD"
20011,"DT"
20012,"CD"
20013,"NNS"
20014,"VBD"
20015,"VBN"
20016,"TO"
20017,"VB"
20018,"IN"
20019,"DT"
20020,"NN"
20021,","
20022,"PRP"
20023,"VBD"
20024,"TO"
20025,"VB"
20026,"IN"
20027,"DT"
20028,"NN"
20029,"RB"
20030,"$"
20031,"CD"
20032,"CD"
20033,","
20034,"VBG"
20035,"JJ"
20036,"IN"
20037,"DT"
20038,"NNS"
20039,"IN"
20040,"NNS"
20041,"VBD"
20042,"TO"
20043,"VB"
20044,"NN"
20045,"NNS"
20046,"IN"
20047,"DT"
20048,"NN"
20049,"MD"
20050,"VB"
20051,"DT"
20052,"NN"
20053,"."
20054,"NNP"
20055,"POS"
20056,"NNS"
20057,"VBD"
20058,"PRP"
20059,","
20060,"CC"
20061,"PRP$"
20062,"NNS"
20063,","
20064,"NN"
20065,"NN"
20066,"IN"
20067,"DT"
20068,"JJ"
20069,"NN"
20070,":"
20071,"JJ"
20072,"JJ"
20073,"NN"
20074,","
20075,"CC"
20076,"$"
20077,"CD"
20078,"DT"
20079,"NN"
20080,"IN"
20081,"NN"
20082,"IN"
20083,"RB"
20084,"."
20085,"RB"
20086,","
20087,"IN"
20088,"DT"
20089,"JJ"
20090,"NN"
20091,","
20092,"PRP"
20093,"MD"
20094,"VB"
20095,"VBN"
20096,"RB"
20097,"TO"
20098,"NN"
20099,"NNS"
20100,"IN"
20101,"NN"
20102,"."
20103,"O"
20104,"NNP"
20105,"NNP"
20106,"NNP"
20107,","
20108,"NN"
20109,"IN"
20110,"DT"
20111,"JJ"
20112,"NN"
20113,"IN"
20114,"NNP"
20115,"NNP"
20116,","
20117,"VBD"
20118,"VBN"
20119,"NN"
20120,"IN"
20121,"NNP"
20122,"NNP"
20123,"NNP"
20124,"NNP"
20125,","
20126,"DT"
20127,"NNP"
20128,"NN"
20129,","
20130,"CC"
20131,"JJ"
20132,"NN"
20133,"NN"
20134,"IN"
20135,"NNP"
20136,"NNP"
20137,"."
20138,"NNP"
20139,"NNP"
20140,"VBZ"
20141,"NNP"
20142,"NNP"
20143,"NNP"
20144,","
20145,"WP"
20146,"VBD"
20147,"TO"
20148,"VB"
20149,"JJ"
20150,"NNS"
20151,","
20152,"IN"
20153,"DT"
20154,"NNS"
20155,"."
20156,"NNP"
20157,"VBZ"
20158,"DT"
20159,"NN"
20160,"CC"
20161,"NN"
20162,"NNS"
20163,"NN"
20164,"."
20165,"O"
20166,"NNP"
20167,"NNP"
20168,"NNP"
20169,"VBD"
20170,"NNP"
20171,"NNP"
20172,"NNP"
20173,"VBD"
20174,"TO"
20175,"VB"
20176,"RP"
20177,"IN"
20178,"NN"
20179,"NN"
20180,"IN"
20181,"DT"
20182,"NN"
20183,"NN"
20184,"NN"
20185,"."
20186,"``"
20187,"EX"
20188,"VBD"
20189,"DT"
20190,"NN"
20191,"IN"
20192,"NN"
20193,"IN"
20194,"TO"
20195,"DT"
20196,"JJ"
20197,"NN"
20198,"IN"
20199,"DT"
20200,"NN"
20201,","
20202,"''"
20203,"DT"
20204,"NN"
20205,"VBD"
20206,"."
20207,"NNP"
20208,"NNP"
20209,"VBD"
20210,"TO"
20211,"VB"
20212,"."
20213,"IN"
20214,"DT"
20215,"NN"
20216,","
20217,"NNP"
20218,"NNS"
20219,"VBD"
20220,"NNP"
20221,"NNP"
20222,"POS"
20223,"NN"
20224,"NN"
20225,"VBZ"
20226,"IN"
20227,"PRP"
20228,"TO"
20229,"VB"
20230,"IN"
20231,"DT"
20232,"NN"
20233,"TO"
20234,"DT"
20235,"NN"
20236,"IN"
20237,"CD"
20238,"NNS"
20239,"."
20240,"PRP"
20241,"MD"
20242,"RB"
20243,"VB"
20244,"DT"
20245,"NN"
20246,","
20247,"NNP"
20248,"NNS"
20249,"VBD"
20250,","
20251,"CC"
20252,"MD"
20253,"RB"
20254,"VB"
20255,"IN"
20256,"DT"
20257,"NN"
20258,"NNS"
20259,"."
20260,"NNP"
20261,"NNP"
20262,"MD"
20263,"VB"
20264,"VBN"
20265,"IN"
20266,"DT"
20267,"JJ"
20268,"NN"
20269,"IN"
20270,"NNP"
20271,"NNP"
20272,","
20273,"NNP"
20274,"NNP"
20275,"NN"
20276,"CC"
20277,"NN"
20278,"."
20279,"IN"
20280,"DT"
20281,"JJ"
20282,"NN"
20283,","
20284,"PRP"
20285,"VBZ"
20286,"RB"
20287,"VBD"
20288,"PRP"
20289,"VBD"
20290,"VBN"
20291,"RB"
20292,"CD"
20293,"IN"
20294,"PRP$"
20295,"JJ"
20296,"NNS"
20297,"IN"
20298,"DT"
20299,"JJ"
20300,"NN"
20301,"."
20302,"NNS"
20303,"VBD"
20304,"RB"
20305,"VBN"
20306,"."
20307,"DT"
20308,"NN"
20309,"VBZ"
20310,"IN"
20311,"CD"
20312,"NN"
20313,"IN"
20314,"DT"
20315,"NN"
20316,"POS"
20317,"NNS"
20318,","
20319,"VBN"
20320,"IN"
20321,"DT"
20322,"CD"
20323,"CD"
20324,"NNS"
20325,"JJ"
20326,"IN"
20327,"IN"
20328,"NNP"
20329,"CD"
20330,"."
20331,"IN"
20332,"JJ"
20333,"JJ"
20334,"NN"
20335,"NN"
20336,","
20337,"NNP"
20338,"NNS"
20339,"VBD"
20340,"IN"
20341,"$"
20342,"CD"
20343,","
20344,"JJ"
20345,"."
20346,"O"
20347,"CD"
20348,"JJ"
20349,"NN"
20350,"NNS"
20351,"VBD"
20352,"JJ"
20353,"JJ"
20354,"NNS"
20355,","
20356,"VBN"
20357,"IN"
20358,"JJ"
20359,"NNS"
20360,"IN"
20361,"JJR"
20362,","
20363,"VBG"
20364,"NNS"
20365,"NNS"
20366,"WDT"
20367,"VBP"
20368,"JJ"
20369,"NN"
20370,"NNS"
20371,"."
20372,"NNP"
20373,"CC"
20374,"NNP"
20375,"VBD"
20376,"DT"
20377,"CD"
20378,"NN"
20379,"NN"
20380,"IN"
20381,"NNS"
20382,":"
20383,"NNP"
20384,"NNP"
20385,"POS"
20386,"NN"
20387,"VBD"
20388,"CD"
20389,"NN"
20390,"IN"
20391,"NNP"
20392,"NNP"
20393,"CC"
20394,"NNP"
20395,"POS"
20396,"JJ"
20397,"NN"
20398,"VBD"
20399,"CD"
20400,"NN"
20401,"."
20402,"DT"
20403,"NNS"
20404,"VBD"
20405,"IN"
20406,"NN"
20407,"IN"
20408,"NNS"
20409,"POS"
20410,"NNS"
20411,"."
20412,"NNP"
20413,"CC"
20414,"NNP"
20415,"."
20416,"NNP"
20417,","
20418,"NNP"
20419,","
20420,"NNP"
20421,","
20422,"VBD"
20423,"TO"
20424,"VB"
20425,"DT"
20426,"NN"
20427,"IN"
20428,"DT"
20429,"JJ"
20430,"JJ"
20431,"NN"
20432,"IN"
20433,"DT"
20434,"NN"
20435,"CC"
20436,"NN"
20437,"NNS"
20438,"NN"
20439,"."
20440,"DT"
20441,"JJR"
20442,"NNP"
20443,"NN"
20444,"VBD"
20445,"JJ"
20446,"CC"
20447,"JJ"
20448,"NNS"
20449,"NN"
20450,"CD"
20451,"NN"
20452,"CC"
20453,"CD"
20454,"NN"
20455,","
20456,"RB"
20457,"."
20458,"NNP"
20459,"NNS"
20460,"VBD"
20461,"IN"
20462,"CD"
20463,"NN"
20464,"IN"
20465,"JJ"
20466,"NN"
20467,"NNS"
20468,"IN"
20469,"DT"
20470,"CD"
20471,"NNS"
20472,","
20473,"VBN"
20474,"IN"
20475,"CD"
20476,"NN"
20477,"DT"
20478,"NN"
20479,"RBR"
20480,"."
20481,"NNS"
20482,"IN"
20483,"DT"
20484,"NN"
20485,"VBD"
20486,"TO"
20487,"$"
20488,"CD"
20489,"CD"
20490,"IN"
20491,"$"
20492,"CD"
20493,"CD"
20494,"."
20495,"NNP"
20496,","
20497,"NNP"
20498,"POS"
20499,"JJ"
20500,"NN"
20501,"NN"
20502,","
20503,"VBD"
20504,"JJR"
20505,"NNS"
20506,"IN"
20507,"DT"
20508,"JJ"
20509,"NN"
20510,"NN"
20511,"VBZ"
20512,"RB"
20513,"VBN"
20514,"IN"
20515,"DT"
20516,"NNP"
20517,"IN"
20518,"DT"
20519,"NN"
20520,"NN"
20521,"NN"
20522,","
20523,"DT"
20524,"NN"
20525,"VBD"
20526,"."
20527,"DT"
20528,"NN"
20529,"VBD"
20530,"VBN"
20531,"IN"
20532,"NNP"
20533,"NNP"
20534,"DT"
20535,"NN"
20536,"."
20537,"JJ"
20538,"NN"
20539,","
20540,"RB"
20541,","
20542,"VBD"
20543,"TO"
20544,"NN"
20545,"NNS"
20546,"NNS"
20547,"IN"
20548,"DT"
20549,"NN"
20550,"IN"
20551,"NNP"
20552,"POS"
20553,"JJ"
20554,"NN"
20555,"CC"
20556,"NN"
20557,"NNS"
20558,","
20559,"VBG"
20560,"NNP"
20561,"CC"
20562,"NNP"
20563,"."
20564,"IN"
20565,"NNP"
20566,"NNP"
20567,"NNP"
20568,"NNP"
20569,"JJ"
20570,"NN"
20571,"NN"
20572,","
20573,"NNP"
20574,"NNS"
20575,"VBD"
20576,"IN"
20577,"$"
20578,"CD"
20579,","
20580,"RB"
20581,"CD"
20582,"NNS"
20583,"."
20584,"NNP"
20585,"NNP"
20586,"."
20587,"NNP"
20588,","
20589,"NNP"
20590,"NNP"
20591,","
20592,"NNP"
20593,","
20594,"VBD"
20595,"NNS"
20596,"WDT"
20597,"VBD"
20598,"DT"
20599,"NN"
20600,"IN"
20601,"DT"
20602,"NN"
20603,"CC"
20604,"DT"
20605,"JJ"
20606,"NN"
20607,"IN"
20608,"DT"
20609,"NN"
20610,"IN"
20611,"CD"
20612,"NN"
20613,"CC"
20614,"JJR"
20615,"JJ"
20616,"NNS"
20617,"NN"
20618,"."
20619,"VBN"
20620,"IN"
20621,"NN"
20622,"IN"
20623,"JJ"
20624,"NNS"
20625,"IN"
20626,"DT"
20627,"NN"
20628,"POS"
20629,"NN"
20630,"NNS"
20631,","
20632,"NNP"
20633,"VBD"
20634,"CD"
20635,"MD"
20636,"VB"
20637,"DT"
20638,"JJS"
20639,"NN"
20640,"IN"
20641,"PRP$"
20642,"NN"
20643,","
20644,"IN"
20645,"JJ"
20646,"NNS"
20647,"VBN"
20648,"TO"
20649,"VB"
20650,"JJR"
20651,"IN"
20652,"CD"
20653,"NN"
20654,"TO"
20655,"RB"
20656,"$"
20657,"CD"
20658,"."
20659,"NNS"
20660,"IN"
20661,"DT"
20662,"NN"
20663,"VBD"
20664,"TO"
20665,"$"
20666,"CD"
20667,"CD"
20668,"IN"
20669,"$"
20670,"CD"
20671,"CD"
20672,"."
20673,"JJ"
20674,"JJ"
20675,"NNS"
20676,"VBD"
20677,"CD"
20678,"NN"
20679,"IN"
20680,"DT"
20681,"NN"
20682,"TO"
20683,"$"
20684,"CD"
20685,"CD"
20686,":"
20687,"NNP"
20688,"NNS"
20689,"VBD"
20690,"CD"
20691,"NN"
20692,"."
20693,"DT"
20694,"NN"
20695,"POS"
20696,"NN"
20697,"VBD"
20698,"VBN"
20699,"IN"
20700,"NNS"
20701,"IN"
20702,"DT"
20703,"JJ"
20704,"NNS"
20705,"NN"
20706,","
20707,"DT"
20708,"JJ"
20709,"NN"
20710,","
20711,"CC"
20712,"NNP"
20713,","
20714,"DT"
20715,"NN"
20716,"NN"
20717,"NN"
20718,"."
20719,"JJ"
20720,"NNS"
20721,"IN"
20722,"NNP"
20723,"POS"
20724,"JJ"
20725,"NN"
20726,"NNS"
20727,","
20728,"JJ"
20729,"IN"
20730,"NNP"
20731,"NN"
20732,"NNS"
20733,","
20734,"NNP"
20735,"NNP"
20736,","
20737,"CC"
20738,"JJ"
20739,"NN"
20740,"NN"
20741,","
20742,"VBD"
20743,"CD"
20744,"NN"
20745,"TO"
20746,"$"
20747,"CD"
20748,"CD"
20749,"IN"
20750,"DT"
20751,"JJ"
20752,"NN"
20753,":"
20754,"NNP"
20755,"NNS"
20756,"VBD"
20757,"CD"
20758,"NN"
20759,"."
20760,"JJ"
20761,"NNS"
20762,"NNS"
20763,"RB"
20764,"VBD"
20765,"JJ"
20766,"NN"
20767,"IN"
20768,"DT"
20769,"NN"
20770,"."
20771,"JJ"
20772,"NNS"
20773,"IN"
20774,"JJ"
20775,"NN"
20776,","
20777,"VBZ"
20778,"NN"
20779,"NNS"
20780,","
20781,"CC"
20782,"VBZ"
20783,"NN"
20784,"CC"
20785,"NN"
20786,"NNS"
20787,","
20788,"VBD"
20789,"CD"
20790,"NN"
20791,"TO"
20792,"$"
20793,"CD"
20794,"CD"
20795,"."
20796,"NNP"
20797,"NNS"
20798,"VBD"
20799,"IN"
20800,"$"
20801,"CD"
20802,"DT"
20803,"NN"
20804,","
20805,"IN"
20806,"$"
20807,"CD"
20808,","
20809,"IN"
20810,"NNP"
20811,"NNP"
20812,"JJ"
20813,"NN"
20814,"NN"
20815,"."
20816,"NNP"
20817,"NNP"
20818,"CC"
20819,"NNP"
20820,"."
20821,"NNP"
20822,"VBD"
20823,"JJ"
20824,"NN"
20825,"CC"
20826,"JJ"
20827,"NNS"
20828,"TO"
20829,"JJ"
20830,"NNS"
20831,"IN"
20832,"NNS"
20833,","
20834,"JJ"
20835,"NNS"
20836,"CC"
20837,"JJ"
20838,"NNS"
20839,"IN"
20840,"JJ"
20841,"NN"
20842,"NNS"
20843,"IN"
20844,"DT"
20845,"NN"
20846,"IN"
20847,"VBN"
20848,"NNS"
20849,"RB"
20850,"."
20851,"NNS"
20852,"VBD"
20853,"TO"
20854,"NN"
20855,"NNS"
20856,"IN"
20857,"IN"
20858,"DT"
20859,"JJR"
20860,"NN"
20861,"NN"
20862,","
20863,"NN"
20864,"IN"
20865,"DT"
20866,"NN"
20867,"IN"
20868,"DT"
20869,"NN"
20870,"NN"
20871,"VBN"
20872,"IN"
20873,"NNP"
20874,"NNP"
20875,"IN"
20876,"NN"
20877,"IN"
20878,"NNP"
20879,"POS"
20880,"NN"
20881,"IN"
20882,"NNP"
20883,"NNP"
20884,"NNP"
20885,"IN"
20886,"CD"
20887,","
20888,"CC"
20889,"JJ"
20890,"NNS"
20891,"IN"
20892,"DT"
20893,"NN"
20894,"IN"
20895,"NN"
20896,"NN"
20897,"IN"
20898,"NNP"
20899,"POS"
20900,"NNP"
20901,"NNP"
20902,"NN"
20903,"."
20904,"JJ"
20905,"NNS"
20906,"IN"
20907,"DT"
20908,"NNP"
20909,","
20910,"NNP"
20911,","
20912,"NN"
20913,"VBD"
20914,"CD"
20915,"NN"
20916,"TO"
20917,"$"
20918,"CD"
20919,"CD"
20920,"IN"
20921,"$"
20922,"CD"
20923,"CD"
20924,"."
20925,"JJ"
20926,"NNS"
20927,"VBD"
20928,"CD"
20929,"NN"
20930,"TO"
20931,"$"
20932,"CD"
20933,"CD"
20934,"IN"
20935,"$"
20936,"CD"
20937,"CD"
20938,"DT"
20939,"NN"
20940,"RBR"
20941,"."
20942,"NNS"
20943,"IN"
20944,"NNP"
20945,","
20946,"DT"
20947,"JJ"
20948,","
20949,"JJ"
20950,"NNS"
20951,"NNS"
20952,"."
20953,"JJR"
20954,"NNS"
20955,"IN"
20956,"NNS"
20957,"CC"
20958,"JJ"
20959,"NN"
20960,"NNS"
20961,"RBR"
20962,"IN"
20963,"VB"
20964,"DT"
20965,"JJ"
20966,"NN"
20967,"IN"
20968,"DT"
20969,"NNS"
20970,"IN"
20971,"NN"
20972,"NNS"
20973,"TO"
20974,"VB"
20975,"DT"
20976,"NN"
20977,"IN"
20978,"JJ"
20979,"JJ"
20980,"NN"
20981,"NNS"
20982,","
20983,"NNP"
20984,"VBD"
20985,"."
20986,"NNP"
20987,"NNP"
20988,"NNP"
20989,"NNP"
20990,"CC"
20991,"NNP"
20992,"NNP"
20993,"NNP"
20994,"NNS"
20995,"VBD"
20996,"NN"
20997,"IN"
20998,"DT"
20999,"JJ"
21000,"NNS"
21001,"NN"
21002,"."
21003,"NNP"
21004,"NNS"
21005,"VBD"
21006,"NN"
21007,"IN"
21008,"JJ"
21009,"NN"
21010,"IN"
21011,"DT"
21012,"NNP"
21013,"NNP"
21014,"IN"
21015,"$"
21016,"CD"
21017,","
21018,"RB"
21019,"CD"
21020,"NNS"
21021,"."
21022,"O"
21023,"NNP"
21024,"NNP"
21025,","
21026,"NN"
21027,"IN"
21028,"NNP"
21029,"NNP"
21030,","
21031,"VBD"
21032,"PRP"
21033,"VBZ"
21034,"``"
21035,"JJ"
21036,"''"
21037,"IN"
21038,"NNS"
21039,"POS"
21040,"NNS"
21041,"IN"
21042,"JJ"
21043,"NNS"
21044,"VBD"
21045,"TO"
21046,"IN"
21047,"CD"
21048,"NNS"
21049,"CC"
21050,"$"
21051,"CD"
21052,"DT"
21053,"NN"
21054,"."
21055,"DT"
21056,"VBZ"
21057,"IN"
21058,"JJ"
21059,"NNS"
21060,"IN"
21061,"JJ"
21062,"NNS"
21063,"IN"
21064,"CD"
21065,"NNS"
21066,"DT"
21067,"NN"
21068,"RBR"
21069,":"
21070,"VBG"
21071,"JJ"
21072,"NNS"
21073,","
21074,"JJ"
21075,"VBD"
21076,"CD"
21077,"NNS"
21078,"DT"
21079,"NN"
21080,"RB"
21081,"."
21082,"DT"
21083,"JJ"
21084,"NNS"
21085,"VBP"
21086,"DT"
21087,"JJ"
21088,"NN"
21089,"POS"
21090,"JJ"
21091,"NN"
21092,","
21093,"VBD"
21094,"TO"
21095,"IN"
21096,"$"
21097,"CD"
21098,"CD"
21099,"CC"
21100,"$"
21101,"CD"
21102,"CD"
21103,","
21104,"IN"
21105,"$"
21106,"CD"
21107,"CD"
21108,"DT"
21109,"NN"
21110,"NN"
21111,"."
21112,"NNS"
21113,"VBP"
21114,"NNP"
21115,"POS"
21116,"JJ"
21117,"NN"
21118,"NNS"
21119,"VBD"
21120,"IN"
21121,"CD"
21122,"NN"
21123,"TO"
21124,"$"
21125,"CD"
21126,"CD"
21127,"."
21128,"NNP"
21129,"NNP"
21130,"VBD"
21131,"DT"
21132,"NN"
21133,"NN"
21134,"TO"
21135,"JJ"
21136,"NNS"
21137,"IN"
21138,"NNP"
21139,"NNP"
21140,","
21141,"NNP"
21142,"CC"
21143,"NNP"
21144,"."
21145,"NNS"
21146,"VBD"
21147,"RB"
21148,"VBN"
21149,"IN"
21150,"``"
21151,"DT"
21152,"RB"
21153,"JJ"
21154,"''"
21155,"NN"
21156,"IN"
21157,"NN"
21158,"NN"
21159,"IN"
21160,"NNP"
21161,"POS"
21162,"NNP"
21163,"NN"
21164,","
21165,"NNP"
21166,"NNP"
21167,"VBD"
21168,"."
21169,"NN"
21170,"NN"
21171,"IN"
21172,"NNP"
21173,"POS"
21174,"JJ"
21175,"NN"
21176,"NNS"
21177,"CC"
21178,"JJ"
21179,"NNS"
21180,"VBD"
21181,"CD"
21182,"NN"
21183,"IN"
21184,"DT"
21185,"NN"
21186,","
21187,"NNP"
21188,"NNP"
21189,"VBD"
21190,"."
21191,"PRP"
21192,"VBD"
21193,"DT"
21194,"NN"
21195,"VBD"
21196,"DT"
21197,"NN"
21198,"IN"
21199,"NN"
21200,"NNS"
21201,"VBN"
21202,"IN"
21203,"VBG"
21204,"NN"
21205,"NNS"
21206,","
21207,"VBG"
21208,"CD"
21209,"JJ"
21210,"NNS"
21211,"CC"
21212,"VBG"
21213,"RBR"
21214,"RB"
21215,"DT"
21216,"NN"
21217,"POS"
21218,"JJ"
21219,"NNS"
21220,"."
21221,"DT"
21222,"JJ"
21223,"NN"
21224,"IN"
21225,"NNP"
21226,"POS"
21227,"NNP"
21228,"NNS"
21229,"VBD"
21230,"DT"
21231,"NNS"
21232,"IN"
21233,"NN"
21234,"."
21235,"NNP"
21236,"POS"
21237,"NN"
21238,"NNS"
21239,"NN"
21240,","
21241,"WDT"
21242,"VBZ"
21243,"JJ"
21244,"NNS"
21245,"IN"
21246,"JJ"
21247,"JJ"
21248,"NN"
21249,"CC"
21250,"NN"
21251,"NN"
21252,","
21253,"VBZ"
21254,"VBN"
21255,"DT"
21256,"JJ"
21257,"NN"
21258,"."
21259,"NNS"
21260,"VBP"
21261,"NNP"
21262,"POS"
21263,"NNS"
21264,"IN"
21265,"NN"
21266,"NNS"
21267,"IN"
21268,"DT"
21269,"NNP"
21270,"VBD"
21271,"JJ"
21272,"IN"
21273,"DT"
21274,"NN"
21275,","
21276,"CC"
21277,"PRP"
21278,"VBD"
21279,"VBG"
21280,"NNS"
21281,"IN"
21282,"JJ"
21283,"CD"
21284,"NN"
21285,"TO"
21286,"CD"
21287,"NN"
21288,"."
21289,"``"
21290,"IN"
21291,"PRP"
21292,"MD"
21293,"VB"
21294,"PRP$"
21295,"NN"
21296,"IN"
21297,"DT"
21298,"NNP"
21299,"VBD"
21300,"CD"
21301,","
21302,"CC"
21303,"RB"
21304,"RB"
21305,"RB"
21306,","
21307,"WDT"
21308,"MD"
21309,"VB"
21310,"NN"
21311,","
21312,"''"
21313,"VBZ"
21314,"NNP"
21315,"NNP"
21316,","
21317,"DT"
21318,"NN"
21319,"IN"
21320,"NNP"
21321,"NNP"
21322,"CC"
21323,"NNP"
21324,"."
21325,"``"
21326,"CC"
21327,"PRP"
21328,"VBZ"
21329,"RB"
21330,"JJ"
21331,","
21332,"PRP"
21333,"VBZ"
21334,"DT"
21335,"JJ"
21336,"NN"
21337,"."
21338,"''"
21339,"NNP"
21340,"NNP"
21341,"VBD"
21342,"IN"
21343,"NNP"
21344,"POS"
21345,"JJ"
21346,"NN"
21347,","
21348,"RB"
21349,"IN"
21350,"PRP$"
21351,"RB"
21352,"JJ"
21353,"NNP"
21354,"POS"
21355,"FW"
21356,"NNPS"
21357,"NN"
21358,","
21359,"VBZ"
21360,"VBN"
21361,"."
21362,"``"
21363,"PRP"
21364,"VBP"
21365,"VBN"
21366,"DT"
21367,"NN"
21368,"TO"
21369,"VB"
21370,"("
21371,"NNP"
21372,"."
21373,")"
21374,"NNS"
21375,","
21376,"CC"
21377,"DT"
21378,"NN"
21379,"RBR"
21380,"MD"
21381,"VB"
21382,"VBN"
21383,","
21384,"''"
21385,"NNP"
21386,"NNP"
21387,"VBD"
21388,"."
21389,"``"
21390,"JJ"
21391,"NN"
21392,"IN"
21393,"NNP"
21394,"NNS"
21395,"VBZ"
21396,"DT"
21397,"RB"
21398,"JJ"
21399,"NN"
21400,"IN"
21401,"DT"
21402,"NN"
21403,"."
21404,"''"
21405,"TO"
21406,"VB"
21407,"IN"
21408,"PRP$"
21409,"JJ"
21410,"JJ"
21411,"NN"
21412,","
21413,"NNP"
21414,"VBD"
21415,"PRP$"
21416,"NN"
21417,"NN"
21418,"NN"
21419,"IN"
21420,"CD"
21421,"."
21422,"O"
21423,"NNP"
21424,"NNP"
21425,"NNP"
21426,"VBD"
21427,"VBN"
21428,"DT"
21429,"NN"
21430,"IN"
21431,"DT"
21432,"NN"
21433,","
21434,"WDT"
21435,"RB"
21436,"VBZ"
21437,"NNS"
21438,"IN"
21439,"NN"
21440,"CC"
21441,"NN"
21442,"NNS"
21443,","
21444,"VBG"
21445,"DT"
21446,"NN"
21447,"IN"
21448,"NNS"
21449,"TO"
21450,"CD"
21451,"."
21452,"NNP"
21453,"RB"
21454,"VBZ"
21455,"CD"
21456,"NNS"
21457,","
21458,"NN"
21459,"NNS"
21460,"CC"
21461,"JJ"
21462,"NN"
21463,"NNS"
21464,"."
21465,"NNP"
21466,"NNP"
21467,"VBZ"
21468,"JJ"
21469,","
21470,"JJ"
21471,"NNS"
21472,","
21473,"IN"
21474,"NNP"
21475,"NNP"
21476,"NNP"
21477,"NNP"
21478,","
21479,"WDT"
21480,"VBZ"
21481,"VBN"
21482,"IN"
21483,"NNP"
21484,"NNP"
21485,"NNP"
21486,"."
21487,"O"
21488,"NNP"
21489,"NNP"
21490,"NNP"
21491,"VBZ"
21492,"PRP$"
21493,"RB"
21494,"JJ"
21495,"NNS"
21496,"VBP"
21497,"DT"
21498,"``"
21499,"NN"
21500,"''"
21501,"NN"
21502,"IN"
21503,"VBN"
21504,"NNS"
21505,"VBN"
21506,"IN"
21507,"VBG"
21508,"DT"
21509,"NN"
21510,"``"
21511,"RBR"
21512,"JJ"
21513,"''"
21514,"CC"
21515,"``"
21516,"JJR"
21517,"TO"
21518,"VB"
21519,"."
21520,"''"
21521,"RB"
21522,"RB"
21523,":"
21524,"IN"
21525,"PRP"
21526,"MD"
21527,"VB"
21528,"WRB"
21529,"PRP$"
21530,"JJ"
21531,"NN"
21532,"VBD"
21533,"."
21534,"JJ"
21535,"NNS"
21536,","
21537,"WP"
21538,"JJ"
21539,"UH"
21540,"JJ"
21541,"WRB"
21542,"VBG"
21543,"IN"
21544,"JJ"
21545,"NNS"
21546,"JJ"
21547,"IN"
21548,"NNP"
21549,"``"
21550,"FW"
21551,"FW"
21552,"''"
21553,"NNS"
21554,","
21555,"CC"
21556,"NNP"
21557,"NNP"
21558,"NNPS"
21559,"NNP"
21560,"NNP"
21561,"``"
21562,"NNP"
21563,"NNP"
21564,"''"
21565,"NNP"
21566,","
21567,"NN"
21568,"VBD"
21569,"NN"
21570,"IN"
21571,"JJ"
21572,"NNS"
21573,"IN"
21574,"NNP"
21575,"NNS"
21576,"WDT"
21577,"VBD"
21578,"JJ"
21579,"NNS"
21580,"IN"
21581,"DT"
21582,"VBN"
21583,"NNS"
21584,"DT"
21585,"NN"
21586,"."
21587,"IN"
21588,"JJ"
21589,"JJ"
21590,"NN"
21591,","
21592,"NNP"
21593,"NNP"
21594,"NNP"
21595,"NNP"
21596,"NNP"
21597,","
21598,"VBG"
21599,"TO"
21600,"DT"
21601,"NN"
21602,"IN"
21603,"PRP$"
21604,"NNS"
21605,","
21606,"VBD"
21607,"DT"
21608,"JJ"
21609,"NNS"
21610,"."
21611,"IN"
21612,"DT"
21613,"JJ"
21614,"NNS"
21615,"IN"
21616,"JJS"
21617,","
21618,"PRP"
21619,"VBZ"
21620,","
21621,"DT"
21622,"NNS"
21623,"CC"
21624,"NNS"
21625,"IN"
21626,"DT"
21627,"NN"
21628,"MD"
21629,"VB"
21630,"DT"
21631,"NNS"
21632,"."
21633,"NNP"
21634,"VBD"
21635,","
21636,"NN"
21637,"VBD"
21638,"PRP"
21639,"VBD"
21640,"JJ"
21641,"."
21642,"NNP"
21643,"NN"
21644,"NNP"
21645,"NNP"
21646,":"
21647,"IN"
21648,"DT"
21649,"JJ"
21650,"NN"
21651,"IN"
21652,"PRP$"
21653,"NN"
21654,"IN"
21655,"IN"
21656,"JJ"
21657,"NNS"
21658,":"
21659,"JJ"
21660,"IN"
21661,"PRP$"
21662,"JJ"
21663,"NN"
21664,"VBD"
21665,"RB"
21666,"JJ"
21667,","
21668,"PRP"
21669,"VBD"
21670,"``"
21671,"IN"
21672,"DT"
21673,"NN"
21674,"PRP"
21675,"MD"
21676,"VB"
21677,"IN"
21678,"DT"
21679,"NN"
21680,"IN"
21681,"NNP"
21682,"NNP"
21683,"WDT"
21684,"VBZ"
21685,"TO"
21686,"VB"
21687,"RB"
21688,"IN"
21689,"CD"
21690,"IN"
21691,"PRP$"
21692,"NN"
21693,"."
21694,"''"
21695,"NNP"
21696,"NNP"
21697,"VBD"
21698,"NNS"
21699,"IN"
21700,"PRP"
21701,"RB"
21702,"VBZ"
21703,"RB"
21704,"VBN"
21705,"NNP"
21706,"NN"
21707,"IN"
21708,"VBG"
21709,"DT"
21710,"$"
21711,"CD"
21712,"NN"
21713,"VBD"
21714,"PRP"
21715,"VBD"
21716,"IN"
21717,"NN"
21718,"PRP$"
21719,"NN"
21720,"IN"
21721,"VBG"
21722,"DT"
21723,"NN"
21724,"."
21725,"``"
21726,"PRP"
21727,"VBD"
21728,"("
21729,"DT"
21730,"NN"
21731,")"
21732,"DT"
21733,"VB"
21734,"IN"
21735,"NN"
21736,"PRP"
21737,"MD"
21738,"VB"
21739,"VBG"
21740,"JJ"
21741,"PRP$"
21742,"JJ"
21743,"NN"
21744,":"
21745,"CC"
21746,"DT"
21747,"NN"
21748,"WP"
21749,"VBD"
21750,"PRP"
21751,"VBD"
21752,"VBN"
21753,"NNP"
21754,"NNP"
21755,"POS"
21756,"NN"
21757,"IN"
21758,"DT"
21759,"JJ"
21760,"CD"
21761,"NNS"
21762,","
21763,"''"
21764,"PRP"
21765,"VBD"
21766,"."
21767,"NNP"
21768,"NNP"
21769,"VBD"
21770,"RB"
21771,"VB"
21772,"TO"
21773,"DT"
21774,"NNS"
21775,"IN"
21776,"NNS"
21777,"NNP"
21778,"NNP"
21779,"("
21780,"``"
21781,"VBZ"
21782,"TO"
21783,"VB"
21784,"DT"
21785,"NN"
21786,"''"
21787,")"
21788,","
21789,"NNP"
21790,"NNP"
21791,"("
21792,"``"
21793,"VBZ"
21794,"IN"
21795,"IN"
21796,"PRP"
21797,"VBD"
21798,"IN"
21799,"NNP"
21800,"NNP"
21801,"''"
21802,")"
21803,"CC"
21804,"NNP"
21805,"NNP"
21806,","
21807,"WP$"
21808,"``"
21809,"JJ"
21810,"NN"
21811,"RB"
21812,"FW"
21813,"RB"
21814,"DT"
21815,"NN"
21816,"PRP"
21817,"VBZ"
21818,"DT"
21819,"NN"
21820,"."
21821,"''"
21822,"NNP"
21823,"NNP"
21824,","
21825,"DT"
21826,"NNP"
21827,"POS"
21828,"JJ"
21829,"NN"
21830,"NN"
21831,"IN"
21832,"NN"
21833,","
21834,"VBZ"
21835,"IN"
21836,"DT"
21837,"NNS"
21838,"VBD"
21839,"``"
21840,"IN"
21841,"DT"
21842,"JJ"
21843,"NN"
21844,"IN"
21845,"DT"
21846,"JJ"
21847,"NN"
21848,"."
21849,"''"
21850,"NNP"
21851,"NNP"
21852,"NNP"
21853,"NN"
21854,"NNP"
21855,"NNP"
21856,","
21857,"WP"
21858,"RB"
21859,"FW"
21860,"IN"
21861,"VB"
21862,"``"
21863,"NNS"
21864,"''"
21865,"CC"
21866,"NN"
21867,","
21868,"VBD"
21869,"IN"
21870,"DT"
21871,"JJ"
21872,"NNS"
21873,"VBD"
21874,"VBN"
21875,"TO"
21876,"VB"
21877,"NNP"
21878,"NNP"
21879,"POS"
21880,"``"
21881,"RB"
21882,"VBG"
21883,"NNP"
21884,"''"
21885,"CC"
21886,"DT"
21887,"JJ"
21888,"NNS"
21889,"IN"
21890,"``"
21891,"JJ"
21892,"''"
21893,"NNP"
21894,"UH"
21895,","
21896,"DT"
21897,"NNP"
21898,"NNS"
21899,"NN"
21900,"."
21901,"``"
21902,"CC"
21903,"VB"
21904,"IN"
21905,"DT"
21906,"NN"
21907,"PRP"
21908,","
21909,"DT"
21910,"NN"
21911,","
21912,"MD"
21913,"VB"
21914,"IN"
21915,"NNP"
21916,","
21917,"''"
21918,"VBD"
21919,"NNP"
21920,"NNP"
21921,"."
21922,"``"
21923,"RB"
21924,"IN"
21925,"VBG"
21926,"CD"
21927,"IN"
21928,"PRP$"
21929,"NNS"
21930,","
21931,"RB"
21932,"VBN"
21933,"IN"
21934,"DT"
21935,"NNS"
21936,"POS"
21937,"NNS"
21938,":"
21939,"."
21940,"O"
21941,"RB"
21942,"VBD"
21943,"IN"
21944,"PDT"
21945,"DT"
21946,"NN"
21947,"NN"
21948,"``"
21949,"VBG"
21950,"NNP"
21951,"FW"
21952,"''"
21953,"IN"
21954,"NNP"
21955,"NNP"
21956,"("
21957,"NNP"
21958,"CC"
21959,"NNPS"
21960,","
21961,"NNP"
21962,"CD"
21963,")"
21964,"CC"
21965,"DT"
21966,"NNS"
21967,"VBN"
21968,"VBZ"
21969,"DT"
21970,"NN"
21971,"IN"
21972,"JJ"
21973,"NN"
21974,"VBZ"
21975,"RB"
21976,"DT"
21977,"NN"
21978,"IN"
21979,"JJ"
21980,"NN"
21981,"."
21982,"VBZ"
21983,"PDT"
21984,"DT"
21985,"NN"
21986,"VBN"
21987,"."
21988,"IN"
21989,"DT"
21990,"NN"
21991,"IN"
21992,"NNS"
21993,","
21994,"MD"
21995,"DT"
21996,"NN"
21997,"VB"
21998,"DT"
21999,"JJ"
22000,"NN"
22001,"IN"
22002,"DT"
22003,"JJ"
22004,"NN"
22005,"."
22006,"RB"
22007,"RB"
22008,"."
22009,"IN"
22010,"CD"
22011,"NNS"
22012,"IN"
22013,"DT"
22014,"JJ"
22015,"NN"
22016,"NN"
22017,"VBD"
22018,"."
22019,"JJ"
22020,"NN"
22021,"NNS"
22022,"VBD"
22023,"IN"
22024,"DT"
22025,"NN"
22026,"IN"
22027,"NNP"
22028,"NNP"
22029,","
22030,"JJ"
22031,"NNP"
22032,"NNP"
22033,"NNP"
22034,"."
22035,"DT"
22036,"JJ"
22037,"NN"
22038,"MD"
22039,"VB"
22040,"VBN"
22041,"RB"
22042,"JJ"
22043,":"
22044,"NN"
22045,"MD"
22046,"VB"
22047,"PRP"
22048,"IN"
22049,"DT"
22050,"JJ"
22051,"CD"
22052,"CD"
22053,"NNS"
22054,"JJ"
22055,"NNS"
22056,"CC"
22057,"VBG"
22058,"RB"
22059,"IN"
22060,"NNS"
22061,"."
22062,"RB"
22063,","
22064,"DT"
22065,"NN"
22066,"VBZ"
22067,"RB"
22068,"VBN"
22069,"TO"
22070,"VB"
22071,"DT"
22072,"NN"
22073,"IN"
22074,"DT"
22075,"JJ"
22076,"NN"
22077,"IN"
22078,"JJ"
22079,"JJ"
22080,"NN"
22081,"."
22082,"PRP"
22083,"VBZ"
22084,"RB"
22085,"JJ"
22086,"CC"
22087,"MD"
22088,"RB"
22089,"VB"
22090,"IN"
22091,"RBS"
22092,"IN"
22093,","
22094,"CC"
22095,"PDT"
22096,"IN"
22097,","
22098,"JJ"
22099,"JJ"
22100,"NN"
22101,"."
22102,"PRP"
22103,"VBD"
22104,"TO"
22105,"DT"
22106,"NN"
22107,"IN"
22108,"PRP$"
22109,"NN"
22110,"IN"
22111,"PRP$"
22112,"JJ"
22113,"NN"
22114,","
22115,"CC"
22116,"IN"
22117,"PRP"
22118,"VBP"
22119,"JJ"
22120,"IN"
22121,"JJ"
22122,"NN"
22123,"PRP"
22124,"MD"
22125,"VB"
22126,"IN"
22127,"DT"
22128,"JJ"
22129,"NN"
22130,"CC"
22131,"RB"
22132,"VB"
22133,"DT"
22134,"JJ"
22135,"NN"
22136,"TO"
22137,"VB"
22138,"PRP"
22139,"IN"
22140,"DT"
22141,"NN"
22142,":"
22143,"VBG"
22144,"NN"
22145,"IN"
22146,"DT"
22147,"JJ"
22148,"NN"
22149,"IN"
22150,"NN"
22151,"."
22152,"NNP"
22153,"NNP"
22154,"NNP"
22155,"NNP"
22156,"NNP"
22157,"IN"
22158,"O"
22159,"DT"
22160,"NNP"
22161,"NNP"
22162,"NNP"
22163,"VBZ"
22164,"TO"
22165,"VB"
22166,"PRP"
22167,"JJR"
22168,"IN"
22169,"DT"
22170,"JJ"
22171,"NN"
22172,"."
22173,"IN"
22174,"NN"
22175,","
22176,"DT"
22177,"JJ"
22178,"NN"
22179,"VBZ"
22180,"IN"
22181,"PRP"
22182,"MD"
22183,"VB"
22184,"DT"
22185,"JJ"
22186,"NN"
22187,"IN"
22188,"VBG"
22189,"TO"
22190,"DT"
22191,"JJ"
22192,"NN"
22193,"TO"
22194,"VB"
22195,"CD"
22196,"JJ"
22197,"JJ"
22198,"NNS"
22199,"TO"
22200,"VB"
22201,"DT"
22202,"NN"
22203,"NN"
22204,":"
22205,"DT"
22206,"NN"
22207,"TO"
22208,"VB"
22209,"JJ"
22210,"NNS"
22211,"CC"
22212,"DT"
22213,"JJ"
22214,"NN"
22215,"NN"
22216,"TO"
22217,"VB"
22218,"DT"
22219,"NN"
22220,"NN"
22221,","
22222,"WDT"
22223,"VBZ"
22224,"RB"
22225,"DT"
22226,"JJS"
22227,"NN"
22228,"NN"
22229,"NN"
22230,"IN"
22231,"DT"
22232,"NN"
22233,"."
22234,"DT"
22235,"NNP"
22236,"RB"
22237,"VBD"
22238,"IN"
22239,"PRP"
22240,"MD"
22241,"VB"
22242,"DT"
22243,"NN"
22244,"IN"
22245,"JJ"
22246,"JJ"
22247,"NN"
22248,","
22249,"WP"
22250,"MD"
22251,"VB"
22252,"VBN"
22253,"IN"
22254,"IN"
22255,"DT"
22256,"NN"
22257,"."
22258,"NNP"
22259,"NNP"
22260,"NNP"
22261,"NNP"
22262,"NNP"
22263,"VBD"
22264,"DT"
22265,"NNS"
22266,"VBP"
22267,"VBN"
22268,"TO"
22269,"VB"
22270,"``"
22271,"NN"
22272,"''"
22273,"TO"
22274,"DT"
22275,"NN"
22276,","
22277,"WDT"
22278,"VBZ"
22279,"DT"
22280,"JJ"
22281,"NN"
22282,"IN"
22283,"JJR"
22284,"IN"
22285,"$"
22286,"CD"
22287,"CD"
22288,"CC"
22289,"NNS"
22290,"IN"
22291,"$"
22292,"CD"
22293,"CD"
22294,"DT"
22295,"NN"
22296,"."
22297,"``"
22298,"PRP$"
22299,"NN"
22300,"CC"
22301,"NN"
22302,"POS"
22303,"NN"
22304,"VBZ"
22305,"IN"
22306,"PRP"
22307,"VBP"
22308,"RB"
22309,"VB"
22310,"DT"
22311,"NNS"
22312,"IN"
22313,"NN"
22314,"IN"
22315,"NN"
22316,"PRP"
22317,"RB"
22318,"CC"
22319,"RB"
22320,"VB"
22321,"CC"
22322,"VB"
22323,"PRP$"
22324,"NN"
22325,","
22326,"''"
22327,"NNP"
22328,"NNP"
22329,"VBD"
22330,"."
22331,"``"
22332,"CC"
22333,"PRP"
22334,"VBP"
22335,"RB"
22336,"VB"
22337,"JJ"
22338,"NNS"
22339,"CC"
22340,"NN"
22341,"IN"
22342,"PRP"
22343,"VBP"
22344,"TO"
22345,"VB"
22346,"TO"
22347,"VB"
22348,"$"
22349,"CD"
22350,"CD"
22351,"RB"
22352,"."
22353,"''"
22354,"NNP"
22355,"NNP"
22356,","
22357,"WP"
22358,"VBD"
22359,"RB"
22360,"IN"
22361,"NN"
22362,"IN"
22363,"DT"
22364,"NNP"
22365,"IN"
22366,"NNP"
22367,","
22368,"VBZ"
22369,"VBN"
22370,"VBN"
22371,"IN"
22372,"WP"
22373,"PRP"
22374,"VBZ"
22375,"DT"
22376,"NN"
22377,","
22378,"NN"
22379,"CC"
22380,"NN"
22381,"IN"
22382,"NN"
22383,"IN"
22384,"DT"
22385,"NNS"
22386,"IN"
22387,"DT"
22388,"JJ"
22389,"JJ"
22390,"NN"
22391,"."
22392,"DT"
22393,"NNP"
22394,"VBZ"
22395,"IN"
22396,"DT"
22397,"NN"
22398,"NN"
22399,"VBN"
22400,"IN"
22401,"CD"
22402,","
22403,"WDT"
22404,"PRP"
22405,"VBZ"
22406,"VBN"
22407,"VBG"
22408,"TO"
22409,"VB"
22410,"IN"
22411,"NNS"
22412,"."
22413,"CC"
22414,"DT"
22415,"NN"
22416,","
22417,"WDT"
22418,"VBD"
22419,"IN"
22420,"JJ"
22421,"CD"
22422,"IN"
22423,"DT"
22424,"$"
22425,"CD"
22426,"CD"
22427,"NN"
22428,"NN"
22429,","
22430,"VBZ"
22431,"VBN"
22432,"IN"
22433,"DT"
22434,"NN"
22435,"NN"
22436,"IN"
22437,"JJ"
22438,"NN"
22439,"."
22440,"DT"
22441,"JJ"
22442,"NN"
22443,"VBZ"
22444,"DT"
22445,"JJR"
22446,"NN"
22447,"IN"
22448,"WRB"
22449,"DT"
22450,"NN"
22451,"VBZ"
22452,"JJ"
22453,"NNS"
22454,"MD"
22455,"VB"
22456,"DT"
22457,"JJ"
22458,"NN"
22459,"IN"
22460,"VBG"
22461,"PRP$"
22462,"NN"
22463,"TO"
22464,"VB"
22465,"JJR"
22466,"NN"
22467,"NN"
22468,"."
22469,"``"
22470,"PRP"
22471,"VBP"
22472,"IN"
22473,"PRP"
22474,"MD"
22475,"VB"
22476,"DT"
22477,"JJ"
22478,"NN"
22479,"IN"
22480,"DT"
22481,"NN"
22482,"NN"
22483,"CC"
22484,"NN"
22485,"NN"
22486,"WDT"
22487,","
22488,"IN"
22489,"NN"
22490,","
22491,"PRP"
22492,"VBP"
22493,"MD"
22494,"VB"
22495,"IN"
22496,"DT"
22497,"JJ"
22498,"NN"
22499,"IN"
22500,"NN"
22501,","
22502,"''"
22503,"PRP"
22504,"VBD"
22505,"."
22506,"DT"
22507,"NNP"
22508,"VBZ"
22509,"TO"
22510,"VB"
22511,"DT"
22512,"JJ"
22513,"NNS"
22514,"RB"
22515,"."
22516,"RB"
22517,","
22518,"PRP"
22519,"MD"
22520,"VB"
22521,"NN"
22522,"JJ"
22523,"NNS"
22524,"IN"
22525,"IN"
22526,"DT"
22527,"NN"
22528,","
22529,"CC"
22530,"NNP"
22531,"NNP"
22532,"VBD"
22533,"PRP"
22534,"VBZ"
22535,"TO"
22536,"``"
22537,"VB"
22538,"DT"
22539,"NN"
22540,"''"
22541,"IN"
22542,"DT"
22543,"JJ"
22544,"NN"
22545,"NN"
22546,"CC"
22547,"DT"
22548,"NN"
22549,"."
22550,"IN"
22551,"DT"
22552,"NNS"
22553,"MD"
22554,"RB"
22555,"VB"
22556,"IN"
22557,"$"
22558,"CD"
22559,"CC"
22560,"$"
22561,"CD"
22562,"DT"
22563,"NN"
22564,","
22565,"NNP"
22566,"NNS"
22567,"VBP"
22568,"JJ"
22569,"IN"
22570,"PRP"
22571,"MD"
22572,"VB"
22573,"JJ"
22574,"NNS"
22575,"IN"
22576,"DT"
22577,"JJ"
22578,"NN"
22579,"."
22580,"``"
22581,"PRP"
22582,"VBP"
22583,"VBG"
22584,"NN"
22585,"PRP"
22586,"MD"
22587,"VB"
22588,"DT"
22589,"JJ"
22590,"CD"
22591,"CC"
22592,"CD"
22593,"CC"
22594,"CD"
22595,"CC"
22596,"CD"
22597,"NNS"
22598,"IN"
22599,"PRP$"
22600,"NN"
22601,"NN"
22602,"IN"
22603,"DT"
22604,"RBS"
22605,"JJ"
22606,"CC"
22607,"JJ"
22608,"NN"
22609,"IN"
22610,"DT"
22611,"NN"
22612,"NN"
22613,"IN"
22614,"DT"
22615,"JJ"
22616,"NN"
22617,"RB"
22618,","
22619,"''"
22620,"NNP"
22621,"NNP"
22622,"VBD"
22623,"."
22624,"``"
22625,"IN"
22626,"DT"
22627,"NN"
22628,"NN"
22629,","
22630,"PRP"
22631,"VBP"
22632,"VBG"
22633,"CC"
22634,"VBG"
22635,"NN"
22636,"JJ"
22637,"NNS"
22638,"VBG"
22639,"DT"
22640,"$"
22641,"CD"
22642,"CD"
22643,"NN"
22644,"."
22645,"O"
22646,"WRB"
22647,"NNP"
22648,"VBZ"
22649,"FW"
22650,","
22651,"DT"
22652,"NN"
22653,"IN"
22654,"DT"
22655,"JJ"
22656,"NN"
22657,"IN"
22658,"NNP"
22659,","
22660,"VBD"
22661,"VBN"
22662,","
22663,"PRP$"
22664,"NN"
22665,"VBD"
22666,"JJ"
22667,"NN"
22668,"NNS"
22669,","
22670,"DT"
22671,"JJ"
22672,"NN"
22673,"CC"
22674,"JJ"
22675,"NNS"
22676,"CC"
22677,"JJ"
22678,"."
22679,"PRP"
22680,"VBD"
22681,"DT"
22682,"NN"
22683,"IN"
22684,"PRP$"
22685,"NN"
22686,","
22687,"JJ"
22688,"NN"
22689,"NNP"
22690,"NNP"
22691,"NNP"
22692,"."
22693,"DT"
22694,"NN"
22695,"NN"
22696,"VBZ"
22697,"JJ"
22698,"CC"
22699,"JJ"
22700,"NN"
22701,","
22702,"IN"
22703,"DT"
22704,"NN"
22705,"IN"
22706,"NNP"
22707,"POS"
22708,"CD"
22709,"NN"
22710,","
22711,"VBD"
22712,"RB"
22713,"VBN"
22714,"IN"
22715,"NNP"
22716,"NNP"
22717,","
22718,"VBZ"
22719,"DT"
22720,"NNP"
22721,"NN"
22722,"IN"
22723,"NN"
22724,"TO"
22725,"NN"
22726,"NNS"
22727,"."
22728,"VBG"
22729,"IN"
22730,"NNS"
22731,","
22732,"VBG"
22733,"IN"
22734,"NNS"
22735,"IN"
22736,"NN"
22737,"CC"
22738,"NN"
22739,","
22740,"NNP"
22741,"NNP"
22742,"VBZ"
22743,"VBN"
22744,"TO"
22745,"NN"
22746,"DT"
22747,"CD"
22748,"IN"
22749,"PRP$"
22750,"NNS"
22751,"VBN"
22752,"IN"
22753,"DT"
22754,"NN"
22755,","
22756,"VBG"
22757,"TO"
22758,"NNP"
22759,"NNS"
22760,"VBG"
22761,"NNS"
22762,"CC"
22763,"JJ"
22764,"NNS"
22765,"IN"
22766,"NNP"
22767,"NNP"
22768,"."
22769,"PRP"
22770,"VBZ"
22771,"RB"
22772,"VBG"
22773,"DT"
22774,"NN"
22775,"PRP"
22776,"VBZ"
22777,"DT"
22778,"NN"
22779,","
22780,"RB"
22781,"JJR"
22782,"IN"
22783,"IN"
22784,"DT"
22785,"NN"
22786,"."
22787,"PRP$"
22788,"NNS"
22789,"VBP"
22790,"RB"
22791,"RB"
22792,"VBN"
22793,"IN"
22794,"NNS"
22795,"PRP"
22796,"NNS"
22797,":"
22798,"PRP$"
22799,"JJ"
22800,"NN"
22801,","
22802,"NNP"
22803,"NNP"
22804,","
22805,"CC"
22806,"PRP$"
22807,"NN"
22808,","
22809,"NNP"
22810,"."
22811,"CC"
22812,"PRP"
22813,"VBZ"
22814,"VBG"
22815,"DT"
22816,"NNS"
22817,"IN"
22818,"DT"
22819,"WP"
22820,"VBD"
22821,"DT"
22822,"NNS"
22823,"TO"
22824,"VB"
22825,"PRP"
22826,"IN"
22827,"PRP$"
22828,"JJ"
22829,"NN"
22830,"IN"
22831,"NN"
22832,"IN"
22833,"PRP$"
22834,"NN"
22835,"."
22836,"JJR"
22837,"NNS"
22838,"TO"
22839,"VB"
22840,"VBN"
22841,"IN"
22842,"."
22843,"IN"
22844,"DT"
22845,"CD"
22846,"NNS"
22847,"IN"
22848,"DT"
22849,"NN"
22850,","
22851,"WDT"
22852,"DT"
22853,"NNP"
22854,"RB"
22855,"VBD"
22856,","
22857,"NNP"
22858,"NNP"
22859,"VBZ"
22860,"VBN"
22861,"IN"
22862,"PRP$"
22863,"JJS"
22864,"JJ"
22865,":"
22866,"CC"
22867,"JJ"
22868,":"
22869,"IN"
22870,"VBG"
22871,"NN"
22872,"."
22873,"RB"
22874,","
22875,"IN"
22876,"DT"
22877,"JJ"
22878,"NN"
22879,"VBZ"
22880,"DT"
22881,"JJ"
22882,"NNP"
22883,"JJ"
22884,"NN"
22885,"NN"
22886,","
22887,"PRP"
22888,"VBZ"
22889,"RB"
22890,"DT"
22891,"JJ"
22892,"NN"
22893,"IN"
22894,"DT"
22895,"JJ"
22896,"NN"
22897,"IN"
22898,"NNP"
22899,"NNP"
22900,"CC"
22901,"NNP"
22902,"WDT"
22903,"VBZ"
22904,"RB"
22905,"CD"
22906,"NNS"
22907,"."
22908,"NNP"
22909,"POS"
22910,"NN"
22911,"IN"
22912,"DT"
22913,"NN"
22914,"IN"
22915,"DT"
22916,"JJ"
22917,"CD"
22918,"NNS"
22919,","
22920,"VBG"
22921,"PRP$"
22922,"NN"
22923,"IN"
22924,"NN"
22925,"NNS"
22926,"IN"
22927,"NNP"
22928,"CD"
22929,","
22930,"VBZ"
22931,"DT"
22932,"NN"
22933,"IN"
22934,"DT"
22935,"NN"
22936,"."
22937,"IN"
22938,"JJ"
22939,"JJ"
22940,"NN"
22941,"VBN"
22942,"RP"
22943,"TO"
22944,"VB"
22945,"NNP"
22946,","
22947,"PRP"
22948,"VBD"
22949,"VB"
22950,"PRP"
22951,"RP"
22952,"IN"
22953,"DT"
22954,"JJ"
22955,"IN"
22956,"NNP"
22957,"POS"
22958,"JJ"
22959,"NN"
22960,"IN"
22961,"NNS"
22962,"CC"
22963,"NNS"
22964,"."
22965,"IN"
22966,"JJS"
22967,"IN"
22968,"DT"
22969,"JJ"
22970,"CD"
22971,"NNS"
22972,","
22973,"DT"
22974,"NN"
22975,"VBD"
22976,"VBN"
22977,"IN"
22978,"NN"
22979,"."
22980,"IN"
22981,"CD"
22982,","
22983,"IN"
22984,"NN"
22985,","
22986,"WRB"
22987,"NNP"
22988,"NNP"
22989,"VBD"
22990,"DT"
22991,"DT"
22992,"NN"
22993,"IN"
22994,"DT"
22995,"JJ"
22996,"JJ"
22997,"NN"
22998,"IN"
22999,"NNP"
23000,"CC"
23001,"DT"
23002,"NN"
23003,"IN"
23004,"DT"
23005,"NNP"
23006,"NNP"
23007,"NNP"
23008,"NNP"
23009,","
23010,"PRP"
23011,"VBD"
23012,"VBN"
23013,"IN"
23014,"NNP"
23015,"NNS"
23016,"IN"
23017,"RB"
23018,"JJ"
23019,"CC"
23020,"JJ"
23021,"NN"
23022,"DT"
23023,"NN"
23024,","
23025,"VBG"
23026,"TO"
23027,"DT"
23028,"NNP"
23029,"NNP"
23030,"NN"
23031,"IN"
23032,"DT"
23033,"NN"
23034,"."
23035,"DT"
23036,"NN"
23037,"VBD"
23038,"RB"
23039,"VBN"
23040,"."
23041,"CC"
23042,"NNP"
23043,"NN"
23044,","
23045,"RB"
23046,"IN"
23047,"NN"
23048,"IN"
23049,"CC"
23050,"VB"
23051,"VB"
23052,"PRP$"
23053,"JJ"
23054,"NN"
23055,","
23056,"RB"
23057,"VBD"
23058,"DT"
23059,"NN"
23060,"RB"
23061,"."
23062,"NNP"
23063,"NNP"
23064,"POS"
23065,"NNS"
23066,"IN"
23067,"VBG"
23068,"NNS"
23069,"IN"
23070,"PRP$"
23071,"NN"
23072,"VBD"
23073,"VBN"
23074,"RBR"
23075,"JJ"
23076,"TO"
23077,"NNP"
23078,"NNS"
23079,"."
23080,"IN"
23081,"DT"
23082,"NN"
23083,"IN"
23084,","
23085,"DT"
23086,"NNP"
23087,"MD"
23088,"VB"
23089,"DT"
23090,"NN"
23091,"IN"
23092,"VBG"
23093,"DT"
23094,"JJ"
23095,"POS"
23096,"NNS"
23097,"."
23098,"DT"
23099,"NNP"
23100,"VBZ"
23101,"VBN"
23102,"CC"
23103,"RB"
23104,"VBN"
23105,"IN"
23106,"JJ"
23107,"NNS"
23108,","
23109,"CC"
23110,"NN"
23111,"RB"
23112,"RB"
23113,"JJ"
23114,"."
23115,"DT"
23116,"NNP"
23117,"NNP"
23118,"NNP"
23119,"VBZ"
23120,"RB"
23121,"RB"
23122,"JJ"
23123,"IN"
23124,"DT"
23125,"NN"
23126,"IN"
23127,"NNP"
23128,","
23129,"IN"
23130,"NN"
23131,"IN"
23132,"NNP"
23133,"POS"
23134,"JJ"
23135,"NN"
23136,","
23137,"IN"
23138,"JJ"
23139,"IN"
23140,"NNP"
23141,"NNP"
23142,"IN"
23143,"DT"
23144,"NNP"
23145,"CC"
23146,"IN"
23147,"JJ"
23148,"IN"
23149,"NNP"
23150,"POS"
23151,"NNP"
23152,"NNP"
23153,"NNP"
23154,"."
23155,"CC"
23156,"PRP"
23157,"VBZ"
23158,"VBN"
23159,"RBR"
23160,"JJ"
23161,"IN"
23162,"DT"
23163,"IN"
23164,"PRP"
23165,"."
23166,"CC"
23167,"RB"
23168,"IN"
23169,"NN"
23170,":"
23171,"DT"
23172,"NNP"
23173,"MD"
23174,"VB"
23175,"NNS"
23176,"CC"
23177,"RB"
23178,"VB"
23179,"TO"
23180,"VB"
23181,"PRP"
23182,"IN"
23183,"NN"
23184,","
23185,"CC"
23186,"DT"
23187,"JJ"
23188,"NN"
23189,"IN"
23190,"PRP$"
23191,"NN"
23192,"MD"
23193,"VB"
23194,"PRP"
23195,"PRP$"
23196,"NN"
23197,"."
23198,"``"
23199,"DT"
23200,"NNP"
23201,"VBD"
23202,"NNP"
23203,"PDT"
23204,"RB"
23205,","
23206,"''"
23207,"VBZ"
23208,"NNP"
23209,"NNP"
23210,","
23211,"DT"
23212,"JJ"
23213,"NNP"
23214,"TO"
23215,"NNP"
23216,"."
23217,"``"
23218,"PRP"
23219,"VBZ"
23220,"VBN"
23221,"DT"
23222,"NN"
23223,"IN"
23224,"NN"
23225,"."
23226,"''"
23227,"IN"
23228,"VBG"
23229,"IN"
23230,"NNP"
23231,"POS"
23232,"JJ"
23233,"NN"
23234,"IN"
23235,"VBG"
23236,"IN"
23237,"NNP"
23238,"NNP"
23239,","
23240,"JJ"
23241,"NNP"
23242,"NNS"
23243,"VBP"
23244,"VBN"
23245,"RB"
23246,"IN"
23247,"JJ"
23248,"PRP$"
23249,"NN"
23250,"."
23251,"NNP"
23252,"NNP"
23253,"MD"
23254,"VB"
23255,"VBN"
23256,"IN"
23257,"PRP$"
23258,"JJ"
23259,"NN"
23260,"IN"
23261,"CD"
23262,"IN"
23263,"IN"
23264,"NNP"
23265,"POS"
23266,"JJ"
23267,"JJ"
23268,"NN"
23269,","
23270,"VBZ"
23271,"NNP"
23272,"NNP"
23273,","
23274,"CC"
23275,"JJ"
23276,"JJ"
23277,"NN"
23278,"VBZ"
23279,"RB"
23280,"VBN"
23281,"PRP"
23282,"JJ"
23283,"NNS"
23284,"IN"
23285,"NN"
23286,","
23287,"CC"
23288,"DT"
23289,"NN"
23290,"IN"
23291,"PRP$"
23292,"JJ"
23293,"NN"
23294,"."
23295,"``"
23296,"IN"
23297,"DT"
23298,"NNP"
23299,"VBD"
23300,"VBN"
23301,"RB"
23302,"CC"
23303,"VBN"
23304,"NN"
23305,","
23306,"PRP"
23307,"MD"
23308,"RB"
23309,"VB"
23310,"VBN"
23311,"PRP"
23312,"IN"
23313,"CD"
23314,","
23315,"''"
23316,"NNP"
23317,"NNP"
23318,"VBZ"
23319,"."
23320,"RB"
23321,"RBS"
23322,"JJ"
23323,","
23324,"NNP"
23325,"NNP"
23326,"POS"
23327,"NNS"
23328,"VBP"
23329,"VBN"
23330,"TO"
23331,"VB"
23332,":"
23333,"IN"
23334,"DT"
23335,"NNS"
23336,","
23337,"TO"
23338,"VB"
23339,":"
23340,"IN"
23341,"DT"
23342,"NN"
23343,"VB"
23344,"PRP$"
23345,"NN"
23346,"IN"
23347,"DT"
23348,"NN"
23349,"."
23350,"CD"
23351,"JJ"
23352,"NN"
23353,"NN"
23354,","
23355,"IN"
23356,"NN"
23357,"IN"
23358,"CD"
23359,"IN"
23360,"NNP"
23361,"NNP"
23362,"VBD"
23363,"NN"
23364,"IN"
23365,"DT"
23366,"NNP"
23367,"TO"
23368,"VB"
23369,"PRP$"
23370,"NN"
23371,"IN"
23372,"DT"
23373,"JJ"
23374,"NN"
23375,","
23376,"VBD"
23377,"PRP"
23378,"DT"
23379,"JJ"
23380,"DT"
23381,"NN"
23382,"VBN"
23383,"IN"
23384,"PRP$"
23385,"NN"
23386,"."
23387,"``"
23388,"PRP"
23389,"VBZ"
23390,"JJ"
23391,","
23392,"''"
23393,"VBZ"
23394,"DT"
23395,"NNP"
23396,"NNP"
23397,"NNP"
23398,","
23399,"WP"
23400,"VBZ"
23401,"VBN"
23402,"NNP"
23403,"NNP"
23404,"NN"
23405,"IN"
23406,"NNP"
23407,"."
23408,"``"
23409,"DT"
23410,"NNS"
23411,"VBP"
23412,"VBN"
23413,"PRP"
23414,"IN"
23415,"DT"
23416,"NN"
23417,"RB"
23418,"."
23419,"PRP"
23420,"VBZ"
23421,"JJ"
23422,"TO"
23423,"VB"
23424,"WRB"
23425,"PRP"
23426,"VBP"
23427,"RB"
23428,"VB"
23429,"DT"
23430,"JJ"
23431,"NN"
23432,"."
23433,"''"
23434,"PRP$"
23435,"NN"
23436,"NN"
23437,"IN"
23438,"DT"
23439,"NN"
23440,":"
23441,"PRP$"
23442,"JJ"
23443,"NN"
23444,"IN"
23445,"JJ"
23446,"NNS"
23447,"CC"
23448,"NNS"
23449,"."
23450,"NNP"
23451,"NNP"
23452,"RB"
23453,"VBZ"
23454,"NNS"
23455,"IN"
23456,"NN"
23457,"VBZ"
23458,"DT"
23459,"JJS"
23460,"NN"
23461,"IN"
23462,"DT"
23463,"NN"
23464,","
23465,"WP"
23466,"VBP"
23467,"DT"
23468,"JJ"
23469,"NN"
23470,"NN"
23471,"CC"
23472,"JJ"
23473,"NN"
23474,"IN"
23475,"JJ"
23476,"NN"
23477,"."
23478,"NNP"
23479,"NNP"
23480,"VBD"
23481,"DT"
23482,"JJ"
23483,"NNP"
23484,"NNP"
23485,"IN"
23486,"JJ"
23487,"NN"
23488,","
23489,"WRB"
23490,"PRP"
23491,"VBD"
23492,"IN"
23493,"PRP$"
23494,"JJ"
23495,"NN"
23496,"IN"
23497,"DT"
23498,"NNP"
23499,"NNP"
23500,"NNP"
23501,"IN"
23502,"NNP"
23503,","
23504,"VBG"
23505,"TO"
23506,"JJ"
23507,"NNP"
23508,"NN"
23509,"NNS"
23510,"."
23511,"DT"
23512,"NN"
23513,"VBD"
23514,"IN"
23515,"NNP"
23516,"NNP"
23517,"POS"
23518,"NN"
23519,","
23520,"DT"
23521,"JJ"
23522,"NN"
23523,"VBN"
23524,"IN"
23525,"NNP"
23526,"VBD"
23527,"NNP"
23528,"NNP"
23529,"NNP"
23530,"NNP"
23531,"."
23532,"NNP"
23533,"NNP"
23534,","
23535,"VBG"
23536,"IN"
23537,"VBG"
23538,"DT"
23539,"NNS"
23540,"MD"
23541,"VB"
23542,"DT"
23543,"NN"
23544,"IN"
23545,"DT"
23546,"JJ"
23547,"NN"
23548,","
23549,"NNP"
23550,"NNP"
23551,"POS"
23552,"NNS"
23553,"IN"
23554,"DT"
23555,"JJ"
23556,"NN"
23557,"PRP"
23558,"VBD"
23559,"IN"
23560,"PRP$"
23561,"JJ"
23562,"NNS"
23563,"CC"
23564,","
23565,"RBR"
23566,"JJ"
23567,","
23568,"IN"
23569,"PRP$"
23570,"NNS"
23571,"CC"
23572,"NNS"
23573,"."
23574,"DT"
23575,"NN"
23576,"VBD"
23577,"VBN"
23578,"."
23579,"PRP"
23580,"VBD"
23581,"DT"
23582,"JJ"
23583,"NN"
23584,"IN"
23585,"DT"
23586,"JJ"
23587,"NN"
23588,"RB"
23589,"VBD"
23590,"NNP"
23591,"NNP"
23592,","
23593,"WP"
23594,"VBD"
23595,"VBN"
23596,"TO"
23597,"PRP$"
23598,"NNS"
23599,"IN"
23600,"NNP"
23601,"NNP"
23602,"NNP"
23603,":"
23604,"JJ"
23605,"NN"
23606,"."
23607,"NNP"
23608,"NNP"
23609,"NNP"
23610,"NNP"
23611,"IN"
23612,"PRP$"
23613,"NN"
23614,"POS"
23615,"NN"
23616,","
23617,"PRP"
23618,"VBD"
23619,"VBN"
23620,"IN"
23621,"DT"
23622,"JJ"
23623,"NNS"
23624,"IN"
23625,"DT"
23626,"JJ"
23627,"NN"
23628,"NN"
23629,"IN"
23630,"NNP"
23631,"NNP"
23632,"."
23633,"NNP"
23634,"VBD"
23635,"CD"
23636,"NNS"
23637,"JJR"
23638,"IN"
23639,"JJS"
23640,"IN"
23641,"PRP$"
23642,"JJ"
23643,"NNS"
23644,","
23645,"CC"
23646,"VBD"
23647,"NN"
23648,"TO"
23649,"DT"
23650,"NN"
23651,"IN"
23652,"PRP$"
23653,"NN"
23654,"VBD"
23655,"VBN"
23656,"PRP$"
23657,"NN"
23658,"NN"
23659,"."
23660,"PRP"
23661,"VBD"
23662,"PRP"
23663,"RB"
23664,"JJ"
23665,"TO"
23666,"PRP$"
23667,"JJ"
23668,"NNS"
23669,","
23670,"JJ"
23671,"IN"
23672,"WP"
23673,"VBD"
23674,"JJ"
23675,"NNS"
23676,"VBN"
23677,"IN"
23678,"PRP$"
23679,"NN"
23680,"NNS"
23681,"TO"
23682,"DT"
23683,"RB"
23684,"JJ"
23685,","
23686,"VBN"
23687,"NN"
23688,"IN"
23689,"DT"
23690,"NN"
23691,"IN"
23692,"NN"
23693,"NN"
23694,"."
23695,"IN"
23696,"PRP$"
23697,"JJ"
23698,"JJ"
23699,"NN"
23700,"CC"
23701,"RB"
23702,"VBN"
23703,","
23704,"JJ"
23705,"NN"
23706,","
23707,"NNP"
23708,"VBD"
23709,"RBR"
23710,"JJ"
23711,"CC"
23712,"JJ"
23713,"IN"
23714,"RB"
23715,"IN"
23716,"PRP$"
23717,"JJ"
23718,"NN"
23719,","
23720,"NNS"
23721,"IN"
23722,"DT"
23723,"NN"
23724,"VBP"
23725,"."
23726,"``"
23727,"PRP"
23728,"VBD"
23729,"DT"
23730,"JJ"
23731,"NN"
23732,"IN"
23733,"JJ"
23734,"NNS"
23735,"IN"
23736,"DT"
23737,"NN"
23738,"WRB"
23739,"EX"
23740,"VBD"
23741,"DT"
23742,"NN"
23743,"IN"
23744,"NNP"
23745,","
23746,"WRB"
23747,"NNS"
23748,"VBD"
23749,"DT"
23750,"NN"
23751,"IN"
23752,"JJ"
23753,"NNS"
23754,","
23755,"''"
23756,"VBZ"
23757,"NNP"
23758,"NNP"
23759,","
23760,"DT"
23761,"JJ"
23762,"NN"
23763,"IN"
23764,"NNP"
23765,"CC"
23766,"DT"
23767,"JJ"
23768,"NN"
23769,"."
23770,"NNP"
23771,"NNP"
23772,"POS"
23773,"NN"
23774,"TO"
23775,"JJ"
23776,"NN"
23777,"NNS"
23778,"VBD"
23779,"JJ"
23780,"IN"
23781,"DT"
23782,"CD"
23783,"CC"
23784,"CD"
23785,","
23786,"NN"
23787,"NNS"
23788,"VBP"
23789,"."
23790,"PRP$"
23791,"JJ"
23792,"NN"
23793,"IN"
23794,"DT"
23795,"JJ"
23796,"NN"
23797,"NN"
23798,","
23799,"NNP"
23800,"NNP"
23801,"NNP"
23802,","
23803,"VBD"
23804,"PRP"
23805,"DT"
23806,"JJ"
23807,"NN"
23808,":"
23809,"NNP"
23810,"NNP"
23811,"MD"
23812,"VB"
23813,"DT"
23814,"NN"
23815,"POS"
23816,"JJ"
23817,"NN"
23818,"NN"
23819,"."
23820,"DT"
23821,"NN"
23822,"NN"
23823,"MD"
23824,"VB"
23825,"CD"
23826,"NNS"
23827,":"
23828,"DT"
23829,"JJ"
23830,"NN"
23831,","
23832,"IN"
23833,"VBG"
23834,"JJ"
23835,"NNS"
23836,"IN"
23837,"DT"
23838,"NN"
23839,","
23840,"CC"
23841,"DT"
23842,"NNP"
23843,","
23844,"IN"
23845,"VBG"
23846,"DT"
23847,"JJ"
23848,"JJ"
23849,"NN"
23850,"IN"
23851,"DT"
23852,"NNS"
23853,"VBN"
23854,"IN"
23855,"NNP"
23856,"NNP"
23857,"NNP"
23858,"POS"
23859,"JJ"
23860,"NNS"
23861,"IN"
23862,"NNP"
23863,"NNP"
23864,"NNP"
23865,"CC"
23866,"NNP"
23867,"NNP"
23868,"."
23869,"NNP"
23870,"NNP"
23871,"VBD"
23872,"CD"
23873,"IN"
23874,"DT"
23875,"CD"
23876,"JJS"
23877,"NNS"
23878,"TO"
23879,"NNP"
23880,"POS"
23881,"JJ"
23882,"NN"
23883,"."
23884,"VBG"
23885,"PRP$"
23886,"NNS"
23887,"VBD"
23888,"DT"
23889,"NN"
23890,"IN"
23891,"DT"
23892,"JJ"
23893,"NN"
23894,"."
23895,"NNP"
23896,"NNP"
23897,"POS"
23898,"JJ"
23899,"NN"
23900,"VBD"
23901,"RB"
23902,"$"
23903,"CD"
23904,"TO"
23905,"$"
23906,"CD"
23907,"DT"
23908,"NN"
23909,","
23910,"CC"
23911,"JJ"
23912,"NNS"
23913,"IN"
23914,"NN"
23915,"CC"
23916,"NNS"
23917,"IN"
23918,"DT"
23919,"NNP"
23920,"NNP"
23921,","
23922,"DT"
23923,"JJ"
23924,"NN"
23925,"NN"
23926,"VBZ"
23927,"."
23928,"PRP"
23929,"VBD"
23930,"JJ"
23931,"NN"
23932,"IN"
23933,"JJ"
23934,"NNS"
23935,","
23936,"CC"
23937,"DT"
23938,"JJ"
23939,"NN"
23940,"TO"
23941,"PRP$"
23942,"JJ"
23943,"JJ"
23944,"NN"
23945,","
23946,"WDT"
23947,"JJ"
23948,"NNS"
23949,"VBP"
23950,"RB"
23951,"VBG"
23952,"VBN"
23953,"$"
23954,"CD"
23955,"TO"
23956,"$"
23957,"CD"
23958,"RB"
23959,"."
23960,"``"
23961,"PRP"
23962,"VBD"
23963,"PRP"
23964,"RB"
23965,"RB"
23966,","
23967,"''"
23968,"VBZ"
23969,"NNP"
23970,"NNP"
23971,","
23972,"DT"
23973,"JJ"
23974,"JJ"
23975,"NN"
23976,"WP"
23977,"VBD"
23978,"NNP"
23979,"NNP"
23980,"CC"
23981,"PRP$"
23982,"NN"
23983,"."
23984,"``"
23985,"PRP"
23986,"VBD"
23987,"VBG"
23988,"DT"
23989,"NNS"
23990,"WDT"
23991,"VBD"
23992,"PRP"
23993,"NN"
23994,"NN"
23995,"."
23996,"''"
23997,"DT"
23998,"NNP"
23999,"NNP"
24000,"NN"
24001,"VBD"
24002,"IN"
24003,"NNP"
24004,"NNP"
24005,"IN"
24006,"CD"
24007,":"
24008,"IN"
24009,"NN"
24010,"IN"
24011,"DT"
24012,"JJ"
24013,"NN"
24014,"IN"
24015,"NNP"
24016,"NNP"
24017,","
24018,"NN"
24019,"IN"
24020,"DT"
24021,"JJ"
24022,"NN"
24023,":"
24024,"VBD"
24025,"JJ"
24026,"IN"
24027,"DT"
24028,"JJ"
24029,"NN"
24030,"."
24031,"IN"
24032,"JJ"
24033,"NN"
24034,"CC"
24035,"NN"
24036,"NNS"
24037,"WP"
24038,"VBD"
24039,"NNS"
24040,","
24041,"PRP"
24042,"VBD"
24043,"DT"
24044,"JJ"
24045,"NN"
24046,"IN"
24047,"NN"
24048,"."
24049,"PRP"
24050,"VBD"
24051,"IN"
24052,"JJ"
24053,"NNS"
24054,"VBD"
24055,"VBN"
24056,"VBN"
24057,"VBG"
24058,"JJ"
24059,","
24060,"WDT"
24061,"VBD"
24062,"VBN"
24063,"VBN"
24064,"IN"
24065,"PRP$"
24066,"NNS"
24067,"."
24068,"DT"
24069,"VBD"
24070,"RB"
24071,"JJ"
24072,"TO"
24073,"DT"
24074,"JJ"
24075,"NN"
24076,"IN"
24077,"CD"
24078,","
24079,"WRB"
24080,"NN"
24081,"NNS"
24082,"VBD"
24083,"VBG"
24084,"DT"
24085,"NNP"
24086,"NNP"
24087,"NN"
24088,"IN"
24089,"DT"
24090,"NN"
24091,"VBN"
24092,"MD"
24093,"VB"
24094,"JJ"
24095,"."
24096,"NNP"
24097,"NNP"
24098,"VBD"
24099,"VBN"
24100,"IN"
24101,"DT"
24102,"JJ"
24103,"NN"
24104,"NN"
24105,"VBD"
24106,"NN"
24107,"IN"
24108,"DT"
24109,"NN"
24110,"IN"
24111,"PRP$"
24112,"NN"
24113,"."
24114,"IN"
24115,"PRP"
24116,"VBD"
24117,"DT"
24118,"NN"
24119,"IN"
24120,"NNS"
24121,"IN"
24122,"PRP"
24123,"VBD"
24124,"IN"
24125,"DT"
24126,"JJ"
24127,"NN"
24128,"IN"
24129,"NNP"
24130,"NNP"
24131,","
24132,"WDT"
24133,"VBD"
24134,"VBN"
24135,"IN"
24136,"NNP"
24137,"NNP"
24138,"NNP"
24139,"."
24140,"DT"
24141,"NN"
24142,"IN"
24143,"VBN"
24144,"NN"
24145,"NNS"
24146,"IN"
24147,"DT"
24148,"NN"
24149,"VBD"
24150,"PRP"
24151,"RB"
24152,"JJR"
24153,"TO"
24154,"VB"
24155,"."
24156,"``"
24157,"PRP"
24158,"VBD"
24159,"IN"
24160,"DT"
24161,"NN"
24162,"IN"
24163,"NNP"
24164,","
24165,"''"
24166,"VBZ"
24167,"NNP"
24168,"NNP"
24169,"."
24170,"``"
24171,"NNP"
24172,"VBD"
24173,"DT"
24174,"JJ"
24175,"NN"
24176,"."
24177,"PRP"
24178,"VBD"
24179,"NN"
24180,"."
24181,"NNP"
24182,"VBD"
24183,"DT"
24184,"NN"
24185,"IN"
24186,"NN"
24187,"CC"
24188,"NN"
24189,"NNS"
24190,"."
24191,"''"
24192,"IN"
24193,"PRP$"
24194,"NNS"
24195,"IN"
24196,"NNP"
24197,","
24198,"RB"
24199,","
24200,"NNP"
24201,"NNP"
24202,"RB"
24203,"VBD"
24204,"PRP"
24205,"IN"
24206,"DT"
24207,"NN"
24208,"IN"
24209,"NN"
24210,"IN"
24211,"PRP"
24212,"VBD"
24213,"JJ"
24214,"."
24215,"NNP"
24216,"NNP"
24217,","
24218,"DT"
24219,"JJ"
24220,"NN"
24221,"CC"
24222,"JJ"
24223,"NN"
24224,","
24225,"VBZ"
24226,"DT"
24227,"JJ"
24228,"NNP"
24229,"VBG"
24230,"NNS"
24231,"IN"
24232,"PRP$"
24233,"NNS"
24234,"IN"
24235,"DT"
24236,"JJ"
24237,"NN"
24238,"NNP"
24239,"NN"
24240,"IN"
24241,"NNP"
24242,","
24243,"WRB"
24244,"PRP"
24245,"VBD"
24246,"PRP$"
24247,"NNS"
24248,"."
24249,"NNP"
24250,"NNP"
24251,"MD"
24252,"VB"
24253,"PRP"
24254,"RB"
24255,"TO"
24256,"VB"
24257,"RP"
24258,"PRP$"
24259,"NNS"
24260,"CC"
24261,"VB"
24262,"IN"
24263,"DT"
24264,"NN"
24265,"VBD"
24266,","
24267,"VBG"
24268,"IN"
24269,"PRP"
24270,"CC"
24271,"RB"
24272,"VBG"
24273,"TO"
24274,"PRP$"
24275,"NN"
24276,"."
24277,"``"
24278,"NNS"
24279,"VBD"
24280,"VBG"
24281,"IN"
24282,"NN"
24283,"VBD"
24284,"JJ"
24285,"IN"
24286,"PRP"
24287,","
24288,"''"
24289,"NNP"
24290,"NNP"
24291,"VBZ"
24292,"."
24293,"CC"
24294,"IN"
24295,"DT"
24296,"NN"
24297,","
24298,"RB"
24299,"RB"
24300,"IN"
24301,"DT"
24302,"NNP"
24303,"NN"
24304,"VBD"
24305,"VBN"
24306,","
24307,"NNP"
24308,"NNP"
24309,"VBD"
24310,"DT"
24311,"NN"
24312,"NN"
24313,"."
24314,"PRP"
24315,"VBD"
24316,"RB"
24317,"IN"
24318,"NN"
24319,"CC"
24320,"NN"
24321,"NN"
24322,"IN"
24323,"JJ"
24324,"NNS"
24325,"IN"
24326,"NNP"
24327,"NNP"
24328,"IN"
24329,"NNP"
24330,"IN"
24331,"NNP"
24332,"CD"
24333,","
24334,"VBG"
24335,"TO"
24336,"DT"
24337,"NN"
24338,"IN"
24339,"DT"
24340,"CD"
24341,"VBP"
24342,"IN"
24343,"NNS"
24344,"NNP"
24345,"NNP"
24346,"VBZ"
24347,"RB"
24348,"VBN"
24349,"IN"
24350,"NN"
24351,"."
24352,"PRP"
24353,"VBD"
24354,"TO"
24355,"NNP"
24356,"NNP"
24357,","
24358,"NNP"
24359,","
24360,"IN"
24361,"NNP"
24362,"IN"
24363,"DT"
24364,"NN"
24365,"IN"
24366,"DT"
24367,"NN"
24368,"IN"
24369,"JJ"
24370,"NNS"
24371,","
24372,"VBG"
24373,"TO"
24374,"DT"
24375,"NN"
24376,"IN"
24377,"DT"
24378,"NN"
24379,"IN"
24380,"NNP"
24381,"IN"
24382,"DT"
24383,"JJ"
24384,"NN"
24385,"VBD"
24386,"``"
24387,"JJ"
24388,"NN"
24389,"IN"
24390,"NNS"
24391,"."
24392,"''"
24393,"DT"
24394,"JJ"
24395,"NNS"
24396,"VBD"
24397,"PRP$"
24398,"NN"
24399,"CC"
24400,"NN"
24401,"IN"
24402,"DT"
24403,"NN"
24404,"IN"
24405,"NN"
24406,","
24407,"CC"
24408,"PRP"
24409,"VBD"
24410,"RB"
24411,"RB"
24412,"."
24413,"PRP"
24414,"VBD"
24415,"TO"
24416,"NN"
24417,"IN"
24418,"NN"
24419,"IN"
24420,"NNP"
24421,"POS"
24422,"JJ"
24423,"NN"
24424,"IN"
24425,"CD"
24426,"IN"
24427,"VBG"
24428,"JJ"
24429,"NN"
24430,"NNS"
24431,"DT"
24432,"JJ"
24433,"NN"
24434,"TO"
24435,"VB"
24436,"DT"
24437,"NN"
24438,"NN"
24439,"IN"
24440,"PRP"
24441,"DT"
24442,"NN"
24443,"RBR"
24444,"."
24445,"PRP"
24446,"VBD"
24447,"NNP"
24448,"NNP"
24449,"POS"
24450,"JJ"
24451,"NN"
24452,","
24453,"CC"
24454,"DT"
24455,"NN"
24456,"IN"
24457,"DT"
24458,"NNP"
24459,"POS"
24460,"NNS"
24461,"."
24462,"NNP"
24463,"NNP"
24464,","
24465,"IN"
24466,"RB"
24467,"DT"
24468,"JJ"
24469,"NN"
24470,","
24471,"VBD"
24472,"PRP$"
24473,"NNS"
24474,"TO"
24475,"VB"
24476,"DT"
24477,"NNS"
24478,":"
24479,"RB"
24480,"TO"
24481,"VB"
24482,"DT"
24483,"NNPS"
24484,","
24485,"DT"
24486,"JJ"
24487,"CC"
24488,"DT"
24489,"JJ"
24490,"NN"
24491,"NN"
24492,"WDT"
24493,"VBD"
24494,"JJ"
24495,"."
24496,"WRB"
24497,"NNP"
24498,"NNS"
24499,"VBD"
24500,"TO"
24501,"DT"
24502,"NNP"
24503,"IN"
24504,"NNP"
24505,"NNP"
24506,"POS"
24507,"NN"
24508,","
24509,"NN"
24510,"NNS"
24511,"RB"
24512,"VBD"
24513,"IN"
24514,"PRP$"
24515,"NN"
24516,"VBD"
24517,"JJ"
24518,"TO"
24519,"DT"
24520,"NNS"
24521,"."
24522,"``"
24523,"RB"
24524,"IN"
24525,"IN"
24526,"DT"
24527,"NNP"
24528,"NNP"
24529,","
24530,"PRP"
24531,"VBD"
24532,"TO"
24533,"VBG"
24534,"PRP"
24535,"DT"
24536,"NN"
24537,","
24538,"IN"
24539,"NN"
24540,"TO"
24541,"PRP$"
24542,"NN"
24543,"TO"
24544,"RB"
24545,"VB"
24546,"DT"
24547,"JJ"
24548,"NN"
24549,"NNS"
24550,"IN"
24551,"NNP"
24552,"CC"
24553,"DT"
24554,"NNP"
24555,"NNP"
24556,","
24557,"''"
24558,"VBZ"
24559,"NNP"
24560,"NNP"
24561,"NNP"
24562,","
24563,"WP"
24564,","
24565,"IN"
24566,"JJ"
24567,"JJ"
24568,"NN"
24569,"IN"
24570,"NN"
24571,"IN"
24572,"NNP"
24573,"NNS"
24574,","
24575,"RB"
24576,"VBD"
24577,"IN"
24578,"NNS"
24579,"IN"
24580,"NNP"
24581,"NNP"
24582,"IN"
24583,"CD"
24584,"."
24585,"``"
24586,"RB"
24587,"IN"
24588,"PRP"
24589,"VBD"
24590,"WRB"
24591,"PRP$"
24592,"NN"
24593,"NNS"
24594,"MD"
24595,"VB"
24596,"RB"
24597,"JJ"
24598,"NN"
24599,"IN"
24600,"PRP$"
24601,"NN"
24602,"WRB"
24603,"PRP"
24604,"VBD"
24605,"RB"
24606,"RB"
24607,"JJ"
24608,"TO"
24609,"DT"
24610,"NNS"
24611,"."
24612,"''"
24613,"RB"
24614,"IN"
24615,"DT"
24616,"JJ"
24617,"NN"
24618,","
24619,"NNS"
24620,"VBD"
24621,"JJ"
24622,"NNS"
24623,"."
24624,"IN"
24625,"DT"
24626,"NNP"
24627,"NN"
24628,","
24629,"DT"
24630,"NNP"
24631,"NNP"
24632,"NNP"
24633,"VBD"
24634,"VBN"
24635,"IN"
24636,"DT"
24637,"NN"
24638,"IN"
24639,"DT"
24640,"NN"
24641,"POS"
24642,"NNS"
24643,"TO"
24644,"VBN"
24645,"NN"
24646,"NNS"
24647,"."
24648,"NNP"
24649,"NNP"
24650,"NN"
24651,"VBD"
24652,"IN"
24653,"DT"
24654,"NN"
24655,"IN"
24656,"CD"
24657,"NNS"
24658,"IN"
24659,"NN"
24660,"IN"
24661,"NNP"
24662,"NNP"
24663,","
24664,"CD"
24665,"IN"
24666,"WDT"
24667,"VBD"
24668,"NN"
24669,"."
24670,"DT"
24671,"NN"
24672,"IN"
24673,"DT"
24674,"NN"
24675,"IN"
24676,"DT"
24677,"NN"
24678,","
24679,"NNP"
24680,"NNP"
24681,","
24682,"VBD"
24683,"DT"
24684,"NN"
24685,"NN"
24686,"."
24687,"CC"
24688,"PRP"
24689,"VBD"
24690,"RB"
24691,"TO"
24692,"NNP"
24693,"TO"
24694,"VB"
24695,"NN"
24696,"NN"
24697,"IN"
24698,"DT"
24699,"NN"
24700,"NNS"
24701,"IN"
24702,"JJ"
24703,"NNS"
24704,","
24705,"VBG"
24706,"NNP"
24707,"NNP"
24708,"."
24709,"NNP"
24710,"NNP"
24711,"RB"
24712,"VBD"
24713,"IN"
24714,"NNP"
24715,"NNP"
24716,"VBD"
24717,"JJ"
24718,"TO"
24719,"VB"
24720,"IN"
24721,"DT"
24722,"NNS"
24723,"IN"
24724,"DT"
24725,"NNP"
24726,"."
24727,"``"
24728,"NN"
24729,"VBD"
24730,"JJ"
24731,"IN"
24732,"PRP"
24733,","
24734,"''"
24735,"NNP"
24736,"NNP"
24737,"VBZ"
24738,"."
24739,"NNP"
24740,"NNP"
24741,"VBD"
24742,"DT"
24743,"RB"
24744,"JJR"
24745,"NN"
24746,"IN"
24747,"CD"
24748,","
24749,"WRB"
24750,"NNP"
24751,"NN"
24752,"NNS"
24753,"VBD"
24754,"IN"
24755,"PRP"
24756,"VBD"
24757,"VBN"
24758,"NN"
24759,"NNS"
24760,"IN"
24761,"RB"
24762,"JJ"
24763,"NNS"
24764,"IN"
24765,"CD"
24766,"NNS"
24767,"VBG"
24768,"IN"
24769,"DT"
24770,"NNP"
24771,"NNP"
24772,"POS"
24773,"NNP"
24774,"NNP"
24775,"NNP"
24776,"NNP"
24777,"."
24778,"DT"
24779,"NNS"
24780,"VBD"
24781,"NNS"
24782,"IN"
24783,"NNP"
24784,"NNP"
24785,"POS"
24786,"JJ"
24787,"NN"
24788,","
24789,"VBG"
24790,"TO"
24791,"JJ"
24792,"NN"
24793,"NNS"
24794,"."
24795,"``"
24796,"PRP"
24797,"VBD"
24798,"PRP"
24799,"IN"
24800,"PRP$"
24801,"NNS"
24802,"IN"
24803,"NNP"
24804,"NNP"
24805,"NNP"
24806,","
24807,"''"
24808,"VBZ"
24809,"JJ"
24810,"NNP"
24811,"NNP"
24812,"NNP"
24813,"NNP"
24814,"."
24815,"IN"
24816,"DT"
24817,"JJ"
24818,"NN"
24819,","
24820,"DT"
24821,"NNP"
24822,"VBD"
24823,"VBG"
24824,"NNP"
24825,"NNP"
24826,"IN"
24827,"PRP$"
24828,"NN"
24829,"NN"
24830,":"
24831,"CC"
24832,"DT"
24833,"NNS"
24834,"VBD"
24835,"JJ"
24836,","
24837,"NNP"
24838,"NNP"
24839,"VBZ"
24840,"."
24841,"``"
24842,"IN"
24843,"DT"
24844,"NN"
24845,"IN"
24846,"NN"
24847,","
24848,"IN"
24849,"PRP"
24850,"VBP"
24851,"TO"
24852,"VB"
24853,"NN"
24854,","
24855,"PRP"
24856,"VBP"
24857,"PRP"
24858,"IN"
24859,"JJ"
24860,"NNS"
24861,"."
24862,"DT"
24863,"NN"
24864,"VBZ"
24865,"WRB"
24866,"JJ"
24867,"PRP"
24868,"VBP"
24869,"VBN"
24870,"IN"
24871,"IN"
24872,"JJ"
24873,"NNS"
24874,"IN"
24875,"PRP"
24876,"MD"
24877,"VB"
24878,"PRP"
24879,"."
24880,"''"
24881,"NNP"
24882,"NNS"
24883,"TO"
24884,"DT"
24885,"JJ"
24886,"NN"
24887,"IN"
24888,"NNP"
24889,"NNP"
24890,"VBD"
24891,"JJ"
24892,"NN"
24893,"IN"
24894,"DT"
24895,"NNS"
24896,"TO"
24897,"DT"
24898,"NNS"
24899,"CC"
24900,"NNS"
24901,"."
24902,"NNP"
24903,"NNP"
24904,"VBD"
24905,"VBN"
24906,"RB"
24907,"TO"
24908,"VB"
24909,"DT"
24910,"JJ"
24911,"NN"
24912,"IN"
24913,"DT"
24914,"NN"
24915,"IN"
24916,"DT"
24917,"NN"
24918,"IN"
24919,"DT"
24920,"NNP"
24921,"NN"
24922,"."
24923,"DT"
24924,"NNP"
24925,"RB"
24926,"VBD"
24927,"JJ"
24928,"NN"
24929,"IN"
24930,"NN"
24931,":"
24932,"VBG"
24933,"."
24934,"NNS"
24935,"IN"
24936,"NNP"
24937,"NNP"
24938,"VBD"
24939,"CD"
24940,"NNS"
24941,"IN"
24942,"NNS"
24943,"IN"
24944,"RB"
24945,"VBG"
24946,"NNS"
24947,"TO"
24948,"NNP"
24949,"NNS"
24950,"VBG"
24951,"TO"
24952,"VB"
24953,"DT"
24954,"JJ"
24955,"NN"
24956,"IN"
24957,"NNP"
24958,"NNP"
24959,"."
24960,"PRP"
24961,"VBD"
24962,"NN"
24963,"IN"
24964,"NNP"
24965,"NNP"
24966,"POS"
24967,"JJS"
24968,"NNS"
24969,"CC"
24970,"NN"
24971,"NNS"
24972,","
24973,"NNP"
24974,"NNP"
24975,"."
24976,"CC"
24977,"DT"
24978,"NNS"
24979,"VBD"
24980,"RB"
24981,"JJ"
24982,"IN"
24983,"IN"
24984,"NNP"
24985,"NNP"
24986,"PRP"
24987,"."
24988,"IN"
24989,"DT"
24990,"NN"
24991,","
24992,"RB"
24993,","
24994,"IN"
24995,"CD"
24996,","
24997,"DT"
24998,"NNP"
24999,"VBD"
25000,"RB"
25001,"RB"
25002,"JJ"
25003,"IN"
25004,"PRP$"
25005,"JJ"
25006,"JJ"
25007,"JJ"
25008,"NN"
25009,"."
25010,"NNP"
25011,"NNP"
25012,"VBD"
25013,"NNS"
25014,"TO"
25015,"VB"
25016,"TO"
25017,"NNP"
25018,"IN"
25019,"DT"
25020,"NN"
25021,"IN"
25022,"PRP$"
25023,"NN"
25024,"IN"
25025,"DT"
25026,"NNP"
25027,"."
25028,"NNP"
25029,"NNP"
25030,"CC"
25031,"JJ"
25032,"NNS"
25033,","
25034,"VBG"
25035,"IN"
25036,"PRP"
25037,"VBD"
25038,"TO"
25039,"VB"
25040,"IN"
25041,"NNP"
25042,","
25043,"VBD"
25044,"NNS"
25045,"TO"
25046,"VB"
25047,"PRP"
25048,"IN"
25049,"DT"
25050,"NN"
25051,"VBZ"
25052,"RB"
25053,"RB"
25054,"IN"
25055,"PRP"
25056,"VBD"
25057,"NNP"
25058,"NN"
25059,"."
25060,"PRP"
25061,"VBD"
25062,"DT"
25063,"NNP"
25064,"IN"
25065,"NNP"
25066,"."
25067,"NNP"
25068,"NNP"
25069,"VBD"
25070,"DT"
25071,"NN"
25072,"."
25073,"VBG"
25074,"TO"
25075,"JJ"
25076,"NNS"
25077,"IN"
25078,"DT"
25079,"NN"
25080,","
25081,"NN"
25082,"VBD"
25083,"VBN"
25084,"TO"
25085,"NNP"
25086,"NNP"
25087,"IN"
25088,"PRP$"
25089,"JJ"
25090,"NNS"
25091,"IN"
25092,"DT"
25093,"NN"
25094,"MD"
25095,"VB"
25096,"VBG"
25097,"."
25098,"IN"
25099,"NNP"
25100,","
25101,"NNP"
25102,"NNS"
25103,"VBD"
25104,"DT"
25105,"JJ"
25106,","
25107,"JJ"
25108,"NN"
25109,"IN"
25110,"DT"
25111,"JJ"
25112,"NN"
25113,"NN"
25114,"IN"
25115,"NNP"
25116,"."
25117,"``"
25118,"JJ"
25119,"TO"
25120,"NN"
25121,"NNS"
25122,","
25123,"NNP"
25124,"NNP"
25125,"NNP"
25126,"VBZ"
25127,"VBN"
25128,"TO"
25129,"VB"
25130,"PRP$"
25131,"NN"
25132,"TO"
25133,"NNP"
25134,","
25135,"''"
25136,"PRP"
25137,"VBD"
25138,"."
25139,"NNS"
25140,"IN"
25141,"NNP"
25142,"VBD"
25143,"RB"
25144,"DT"
25145,"NN"
25146,"."
25147,"PRP$"
25148,"JJ"
25149,"NN"
25150,"IN"
25151,"NNP"
25152,"NNP"
25153,","
25154,"DT"
25155,"NN"
25156,"IN"
25157,"NNP"
25158,"NNP"
25159,","
25160,"CC"
25161,"DT"
25162,"JJ"
25163,"CD"
25164,"VBD"
25165,"VBN"
25166,"IN"
25167,"DT"
25168,"NN"
25169,"."
25170,"CC"
25171,"RB"
25172,","
25173,"RB"
25174,"IN"
25175,"VBG"
25176,"NNP"
25177,"NNP"
25178,"POS"
25179,"NN"
25180,","
25181,"PRP"
25182,"VBD"
25183,"TO"
25184,"VB"
25185,"NNP"
25186,"NNP"
25187,"PRP"
25188,","
25189,"IN"
25190,"NNS"
25191,"IN"
25192,"PRP"
25193,"VBD"
25194,"VBN"
25195,"IN"
25196,"DT"
25197,"JJ"
25198,"NN"
25199,"IN"
25200,"DT"
25201,"$"
25202,"CD"
25203,"CD"
25204,"IN"
25205,"NNS"
25206,"."
25207,"IN"
25208,"NNP"
25209,"CD"
25210,","
25211,"NNP"
25212,"NNP"
25213,","
25214,"IN"
25215,"JJ"
25216,"NNP"
25217,"NN"
25218,","
25219,"VBD"
25220,"VBN"
25221,"TO"
25222,"DT"
25223,"NN"
25224,"IN"
25225,"DT"
25226,"NNP"
25227,"NNP"
25228,"IN"
25229,"NNP"
25230,"NN"
25231,"VBN"
25232,"TO"
25233,"DT"
25234,"NNP"
25235,"IN"
25236,"NNP"
25237,","
25238,"NNP"
25239,"CC"
25240,"NNS"
25241,"IN"
25242,"NNP"
25243,"."
25244,"JJ"
25245,"NN"
25246,"NNS"
25247,","
25248,"PRP"
25249,"VBD"
25250,"VBN"
25251,","
25252,"VBD"
25253,"VBN"
25254,"DT"
25255,"NN"
25256,"IN"
25257,"NNP"
25258,"NNP"
25259,"IN"
25260,"NNP"
25261,"IN"
25262,"DT"
25263,"NN"
25264,"IN"
25265,"NNP"
25266,"."
25267,"NNP"
25268,"NNP"
25269,"VBD"
25270,"VBN"
25271,"NNP"
25272,"NNP"
25273,"POS"
25274,"NN"
25275,","
25276,"NNP"
25277,"NNP"
25278,","
25279,"MD"
25280,"VB"
25281,"VBG"
25282,"DT"
25283,"NN"
25284,"POS"
25285,"NN"
25286,"."
25287,"PRP"
25288,"MD"
25289,"RB"
25290,"VB"
25291,"DT"
25292,"JJ"
25293,"NN"
25294,"TO"
25295,"VB"
25296,"PRP"
25297,":"
25298,"RB"
25299,"RBR"
25300,"NNP"
25301,"NNP"
25302,","
25303,"DT"
25304,"NN"
25305,"VBD"
25306,"VBN"
25307,"."
25308,"IN"
25309,"NN"
25310,"IN"
25311,"NNP"
25312,"NNP"
25313,","
25314,"NNP"
25315,"NNP"
25316,"NNP"
25317,"NNP"
25318,"VBD"
25319,"IN"
25320,"NNP"
25321,"NNP"
25322,"NNS"
25323,"IN"
25324,"NNP"
25325,"TO"
25326,"VB"
25327,"DT"
25328,"NN"
25329,"VB"
25330,"."
25331,"``"
25332,"RB"
25333,","
25334,"''"
25335,"NNP"
25336,"NNP"
25337,"VBD"
25338,"IN"
25339,"DT"
25340,"NN"
25341,","
25342,"``"
25343,"DT"
25344,"IN"
25345,"PRP"
25346,"IN"
25347,"NN"
25348,"NN"
25349,"IN"
25350,"NNP"
25351,"VBP"
25352,"PRP"
25353,"RB"
25354,"VBG"
25355,"TO"
25356,"VB"
25357,"DT"
25358,"NNS"
25359,"IN"
25360,"DT"
25361,"NNP"
25362,"NNP"
25363,"CC"
25364,"RB"
25365,"VBG"
25366,"VBN"
25367,"IN"
25368,"JJ"
25369,"NN"
25370,"NNS"
25371,"IN"
25372,"WDT"
25373,"PRP"
25374,"VBP"
25375,"DT"
25376,"NN"
25377,"."
25378,"''"
25379,"DT"
25380,"NN"
25381,","
25382,"RB"
25383,"IN"
25384,"DT"
25385,"JJ"
25386,"NN"
25387,"NN"
25388,","
25389,"VBD"
25390,"IN"
25391,"DT"
25392,"NNS"
25393,"IN"
25394,"NN"
25395,"NNS"
25396,"IN"
25397,"NNS"
25398,"IN"
25399,"DT"
25400,"NN"
25401,"VBD"
25402,"DT"
25403,"JJ"
25404,"NN"
25405,"."
25406,"``"
25407,"PRP"
25408,"VBP"
25409,"IN"
25410,"PRP"
25411,"VBD"
25412,"VBN"
25413,"VBN"
25414,"TO"
25415,"VB"
25416,"RB"
25417,"RB"
25418,"PRP"
25419,"MD"
25420,"RB"
25421,"VB"
25422,"DT"
25423,"NNS"
25424,"PRP"
25425,"VBP"
25426,"RB"
25427,","
25428,"''"
25429,"NNP"
25430,"NNP"
25431,"VBZ"
25432,"."
25433,"``"
25434,"IN"
25435,"PRP"
25436,"VBD"
25437,"VBN"
25438,"VBN"
25439,"RB"
25440,","
25441,"PRP"
25442,"MD"
25443,"VB"
25444,"VBN"
25445,"PRP"
25446,"."
25447,"''"
25448,"IN"
25449,"NNP"
25450,"CD"
25451,","
25452,"NNP"
25453,"NNP"
25454,"VBD"
25455,"IN"
25456,"IN"
25457,"NNP"
25458,"CC"
25459,"NNP"
25460,"NN"
25461,"IN"
25462,"NNP"
25463,","
25464,"VBG"
25465,"VBN"
25466,"PRP$"
25467,"NN"
25468,"TO"
25469,"DT"
25470,"NN"
25471,"RB"
25472,"CD"
25473,"NNS"
25474,"IN"
25475,"DT"
25476,"JJ"
25477,"NN"
25478,"IN"
25479,"DT"
25480,"NN"
25481,"NN"
25482,"IN"
25483,"PRP$"
25484,"JJ"
25485,"NN"
25486,"NN"
25487,"NN"
25488,"."
25489,"RB"
25490,","
25491,"DT"
25492,"NN"
25493,"VBD"
25494,"DT"
25495,"JJ"
25496,"NN"
25497,"VBG"
25498,"JJ"
25499,"CC"
25500,"JJ"
25501,"NNS"
25502,"."
25503,"DT"
25504,"NNP"
25505,"NN"
25506,"RB"
25507,"VBD"
25508,"NNP"
25509,"NNP"
25510,"POS"
25511,"NN"
25512,"NN"
25513,"IN"
25514,"DT"
25515,"NNP"
25516,"NN"
25517,"."
25518,"NNS"
25519,"VBD"
25520,"RB"
25521,"$"
25522,"CD"
25523,"DT"
25524,"NN"
25525,"IN"
25526,"DT"
25527,"NNP"
25528,"NNP"
25529,"NNP"
25530,"NNP"
25531,"CC"
25532,"NNP"
25533,"NNP"
25534,"."
25535,"IN"
25536,"NN"
25537,"IN"
25538,"NNP"
25539,"NN"
25540,","
25541,"NNP"
25542,"NNP"
25543,"VBD"
25544,"RB"
25545,"VBG"
25546,"DT"
25547,"NNP"
25548,"RB"
25549,"."
25550,"IN"
25551,"DT"
25552,"JJ"
25553,"NNS"
25554,"PRP"
25555,"VBD"
25556,"PRP$"
25557,"NN"
25558,"CC"
25559,"NN"
25560,"NNS"
25561,"IN"
25562,"DT"
25563,"NNP"
25564,"CC"
25565,"DT"
25566,"NNP"
25567,"."
25568,"PRP"
25569,"RB"
25570,"VBD"
25571,"IN"
25572,"NNP"
25573,"POS"
25574,"JJ"
25575,"JJ"
25576,"NN"
25577,"NN"
25578,"IN"
25579,"JJ"
25580,"NN"
25581,"NNS"
25582,","
25583,"VBG"
25584,"TO"
25585,"NNP"
25586,"NNP"
25587,","
25588,"DT"
25589,"NN"
25590,"WP"
25591,"RB"
25592,"VBD"
25593,"IN"
25594,"NNP"
25595,"NNP"
25596,"CC"
25597,"WP"
25598,"VBD"
25599,"IN"
25600,"DT"
25601,"NNP"
25602,"JJ"
25603,"NN"
25604,"IN"
25605,"NNP"
25606,"WDT"
25607,"MD"
25608,"RB"
25609,"VB"
25610,"DT"
25611,"JJ"
25612,"IN"
25613,"NN"
25614,"NNS"
25615,"."
25616,"CC"
25617,"NNP"
25618,"NNP"
25619,"VBD"
25620,"VBN"
25621,"DT"
25622,"NNP"
25623,"NNP"
25624,"NNP"
25625,"MD"
25626,"RB"
25627,"VB"
25628,"IN"
25629,"PRP"
25630,","
25631,"VBZ"
25632,"PRP$"
25633,"JJ"
25634,"NN"
25635,"NNP"
25636,"NNP"
25637,","
25638,"IN"
25639,"PRP"
25640,"VBD"
25641,"DT"
25642,"NN"
25643,"NN"
25644,":"
25645,"PRP$"
25646,"NN"
25647,"IN"
25648,"DT"
25649,"JJ"
25650,"NNS"
25651,"IN"
25652,"NNP"
25653,"."
25654,"NNP"
25655,"NNP"
25656,"VBZ"
25657,"DT"
25658,"NN"
25659,"VBN"
25660,"DT"
25661,"NNPS"
25662,"TO"
25663,"VB"
25664,"RP"
25665,"DT"
25666,"JJ"
25667,"NN"
25668,"NN"
25669,"IN"
25670,"NNP"
25671,"."
25672,"NNP"
25673,"NNP"
25674,"RB"
25675,"JJ"
25676,"NN"
25677,"IN"
25678,"PRP$"
25679,"NN"
25680,"NN"
25681,"IN"
25682,"DT"
25683,"JJ"
25684,"NN"
25685,"IN"
25686,"NNP"
25687,"."
25688,"CC"
25689,"IN"
25690,"IN"
25691,"JJS"
25692,"CD"
25693,"NN"
25694,","
25695,"IN"
25696,"DT"
25697,"NN"
25698,"IN"
25699,"CD"
25700,","
25701,"PRP"
25702,"VBD"
25703,"VB"
25704,"DT"
25705,"NN"
25706,"NN"
25707,"IN"
25708,"DT"
25709,"NNP"
25710,"NNP"
25711,"IN"
25712,"NNP"
25713,"."
25714,"IN"
25715,","
25716,"PRP$"
25717,"NN"
25718,"IN"
25719,"DT"
25720,"JJ"
25721,"NN"
25722,"VBD"
25723,"VBN"
25724,","
25725,"PRP"
25726,"VBD"
25727,"JJ"
25728,"TO"
25729,"VB"
25730,"PRP"
25731,"JJ"
25732,"NNS"
25733,"IN"
25734,"DT"
25735,"JJ"
25736,"NN"
25737,","
25738,"VBZ"
25739,"NNP"
25740,"NNP"
25741,"NNP"
25742,","
25743,"DT"
25744,"NNP"
25745,"NNP"
25746,"WP"
25747,"RB"
25748,"VBN"
25749,"IN"
25750,"DT"
25751,"NNP"
25752,"NNP"
25753,"NNP"
25754,"."
25755,"``"
25756,"NNP"
25757,"VBD"
25758,"NNP"
25759,"NN"
25760,"NNS"
25761,"CC"
25762,"DT"
25763,"JJ"
25764,"NN"
25765,"IN"
25766,"DT"
25767,"NN"
25768,","
25769,"''"
25770,"PRP"
25771,"VBZ"
25772,"."
25773,"DT"
25774,"NN"
25775,"IN"
25776,"CD"
25777,"VBD"
25778,"CD"
25779,"JJ"
25780,"NNS"
25781,"IN"
25782,"WDT"
25783,"NNP"
25784,"NNP"
25785,"MD"
25786,"VB"
25787,"VBN"
25788,"JJ"
25789,"NN"
25790,"IN"
25791,"NNP"
25792,":"
25793,"IN"
25794,"VBG"
25795,"NNP"
25796,"NNS"
25797,"."
25798,"NNP"
25799,"NNP"
25800,","
25801,"RB"
25802,"DT"
25803,"NN"
25804,"TO"
25805,"NNP"
25806,"NNP"
25807,","
25808,"VBZ"
25809,"VBG"
25810,"VBN"
25811,"TO"
25812,"NNP"
25813,"IN"
25814,"NNP"
25815,"NNP"
25816,"POS"
25817,"NN"
25818,"NNP"
25819,"NNP"
25820,"IN"
25821,"DT"
25822,"NN"
25823,"IN"
25824,"JJ"
25825,"NN"
25826,"NN"
25827,"CC"
25828,"``"
25829,"JJ"
25830,","
25831,"JJ"
25832,"NN"
25833,"''"
25834,"IN"
25835,"DT"
25836,"NNP"
25837,"NNP"
25838,"."
25839,"NNP"
25840,"NNP"
25841,"VBD"
25842,"NNP"
25843,"NNP"
25844,"NNP"
25845,","
25846,"DT"
25847,"NNP"
25848,"NN"
25849,"TO"
25850,"NNP"
25851,","
25852,"IN"
25853,"DT"
25854,"NN"
25855,"."
25856,"``"
25857,"NNP"
25858,"NNP"
25859,","
25860,"''"
25861,"NNP"
25862,"NNP"
25863,"VBZ"
25864,"."
25865,"PRP"
25866,"VBZ"
25867,"NNP"
25868,"NNP"
25869,"VBD"
25870,"PRP"
25871,"PRP"
25872,"VBD"
25873,"VBG"
25874,"VBN"
25875,"RP"
25876,"IN"
25877,"DT"
25878,"``"
25879,"NN"
25880,"NN"
25881,","
25882,"''"
25883,"IN"
25884,"WDT"
25885,"NNP"
25886,"NNP"
25887,"MD"
25888,"VB"
25889,"TO"
25890,"VB"
25891,"PRP"
25892,"IN"
25893,"DT"
25894,"NN"
25895,"CC"
25896,"RB"
25897,"VB"
25898,"DT"
25899,"NN"
25900,"``"
25901,"IN"
25902,"NN"
25903,"CC"
25904,"NN"
25905,"."
25906,"''"
25907,"NNP"
25908,"NNP"
25909,","
25910,"IN"
25911,"NN"
25912,"IN"
25913,"VBG"
25914,"PRP$"
25915,"NN"
25916,"IN"
25917,"DT"
25918,"NNP"
25919,"NNP"
25920,"NNP"
25921,","
25922,"MD"
25923,"RB"
25924,"VB"
25925,"VBN"
25926,"IN"
25927,"NN"
25928,"."
25929,"IN"
25930,"NNP"
25931,"NNP"
25932,"POS"
25933,"JJ"
25934,"NNS"
25935,"VBD"
25936,","
25937,"RB"
25938,"VBD"
25939,"PRP$"
25940,"NNS"
25941,"IN"
25942,"NN"
25943,"TO"
25944,"DT"
25945,"NNP"
25946,","
25947,"DT"
25948,"JJ"
25949,"NN"
25950,"TO"
25951,"VB"
25952,"JJR"
25953,"NN"
25954,"IN"
25955,"NNP"
25956,"."
25957,"IN"
25958,"NN"
25959,","
25960,"PRP"
25961,"VBD"
25962,"VB"
25963,"DT"
25964,"NNP"
25965,"CD"
25966,"JJ"
25967,"NNS"
25968,"IN"
25969,"DT"
25970,"NN"
25971,"NN"
25972,"."
25973,"CC"
25974,"RB"
25975,"CD"
25976,"NN"
25977,"RB"
25978,","
25979,"PRP"
25980,"RB"
25981,"VBD"
25982,"$"
25983,"CD"
25984,"TO"
25985,"DT"
25986,"JJ"
25987,"NN"
25988,","
25989,"VBG"
25990,"TO"
25991,"NNS"
25992,"VBN"
25993,"IN"
25994,"NNP"
25995,"NNP"
25996,"POS"
25997,"JJ"
25998,"NN"
25999,"IN"
26000,"NNP"
26001,","
26002,"NNP"
26003,"."
26004,"RB"
26005,","
26006,"PRP$"
26007,"JJ"
26008,"NNS"
26009,"VBD"
26010,"."
26011,"NNP"
26012,"NNP"
26013,"VBD"
26014,"VBN"
26015,"IN"
26016,"VBG"
26017,"IN"
26018,"CD"
26019,"DT"
26020,"NN"
26021,"IN"
26022,"NNP"
26023,"NNP"
26024,","
26025,"PRP$"
26026,"RBS"
26027,"JJ"
26028,"JJ"
26029,"NN"
26030,"CC"
26031,"DT"
26032,"JJ"
26033,"NN"
26034,"TO"
26035,"RB"
26036,"NN"
26037,"NNP"
26038,"NNP"
26039,"IN"
26040,"NN"
26041,"NN"
26042,"NNS"
26043,"."
26044,"PRP"
26045,"RB"
26046,"VBD"
26047,"NNP"
26048,"NNP"
26049,"NNP"
26050,"NNP"
26051,","
26052,"DT"
26053,"JJ"
26054,"NNP"
26055,"NNP"
26056,"NN"
26057,"IN"
26058,"JJ"
26059,"NNS"
26060,"TO"
26061,"DT"
26062,"NNP"
26063,","
26064,"IN"
26065,"NNP"
26066,"NNP"
26067,"VBD"
26068,"TO"
26069,"VB"
26070,"DT"
26071,"NN"
26072,"TO"
26073,"VB"
26074,"DT"
26075,"NN"
26076,"."
26077,"CC"
26078,","
26079,"PDT"
26080,"DT"
26081,"NN"
26082,","
26083,"NNP"
26084,"POS"
26085,"NN"
26086,"NNS"
26087,"VBD"
26088,"TO"
26089,"VB"
26090,"."
26091,"NNP"
26092,"NNP"
26093,"VBD"
26094,"VBG"
26095,"JJ"
26096,"."
26097,"IN"
26098,"JJ"
26099,"CD"
26100,","
26101,"PRP"
26102,"VBD"
26103,"DT"
26104,"NN"
26105,"PRP"
26106,"VBD"
26107,"DT"
26108,"NNP"
26109,"MD"
26110,"RB"
26111,"VB"
26112,"."
26113,"IN"
26114,"JJ"
26115,"IN"
26116,"DT"
26117,"NN"
26118,"IN"
26119,"JJ"
26120,"NN"
26121,"NNS"
26122,"VBN"
26123,"IN"
26124,"DT"
26125,"JJ"
26126,"NN"
26127,","
26128,"NNP"
26129,"NNP"
26130,"VBD"
26131,"TO"
26132,"VB"
26133,"DT"
26134,"NNP"
26135,"NN"
26136,"IN"
26137,"NN"
26138,"``"
26139,"IN"
26140,"DT"
26141,"NN"
26142,"TO"
26143,"VB"
26144,"VB"
26145,"RP"
26146,"NNP"
26147,"POS"
26148,"NN"
26149,"CC"
26150,"DT"
26151,"NN"
26152,"TO"
26153,"VB"
26154,"DT"
26155,"("
26156,"NNP"
26157,"."
26158,")"
26159,"NN"
26160,"IN"
26161,"JJ"
26162,"NNS"
26163,"TO"
26164,"DT"
26165,"JJ"
26166,"NN"
26167,"NNS"
26168,"."
26169,"''"
26170,"``"
26171,"NNP"
26172,","
26173,"''"
26174,"DT"
26175,"NN"
26176,"VBD"
26177,"IN"
26178,","
26179,"VBG"
26180,"TO"
26181,"NNP"
26182,"NNP"
26183,","
26184,"``"
26185,"VBZ"
26186,"VBD"
26187,"NNP"
26188,"POS"
26189,"NN"
26190,"IN"
26191,"NNP"
26192,"NN"
26193,"JJ"
26194,"PDT"
26195,"NNS"
26196,"."
26197,"DT"
26198,"NN"
26199,"VBD"
26200,"IN"
26201,"NNP"
26202,"VBD"
26203,"JJ"
26204,"NNS"
26205,"IN"
26206,"NN"
26207,"IN"
26208,"NNP"
26209,"NNP"
26210,"MD"
26211,"VB"
26212,"JJ"
26213,"JJ"
26214,"NNS"
26215,","
26216,"RB"
26217,"IN"
26218,"NNP"
26219,"VBD"
26220,"VBN"
26221,"("
26222,"DT"
26223,"NNP"
26224,"."
26225,")"
26226,"DT"
26227,"JJ"
26228,"NN"
26229,"IN"
26230,"VBG"
26231,"IN"
26232,"DT"
26233,"NNP"
26234,"NNP"
26235,"."
26236,"''"
26237,"NNP"
26238,"NNP"
26239,"NNP"
26240,"DT"
26241,"NN"
26242,"TO"
26243,"PRP$"
26244,"NNS"
26245,"CC"
26246,"TO"
26247,"NNP"
26248,"NNP"
26249,"IN"
26250,"NNP"
26251,"NNP"
26252,"NNP"
26253,","
26254,"WP"
26255,"VBN"
26256,"PRP"
26257,"TO"
26258,"NNP"
26259,"IN"
26260,"NNP"
26261,"NNP"
26262,"NNP"
26263,"."
26264,"NNP"
26265,"NNP"
26266,"POS"
26267,"NN"
26268,"VBD"
26269,"VBN"
26270,"RP"
26271,"."
26272,"CC"
26273,"NNP"
26274,"NNP"
26275,"NNP"
26276,"VBD"
26277,"NNP"
26278,"NNP"
26279,"IN"
26280,"DT"
26281,"NN"
26282,"MD"
26283,"VB"
26284,"VBN"
26285,"IN"
26286,"RB"
26287,"PRP"
26288,"MD"
26289,"VB"
26290,"PRP$"
26291,"JJ"
26292,"NN"
26293,"."
26294,"DT"
26295,"NN"
26296,"IN"
26297,"DT"
26298,"NN"
26299,"VBD"
26300,"IN"
26301,"NN"
26302,"."
26303,"IN"
26304,"NNS"
26305,"DT"
26306,"JJ"
26307,"NNP"
26308,"NN"
26309,"VBD"
26310,"RP"
26311,"NNP"
26312,"NNP"
26313,"POS"
26314,"NN"
26315,"NN"
26316,"."
26317,"DT"
26318,"NN"
26319,"IN"
26320,"NNP"
26321,"NNP"
26322,"NNP"
26323,"NNP"
26324,"NNP"
26325,"NN"
26326,"IN"
26327,"NNP"
26328,"NNP"
26329,"VBD"
26330,"JJ"
26331,"JJ"
26332,"NNS"
26333,"TO"
26334,"VB"
26335,"NN"
26336,"."
26337,"JJ"
26338,"NNS"
26339,"IN"
26340,"PRP"
26341,"VBD"
26342,"VBN"
26343,"IN"
26344,"NNP"
26345,"CD"
26346,"JJ"
26347,"TO"
26348,"NNS"
26349,"IN"
26350,"NNP"
26351,"NNP"
26352,","
26353,"PRP$"
26354,"JJ"
26355,"NN"
26356,"IN"
26357,"NN"
26358,","
26359,"DT"
26360,"NNP"
26361,"NNP"
26362,"VBD"
26363,"VBN"
26364,"DT"
26365,"CD"
26366,"NN"
26367,"NN"
26368,"VBD"
26369,"VBN"
26370,"DT"
26371,"VBG"
26372,"IN"
26373,"NNPS"
26374,"FW"
26375,"CC"
26376,"FW"
26377,"."
26378,"JJ"
26379,"JJ"
26380,"NNS"
26381,"VBD"
26382,"JJ"
26383,"NN"
26384,"RBR"
26385,"TO"
26386,"VB"
26387,"PRP"
26388,"."
26389,"NNS"
26390,"IN"
26391,"NNP"
26392,":"
26393,"DT"
26394,"NN"
26395,"NN"
26396,"RB"
26397,"IN"
26398,"NN"
26399,":"
26400,"VBN"
26401,"TO"
26402,"VB"
26403,"PRP"
26404,"VBD"
26405,"IN"
26406,"NN"
26407,"NNS"
26408,"IN"
26409,"NNP"
26410,"CD"
26411,"."
26412,"IN"
26413,"NNS"
26414,"IN"
26415,"JJ"
26416,"NNS"
26417,"IN"
26418,"NNP"
26419,"CD"
26420,"IN"
26421,"NNS"
26422,"TO"
26423,"VB"
26424,"DT"
26425,"NNP"
26426,"NNP"
26427,"IN"
26428,"NN"
26429,"IN"
26430,"PRP$"
26431,"NN"
26432,","
26433,"NNP"
26434,"NNP"
26435,"RB"
26436,"VBD"
26437,"RB"
26438,"JJ"
26439,"WRB"
26440,"DT"
26441,"NNPS"
26442,","
26443,"WP"
26444,"PRP"
26445,"VBD"
26446,"VBN"
26447,"IN"
26448,"RB"
26449,"JJ"
26450,"NNS"
26451,","
26452,"MD"
26453,"VB"
26454,"IN"
26455,"PRP"
26456,"."
26457,"RB"
26458,","
26459,"DT"
26460,"NN"
26461,":"
26462,"DT"
26463,"NNP"
26464,"NNP"
26465,"NNP"
26466,"NNP"
26467,":"
26468,"VBZ"
26469,"DT"
26470,"JJ"
26471,"NN"
26472,"."
26473,"NNP"
26474,"NNP"
26475,"VBZ"
26476,"VBN"
26477,"TO"
26478,"VB"
26479,"PRP"
26480,"TO"
26481,"NN"
26482,"."
26483,"NNP"
26484,"NNP"
26485,"VBZ"
26486,"PRP"
26487,"VBZ"
26488,"RB"
26489,"DT"
26490,"NN"
26491,"CC"
26492,"TO"
26493,"VB"
26494,"JJ"
26495,"TO"
26496,"NN"
26497,"."
26498,"PRP"
26499,"VBZ"
26500,"DT"
26501,"NN"
26502,"NN"
26503,":"
26504,"RB"
26505,"TO"
26506,"DT"
26507,"NN"
26508,"."
26509,"IN"
26510,"DT"
26511,"NN"
26512,","
26513,"VBZ"
26514,"NNP"
26515,"NNP"
26516,"DT"
26517,"JJ"
26518,"NN"
26519,"IN"
26520,"NNP"
26521,"POS"
26522,"NN"
26523,","
26524,"VBN"
26525,"IN"
26526,"DT"
26527,"JJ"
26528,"CC"
26529,"JJ"
26530,"JJ"
26531,"NN"
26532,"."
26533,"RB"
26534,"RB"
26535,","
26536,"NNP"
26537,"NNP"
26538,"VBZ"
26539,"."
26540,"``"
26541,"IN"
26542,"JJ"
26543,"NNS"
26544,","
26545,"NNS"
26546,"VBD"
26547,"JJ"
26548,"TO"
26549,"VB"
26550,"RP"
26551,"IN"
26552,"PRP"
26553,"."
26554,"DT"
26555,"VBD"
26556,"PRP"
26557,"TO"
26558,"VB"
26559,"JJR"
26560,"CC"
26561,"JJR"
26562,","
26563,"''"
26564,"PRP"
26565,"VBZ"
26566,"."
26567,"``"
26568,"PRP"
26569,"VBP"
26570,"RB"
26571,"VB"
26572,"PRP"
26573,"VBD"
26574,"PRP"
26575,"RB"
26576,"RB"
26577,"IN"
26578,"PRP"
26579,"VBD"
26580,"PRP"
26581,","
26582,"VBD"
26583,"PRP"
26584,"CC"
26585,"VB"
26586,"PRP"
26587,"VB"
26588,"RB"
26589,"TO"
26590,"VB"
26591,"JJ"
26592,"CC"
26593,"JJ"
26594,"."
26595,"O"
26596,"NNP"
26597,"NNP"
26598,"VBD"
26599,"DT"
26600,"JJ"
26601,"NN"
26602,"NN"
26603,"VBD"
26604,"TO"
26605,"$"
26606,"CD"
26607,"CD"
26608,","
26609,"CC"
26610,"CD"
26611,"NNS"
26612,"DT"
26613,"NN"
26614,","
26615,"IN"
26616,"$"
26617,"CD"
26618,"CD"
26619,","
26620,"CC"
26621,"CD"
26622,"NNS"
26623,"DT"
26624,"NN"
26625,","
26626,"DT"
26627,"NN"
26628,"RBR"
26629,"."
26630,"NNP"
26631,"POS"
26632,"NN"
26633,"VBD"
26634,"NNS"
26635,"POS"
26636,"NNS"
26637,"IN"
26638,"DT"
26639,"NN"
26640,"WRB"
26641,"JJ"
26642,"NNS"
26643,"VBD"
26644,"JJ"
26645,"."
26646,"O"
26647,"NNP"
26648,"NN"
26649,"VBD"
26650,"CD"
26651,"NN"
26652,"IN"
26653,"NNP"
26654,","
26655,"VBG"
26656,"JJ"
26657,"NNS"
26658,"IN"
26659,"DT"
26660,"NN"
26661,"NN"
26662,"VBZ"
26663,"PRP$"
26664,"NN"
26665,"NN"
26666,"."
26667,"DT"
26668,"NNP"
26669,"NNP"
26670,"NNP"
26671,"VBD"
26672,"NN"
26673,"IN"
26674,"DT"
26675,"NN"
26676,"POS"
26677,"NNS"
26678,","
26679,"NNS"
26680,"CC"
26681,"NNS"
26682,"VBN"
26683,"IN"
26684,"DT"
26685,"JJ"
26686,"NN"
26687,"IN"
26688,"CD"
26689,"NN"
26690,"IN"
26691,"DT"
26692,"JJ"
26693,"NN"
26694,","
26695,"RB"
26696,"JJR"
26697,"IN"
26698,"DT"
26699,"CD"
26700,"NN"
26701,"JJ"
26702,"NN"
26703,"IN"
26704,"DT"
26705,"JJ"
26706,"NN"
26707,"."
26708,"``"
26709,"NNP"
26710,"NN"
26711,"CC"
26712,"NNS"
26713,","
26714,"WDT"
26715,"VBP"
26716,"VBN"
26717,"DT"
26718,"NN"
26719,"NN"
26720,"IN"
26721,"DT"
26722,"NN"
26723,","
26724,"VBP"
26725,"VBG"
26726,"JJ"
26727,"NNS"
26728,"IN"
26729,"VBG"
26730,"DT"
26731,"NN"
26732,"VBN"
26733,"RP"
26734,"IN"
26735,"PRP"
26736,","
26737,"''"
26738,"VBD"
26739,"NNP"
26740,"NNP"
26741,","
26742,"NN"
26743,"IN"
26744,"NNP"
26745,"NNP"
26746,"NNP"
26747,"IN"
26748,"NNP"
26749,"."
26750,"DT"
26751,"JJ"
26752,"NNS"
26753,"IN"
26754,"NN"
26755,","
26756,"WDT"
26757,"VBD"
26758,"VBN"
26759,"IN"
26760,"DT"
26761,"JJR"
26762,"NNP"
26763,"NNP"
26764,"NN"
26765,"IN"
26766,"NN"
26767,"NNS"
26768,"VBD"
26769,"IN"
26770,"CD"
26771,"IN"
26772,"NNP"
26773,","
26774,"VBP"
26775,"DT"
26776,"NNP"
26777,"DT"
26778,"NN"
26779,"TO"
26780,"VB"
26781,"VB"
26782,"PRP$"
26783,"NN"
26784,"IN"
26785,"NN"
26786,"CC"
26787,"JJR"
26788,"NN"
26789,"NNS"
26790,"."
26791,"``"
26792,"PRP"
26793,"VBP"
26794,"TO"
26795,"VB"
26796,"NN"
26797,"IN"
26798,"DT"
26799,","
26800,"''"
26801,"VBD"
26802,"NNP"
26803,"NNP"
26804,","
26805,"NN"
26806,"IN"
26807,"NNP"
26808,"NNP"
26809,"NNP"
26810,"."
26811,"DT"
26812,"NNP"
26813,"RB"
26814,"VBD"
26815,"NNP"
26816,"NN"
26817,"VBD"
26818,"IN"
26819,"CD"
26820,"NN"
26821,"IN"
26822,"NN"
26823,"JJ"
26824,"NN"
26825,","
26826,"RB"
26827,"IN"
26828,"CD"
26829,"NN"
26830,"IN"
26831,"NNP"
26832,"."
26833,"NNS"
26834,"IN"
26835,"NN"
26836,"NN"
26837,"VBD"
26838,"JJR"
26839,"IN"
26840,"DT"
26841,"JJ"
26842,"NNS"
26843,"."
26844,"NN"
26845,"NN"
26846,"VBD"
26847,"CD"
26848,"NN"
26849,","
26850,"PRP$"
26851,"JJ"
26852,"NN"
26853,"IN"
26854,"NNP"
26855,","
26856,"IN"
26857,"VBG"
26858,"VBN"
26859,"JJ"
26860,"IN"
26861,"NNP"
26862,"."
26863,"NNS"
26864,"VBD"
26865,"IN"
26866,"CD"
26867,"NN"
26868,"IN"
26869,"NN"
26870,","
26871,"DT"
26872,"JJS"
26873,"NN"
26874,"IN"
26875,"JJR"
26876,"IN"
26877,"DT"
26878,"NN"
26879,"CC"
26880,"RB"
26881,"IN"
26882,"CD"
26883,"NN"
26884,"IN"
26885,"NNP"
26886,"."
26887,"DT"
26888,"NNS"
26889,"RB"
26890,"VBD"
26891,"JJ"
26892,"NN"
26893,"IN"
26894,"JJ"
26895,"NNS"
26896,","
26897,"DT"
26898,"VBN"
26899,"TO"
26900,"JJ"
26901,"JJR"
26902,"IN"
26903,"CD"
26904,"NNS"
26905,"."
26906,"DT"
26907,"JJS"
26908,"NN"
26909,"VBD"
26910,"VBN"
26911,"IN"
26912,"JJ"
26913,"NNS"
26914,"NNS"
26915,","
26916,"DT"
26917,"NN"
26918,"WDT"
26919,"VBZ"
26920,"DT"
26921,"NN"
26922,"NN"
26923,"."
26924,"NN"
26925,"IN"
26926,"NN"
26927,"NN"
26928,"VBD"
26929,"JJ"
26930,"IN"
26931,"NNP"
26932,"."
26933,"NN"
26934,"IN"
26935,"NN"
26936,"NN"
26937,","
26938,"NN"
26939,"NN"
26940,"IN"
26941,"DT"
26942,"NN"
26943,"IN"
26944,"NNS"
26945,"POS"
26946,"NN"
26947,"NN"
26948,","
26949,"VBD"
26950,"CD"
26951,"NN"
26952,"."
26953,"DT"
26954,"NNS"
26955,"VBP"
26956,"JJ"
26957,"NNS"
26958,"IN"
26959,"NN"
26960,"NN"
26961,"."
26962,"``"
26963,"WRB"
26964,"JJ"
26965,"NNS"
26966,"VBP"
26967,"JJ"
26968,"IN"
26969,"NN"
26970,"NN"
26971,"NN"
26972,"VBZ"
26973,"VBG"
26974,"TO"
26975,"VB"
26976,"RB"
26977,","
26978,"''"
26979,"NNP"
26980,"NNP"
26981,"VBD"
26982,"."
26983,"``"
26984,"PRP"
26985,"VBP"
26986,"RB"
26987,"VBN"
26988,"DT"
26989,"JJ"
26990,"NN"
26991,"IN"
26992,"DT"
26993,"RB"
26994,"."
26995,"''"
26996,"DT"
26997,"NN"
26998,"IN"
26999,"NN"
27000,"NN"
27001,"RBR"
27002,"IN"
27003,"VB"
27004,"DT"
27005,"JJ"
27006,"NN"
27007,"IN"
27008,"NN"
27009,"NNS"
27010,","
27011,"DT"
27012,"NNP"
27013,"VBD"
27014,"."
27015,"NNS"
27016,"VBP"
27017,"RB"
27018,"VB"
27019,"DT"
27020,"NNP"
27021,"NN"
27022,"IN"
27023,"NN"
27024,"NN"
27025,"TO"
27026,"VB"
27027,"VBN"
27028,"IN"
27029,"DT"
27030,"JJ"
27031,"NNS"
27032,"."
27033,"RB"
27034,"VBZ"
27035,"DT"
27036,"NN"
27037,"IN"
27038,"DT"
27039,"NNP"
27040,"NNP"
27041,"NNP"
27042,"POS"
27043,"NN"
27044,"IN"
27045,"JJ"
27046,"NN"
27047,"IN"
27048,"NNP"
27049,"."
27050,"DT"
27051,"NNS"
27052,"VBP"
27053,"RB"
27054,"VBN"
27055,"."
27056,"JJ"
27057,"NN"
27058,"IN"
27059,"DT"
27060,"CD"
27061,"NN"
27062,"."
27063,"O"
27064,"NNP"
27065,"NNP"
27066,","
27067,"NN"
27068,"CC"
27069,"JJ"
27070,"NN"
27071,"NN"
27072,"IN"
27073,"DT"
27074,"NN"
27075,"NN"
27076,"NN"
27077,","
27078,"VBD"
27079,"VBN"
27080,"TO"
27081,"DT"
27082,"JJ"
27083,"NNS"
27084,"IN"
27085,"NN"
27086,","
27087,"NN"
27088,"CC"
27089,"JJ"
27090,"NN"
27091,"IN"
27092,"DT"
27093,"NN"
27094,"POS"
27095,"NNP"
27096,"NNP"
27097,"NNP"
27098,"NNP"
27099,"NN"
27100,"."
27101,"NNP"
27102,"NNP"
27103,"NNP"
27104,"VBD"
27105,"DT"
27106,"NNS"
27107,","
27108,"RB"
27109,"RB"
27110,"IN"
27111,"DT"
27112,"NN"
27113,"IN"
27114,"NNP"
27115,"POS"
27116,"NN"
27117,"."
27118,"NNP"
27119,"VBZ"
27120,"RB"
27121,"DT"
27122,"NN"
27123,"IN"
27124,"NNP"
27125,"."
27126,"O"
27127,"JJ"
27128,"NN"
27129,"NNS"
27130,"IN"
27131,"NNS"
27132,"IN"
27133,"CD"
27134,"NNS"
27135,"IN"
27136,"NN"
27137,"VBP"
27138,"VBN"
27139,"TO"
27140,"VB"
27141,","
27142,"JJ"
27143,"NNS"
27144,"NN"
27145,"."
27146,"DT"
27147,"NN"
27148,"VBZ"
27149,"RB"
27150,"JJ"
27151,"IN"
27152,"JJ"
27153,"NNS"
27154,","
27155,"IN"
27156,"JJ"
27157,"NNS"
27158,"CC"
27159,"JJ"
27160,"CC"
27161,"JJ"
27162,"NNS"
27163,"RB"
27164,"VBP"
27165,"JJR"
27166,"NN"
27167,"NNS"
27168,"."
27169,"DT"
27170,"NN"
27171,"IN"
27172,"DT"
27173,"NN"
27174,"POS"
27175,"NN"
27176,"IN"
27177,"DT"
27178,"NN"
27179,"IN"
27180,"DT"
27181,"NNP"
27182,"NNP"
27183,"NNP"
27184,"RB"
27185,"VBZ"
27186,"DT"
27187,"JJ"
27188,"JJ"
27189,"NN"
27190,"NNS"
27191,"IN"
27192,"NN"
27193,"NN"
27194,","
27195,"DT"
27196,"JJ"
27197,"NN"
27198,"IN"
27199,"NN"
27200,"NN"
27201,","
27202,"MD"
27203,"VB"
27204,"TO"
27205,"VB"
27206,"IN"
27207,"JJ"
27208,"NNS"
27209,"IN"
27210,"NN"
27211,"NN"
27212,"VBZ"
27213,"TO"
27214,"VB"
27215,"."
27216,"DT"
27217,"NN"
27218,","
27219,"WDT"
27220,"VBZ"
27221,"CD"
27222,"NNS"
27223,"IN"
27224,"DT"
27225,"NNP"
27226,"NNP"
27227,"NNP"
27228,"VBD"
27229,"DT"
27230,"NN"
27231,"NN"
27232,"IN"
27233,"DT"
27234,"NNS"
27235,"IN"
27236,"NN"
27237,","
27238,"VBZ"
27239,"DT"
27240,"JJS"
27241,"NN"
27242,"TO"
27243,"NN"
27244,"IN"
27245,"DT"
27246,"NN"
27247,"IN"
27248,"NN"
27249,"VBZ"
27250,"VBG"
27251,"TO"
27252,"VB"
27253,"NN"
27254,"NNS"
27255,"IN"
27256,"NN"
27257,"NN"
27258,"."
27259,"``"
27260,"WP"
27261,"DT"
27262,"VBZ"
27263,"VBG"
27264,"VBZ"
27265,"IN"
27266,"DT"
27267,"NN"
27268,"NN"
27269,"POS"
27270,"NN"
27271,"VBZ"
27272,"VBG"
27273,"DT"
27274,"NN"
27275,","
27276,"''"
27277,"VBD"
27278,"NNP"
27279,"NNP"
27280,","
27281,"DT"
27282,"NN"
27283,"IN"
27284,"DT"
27285,"NNP"
27286,"NNP"
27287,"NNP"
27288,"IN"
27289,"NNP"
27290,"CC"
27291,"NNP"
27292,"NNP"
27293,"IN"
27294,"NNP"
27295,"."
27296,"DT"
27297,"NNP"
27298,"NNP"
27299,"NNP"
27300,"NN"
27301,"VBZ"
27302,"JJ"
27303,"NNS"
27304,"IN"
27305,"CD"
27306,"NNS"
27307,"IN"
27308,"NNS"
27309,"IN"
27310,"DT"
27311,"NNS"
27312,"IN"
27313,"CD"
27314,"CC"
27315,"CD"
27316,"DT"
27317,"NN"
27318,"RB"
27319,"."
27320,"DT"
27321,"NN"
27322,"NN"
27323,"IN"
27324,"NN"
27325,"NN"
27326,"IN"
27327,"JJ"
27328,"NNS"
27329,"VBN"
27330,"CD"
27331,"TO"
27332,"CD"
27333,"IN"
27334,"DT"
27335,"NNS"
27336,"VBD"
27337,"CD"
27338,"IN"
27339,"CD"
27340,","
27341,"CC"
27342,"DT"
27343,"JJ"
27344,"NN"
27345,"IN"
27346,"DT"
27347,"JJ"
27348,"NN"
27349,"NN"
27350,"IN"
27351,"DT"
27352,"NNS"
27353,"VBD"
27354,"CD"
27355,","
27356,"DT"
27357,"NN"
27358,"IN"
27359,"CD"
27360,"NN"
27361,"."
27362,"VBN"
27363,"DT"
27364,"JJ"
27365,"NN"
27366,","
27367,"DT"
27368,"NN"
27369,"IN"
27370,"JJ"
27371,"NNS"
27372,"VBD"
27373,"CD"
27374,"NN"
27375,"."
27376,"DT"
27377,"NN"
27378,"IN"
27379,"JJ"
27380,"NNS"
27381,"IN"
27382,"NNS"
27383,"VBD"
27384,"RBR"
27385,"JJ"
27386,":"
27387,"CD"
27388,"NN"
27389,"IN"
27390,"NNS"
27391,"CC"
27392,"CD"
27393,"NN"
27394,"IN"
27395,"NNS"
27396,"."
27397,"DT"
27398,"NN"
27399,","
27400,"IN"
27401,"NNP"
27402,"NNP"
27403,","
27404,"NNP"
27405,"NN"
27406,"CC"
27407,"NNP"
27408,"NNP"
27409,"IN"
27410,"DT"
27411,"NN"
27412,"POS"
27413,"NN"
27414,","
27415,"RB"
27416,"VBZ"
27417,"IN"
27418,"DT"
27419,"NN"
27420,"IN"
27421,"NN"
27422,"NN"
27423,"IN"
27424,"RB"
27425,"IN"
27426,"DT"
27427,"NN"
27428,"NN"
27429,"VBD"
27430,"IN"
27431,"DT"
27432,"NN"
27433,"IN"
27434,"DT"
27435,"NNS"
27436,"IN"
27437,"DT"
27438,"JJ"
27439,"NN"
27440,"NN"
27441,","
27442,"IN"
27443,"JJ"
27444,"NNS"
27445,"."
27446,"IN"
27447,"JJ"
27448,"NN"
27449,"NNS"
27450,"VBP"
27451,"VBG"
27452,"IN"
27453,"DT"
27454,"NN"
27455,"IN"
27456,"DT"
27457,"NN"
27458,","
27459,"DT"
27460,"NN"
27461,"NNS"
27462,"IN"
27463,"NN"
27464,"NNS"
27465,"MD"
27466,"VB"
27467,"TO"
27468,"VB"
27469,"IN"
27470,"DT"
27471,"NNS"
27472,"IN"
27473,"NNS"
27474,"CC"
27475,"IN"
27476,"DT"
27477,"NN"
27478,"CD"
27479,"IN"
27480,"NNS"
27481,"."
27482,"JJ"
27483,"NN"
27484,"NNS"
27485,"NN"
27486,"IN"
27487,"NNP"
27488,"CC"
27489,"VBP"
27490,"VBG"
27491,"TO"
27492,"VB"
27493,"IN"
27494,"DT"
27495,"JJ"
27496,"NNS"
27497,"IN"
27498,"CD"
27499,","
27500,"IN"
27501,"JJ"
27502,"NNS"
27503,"IN"
27504,"NN"
27505,"CC"
27506,"JJ"
27507,"NNS"
27508,"."
27509,"CC"
27510,"NNP"
27511,"NNP"
27512,","
27513,"NN"
27514,"IN"
27515,"DT"
27516,"NNS"
27517,"IN"
27518,"DT"
27519,"NN"
27520,","
27521,"VBD"
27522,"``"
27523,"DT"
27524,"VBG"
27525,"NNS"
27526,"PRP"
27527,"VBP"
27528,"VBG"
27529,"IN"
27530,"JJR"
27531,"NNS"
27532,"PRP"
27533,"VBP"
27534,"MD"
27535,"VB"
27536,"DT"
27537,"NN"
27538,"IN"
27539,"VBG"
27540,"NN"
27541,"IN"
27542,"DT"
27543,"NN"
27544,"."
27545,"''"
27546,"RB"
27547,","
27548,"PRP"
27549,"VBD"
27550,"IN"
27551,"DT"
27552,"NN"
27553,"VBZ"
27554,"IN"
27555,"DT"
27556,"JJ"
27557,"NN"
27558,"IN"
27559,"NN"
27560,"."
27561,"``"
27562,"RB"
27563,"IN"
27564,"DT"
27565,"JJ"
27566,"NNS"
27567,"IN"
27568,"JJ"
27569,"NN"
27570,"VBP"
27571,"PDT"
27572,"NN"
27573,"CC"
27574,"NN"
27575,"NNS"
27576,","
27577,"PRP"
27578,"MD"
27579,"RB"
27580,"VB"
27581,"VBN"
27582,"IN"
27583,"VBN"
27584,","
27585,"''"
27586,"DT"
27587,"NN"
27588,"VBZ"
27589,"."
27590,"``"
27591,"JJ"
27592,"NN"
27593,"NNS"
27594,"MD"
27595,"VB"
27596,"JJR"
27597,"NNS"
27598,"IN"
27599,"DT"
27600,"NN"
27601,","
27602,"RB"
27603,"NNS"
27604,","
27605,"NNS"
27606,"CC"
27607,"NNS"
27608,"."
27609,"''"
27610,"DT"
27611,"NN"
27612,"IN"
27613,"DT"
27614,"NNP"
27615,"NNP"
27616,"VBZ"
27617,"DT"
27618,"NN"
27619,"IN"
27620,"VBG"
27621,"NN"
27622,"NN"
27623,"``"
27624,"IN"
27625,"JJ"
27626,"NNS"
27627,"CC"
27628,"NNS"
27629,"IN"
27630,"DT"
27631,"NNP"
27632,"VBZ"
27633,"IN"
27634,"PRP"
27635,"RB"
27636,"MD"
27637,"VB"
27638,"VBG"
27639,"DT"
27640,"NN"
27641,":"
27642,"DT"
27643,"JJ"
27644,"IN"
27645,"DT"
27646,"NN"
27647,"WRB"
27648,"DT"
27649,"NN"
27650,"NN"
27651,"VBZ"
27652,"IN"
27653,"$"
27654,"CD"
27655,"CD"
27656,"DT"
27657,"NN"
27658,"IN"
27659,"NN"
27660,"IN"
27661,"DT"
27662,"JJ"
27663,"NN"
27664,"IN"
27665,"NN"
27666,"."
27667,"''"
27668,"CC"
27669,"DT"
27670,"NN"
27671,","
27672,"IN"
27673,"NNP"
27674,"NNP"
27675,"IN"
27676,"DT"
27677,"NNP"
27678,"NNP"
27679,"NNP"
27680,","
27681,"VBZ"
27682,"DT"
27683,"NN"
27684,"NN"
27685,"CC"
27686,"JJ"
27687,"NN"
27688,"NNS"
27689,"VBP"
27690,"VBG"
27691,"IN"
27692,"JJ"
27693,"NNS"
27694,"."
27695,"``"
27696,"NN"
27697,"MD"
27698,"VB"
27699,"VBN"
27700,"IN"
27701,"DT"
27702,"NN"
27703,"IN"
27704,"JJ"
27705,"NN"
27706,"''"
27707,"IN"
27708,"DT"
27709,"NN"
27710,","
27711,"DT"
27712,"NN"
27713,"VBZ"
27714,","
27715,"IN"
27716,"DT"
27717,"NN"
27718,"IN"
27719,"NNS"
27720,"IN"
27721,"NN"
27722,"NN"
27723,","
27724,"NN"
27725,"NN"
27726,"NNS"
27727,"CC"
27728,"VB"
27729,"JJ"
27730,"NN"
27731,"."
27732,"VBN"
27733,"IN"
27734,"NN"
27735,","
27736,"NNP"
27737,"NNP"
27738,","
27739,"DT"
27740,"NN"
27741,"NN"
27742,"IN"
27743,"DT"
27744,"NNP"
27745,"NNP"
27746,","
27747,"VBD"
27748,"JJ"
27749,"NNS"
27750,"TO"
27751,"VB"
27752,"NN"
27753,"NN"
27754,"IN"
27755,"DT"
27756,"NNP"
27757,"MD"
27758,"VB"
27759,"DT"
27760,"NNP"
27761,"NNP"
27762,"NN"
27763,"IN"
27764,"JJ"
27765,"NN"
27766,"."
27767,"VBG"
27768,"TO"
27769,"DT"
27770,"NNP"
27771,"NNP"
27772,"NNP"
27773,","
27774,"NN"
27775,"VBZ"
27776,"JJ"
27777,"IN"
27778,"CD"
27779,"NN"
27780,"IN"
27781,"DT"
27782,"JJ"
27783,"NNS"
27784,"IN"
27785,"NNS"
27786,"CC"
27787,"CD"
27788,"NN"
27789,"IN"
27790,"NNS"
27791,"."
27792,"DT"
27793,"JJ"
27794,"NN"
27795,"VBZ"
27796,"DT"
27797,"NNS"
27798,"IN"
27799,"JJ"
27800,"NNS"
27801,"IN"
27802,"NN"
27803,"TO"
27804,"JJ"
27805,"NN"
27806,"NNS"
27807,"."
27808,"DT"
27809,"JJR"
27810,"NN"
27811,"IN"
27812,"JJ"
27813,"NNS"
27814,"VBP"
27815,"IN"
27816,"JJ"
27817,"NNS"
27818,"."
27819,"IN"
27820,"RB"
27821,"JJ"
27822,"NNS"
27823,"IN"
27824,"JJ"
27825,"CC"
27826,"JJ"
27827,"NNS"
27828,"RB"
27829,"VBP"
27830,","
27831,"IN"
27832,"DT"
27833,"NNS"
27834,"JJR"
27835,"NNS"
27836,"VBP"
27837,"VBN"
27838,"RP"
27839,"NN"
27840,"IN"
27841,"NNS"
27842,"."
27843,"IN"
27844,"JJ"
27845,"NNS"
27846,"IN"
27847,"JJ"
27848,"NNS"
27849,"IN"
27850,"DT"
27851,"JJ"
27852,"NN"
27853,","
27854,"DT"
27855,"NN"
27856,"NN"
27857,"VBD"
27858,"RB"
27859,"IN"
27860,"NNS"
27861,"CC"
27862,"NNS"
27863,"."
27864,"NNPS"
27865,"CC"
27866,"JJ"
27867,"NNS"
27868,"VBD"
27869,"RB"
27870,"VBN"
27871,":"
27872,"NNPS"
27873,"VBD"
27874,"VBN"
27875,"IN"
27876,"NNS"
27877,"."
27878,"JJ"
27879,"NNS"
27880,"IN"
27881,"JJ"
27882,"JJ"
27883,"JJ"
27884,"NN"
27885,"NNS"
27886,"IN"
27887,"CD"
27888,"NN"
27889,"IN"
27890,"NN"
27891,"CC"
27892,"NN"
27893,"."
27894,"NNP"
27895,"NNP"
27896,"NNP"
27897,"NNP"
27898,"NNP"
27899,"NNP"
27900,"NNP"
27901,"NNP"
27902,"O"
27903,"NNS"
27904,"VBN"
27905,"NNP"
27906,"NNP"
27907,"NNP"
27908,","
27909,"RB"
27910,"NN"
27911,"NN"
27912,"NN"
27913,","
27914,"VBG"
27915,","
27916,"TO"
27917,"VB"
27918,"DT"
27919,"NN"
27920,"POS"
27921,"NNP"
27922,","
27923,"NNP"
27924,","
27925,"NN"
27926,"."
27927,"IN"
27928,"NN"
27929,"NN"
27930,"NNS"
27931,","
27932,"NNP"
27933,"NNP"
27934,"MD"
27935,"VB"
27936,"IN"
27937,"NNP"
27938,"POS"
27939,"JJ"
27940,"NN"
27941,"NN"
27942,"IN"
27943,"DT"
27944,"NN"
27945,"POS"
27946,"JJ"
27947,"NN"
27948,"``"
27949,"TO"
27950,"VB"
27951,"NNP"
27952,"POS"
27953,"NNS"
27954,"IN"
27955,"DT"
27956,"JJ"
27957,"NN"
27958,","
27959,"''"
27960,"VBD"
27961,"NNP"
27962,"NNP"
27963,"NNP"
27964,","
27965,"NN"
27966,"CC"
27967,"JJ"
27968,"NN"
27969,"NN"
27970,"."
27971,"NNP"
27972,"NNP"
27973,"VBD"
27974,"DT"
27975,"NN"
27976,"``"
27977,"VBZ"
27978,"DT"
27979,"JJ"
27980,"NN"
27981,"IN"
27982,"NN"
27983,"IN"
27984,"PRP$"
27985,"NN"
27986,"."
27987,"''"
27988,"NNP"
27989,"NNP"
27990,","
27991,"CD"
27992,"NNS"
27993,"JJ"
27994,","
27995,"VBZ"
27996,"VBN"
27997,"IN"
27998,"DT"
27999,"JJ"
28000,"NN"
28001,"IN"
28002,"NN"
28003,"NNS"
28004,","
28005,"NN"
28006,"CC"
28007,"NNS"
28008,"IN"
28009,"CD"
28010,"NNS"
28011,"."
28012,"O"
28013,"NNS"
28014,"VBG"
28015,"TO"
28016,"VB"
28017,"IN"
28018,"DT"
28019,"JJ"
28020,"NN"
28021,"IN"
28022,"JJ"
28023,"NNS"
28024,"VBD"
28025,"DT"
28026,"NNP"
28027,"NN"
28028,"NN"
28029,","
28030,"VBG"
28031,"RB"
28032,"JJR"
28033,"NNS"
28034,"IN"
28035,"NN"
28036,"NNS"
28037,"."
28038,"IN"
28039,"VBG"
28040,"NN"
28041,"IN"
28042,"DT"
28043,"JJ"
28044,"NN"
28045,"WRB"
28046,"NN"
28047,"VBD"
28048,","
28049,"DT"
28050,"NNP"
28051,"NNP"
28052,"NNP"
28053,"VBD"
28054,"IN"
28055,"NN"
28056,"NN"
28057,"."
28058,"DT"
28059,"NNS"
28060,"IN"
28061,"NN"
28062,"VBD"
28063,"JJ"
28064,"NN"
28065,","
28066,"RB"
28067,"RB"
28068,"IN"
28069,"JJ"
28070,"NN"
28071,"NNS"
28072,"CC"
28073,"JJ"
28074,"NNS"
28075,"WP"
28076,"VBD"
28077,"VBN"
28078,"NN"
28079,"IN"
28080,"DT"
28081,"JJ"
28082,"IN"
28083,"DT"
28084,"JJ"
28085,"NN"
28086,"."
28087,"IN"
28088,"DT"
28089,"JJ"
28090,"CD"
28091,"NNS"
28092,"IN"
28093,"NN"
28094,","
28095,"DT"
28096,"NN"
28097,"RB"
28098,"VBD"
28099,"RB"
28100,"IN"
28101,"DT"
28102,"NN"
28103,"IN"
28104,"VBG"
28105,"RB"
28106,"."
28107,"DT"
28108,"NNP"
28109,"NNP"
28110,"VBD"
28111,"RB"
28112,"CD"
28113,","
28114,"CC"
28115,"CD"
28116,"NN"
28117,","
28118,"TO"
28119,"CD"
28120,"."
28121,"DT"
28122,"NN"
28123,"VBD"
28124,"VBN"
28125,"TO"
28126,"NNP"
28127,"POS"
28128,"JJS"
28129,"CC"
28130,"RBS"
28131,"JJ"
28132,"NNS"
28133,","
28134,"NNS"
28135,"VBD"
28136,"."
28137,"DT"
28138,"NNP"
28139,"CD"
28140,"NN"
28141,"VBD"
28142,"DT"
28143,"NN"
28144,"IN"
28145,"NNP"
28146,","
28147,"VBD"
28148,"CD"
28149,"NN"
28150,"IN"
28151,"CD"
28152,"NN"
28153,","
28154,"CC"
28155,"VBD"
28156,"RB"
28157,"CD"
28158,"NN"
28159,"IN"
28160,"DT"
28161,"."
28162,"DT"
28163,"NN"
28164,"IN"
28165,"DT"
28166,"JJS"
28167,"JJ"
28168,"NNS"
28169,"VBD"
28170,"IN"
28171,"CD"
28172,","
28173,"RB"
28174,"CD"
28175,"."
28176,"PRP$"
28177,"NN"
28178,","
28179,"DT"
28180,"NNP"
28181,"NNP"
28182,"NNP"
28183,","
28184,"VBD"
28185,"JJ"
28186,"IN"
28187,"JJS"
28188,"IN"
28189,"DT"
28190,"NN"
28191,","
28192,"VBG"
28193,"CD"
28194,"TO"
28195,"CD"
28196,"IN"
28197,"DT"
28198,"NN"
28199,"IN"
28200,"NN"
28201,"."
28202,"DT"
28203,"NN"
28204,"VBD"
28205,"JJ"
28206,"IN"
28207,"NNS"
28208,"."
28209,"``"
28210,"DT"
28211,"NN"
28212,"MD"
28213,"VB"
28214,"VBN"
28215,"RP"
28216,"CC"
28217,"RB"
28218,"CD"
28219,"JJ"
28220,"NNS"
28221,","
28222,"''"
28223,"VBD"
28224,"NNP"
28225,"NNP"
28226,","
28227,"NN"
28228,"IN"
28229,"NNP"
28230,"NN"
28231,"IN"
28232,"NNP"
28233,"NNP"
28234,"."
28235,"``"
28236,"DT"
28237,"NN"
28238,"PRP"
28239,"VBD"
28240,"PRP"
28241,"VBD"
28242,"VBG"
28243,"IN"
28244,"DT"
28245,"NN"
28246,"PRP"
28247,"VBD"
28248,"RB"
28249,","
28250,"CC"
28251,"DT"
28252,"NN"
28253,"PRP"
28254,"VBD"
28255,"PRP"
28256,"MD"
28257,"VB"
28258,"PRP"
28259,"VBD"
28260,"RP"
28261,"."
28262,"DT"
28263,"VBZ"
28264,"DT"
28265,"JJ"
28266,"NN"
28267,"."
28268,"''"
28269,"NNP"
28270,"NNP"
28271,"VBD"
28272,"DT"
28273,"NN"
28274,"VBZ"
28275,"RB"
28276,"VBG"
28277,"RB"
28278,"IN"
28279,"DT"
28280,"JJ"
28281,"NN"
28282,"."
28283,"JJS"
28284,"IN"
28285,"NN"
28286,"NN"
28287,"RB"
28288,"VBZ"
28289,"IN"
28290,"JJ"
28291,"NNS"
28292,"WP"
28293,"VBP"
28294,"VBG"
28295,"TO"
28296,"VB"
28297,"NN"
28298,"IN"
28299,"DT"
28300,"NN"
28301,"NNS"
28302,"TO"
28303,"VB"
28304,"DT"
28305,"JJ"
28306,"NN"
28307,","
28308,"PRP"
28309,"CC"
28310,"JJ"
28311,"NNS"
28312,"VBD"
28313,"."
28314,"``"
28315,"NN"
28316,"VBZ"
28317,"VBN"
28318,"CC"
28319,"DT"
28320,"CD"
28321,"VBZ"
28322,"DT"
28323,"NN"
28324,"WDT"
28325,"VBZ"
28326,"JJR"
28327,"IN"
28328,"CD"
28329,"NNS"
28330,","
28331,"''"
28332,"VBD"
28333,"NNP"
28334,"NNP"
28335,"."
28336,"``"
28337,"DT"
28338,"NN"
28339,"IN"
28340,"DT"
28341,"JJ"
28342,"NNS"
28343,"VBP"
28344,"RB"
28345,"VBG"
28346,"RB"
28347,"CC"
28348,"RB"
28349,"."
28350,"PRP"
28351,"VBP"
28352,"RB"
28353,"RB"
28354,"JJ"
28355,"."
28356,"''"
28357,"NNP"
28358,"NNP"
28359,","
28360,"NN"
28361,"IN"
28362,"NNP"
28363,"NN"
28364,"IN"
28365,"NNP"
28366,"."
28367,"NNP"
28368,"CC"
28369,"NNP"
28370,","
28371,"IN"
28372,"NNP"
28373,","
28374,"VBD"
28375,"NN"
28376,"NN"
28377,"VBZ"
28378,"VBG"
28379,"DT"
28380,"NNS"
28381,"JJ"
28382,"."
28383,"PRP"
28384,"VBZ"
28385,"IN"
28386,"DT"
28387,"JJ"
28388,"NNS"
28389,"VBN"
28390,"IN"
28391,"NN"
28392,"NN"
28393,"VBZ"
28394,"``"
28395,"RB"
28396,"JJ"
28397,"''"
28398,"NNS"
28399,"IN"
28400,"WRB"
28401,"DT"
28402,"NN"
28403,"VBZ"
28404,"VBN"
28405,"."
28406,"NN"
28407,"NN"
28408,"VBZ"
28409,"``"
28410,"VBG"
28411,"DT"
28412,"JJ"
28413,"TO"
28414,"DT"
28415,"NN"
28416,"IN"
28417,"JJ"
28418,"CC"
28419,"PRP"
28420,"VBP"
28421,"NN"
28422,"MD"
28423,"VB"
28424,"NN"
28425,"IN"
28426,"PRP"
28427,","
28428,"''"
28429,"PRP"
28430,"VBD"
28431,"."
28432,"NNP"
28433,"NN"
28434,"VBN"
28435,"RP"
28436,"IN"
28437,"NNP"
28438,"POS"
28439,"JJ"
28440,"NN"
28441,"."
28442,"NN"
28443,"NN"
28444,"VBD"
28445,"TO"
28446,"CD"
28447,"CD"
28448,"."
28449,"VBG"
28450,"CC"
28451,"VBG"
28452,"NNS"
28453,"VBD"
28454,"RB"
28455,"RB"
28456,"."
28457,"IN"
28458,"DT"
28459,"CD"
28460,"NNS"
28461,"IN"
28462,"VBN"
28463,"NNS"
28464,","
28465,"CD"
28466,"VBD"
28467,"CC"
28468,"CD"
28469,"VBD"
28470,"."
28471,"CD"
28472,"JJ"
28473,"NN"
28474,"NN"
28475,","
28476,"NNP"
28477,","
28478,"VBD"
28479,"DT"
28480,"NN"
28481,"NN"
28482,"."
28483,"DT"
28484,"NN"
28485,","
28486,"WDT"
28487,"VBD"
28488,"NNP"
28489,"IN"
28490,"CD"
28491,"CD"
28492,","
28493,"VBN"
28494,"IN"
28495,"NN"
28496,"IN"
28497,"CD"
28498,"CD"
28499,"NN"
28500,"IN"
28501,"NN"
28502,"IN"
28503,"CD"
28504,"CD"
28505,"IN"
28506,"NN"
28507,"IN"
28508,"CD"
28509,"CD"
28510,","
28511,"RB"
28512,"CD"
28513,"."
28514,"PRP"
28515,"VBD"
28516,"DT"
28517,"JJ"
28518,"NN"
28519,"IN"
28520,"NNS"
28521,"IN"
28522,"NNP"
28523,"NNP"
28524,"."
28525,"DT"
28526,"NN"
28527,"VBD"
28528,"CD"
28529,"CD"
28530,"IN"
28531,"NN"
28532,"IN"
28533,"PRP"
28534,"MD"
28535,"VB"
28536,"TO"
28537,"VB"
28538,"DT"
28539,"NN"
28540,"IN"
28541,"NNS"
28542,"IN"
28543,"PRP"
28544,"MD"
28545,"RB"
28546,"RB"
28547,"VB"
28548,"DT"
28549,"NN"
28550,"IN"
28551,"PRP$"
28552,"JJ"
28553,"NN"
28554,","
28555,"NNP"
28556,"NNP"
28557,","
28558,"IN"
28559,"PRP$"
28560,"NN"
28561,"NN"
28562,","
28563,"NNP"
28564,"."
28565,"DT"
28566,"NN"
28567,"VBD"
28568,"RB"
28569,"TO"
28570,"VB"
28571,"CD"
28572,"CD"
28573,"JJR"
28574,"IN"
28575,"CD"
28576,"CD"
28577,"."
28578,"IN"
28579,"DT"
28580,"NN"
28581,","
28582,"NNP"
28583,"NNP"
28584,"VBD"
28585,"DT"
28586,"NN"
28587,"IN"
28588,"JJ"
28589,"NNS"
28590,"IN"
28591,"NNS"
28592,"IN"
28593,"DT"
28594,"NN"
28595,"IN"
28596,"JJ"
28597,"NNS"
28598,"IN"
28599,"NNP"
28600,"NN"
28601,"VBD"
28602,"IN"
28603,"$"
28604,"CD"
28605,"CD"
28606,"."
28607,"RB"
28608,"DT"
28609,"NN"
28610,","
28611,"NNP"
28612,"NNP"
28613,"VBD"
28614,"JJR"
28615,"NNS"
28616,"IN"
28617,"PRP$"
28618,"JJ"
28619,"JJ"
28620,"NN"
28621,"VBD"
28622,"NNP"
28623,"CD"
28624,"."
28625,"NNP"
28626,"NNP"
28627,"VBD"
28628,"CD"
28629,"CD"
28630,"TO"
28631,"CD"
28632,"IN"
28633,"CD"
28634,"CD"
28635,"NNS"
28636,"."
28637,"DT"
28638,"NN"
28639,"IN"
28640,"NN"
28641,"CC"
28642,"VB"
28643,"NN"
28644,"VBD"
28645,"JJ"
28646,"NN"
28647,"NNS"
28648,"WDT"
28649,"VBD"
28650,"RB"
28651,"IN"
28652,"NNS"
28653,"VBD"
28654,"VBN"
28655,"."
28656,"DT"
28657,"NN"
28658,"RB"
28659,"JJ"
28660,"NNS"
28661,"IN"
28662,"VBG"
28663,"CD"
28664,"JJ"
28665,"NN"
28666,"NNS"
28667,"VBN"
28668,"IN"
28669,"JJ"
28670,"CD"
28671,","
28672,"VBG"
28673,"IN"
28674,"NNP"
28675,"."
28676,"DT"
28677,"MD"
28678,"VB"
28679,"DT"
28680,"NN"
28681,"IN"
28682,"DT"
28683,"NN"
28684,"TO"
28685,"CD"
28686,","
28687,"IN"
28688,"CD"
28689,"IN"
28690,"JJ"
28691,"CD"
28692,"."
28693,"``"
28694,"DT"
28695,"NN"
28696,"PRP"
28697,"VBP"
28698,"VBN"
28699,"VBG"
28700,"IN"
28701,"JJ"
28702,"NN"
28703,"IN"
28704,"DT"
28705,"NN"
28706,"."
28707,"DT"
28708,"NN"
28709,"MD"
28710,"RB"
28711,"VB"
28712,"VBN"
28713,"RB"
28714,","
28715,"''"
28716,"VBD"
28717,"NNP"
28718,"NNP"
28719,","
28720,"DT"
28721,"NNP"
28722,"NNP"
28723,"NNP"
28724,"NN"
28725,","
28726,"IN"
28727,"DT"
28728,"NN"
28729,"."
28730,"NNP"
28731,","
28732,"DT"
28733,"NN"
28734,"IN"
28735,"JJ"
28736,"NN"
28737,"NNS"
28738,","
28739,"RB"
28740,"VBD"
28741,"JJR"
28742,"JJ"
28743,"NNS"
28744,"."
28745,"PRP$"
28746,"NNS"
28747,"VBD"
28748,"CD"
28749,"TO"
28750,"CD"
28751,"CD"
28752,"."
28753,"CC"
28754,"JJ"
28755,"NNS"
28756,"VBD"
28757,"RB"
28758,"DT"
28759,"NN"
28760,"IN"
28761,"DT"
28762,"NN"
28763,"POS"
28764,"NN"
28765,"MD"
28766,"VB"
28767,"NN"
28768,"."
28769,"NNP"
28770,"NNP"
28771,"VBD"
28772,"CD"
28773,"CD"
28774,"TO"
28775,"CD"
28776,"CD"
28777,"IN"
28778,"CD"
28779,"CD"
28780,"NNS"
28781,"RB"
28782,"IN"
28783,"DT"
28784,"NN"
28785,"NN"
28786,"VBD"
28787,"DT"
28788,"CD"
28789,"NN"
28790,"NN"
28791,"IN"
28792,"JJ"
28793,"NN"
28794,"."
28795,"NNP"
28796,"NNP"
28797,"VBD"
28798,"CD"
28799,"TO"
28800,"CD"
28801,"CD"
28802,"IN"
28803,"JJ"
28804,"NN"
28805,"IN"
28806,"NN"
28807,"IN"
28808,"JJ"
28809,"NNS"
28810,"VBD"
28811,"TO"
28812,"$"
28813,"CD"
28814,"DT"
28815,"NN"
28816,"IN"
28817,"$"
28818,"CD"
28819,"DT"
28820,"NN"
28821,"DT"
28822,"NN"
28823,"RBR"
28824,"."
28825,"RB"
28826,","
28827,"DT"
28828,"NN"
28829,"NN"
28830,"NN"
28831,"POS"
28832,"JJ"
28833,"NNS"
28834,"VBD"
28835,"TO"
28836,"$"
28837,"CD"
28838,"CD"
28839,"IN"
28840,"$"
28841,"CD"
28842,"CD"
28843,"DT"
28844,"NN"
28845,"RBR"
28846,"."
28847,"NNP"
28848,"NNP"
28849,"VBD"
28850,"CD"
28851,"TO"
28852,"CD"
28853,"."
28854,"CC"
28855,"PRP$"
28856,"JJ"
28857,"NNS"
28858,"VBD"
28859,"TO"
28860,"CD"
28861,"NNS"
28862,"DT"
28863,"NN"
28864,"IN"
28865,"CD"
28866,"NNS"
28867,"DT"
28868,"NN"
28869,"JJ"
28870,"NN"
28871,"."
28872,"NNP"
28873,"NNP"
28874,"VBD"
28875,"CD"
28876,"TO"
28877,"CD"
28878,"CD"
28879,"."
28880,"DT"
28881,"NN"
28882,","
28883,"WDT"
28884,"VBZ"
28885,"NN"
28886,"NN"
28887,","
28888,"VBD"
28889,"RB"
28890,"VB"
28891,"JJ"
28892,"NN"
28893,"IN"
28894,"PRP$"
28895,"JJ"
28896,"JJ"
28897,"NN"
28898,","
28899,"WDT"
28900,"VBD"
28901,"NNP"
28902,"CD"
28903,"."
28904,"O"
28905,"NNP"
28906,"NNP"
28907,"NNP"
28908,","
28909,"CD"
28910,","
28911,"VBD"
28912,"VBN"
28913,"NN"
28914,"CC"
28915,"JJ"
28916,"NN"
28917,"NN"
28918,"IN"
28919,"DT"
28920,"RB"
28921,"JJ"
28922,"NN"
28923,"."
28924,"DT"
28925,"NN"
28926,"VBD"
28927,"VBN"
28928,"JJ"
28929,"IN"
28930,"JJR"
28931,"IN"
28932,"DT"
28933,"NN"
28934,"."
28935,"NNP"
28936,"NNP"
28937,"VBD"
28938,"VBN"
28939,"JJ"
28940,"NN"
28941,"NN"
28942,"IN"
28943,"NNS"
28944,"."
28945,"IN"
28946,"NN"
28947,","
28948,"NNP"
28949,"NNP"
28950,"NNP"
28951,","
28952,"CD"
28953,","
28954,"NN"
28955,"CC"
28956,"JJ"
28957,"NN"
28958,","
28959,"VBD"
28960,"PRP"
28961,"MD"
28962,"VB"
28963,"IN"
28964,"JJ"
28965,"NNS"
28966,"IN"
28967,"NN"
28968,"IN"
28969,"NN"
28970,"IN"
28971,"DT"
28972,"NN"
28973,"."
28974,"NNP"
28975,"NNP"
28976,"VBD"
28977,"IN"
28978,"NN"
28979,"IN"
28980,"NN"
28981,"."
28982,"NNP"
28983,"NNP"
28984,"VBZ"
28985,"NN"
28986,"IN"
28987,"NN"
28988,"IN"
28989,"DT"
28990,"NN"
28991,"VBZ"
28992,"RB"
28993,"VBN"
28994,"NN"
28995,","
28996,"DT"
28997,"NNP"
28998,"NNP"
28999,"NNP"
29000,"."
29001,"RB"
29002,","
29003,"NNP"
29004,"NNP"
29005,"NNP"
29006,","
29007,"CD"
29008,","
29009,"VBD"
29010,"VBN"
29011,"JJ"
29012,"NN"
29013,"NN"
29014,","
29015,"NN"
29016,"CC"
29017,"JJ"
29018,"JJ"
29019,"NN"
29020,"."
29021,"NNP"
29022,"NNP"
29023,"VBD"
29024,"IN"
29025,"JJR"
29026,"IN"
29027,"DT"
29028,"NN"
29029,"IN"
29030,"DT"
29031,"NNS"
29032,"."
29033,"NNP"
29034,"NNP"
29035,"VBD"
29036,"VBN"
29037,"JJ"
29038,"JJ"
29039,"NN"
29040,"TO"
29041,"DT"
29042,"NN"
29043,"."
29044,"O"
29045,"RB"
29046,"JJ"
29047,"NNS"
29048,"MD"
29049,"VB"
29050,"PRP$"
29051,"JJ"
29052,"NN"
29053,"NN"
29054,"IN"
29055,"NNP"
29056,"IN"
29057,"NNP"
29058,"NNP"
29059,"CC"
29060,"NNP"
29061,"NNP"
29062,"("
29063,"``"
29064,"NNS"
29065,"CC"
29066,"NNS"
29067,"IN"
29068,"VBG"
29069,"DT"
29070,"NN"
29071,","
29072,"''"
29073,"IN"
29074,"NNP"
29075,"NNP"
29076,","
29077,"NN"
29078,"NN"
29079,","
29080,"NNP"
29081,"CD"
29082,")"
29083,"."
29084,"NNP"
29085,"NNP"
29086,"VBD"
29087,"NN"
29088,"NNS"
29089,"CC"
29090,"NNS"
29091,"."
29092,"PRP"
29093,"VBD"
29094,"IN"
29095,"NNS"
29096,"IN"
29097,"NNP"
29098,"VBD"
29099,"JJ"
29100,"IN"
29101,"JJ"
29102,"NN"
29103,"CC"
29104,"JJ"
29105,"NN"
29106,"IN"
29107,"DT"
29108,"NNP"
29109,"NNP"
29110,"."
29111,"RB"
29112,"JJ"
29113,"NN"
29114,"NN"
29115,"CC"
29116,"DT"
29117,"JJ"
29118,"NN"
29119,"VBD"
29120,"VBN"
29121,"IN"
29122,"NN"
29123,":"
29124,"CC"
29125,"JJ"
29126,"NNS"
29127,"IN"
29128,"DT"
29129,"NN"
29130,"IN"
29131,"DT"
29132,"JJ"
29133,"NN"
29134,"."
29135,"NN"
29136,"IN"
29137,"DT"
29138,"JJ"
29139,"NN"
29140,"VBD"
29141,"VBN"
29142,"RB"
29143,"TO"
29144,"VBG"
29145,"NN"
29146,"CC"
29147,"JJ"
29148,"NN"
29149,"."
29150,"RB"
29151,"DT"
29152,"JJ"
29153,"NN"
29154,"VBD"
29155,"DT"
29156,"NN"
29157,"IN"
29158,"JJ"
29159,"NN"
29160,"NNS"
29161,","
29162,"WDT"
29163,"VBD"
29164,"JJ"
29165,"NN"
29166,"."
29167,"DT"
29168,"NN"
29169,"RB"
29170,"VBD"
29171,"PRP$"
29172,"JJ"
29173,"NN"
29174,"NN"
29175,","
29176,"VBD"
29177,"JJ"
29178,"NN"
29179,"CC"
29180,"RB"
29181,"JJ"
29182,"NN"
29183,"CC"
29184,"NN"
29185,"."
29186,"NNP"
29187,"NNP"
29188,"NNS"
29189,"VBD"
29190,"VBN"
29191,"IN"
29192,"DT"
29193,"JJ"
29194,"NN"
29195,"."
29196,"NNP"
29197,"NNP"
29198,"RB"
29199,"VBD"
29200,"IN"
29201,"CD"
29202,"IN"
29203,"DT"
29204,"NN"
29205,"IN"
29206,"NNP"
29207,"NNP"
29208,"POS"
29209,"NN"
29210,"``"
29211,"JJ"
29212,"NN"
29213,"."
29214,"''"
29215,"RB"
29216,"RB"
29217,","
29218,"JJ"
29219,"NNS"
29220,"VBD"
29221,"TO"
29222,"VB"
29223,"VBG"
29224,"DT"
29225,"JJ"
29226,"JJ"
29227,"NNS"
29228,"MD"
29229,"VB"
29230,"DT"
29231,"JJ"
29232,","
29233,"JJ"
29234,"NN"
29235,"RB"
29236,"IN"
29237,"DT"
29238,"NN"
29239,"IN"
29240,"DT"
29241,"NN"
29242,"."
29243,"DT"
29244,"JJ"
29245,"NNS"
29246,"VBD"
29247,"VBN"
29248,"IN"
29249,"JJ"
29250,"NNS"
29251,"IN"
29252,"NNP"
29253,"NNP"
29254,","
29255,"NNP"
29256,"NNP"
29257,","
29258,"NNP"
29259,"NNP"
29260,"CC"
29261,"NNP"
29262,"NNP"
29263,"."
29264,"VBG"
29265,"IN"
29266,"DT"
29267,"NNS"
29268,"NNP"
29269,"NNP"
29270,"VBD"
29271,"IN"
29272,"DT"
29273,"JJ"
29274,"NN"
29275,"MD"
29276,"VB"
29277,"VBN"
29278,"IN"
29279,"CD"
29280,"NNS"
29281,","
29282,"CC"
29283,"NNP"
29284,"NNP"
29285,"VBD"
29286,"IN"
29287,"NN"
29288,"IN"
29289,"NN"
29290,"MD"
29291,"VB"
29292,"IN"
29293,"CD"
29294,"."
29295,"NNP"
29296,"NNP"
29297,"VBD"
29298,"JJ"
29299,"NN"
29300,"IN"
29301,"CD"
29302,"."
29303,"EX"
29304,"VBD"
29305,"JJ"
29306,"JJR"
29307,"."
29308,"NNS"
29309,"IN"
29310,"JJ"
29311,"NNS"
29312,"VBD"
29313,"VBN"
29314,"IN"
29315,"NNP"
29316,","
29317,"IN"
29318,"NNS"
29319,"IN"
29320,"PRP"
29321,"VB"
29322,"VBN"
29323,"IN"
29324,"JJ"
29325,"NN"
29326,"IN"
29327,"PRP"
29328,"VBD"
29329,"JJ"
29330,"NNS"
29331,"IN"
29332,"JJ"
29333,"NNS"
29334,"."
29335,"JJ"
29336,"IN"
29337,"CD"
29338,"VBD"
29339,"DT"
29340,"JJ"
29341,"NNS"
29342,"IN"
29343,"JJ"
29344,"NN"
29345,","
29346,"NN"
29347,"NN"
29348,"CC"
29349,"NN"
29350,"NN"
29351,","
29352,"DT"
29353,"IN"
29354,"WDT"
29355,"VBD"
29356,"VBG"
29357,"JJ"
29358,"NN"
29359,"CC"
29360,"JJ"
29361,"NN"
29362,"."
29363,"RB"
29364,","
29365,"DT"
29366,"NNP"
29367,"VBZ"
29368,"RB"
29369,"VBN"
29370,"DT"
29371,"NNS"
29372,"IN"
29373,"DT"
29374,"JJ"
29375,"NNS"
29376,"."
29377,"JJ"
29378,"NN"
29379,"NNS"
29380,"VBP"
29381,"JJ"
29382,"NN"
29383,"CC"
29384,"NN"
29385,"IN"
29386,"PRP$"
29387,"NN"
29388,"."
29389,"CC"
29390,"DT"
29391,"JJ"
29392,"NNS"
29393,"VBP"
29394,"JJ"
29395,"NN"
29396,"NN"
29397,"("
29398,"WDT"
29399,","
29400,"PRP"
29401,"VBP"
29402,","
29403,"VBZ"
29404,"JJ"
29405,"NNS"
29406,")"
29407,"CC"
29408,"JJ"
29409,"NN"
29410,"("
29411,"RB"
29412,"IN"
29413,"PRP"
29414,"MD"
29415,"VB"
29416,"DT"
29417,"NN"
29418,"NN"
29419,")"
29420,"."
29421,"PRP"
29422,"VBP"
29423,"IN"
29424,"DT"
29425,"NN"
29426,"IN"
29427,"VBG"
29428,"DT"
29429,"NN"
29430,"IN"
29431,"JJ"
29432,"NNS"
29433,"CC"
29434,"NNS"
29435,"IN"
29436,"NN"
29437,"CC"
29438,"RB"
29439,"VB"
29440,"JJ"
29441,"NNS"
29442,"IN"
29443,"NN"
29444,"JJ"
29445,"IN"
29446,"JJ"
29447,"NN"
29448,"."
29449,"NNP"
29450,"NNP"
29451,"VBZ"
29452,"DT"
29453,"JJ"
29454,"NN"
29455,"IN"
29456,"JJ"
29457,"NNS"
29458,"IN"
29459,"VBG"
29460,"PRP$"
29461,"NN"
29462,"IN"
29463,"NN"
29464,"CC"
29465,"DT"
29466,"NN"
29467,"IN"
29468,"JJ"
29469,"NN"
29470,"."
29471,"NNP"
29472,"POS"
29473,"JJ"
29474,"NN"
29475,"NNS"
29476,"IN"
29477,"VBG"
29478,"NN"
29479,"NNS"
29480,"IN"
29481,"DT"
29482,"JJ"
29483,"NN"
29484,"IN"
29485,"NNP"
29486,"."
29487,"NNP"
29488,"NNP"
29489,"NNP"
29490,"NNP"
29491,","
29492,"NNP"
29493,"."
29494,"PRP$"
29495,"NN"
29496,"VBD"
29497,"DT"
29498,"JJ"
29499,"NNS"
29500,"IN"
29501,"DT"
29502,"NN"
29503,"IN"
29504,"``"
29505,"DT"
29506,"JJ"
29507,"NN"
29508,":"
29509,"VBP"
29510,"PRP"
29511,"VBG"
29512,"."
29513,"''"
29514,"NNP"
29515,"CC"
29516,"JJ"
29517,","
29518,"DT"
29519,"NNS"
29520,"VBD"
29521,"IN"
29522,"DT"
29523,"JJ"
29524,"NNS"
29525,"VBP"
29526,"DT"
29527,"JJ"
29528,"NN"
29529,"IN"
29530,"NNS"
29531,"VBG"
29532,"IN"
29533,"DT"
29534,"JJ"
29535,"NNS"
29536,"IN"
29537,"DT"
29538,"JJ"
29539,"NN"
29540,"."
29541,"VB"
29542,","
29543,"IN"
29544,"NN"
29545,","
29546,"DT"
29547,"NN"
29548,"NN"
29549,"CC"
29550,"NN"
29551,"NN"
29552,":"
29553,"JJ"
29554,"NN"
29555,"JJ"
29556,"NNS"
29557,","
29558,"VBG"
29559,"NN"
29560,"IN"
29561,"DT"
29562,"NNP"
29563,"NNP"
29564,"IN"
29565,"NNP"
29566,","
29567,"NN"
29568,"EX"
29569,"VBZ"
29570,"DT"
29571,"JJR"
29572,"IN"
29573,"CD"
29574,"NN"
29575,"NN"
29576,"IN"
29577,"DT"
29578,"JJ"
29579,"NN"
29580,"IN"
29581,"DT"
29582,"NN"
29583,"."
29584,"DT"
29585,"NN"
29586,"VBD"
29587,"TO"
29588,"VB"
29589,"DT"
29590,"NN"
29591,"IN"
29592,"DT"
29593,"NN"
29594,"NN"
29595,","
29596,"RB"
29597,"TO"
29598,"VB"
29599,"TO"
29600,"VB"
29601,"NN"
29602,"NNS"
29603,"IN"
29604,"DT"
29605,"NN"
29606,"PRP"
29607,"."
29608,"CC"
29609,"VBD"
29610,"PRP"
29611,"VBD"
29612,"TO"
29613,"VB"
29614,"DT"
29615,"NN"
29616,"IN"
29617,"JJ"
29618,"NNS"
29619,","
29620,"IN"
29621,"JJ"
29622,"NNS"
29623,"VBD"
29624,"VBN"
29625,"."
29626,"DT"
29627,"NN"
29628,"VBD"
29629,"VBN"
29630,"TO"
29631,"VB"
29632,"DT"
29633,"JJ"
29634,"NN"
29635,","
29636,"RB"
29637,"VB"
29638,"DT"
29639,"NN"
29640,"IN"
29641,"NN"
29642,"."
29643,"DT"
29644,"NN"
29645,"RB"
29646,"VBD"
29647,"NN"
29648,"CC"
29649,"NN"
29650,"VBP"
29651,"VBG"
29652,"WRB"
29653,"PRP"
29654,"VBZ"
29655,"TO"
29656,"JJ"
29657,"NN"
29658,"NN"
29659,"."
29660,"DT"
29661,"VBZ"
29662,"TO"
29663,"DT"
29664,"JJ"
29665,"JJ"
29666,"NN"
29667,"IN"
29668,"NN"
29669,"."
29670,"IN"
29671,"DT"
29672,"NNS"
29673,"VBP"
29674,"TO"
29675,"VB"
29676,"JJR"
29677,"IN"
29678,"VBG"
29679,"DT"
29680,"NN"
29681,"IN"
29682,"DT"
29683,"NN"
29684,"CC"
29685,"JJ"
29686,"NNS"
29687,","
29688,"WDT"
29689,"RB"
29690,"MD"
29691,"VB"
29692,"VBN"
29693,"JJ"
29694,"NN"
29695,"."
29696,"DT"
29697,"NN"
29698,"MD"
29699,"RB"
29700,"RB"
29701,"VB"
29702,"DT"
29703,"JJ"
29704,"NN"
29705,","
29706,"TO"
29707,"VB"
29708,"VBN"
29709,"IN"
29710,"IN"
29711,"DT"
29712,"JJ"
29713,"NN"
29714,"IN"
29715,"JJ"
29716,"NNS"
29717,"IN"
29718,"NN"
29719,"."
29720,"PRP"
29721,"VBP"
29722,"RB"
29723,"VBN"
29724,"DT"
29725,"NN"
29726,"CC"
29727,"NN"
29728,"IN"
29729,"PRP$"
29730,"NN"
29731,"POS"
29732,"NN"
29733,"."
29734,"DT"
29735,"NNS"
29736,"NNS"
29737,"IN"
29738,"WP"
29739,"PRP"
29740,"VBP"
29741,"RB"
29742,"VBN"
29743,"WDT"
29744,"MD"
29745,"VB"
29746,"RB"
29747,"JJ"
29748,"TO"
29749,"JJ"
29750,"CC"
29751,"JJ"
29752,"NNS"
29753,"."
29754,"DT"
29755,"NNS"
29756,"IN"
29757,"DT"
29758,"NN"
29759,"VBP"
29760,"RB"
29761,"JJ"
29762,","
29763,"RB"
29764,"RB"
29765,"VBN"
29766,"IN"
29767,"PRP$"
29768,"JJ"
29769,"NN"
29770,"IN"
29771,"NN"
29772,"CC"
29773,"RB"
29774,"JJ"
29775,"IN"
29776,"PRP"
29777,"VBZ"
29778,"JJ"
29779,"PRP"
29780,"MD"
29781,"VB"
29782,"JJ"
29783,"TO"
29784,"VB"
29785,"PRP"
29786,"RB"
29787,"IN"
29788,"JJ"
29789,"NNS"
29790,"VBP"
29791,"VBN"
29792,"IN"
29793,"JJR"
29794,"IN"
29795,"CD"
29796,"NNS"
29797,"."
29798,"DT"
29799,"NN"
29800,"IN"
29801,"DT"
29802,"JJ"
29803,"NN"
29804,"VBZ"
29805,"IN"
29806,"EX"
29807,"VBZ"
29808,"JJ"
29809,"NN"
29810,"TO"
29811,"VB"
29812,"JJ"
29813,"NN"
29814,"NNS"
29815,"."
29816,"RB"
29817,","
29818,"PRP"
29819,"VBP"
29820,"RB"
29821,"VBG"
29822,"."
29823,"NNP"
29824,"NNP"
29825,"NN"
29826,"NNP"
29827,"NNP"
29828,"IN"
29829,"NNP"
29830,"NNP"
29831,"NNP"
29832,"NNP"
29833,"O"
29834,"NNP"
29835,"NNP"
29836,"NNP"
29837,","
29838,"VBG"
29839,"PRP$"
29840,"JJ"
29841,"NNS"
29842,"VBD"
29843,"IN"
29844,"CD"
29845,","
29846,"VBD"
29847,"PRP$"
29848,"JJ"
29849,"JJ"
29850,"NN"
29851,"VBD"
29852,"CD"
29853,"NN"
29854,"IN"
29855,"JJ"
29856,"NN"
29857,"."
29858,"NNP"
29859,"IN"
29860,"JJR"
29861,"NN"
29862,"NNS"
29863,"CC"
29864,"NN"
29865,"NN"
29866,"NN"
29867,","
29868,"DT"
29869,"JJ"
29870,"NN"
29871,"VBG"
29872,"NN"
29873,"VBD"
29874,"NN"
29875,"VBD"
29876,"TO"
29877,"$"
29878,"CD"
29879,"CD"
29880,","
29881,"CC"
29882,"CD"
29883,"NNS"
29884,"DT"
29885,"NN"
29886,","
29887,"IN"
29888,"$"
29889,"CD"
29890,"CD"
29891,","
29892,"CC"
29893,"CD"
29894,"NNS"
29895,"DT"
29896,"NN"
29897,","
29898,"DT"
29899,"NN"
29900,"RBR"
29901,"."
29902,"DT"
29903,"NNS"
29904,"VBD"
29905,"NNS"
29906,"IN"
29907,"NNS"
29908,","
29909,"WP"
29910,"VBD"
29911,"RB"
29912,"VBN"
29913,"PRP$"
29914,"NNS"
29915,"IN"
29916,"DT"
29917,"NN"
29918,"VBD"
29919,"IN"
29920,"JJ"
29921,"NNP"
29922,"IN"
29923,"PRP$"
29924,"CD"
29925,"NNS"
29926,"MD"
29927,"VB"
29928,"RB"
29929,"JJ"
29930,"IN"
29931,"CD"
29932,"NN"
29933,"."
29934,"DT"
29935,"NN"
29936,"NN"
29937,"VBD"
29938,"NN"
29939,"IN"
29940,"NNP"
29941,"NNP"
29942,"NNP"
29943,"IN"
29944,"PRP$"
29945,"CD"
29946,"NN"
29947,"."
29948,"JJ"
29949,"NN"
29950,"VBD"
29951,"JJ"
29952,"IN"
29953,"$"
29954,"CD"
29955,"CD"
29956,"."
29957,"DT"
29958,"JJ"
29959,"NNS"
29960,","
29961,"RB"
29962,","
29963,"VBD"
29964,"DT"
29965,"NNS"
29966,"IN"
29967,"DT"
29968,"VBG"
29969,"NN"
29970,","
29971,"WDT"
29972,"VBD"
29973,"VBN"
29974,"JJ"
29975,"NNP"
29976,"."
29977,"VBG"
29978,"DT"
29979,"VBG"
29980,"NN"
29981,","
29982,"NNP"
29983,"NNP"
29984,"POS"
29985,"NN"
29986,","
29987,"VBN"
29988,"IN"
29989,"NNS"
29990,"IN"
29991,"NN"
29992,","
29993,"VBD"
29994,"RB"
29995,"CD"
29996,"NN"
29997,"."
29998,"DT"
29999,"NN"
30000,"VBZ"
30001,"RB"
30002,"IN"
30003,"DT"
30004,"NN"
30005,"POS"
30006,"CD"
30007,"NN"
30008,"TO"
30009,"CD"
30010,"NN"
30011,"NN"
30012,"NN"
30013,"IN"
30014,"JJ"
30015,"NNS"
30016,","
30017,"CC"
30018,"IN"
30019,"NN"
30020,"IN"
30021,"JJ"
30022,"NN"
30023,"NNS"
30024,"IN"
30025,"DT"
30026,"JJ"
30027,"NN"
30028,"."
30029,"DT"
30030,"JJ"
30031,"JJ"
30032,"NN"
30033,"RB"
30034,"VBZ"
30035,"IN"
30036,"DT"
30037,"RB"
30038,"JJ"
30039,"CD"
30040,"NN"
30041,"NN"
30042,"IN"
30043,"DT"
30044,"JJ"
30045,"NN"
30046,"."
30047,"NNP"
30048,"NNP"
30049,"VBD"
30050,"DT"
30051,"JJR"
30052,"NN"
30053,"IN"
30054,"PRP$"
30055,"NN"
30056,"NNS"
30057,","
30058,"WDT"
30059,"VBD"
30060,"IN"
30061,"CD"
30062,"NN"
30063,"JJR"
30064,"IN"
30065,"DT"
30066,"JJ"
30067,"NN"
30068,"."
30069,"NNS"
30070,"VBP"
30071,"VBN"
30072,"VBN"
30073,"TO"
30074,"NN"
30075,"NNS"
30076,"IN"
30077,"JJ"
30078,"NNS"
30079,"IN"
30080,"JJ"
30081,"NNS"
30082,"."
30083,"NNP"
30084,"NNP"
30085,"VBD"
30086,"PRP"
30087,"VBD"
30088,"TO"
30089,"VB"
30090,"NN"
30091,"IN"
30092,"NN"
30093,"CC"
30094,"NN"
30095,"NNS"
30096,"TO"
30097,"VB"
30098,"TO"
30099,"VB"
30100,"NNS"
30101,"IN"
30102,"VBG"
30103,"."
30104,"DT"
30105,"NN"
30106,"VBD"
30107,"PRP"
30108,"VBZ"
30109,"NNS"
30110,"MD"
30111,"VB"
30112,"TO"
30113,"JJ"
30114,"JJ"
30115,"NNS"
30116,"."
30117,"DT"
30118,"NN"
30119,"VBD"
30120,"DT"
30121,"NN"
30122,"IN"
30123,"DT"
30124,"CD"
30125,"NN"
30126,"NN"
30127,"IN"
30128,"NN"
30129,","
30130,"JJ"
30131,"CC"
30132,"JJ"
30133,"NNS"
30134,":"
30135,"TO"
30136,"$"
30137,"CD"
30138,"CD"
30139,":"
30140,"TO"
30141,"NN"
30142,"NNS"
30143,"."
30144,"``"
30145,"PRP"
30146,"VBP"
30147,"RB"
30148,"EX"
30149,"VBG"
30150,"IN"
30151,"JJ"
30152,","
30153,"VBG"
30154,"TO"
30155,"VB"
30156,"NNS"
30157,"IN"
30158,"IN"
30159,"NN"
30160,","
30161,"''"
30162,"VBD"
30163,"NNP"
30164,"NNP"
30165,","
30166,"DT"
30167,"NN"
30168,"IN"
30169,"NNP"
30170,","
30171,"NNP"
30172,"CC"
30173,"NNP"
30174,"."
30175,"IN"
30176,"DT"
30177,"CD"
30178,"NNS"
30179,","
30180,"NNP"
30181,"NNP"
30182,"POS"
30183,"NN"
30184,"VBD"
30185,"CD"
30186,"NN"
30187,"TO"
30188,"$"
30189,"CD"
30190,"CD"
30191,","
30192,"CC"
30193,"CD"
30194,"NNS"
30195,"DT"
30196,"NN"
30197,","
30198,"IN"
30199,"$"
30200,"CD"
30201,"CD"
30202,","
30203,"CC"
30204,"CD"
30205,"NNS"
30206,"DT"
30207,"NN"
30208,"."
30209,"NNP"
30210,"VBD"
30211,"JJ"
30212,"IN"
30213,"IN"
30214,"$"
30215,"CD"
30216,"CD"
30217,"."
30218,"NNP"
30219,"NNP"
30220,","
30221,"WDT"
30222,"VBZ"
30223,"VBN"
30224,"IN"
30225,"NNP"
30226,"NNP"
30227,","
30228,"RB"
30229,"VBD"
30230,"PRP"
30231,"VBD"
30232,"IN"
30233,"CD"
30234,"CD"
30235,"IN"
30236,"PRP$"
30237,"JJ"
30238,"NNS"
30239,"IN"
30240,"DT"
30241,"JJ"
30242,"NN"
30243,"."
30244,"DT"
30245,"NN"
30246,"VBZ"
30247,"NN"
30248,"IN"
30249,"DT"
30250,"JJ"
30251,"NN"
30252,"NN"
30253,","
30254,"IN"
30255,"WDT"
30256,"NNP"
30257,"NNP"
30258,"RB"
30259,"RB"
30260,"VBZ"
30261,"VBN"
30262,"DT"
30263,"NN"
30264,"IN"
30265,"CD"
30266,"CD"
30267,"NNS"
30268,"."
30269,"RB"
30270,","
30271,"NNP"
30272,","
30273,"VBD"
30274,"NNP"
30275,"NNP"
30276,","
30277,"IN"
30278,"VBN"
30279,","
30280,"VBD"
30281,"JJ"
30282,"JJ"
30283,"NN"
30284,"VBD"
30285,"CD"
30286,"NN"
30287,"TO"
30288,"$"
30289,"CD"
30290,"CD"
30291,","
30292,"CC"
30293,"$"
30294,"CD"
30295,"DT"
30296,"NN"
30297,","
30298,"IN"
30299,"$"
30300,"CD"
30301,"CD"
30302,","
30303,"CC"
30304,"CD"
30305,"NNS"
30306,"DT"
30307,"NN"
30308,"."
30309,"NNS"
30310,"VBD"
30311,"CD"
30312,"NN"
30313,"TO"
30314,"$"
30315,"CD"
30316,"CD"
30317,"IN"
30318,"$"
30319,"CD"
30320,"CD"
30321,"."
30322,"DT"
30323,"JJ"
30324,"NN"
30325,"POS"
30326,"NNS"
30327,"VBP"
30328,"DT"
30329,"JJ"
30330,"NN"
30331,"IN"
30332,"$"
30333,"CD"
30334,"CD"
30335,"IN"
30336,"DT"
30337,"NN"
30338,"IN"
30339,"DT"
30340,"NN"
30341,"IN"
30342,"NNP"
30343,"."
30344,"IN"
30345,"JJ"
30346,"NN"
30347,"IN"
30348,"DT"
30349,"NNP"
30350,"NNP"
30351,"NNP"
30352,"NNP"
30353,","
30354,"NNP"
30355,"NNP"
30356,"VBD"
30357,"IN"
30358,"$"
30359,"CD"
30360,"DT"
30361,"NN"
30362,","
30363,"RB"
30364,"CD"
30365,"NNS"
30366,"."
30367,"NNP"
30368,"VBD"
30369,"IN"
30370,"$"
30371,"CD"
30372,"DT"
30373,"NN"
30374,","
30375,"IN"
30376,"$"
30377,"CD"
30378,"."
30379,"O"
30380,"NNP"
30381,"NNP"
30382,"NNP"
30383,"VBZ"
30384,"VBN"
30385,"TO"
30386,"VB"
30387,"DT"
30388,"NN"
30389,"IN"
30390,"NN"
30391,"DT"
30392,"NN"
30393,"TO"
30394,"VB"
30395,"NNP"
30396,"NNP"
30397,"NNP"
30398,"TO"
30399,"NN"
30400,","
30401,"VBP"
30402,"NNS"
30403,"JJ"
30404,"IN"
30405,"DT"
30406,"NNS"
30407,"."
30408,"NNP"
30409,"NNP"
30410,","
30411,"VBN"
30412,"IN"
30413,"NNP"
30414,","
30415,"VBN"
30416,"IN"
30417,"NNP"
30418,"CD"
30419,"NN"
30420,"NN"
30421,"RBR"
30422,"DT"
30423,"NN"
30424,"."
30425,"RB"
30426,","
30427,"PRP$"
30428,"NN"
30429,"NN"
30430,","
30431,"NNP"
30432,"NNP"
30433,"IN"
30434,"NNP"
30435,","
30436,"NNP"
30437,","
30438,"VBZ"
30439,"VBG"
30440,"VBN"
30441,"IN"
30442,"DT"
30443,"JJ"
30444,"NN"
30445,"."
30446,"PRP"
30447,"VBZ"
30448,"VBN"
30449,"IN"
30450,"NNP"
30451,"NNP"
30452,"NNP"
30453,","
30454,"DT"
30455,"JJ"
30456,"NN"
30457,"IN"
30458,"NNP"
30459,"NNP"
30460,"NNP"
30461,","
30462,"MD"
30463,"VB"
30464,"JJ"
30465,"IN"
30466,"DT"
30467,"NN"
30468,"IN"
30469,"DT"
30470,"JJ"
30471,"JJ"
30472,"NN"
30473,"IN"
30474,"NNP"
30475,","
30476,"VBN"
30477,"IN"
30478,"NNP"
30479,","
30480,"NNP"
30481,"."
30482,"DT"
30483,"NN"
30484,"IN"
30485,"NNP"
30486,"NNP"
30487,"VBD"
30488,"TO"
30489,"VB"
30490,"."
30491,"NNP"
30492,"NNP"
30493,"VBZ"
30494,"DT"
30495,"JJ"
30496,"NN"
30497,"IN"
30498,"NNP"
30499,"NNP"
30500,"."
30501,"PRP"
30502,"VBZ"
30503,"VBG"
30504,"$"
30505,"CD"
30506,"CD"
30507,"IN"
30508,"NN"
30509,"NN"
30510,"TO"
30511,"DT"
30512,"NN"
30513,"CC"
30514,"VBZ"
30515,"VBN"
30516,"TO"
30517,"VB"
30518,"RB"
30519,"RB"
30520,"IN"
30521,"$"
30522,"CD"
30523,"CD"
30524,"IN"
30525,"NN"
30526,"IN"
30527,"NNP"
30528,"NNP"
30529,"CC"
30530,"NNP"
30531,"CC"
30532,"NNP"
30533,"NNP"
30534,","
30535,"NNP"
30536,"NNP"
30537,"POS"
30538,"CD"
30539,"RB"
30540,"VBN"
30541,"JJ"
30542,"NNS"
30543,"."
30544,"NNP"
30545,"NNP"
30546,","
30547,"JJ"
30548,"NN"
30549,"NN"
30550,"IN"
30551,"DT"
30552,"JJ"
30553,"NN"
30554,"NN"
30555,","
30556,"CC"
30557,"NNP"
30558,"NNP"
30559,","
30560,"JJ"
30561,"NN"
30562,"IN"
30563,"NNP"
30564,"NNP"
30565,"NNP"
30566,","
30567,"DT"
30568,"VBD"
30569,"TO"
30570,"VB"
30571,"."
30572,"RB"
30573,","
30574,"NNP"
30575,"NNP"
30576,"VBZ"
30577,"CD"
30578,"NN"
30579,"IN"
30580,"DT"
30581,"NN"
30582,":"
30583,"NNP"
30584,"NNP"
30585,"VBD"
30586,"PRP$"
30587,"CD"
30588,"NN"
30589,"NN"
30590,"IN"
30591,"DT"
30592,"NN"
30593,"IN"
30594,"NNP"
30595,"CD"
30596,"."
30597,"IN"
30598,"DT"
30599,"NN"
30600,","
30601,"DT"
30602,"NNP"
30603,"NN"
30604,"VBD"
30605,"CD"
30606,"NNS"
30607,"IN"
30608,"NN"
30609,"."
30610,"NNP"
30611,","
30612,"EX"
30613,"VBP"
30614,"CD"
30615,"NNS"
30616,","
30617,"DT"
30618,"VBN"
30619,"IN"
30620,"NN"
30621,"NNS"
30622,"."
30623,"IN"
30624,"JJ"
30625,"NNS"
30626,"NNP"
30627,"NNP"
30628,"VBZ"
30629,"VBN"
30630,"DT"
30631,"NN"
30632,"IN"
30633,"PRP$"
30634,"NNS"
30635,"CC"
30636,"VBD"
30637,"PRP"
30638,"TO"
30639,"VB"
30640,"NNS"
30641,"IN"
30642,"NN"
30643,"VBG"
30644,"PRP"
30645,"MD"
30646,"VB"
30647,"NN"
30648,"NN"
30649,"TO"
30650,"DT"
30651,"NN"
30652,"VBG"
30653,"DT"
30654,"NN"
30655,","
30656,"VBP"
30657,"DT"
30658,"JJ"
30659,"IN"
30660,"DT"
30661,"NN"
30662,"."
30663,"DT"
30664,"NN"
30665,","
30666,"DT"
30667,"NN"
30668,"IN"
30669,"JJ"
30670,"JJ"
30671,"NNS"
30672,"VBP"
30673,"VBN"
30674,","
30675,"VBG"
30676,"NNS"
30677,"IN"
30678,"NNS"
30679,","
30680,"CC"
30681,"NNP"
30682,"NNP"
30683,"RB"
30684,"VBD"
30685,"NNS"
30686,"IN"
30687,"PRP"
30688,"MD"
30689,"RB"
30690,"VB"
30691,"NN"
30692,"NNS"
30693,"."
30694,"IN"
30695,"DT"
30696,"NN"
30697,"VBD"
30698,"NNP"
30699,"CD"
30700,","
30701,"CD"
30702,","
30703,"NNP"
30704,"NNP"
30705,"VBD"
30706,"$"
30707,"CD"
30708,"CD"
30709,"IN"
30710,"NN"
30711,"CC"
30712,"NN"
30713,"NN"
30714,"IN"
30715,"$"
30716,"CD"
30717,"CD"
30718,"."
30719,"DT"
30720,"NN"
30721,"NN"
30722,"VBD"
30723,"VBN"
30724,"RP"
30725,"IN"
30726,"NN"
30727,"IN"
30728,"NNP"
30729,"."
30730,"VBG"
30731,"TO"
30732,"DT"
30733,"JJ"
30734,"IN"
30735,"DT"
30736,"NN"
30737,","
30738,"JJ"
30739,"NNS"
30740,"VBD"
30741,"NNP"
30742,"NNP"
30743,"NNP"
30744,"IN"
30745,"NNP"
30746,"CC"
30747,"NNP"
30748,"NNP"
30749,"NNP"
30750,"."
30751,"NNP"
30752,"NNP"
30753,"NNP"
30754,"VBZ"
30755,"VBG"
30756,"NNP"
30757,"NNP"
30758,"IN"
30759,"DT"
30760,"NN"
30761,"IN"
30762,"DT"
30763,"NNP"
30764,"NN"
30765,"."
30766,"NNP"
30767,"VBD"
30768,"DT"
30769,"JJ"
30770,"IN"
30771,"DT"
30772,"NN"
30773,"IN"
30774,"JJ"
30775,"NNS"
30776,"VBN"
30777,"IN"
30778,"NNP"
30779,"NNP"
30780,"."
30781,"DT"
30782,"NN"
30783,"VBD"
30784,"VBN"
30785,"IN"
30786,"NNP"
30787,"IN"
30788,"CD"
30789,"IN"
30790,"CD"
30791,"NNS"
30792,","
30793,"NNP"
30794,"CC"
30795,"NNP"
30796,"NNP"
30797,","
30798,"WP"
30799,"VBD"
30800,"IN"
30801,"NNP"
30802,"POS"
30803,"NNS"
30804,"."
30805,"IN"
30806,"CD"
30807,","
30808,"DT"
30809,"NN"
30810,"VBD"
30811,"DT"
30812,"NN"
30813,"IN"
30814,"NN"
30815,","
30816,"IN"
30817,"NNP"
30818,"CC"
30819,"PRP$"
30820,"NN"
30821,","
30822,"NNP"
30823,","
30824,"VBG"
30825,"TO"
30826,"VB"
30827,"IN"
30828,"DT"
30829,"NNP"
30830,"NNP"
30831,"NN"
30832,"."
30833,"DT"
30834,"NN"
30835,"IN"
30836,"NNP"
30837,"NNP"
30838,"VBZ"
30839,"JJ"
30840,"TO"
30841,"NN"
30842,"IN"
30843,"NNP"
30844,"NNP"
30845,"NNP"
30846,"IN"
30847,"NNP"
30848,"NNP"
30849,"NNP"
30850,"."
30851,"IN"
30852,"RB"
30853,"VBN"
30854,","
30855,"NNP"
30856,"NNP"
30857,"DT"
30858,"NN"
30859,"VBD"
30860,"DT"
30861,"$"
30862,"CD"
30863,"CD"
30864,"NN"
30865,"IN"
30866,"PRP$"
30867,"CD"
30868,"NN"
30869,"NNS"
30870,","
30871,"CC"
30872,"JJ"
30873,"NNS"
30874,"IN"
30875,"DT"
30876,"NN"
30877,"VBN"
30878,"IN"
30879,"NNP"
30880,"NN"
30881,"NN"
30882,"NNP"
30883,"NNP"
30884,"CC"
30885,"NNP"
30886,"NNP"
30887,"NNP"
30888,","
30889,"DT"
30890,"NNP"
30891,"NN"
30892,"CC"
30893,"JJ"
30894,"NNP"
30895,"NNP"
30896,"JJ"
30897,"NN"
30898,"."
30899,"DT"
30900,"NN"
30901,","
30902,"WDT"
30903,"VBD"
30904,"RB"
30905,"VB"
30906,"DT"
30907,"NNP"
30908,"NN"
30909,","
30910,"VBZ"
30911,"VBG"
30912,"VBN"
30913,"IN"
30914,"NNP"
30915,"NNP"
30916,"."
30917,"O"
30918,"NNP"
30919,"NNP"
30920,"NNP"
30921,"VBD"
30922,"VBN"
30923,"NN"
30924,"CC"
30925,"JJ"
30926,"NN"
30927,"NN"
30928,"IN"
30929,"DT"
30930,"NN"
30931,"POS"
30932,"NNP"
30933,"NNP"
30934,"NN"
30935,"."
30936,"NNP"
30937,"NNP"
30938,"VBD"
30939,"VBN"
30940,"NN"
30941,"CC"
30942,"JJ"
30943,"NN"
30944,"IN"
30945,"NNP"
30946,"NNP"
30947,"NNP"
30948,"."
30949,"NNP"
30950,"NNP"
30951,"NNP"
30952,","
30953,"JJ"
30954,"NN"
30955,"CC"
30956,"JJ"
30957,"NN"
30958,"IN"
30959,"NNP"
30960,","
30961,"MD"
30962,"VB"
30963,"DT"
30964,"NN"
30965,"IN"
30966,"NN"
30967,"IN"
30968,"DT"
30969,"NN"
30970,","
30971,"DT"
30972,"JJ"
30973,"NN"
30974,"."
30975,"O"
30976,"DT"
30977,"NNS"
30978,"MD"
30979,"VB"
30980,"VBN"
30981,"IN"
30982,"JJ"
30983,"NNS"
30984,"VBG"
30985,"NNP"
30986,","
30987,"DT"
30988,"JJ"
30989,"NN"
30990,"CC"
30991,"DT"
30992,"NNS"
30993,"."
30994,"NNP"
30995,","
30996,"DT"
30997,"NN"
30998,"IN"
30999,"NN"
31000,","
31001,"NN"
31002,"CC"
31003,"JJ"
31004,"NN"
31005,"NNS"
31006,"CC"
31007,"DT"
31008,"NN"
31009,"IN"
31010,"NNP"
31011,"NNP"
31012,","
31013,"WRB"
31014,"NNS"
31015,"VBP"
31016,"DT"
31017,"NN"
31018,"NN"
31019,","
31020,"VBZ"
31021,"VBG"
31022,"VBG"
31023,"RP"
31024,"IN"
31025,"DT"
31026,"JJ"
31027,"NN"
31028,"."
31029,"RB"
31030,","
31031,"NN"
31032,"NNS"
31033,"VBP"
31034,","
31035,"PRP"
31036,"MD"
31037,"``"
31038,"NN"
31039,"''"
31040,"IN"
31041,"NNS"
31042,"IN"
31043,"DT"
31044,"NN"
31045,"WDT"
31046,"VBZ"
31047,"RB"
31048,"VBN"
31049,"IN"
31050,"DT"
31051,"NN"
31052,"NN"
31053,":"
31054,"NNS"
31055,"."
31056,"``"
31057,"EX"
31058,"VBZ"
31059,"NN"
31060,"IN"
31061,"DT"
31062,"NN"
31063,"CC"
31064,"PRP"
31065,"VBP"
31066,"RB"
31067,"VBG"
31068,"IN"
31069,"DT"
31070,"NN"
31071,"IN"
31072,"JJR"
31073,"CC"
31074,"JJR"
31075,"NN"
31076,","
31077,"''"
31078,"VBD"
31079,"NNP"
31080,"NNP"
31081,"NNP"
31082,","
31083,"NN"
31084,"NN"
31085,"IN"
31086,"NN"
31087,"CC"
31088,"NN"
31089,"IN"
31090,"NNP"
31091,"NNP"
31092,"NNP"
31093,","
31094,"DT"
31095,"NN"
31096,"IN"
31097,"NNP"
31098,"NNP"
31099,"NNP"
31100,"."
31101,"NNP"
31102,"NNP"
31103,"VBD"
31104,"IN"
31105,"NNP"
31106,"NNP"
31107,"NNP"
31108,"NNP"
31109,"NNP"
31110,","
31111,"WP"
31112,"VBD"
31113,"TO"
31114,"VB"
31115,"VBN"
31116,","
31117,"VBZ"
31118,"``"
31119,"VBG"
31120,"IN"
31121,"NNS"
31122,"RB"
31123,"CC"
31124,"MD"
31125,"VB"
31126,"DT"
31127,"NNS"
31128,"IN"
31129,"DT"
31130,"NN"
31131,"IN"
31132,"NNP"
31133,"."
31134,"''"
31135,"PRP"
31136,"VBD"
31137,"TO"
31138,"VB"
31139,"."
31140,"NNP"
31141,"POS"
31142,"NNS"
31143,"MD"
31144,"VB"
31145,"IN"
31146,"JJ"
31147,"NN"
31148,"TO"
31149,"NNS"
31150,"NNS"
31151,","
31152,"IN"
31153,"DT"
31154,"NN"
31155,"VBD"
31156,"TO"
31157,"VB"
31158,"."
31159,"CD"
31160,"JJ"
31161,"NNP"
31162,"NN"
31163,","
31164,"NNP"
31165,"IN"
31166,"NNP"
31167,","
31168,"VBZ"
31169,"TO"
31170,"VB"
31171,"DT"
31172,"NNP"
31173,"NNP"
31174,"NN"
31175,"NN"
31176,"IN"
31177,"IN"
31178,"NNP"
31179,"CC"
31180,"VB"
31181,"PRP"
31182,"IN"
31183,"DT"
31184,"JJ"
31185,"NN"
31186,"."
31187,"DT"
31188,"JJ"
31189,"NN"
31190,"MD"
31191,"VB"
31192,"VBN"
31193,"IN"
31194,"NNS"
31195,"IN"
31196,"NNP"
31197,"NNP"
31198,"."
31199,"``"
31200,"PRP"
31201,"VBP"
31202,"EX"
31203,"VBZ"
31204,"DT"
31205,"NN"
31206,"IN"
31207,"DT"
31208,"NN"
31209,"WDT"
31210,"VBZ"
31211,"RB"
31212,"VBG"
31213,"VBN"
31214,"IN"
31215,"DT"
31216,"NN"
31217,","
31218,"IN"
31219,"PRP"
31220,"VBP"
31221,"TO"
31222,"VB"
31223,"DT"
31224,"NN"
31225,","
31226,"''"
31227,"VBZ"
31228,"NNP"
31229,"POS"
31230,"JJ"
31231,"NN"
31232,","
31233,"NNP"
31234,"NNP"
31235,"."
31236,"``"
31237,"PRP"
31238,"VBP"
31239,"RB"
31240,"VB"
31241,"NNS"
31242,"RB"
31243,"."
31244,"PRP"
31245,"RB"
31246,"VBD"
31247,"IN"
31248,"CD"
31249,"NN"
31250,","
31251,"IN"
31252,"RB"
31253,","
31254,"IN"
31255,"DT"
31256,"NN"
31257,"POS"
31258,"JJ"
31259,"NNS"
31260,"."
31261,"''"
31262,"DT"
31263,"NNP"
31264,"NN"
31265,"VBZ"
31266,"DT"
31267,"NN"
31268,"MD"
31269,"``"
31270,"RB"
31271,"VB"
31272,"''"
31273,"DT"
31274,"NNP"
31275,"NN"
31276,","
31277,"CC"
31278,"VBZ"
31279,"PRP"
31280,"VBZ"
31281,"DT"
31282,"JJ"
31283,"NN"
31284,"TO"
31285,"NN"
31286,"."
31287,"NNS"
31288,"IN"
31289,"DT"
31290,"NN"
31291,"NNS"
31292,"IN"
31293,"NNP"
31294,"NNP"
31295,"CC"
31296,"NNP"
31297,"NNP"
31298,"NNP"
31299,","
31300,"VBP"
31301,"EX"
31302,"VBP"
31303,"DT"
31304,"NNS"
31305,"TO"
31306,"VB"
31307,"DT"
31308,"NNS"
31309,"POS"
31310,"NN"
31311,"IN"
31312,"NNP"
31313,"NNP"
31314,"."
31315,"DT"
31316,"JJ"
31317,"NN"
31318,"IN"
31319,"NNP"
31320,"NN"
31321,"VBZ"
31322,"RB"
31323,"RBR"
31324,"JJ"
31325,"IN"
31326,"DT"
31327,"NNS"
31328,"."
31329,"EX"
31330,"VBZ"
31331,"VBN"
31332,"DT"
31333,"NN"
31334,"IN"
31335,"JJ"
31336,"NNS"
31337,"POS"
31338,"NNS"
31339,"TO"
31340,"JJ"
31341,"NNS"
31342,","
31343,"RB"
31344,"RB"
31345,"IN"
31346,"NN"
31347,"IN"
31348,"NNS"
31349,"IN"
31350,"NNS"
31351,"CC"
31352,"IN"
31353,"NN"
31354,"NNS"
31355,"JJ"
31356,"IN"
31357,"NNP"
31358,"CC"
31359,"DT"
31360,"NNP"
31361,"NNP"
31362,"."
31363,"IN"
31364,"DT"
31365,"JJ"
31366,"NN"
31367,","
31368,"RB"
31369,"VBZ"
31370,"TO"
31371,"VB"
31372,"DT"
31373,"NN"
31374,"IN"
31375,"JJ"
31376,"NN"
31377,":"
31378,"NNP"
31379,"NNP"
31380,"NNP"
31381,"NNP"
31382,"POS"
31383,"NNP"
31384,"NNP"
31385,"NNP"
31386,"VBZ"
31387,"PRP$"
31388,"JJS"
31389,"NNS"
31390,","
31391,"JJ"
31392,"IN"
31393,"JJ"
31394,"NN"
31395,","
31396,"IN"
31397,"NNP"
31398,"NNP"
31399,"."
31400,"NNP"
31401,"VBZ"
31402,"IN"
31403,"JJ"
31404,"NNS"
31405,"VBD"
31406,"VBG"
31407,"NNS"
31408,"IN"
31409,"DT"
31410,"NNP"
31411,"NN"
31412,"IN"
31413,"``"
31414,"NN"
31415,","
31416,"''"
31417,"WDT"
31418,"VBZ"
31419,"VBN"
31420,"IN"
31421,"NNP"
31422,"NNP"
31423,"."
31424,"DT"
31425,"NN"
31426,"POS"
31427,"JJ"
31428,"NN"
31429,"NN"
31430,","
31431,"NNP"
31432,"NNP"
31433,","
31434,"VBZ"
31435,"DT"
31436,"JJ"
31437,"JJ"
31438,"NN"
31439,"VBN"
31440,"``"
31441,"VBN"
31442,"IN"
31443,"DT"
31444,"NNP"
31445,"."
31446,"''"
31447,"NNP"
31448,"NNP"
31449,"CC"
31450,"NNP"
31451,"NNP"
31452,"MD"
31453,"VB"
31454,"DT"
31455,"NN"
31456,"IN"
31457,"JJ"
31458,"NNP"
31459,"NN"
31460,"NNS"
31461,","
31462,"DT"
31463,"NN"
31464,"WDT"
31465,"MD"
31466,"VB"
31467,"NNS"
31468,"."
31469,"JJ"
31470,"NNS"
31471,","
31472,"WDT"
31473,"VBP"
31474,"VBN"
31475,"IN"
31476,"JJ"
31477,"NN"
31478,"NNS"
31479,","
31480,"VBD"
31481,"DT"
31482,"NN"
31483,"IN"
31484,"$"
31485,"CD"
31486,"IN"
31487,"NN"
31488,"."
31489,"O"
31490,"NNP"
31491,"CC"
31492,"NNP"
31493,"NNP"
31494,"VBD"
31495,"JJ"
31496,"JJ"
31497,"NN"
31498,"VBD"
31499,"CD"
31500,"NN"
31501,"TO"
31502,"$"
31503,"CD"
31504,"CD"
31505,","
31506,"CC"
31507,"CD"
31508,"NNS"
31509,"DT"
31510,"NN"
31511,"."
31512,"IN"
31513,"DT"
31514,"JJ"
31515,"NN"
31516,","
31517,"DT"
31518,"NNS"
31519,"NN"
31520,"VBD"
31521,"NN"
31522,"IN"
31523,"$"
31524,"CD"
31525,"CD"
31526,","
31527,"CC"
31528,"CD"
31529,"NNS"
31530,"DT"
31531,"NN"
31532,"."
31533,"NNS"
31534,"VBD"
31535,"$"
31536,"CD"
31537,"CD"
31538,","
31539,"RB"
31540,"CD"
31541,"NN"
31542,"IN"
31543,"$"
31544,"CD"
31545,"CD"
31546,"DT"
31547,"NN"
31548,"RB"
31549,"."
31550,"NNP"
31551,"CC"
31552,"NNP"
31553,","
31554,"WDT"
31555,"VBZ"
31556,"TO"
31557,"VB"
31558,"VBG"
31559,"CD"
31560,"JJ"
31561,"NN"
31562,"NNS"
31563,"DT"
31564,"NN"
31565,","
31566,"VBD"
31567,"DT"
31568,"NN"
31569,"NN"
31570,"RB"
31571,"TO"
31572,"JJR"
31573,"NN"
31574,"NN"
31575,"."
31576,"DT"
31577,"NN"
31578,"RB"
31579,"VBD"
31580,"DT"
31581,"JJR"
31582,"NN"
31583,","
31584,"WDT"
31585,"VBZ"
31586,"DT"
31587,"NN"
31588,"IN"
31589,"JJ"
31590,"NN"
31591,"WRB"
31592,"PRP"
31593,"VBZ"
31594,"VBN"
31595,"IN"
31596,"NNS"
31597,"."
31598,"IN"
31599,"NN"
31600,","
31601,"DT"
31602,"NN"
31603,"VBD"
31604,","
31605,"PRP"
31606,"VBD"
31607,"VBN"
31608,"IN"
31609,"JJR"
31610,"IN"
31611,"JJ"
31612,"NNS"
31613,"IN"
31614,"JJ"
31615,"NNS"
31616,","
31617,"IN"
31618,"DT"
31619,"NNS"
31620,"VBP"
31621,"VBN"
31622,"IN"
31623,"DT"
31624,"JJ"
31625,"NN"
31626,"."
31627,"RB"
31628,"JJR"
31629,"NN"
31630,"IN"
31631,"DT"
31632,"NNS"
31633,"WDT"
31634,"VBP"
31635,"IN"
31636,"JJ"
31637,"NN"
31638,"RB"
31639,"VBZ"
31640,"VBN"
31641,"IN"
31642,"NNS"
31643,","
31644,"JJ"
31645,"IN"
31646,"NN"
31647,"NN"
31648,"."
31649,"IN"
31650,"DT"
31651,"CD"
31652,"NNS"
31653,","
31654,"NNP"
31655,"CC"
31656,"NNP"
31657,"NNP"
31658,"VBD"
31659,"$"
31660,"CD"
31661,"CD"
31662,","
31663,"CC"
31664,"$"
31665,"CD"
31666,"DT"
31667,"NN"
31668,","
31669,"RB"
31670,"CD"
31671,"NN"
31672,"IN"
31673,"$"
31674,"CD"
31675,"CD"
31676,","
31677,"CC"
31678,"$"
31679,"CD"
31680,"DT"
31681,"NN"
31682,","
31683,"DT"
31684,"NN"
31685,"RB"
31686,"."
31687,"NNS"
31688,"VBD"
31689,"CD"
31690,"NN"
31691,"TO"
31692,"$"
31693,"CD"
31694,"CD"
31695,"IN"
31696,"$"
31697,"CD"
31698,"CD"
31699,"DT"
31700,"JJ"
31701,"NN"
31702,"."
31703,"IN"
31704,"NNP"
31705,"NNP"
31706,"NNP"
31707,"NNP"
31708,"JJ"
31709,"NN"
31710,","
31711,"NNP"
31712,"CC"
31713,"NNP"
31714,"VBD"
31715,"IN"
31716,"$"
31717,"CD"
31718,"DT"
31719,"NN"
31720,","
31721,"IN"
31722,"$"
31723,"CD"
31724,"."
31725,"O"
31726,"NNP"
31727,"NNP"
31728,"NNP"
31729,","
31730,"CD"
31731,"NNS"
31732,"JJ"
31733,","
31734,"VBD"
31735,"VBN"
31736,"NN"
31737,"CC"
31738,"JJ"
31739,"NN"
31740,"NN"
31741,"IN"
31742,"DT"
31743,"NN"
31744,"IN"
31745,"JJ"
31746,"NNS"
31747,","
31748,"VBG"
31749,"NNP"
31750,"NNP"
31751,"NNP"
31752,"."
31753,"NNP"
31754,"NNP"
31755,","
31756,"CD"
31757,","
31758,"VBN"
31759,"IN"
31760,"NN"
31761,"CC"
31762,"JJ"
31763,"NN"
31764,"CC"
31765,"NN"
31766,"NN"
31767,"IN"
31768,"JJ"
31769,"NNS"
31770,","
31771,"VBD"
31772,"NNP"
31773,"NNP"
31774,"NNP"
31775,","
31776,"NN"
31777,"."
31778,"NNP"
31779,"NNP"
31780,"RB"
31781,"VBD"
31782,"NN"
31783,"CC"
31784,"JJ"
31785,"NN"
31786,"IN"
31787,"NNP"
31788,"CC"
31789,"NNP"
31790,"NNP"
31791,"NNP"
31792,"VBD"
31793,"DT"
31794,"NN"
31795,"IN"
31796,"JJ"
31797,"NNS"
31798,"IN"
31799,"CD"
31800,"."
31801,"O"
31802,"NNP"
31803,"NNP"
31804,"NNP"
31805,"VBD"
31806,"VBN"
31807,"NN"
31808,"NN"
31809,"CC"
31810,"NN"
31811,"NN"
31812,"IN"
31813,"NN"
31814,"NN"
31815,"IN"
31816,"NNP"
31817,","
31818,"VBN"
31819,"IN"
31820,"NNP"
31821,"."
31822,"NNP"
31823,"NNP"
31824,","
31825,"CD"
31826,"NNS"
31827,"JJ"
31828,","
31829,"VBD"
31830,"VBN"
31831,"DT"
31832,"JJ"
31833,"NN"
31834,"NN"
31835,"IN"
31836,"DT"
31837,"JJ"
31838,"NN"
31839,"IN"
31840,"NN"
31841,"NN"
31842,"."
31843,"PRP"
31844,"VBZ"
31845,"NNP"
31846,"NNP"
31847,","
31848,"WP"
31849,"VBD"
31850,"IN"
31851,"NNP"
31852,"."
31853,"O"
31854,"NNP"
31855,"VBZ"
31856,"VBN"
31857,"TO"
31858,"VB"
31859,"DT"
31860,"NN"
31861,"IN"
31862,"PRP$"
31863,"NNP"
31864,"CD"
31865,"NN"
31866,"``"
31867,"NNS"
31868,"IN"
31869,"NNP"
31870,"NNP"
31871,"NNP"
31872,"MD"
31873,"VB"
31874,"VBN"
31875,"IN"
31876,"VBG"
31877,"CD"
31878,"NNS"
31879,"."
31880,"''"
31881,"IN"
31882,"DT"
31883,"NN"
31884,","
31885,"PRP"
31886,"VBD"
31887,"VBN"
31888,"TO"
31889,"VB"
31890,"VBD"
31891,","
31892,"``"
31893,"DT"
31894,"NN"
31895,"IN"
31896,"JJ"
31897,"NN"
31898,"NN"
31899,"VBZ"
31900,"RB"
31901,"VBG"
31902,"JJ"
31903,"NN"
31904,"IN"
31905,"PRP"
31906,"VBZ"
31907,"RB"
31908,"VBG"
31909,"DT"
31910,"NN"
31911,"."
31912,"''"
31913,"PRP"
31914,"VBD"
31915,"RB"
31916,"VB"
31917,"DT"
31918,","
31919,"CC"
31920,"PRP"
31921,"VBP"
31922,"RB"
31923,"VBN"
31924,"TO"
31925,"DT"
31926,"NN"
31927,"VBN"
31928,"IN"
31929,"DT"
31930,"NN"
31931,"."
31932,"PRP"
31933,"VBP"
31934,"RB"
31935,"VBN"
31936,"CC"
31937,"MD"
31938,"RB"
31939,"VB"
31940,"JJ"
31941,"NN"
31942,"IN"
31943,"DT"
31944,"CD"
31945,"NNS"
31946,","
31947,"NNP"
31948,"CC"
31949,"NNP"
31950,","
31951,"TO"
31952,"VB"
31953,"IN"
31954,"PRP$"
31955,"JJ"
31956,"NNS"
31957,"."
31958,"IN"
31959,"DT"
31960,"NN"
31961,"PRP"
31962,"VBP"
31963,"JJ"
31964,"NNS"
31965,"IN"
31966,"JJ"
31967,"NN"
31968,"NN"
31969,"IN"
31970,"NN"
31971,":"
31972,"CC"
31973,"DT"
31974,"VBZ"
31975,"DT"
31976,"NNS"
31977,"WP"
31978,"VBP"
31979,"VBG"
31980,"IN"
31981,"NN"
31982,"."
31983,"DT"
31984,"VBZ"
31985,"RB"
31986,"RB"
31987,"JJ"
31988,"NN"
31989,"."
31990,"PRP"
31991,"VBP"
31992,"DT"
31993,"NN"
31994,"WP"
31995,"RB"
31996,"VBZ"
31997,"IN"
31998,"NN"
31999,"NNS"
32000,","
32001,"DT"
32002,"NN"
32003,"CC"
32004,"NN"
32005,","
32006,"MD"
32007,"VB"
32008,"DT"
32009,"NN"
32010,"IN"
32011,"NN"
32012,"RB"
32013,"IN"
32014,"DT"
32015,"."
32016,"PRP$"
32017,"NN"
32018,","
32019,"VBD"
32020,"JJ"
32021,"IN"
32022,"DT"
32023,"VBN"
32024,"NN"
32025,"JJ"
32026,"TO"
32027,"DT"
32028,"NNS"
32029,"VBG"
32030,"DT"
32031,"NNP"
32032,"NNP"
32033,"NNP"
32034,"NN"
32035,"NN"
32036,","
32037,"VBD"
32038,"DT"
32039,"NN"
32040,":"
32041,"``"
32042,"JJ"
32043,"JJ"
32044,"NNS"
32045,"VBP"
32046,"RB"
32047,"IN"
32048,"NN"
32049,"VBG"
32050,"TO"
32051,"VB"
32052,"DT"
32053,"NNS"
32054,"."
32055,"DT"
32056,"NN"
32057,"NN"
32058,"NN"
32059,"TO"
32060,"DT"
32061,"NN"
32062,"RB"
32063,"RB"
32064,"DT"
32065,"JJ"
32066,"JJS"
32067,"NN"
32068,"WDT"
32069,"PRP"
32070,"VBP"
32071,"VBN"
32072,"NN"
32073,"CC"
32074,"RB"
32075,"DT"
32076,"NN"
32077,"IN"
32078,"NN"
32079,"RB"
32080,"RB"
32081,"."
32082,"PRP"
32083,"VBP"
32084,"DT"
32085,"NN"
32086,"IN"
32087,"JJ"
32088,"NN"
32089,"VBZ"
32090,"VBG"
32091,"JJ"
32092,"NN"
32093,"IN"
32094,"PRP"
32095,"VBZ"
32096,"RB"
32097,"VBN"
32098,"DT"
32099,"NN"
32100,"."
32101,"''"
32102,"PRP"
32103,"VBP"
32104,"RB"
32105,"JJ"
32106,"NNS"
32107,"IN"
32108,"RB"
32109,"JJR"
32110,"JJ"
32111,"NNS"
32112,"IN"
32113,"DT"
32114,"NN"
32115,"IN"
32116,"NN"
32117,"NN"
32118,"IN"
32119,"DT"
32120,"NNS"
32121,"RB"
32122,"RB"
32123,"."
32124,"DT"
32125,"NN"
32126,","
32127,"RB"
32128,","
32129,"MD"
32130,"RB"
32131,"VB"
32132,"VBN"
32133,"IN"
32134,"PRP"
32135,"VBP"
32136,"NN"
32137,"CC"
32138,"NN"
32139,"IN"
32140,"DT"
32141,"JJ"
32142,"NN"
32143,"."
32144,"NNP"
32145,"NNP"
32146,"NNP"
32147,"NNP"
32148,"."
32149,"NNP"
32150,"NNP"
32151,"NNP"
32152,","
32153,"NNP"
32154,"."
32155,"O"
32156,"DT"
32157,"NN"
32158,"CC"
32159,"NN"
32160,"NNS"
32161,","
32162,"VBN"
32163,"IN"
32164,"PRP$"
32165,"NN"
32166,"IN"
32167,"NNP"
32168,"NNP"
32169,"POS"
32170,"NN"
32171,"IN"
32172,"NNS"
32173,"IN"
32174,"NN"
32175,"IN"
32176,"JJ"
32177,"NNS"
32178,","
32179,"VBD"
32180,"DT"
32181,"JJ"
32182,"NN"
32183,"NN"
32184,"WDT"
32185,"MD"
32186,"VB"
32187,"IN"
32188,"DT"
32189,"JJ"
32190,"NN"
32191,"."
32192,"NNS"
32193,"IN"
32194,"DT"
32195,"NNP"
32196,"NNP"
32197,"NN"
32198,"NNS"
32199,"CC"
32200,"CD"
32201,"NN"
32202,"NNS"
32203,"VBD"
32204,"PRP"
32205,"VBP"
32206,"VBG"
32207,"RP"
32208,"TO"
32209,"VB"
32210,"DT"
32211,"RBS"
32212,"JJ"
32213,"NN"
32214,"IN"
32215,"VBG"
32216,"NNS"
32217,"POS"
32218,"NN"
32219,"NNS"
32220,","
32221,"IN"
32222,"DT"
32223,"NN"
32224,"IN"
32225,"DT"
32226,"NN"
32227,"IN"
32228,"JJ"
32229,"."
32230,"RB"
32231,","
32232,"PRP$"
32233,"NN"
32234,"RB"
32235,"MD"
32236,"RB"
32237,"VB"
32238,"JJ"
32239,"NN"
32240,"CC"
32241,"JJ"
32242,"NN"
32243,":"
32244,"DT"
32245,"CD"
32246,"NN"
32247,"NN"
32248,"NNS"
32249,":"
32250,"IN"
32251,"NNS"
32252,"TO"
32253,"VB"
32254,"VBN"
32255,"IN"
32256,"JJ"
32257,"NN"
32258,"."
32259,"RB"
32260,","
32261,"DT"
32262,"NNS"
32263,"MD"
32264,"VB"
32265,"RB"
32266,"IN"
32267,"JJ"
32268,"NNS"
32269,"IN"
32270,"NN"
32271,","
32272,"WDT"
32273,"VBP"
32274,"RB"
32275,"JJ"
32276,"CC"
32277,"WDT"
32278,"DT"
32279,"NN"
32280,"NN"
32281,"VBZ"
32282,"VBN"
32283,"VBG"
32284,"IN"
32285,"DT"
32286,"NN"
32287,"IN"
32288,"NN"
32289,"NN"
32290,"WDT"
32291,"VBZ"
32292,"VBG"
32293,"JJ"
32294,"NNS"
32295,"."
32296,"NNS"
32297,"VBD"
32298,"DT"
32299,"NN"
32300,"IN"
32301,"RB"
32302,"DT"
32303,"JJ"
32304,"NN"
32305,"TO"
32306,"VB"
32307,"IN"
32308,"DT"
32309,"NNP"
32310,"NNP"
32311,"NN"
32312,"TO"
32313,"VB"
32314,"DT"
32315,"CD"
32316,"NNS"
32317,"DT"
32318,"NN"
32319,"IN"
32320,"NN"
32321,"IN"
32322,"JJ"
32323,"NNS"
32324,"IN"
32325,"CD"
32326,"."
32327,"IN"
32328,"JJ"
32329,"NN"
32330,"NNS"
32331,"VBP"
32332,"VBN"
32333,"VBG"
32334,"IN"
32335,"JJ"
32336,"NN"
32337,"NNS"
32338,"IN"
32339,"NNS"
32340,","
32341,"JJ"
32342,"NNP"
32343,"NNP"
32344,"NNP"
32345,"VBZ"
32346,"RB"
32347,"VBG"
32348,"DT"
32349,"JJ"
32350,"NN"
32351,"IN"
32352,"JJR"
32353,"NNS"
32354,"RB"
32355,"VBG"
32356,"IN"
32357,"JJ"
32358,"NN"
32359,"."
32360,"DT"
32361,"JJ"
32362,"$"
32363,"CD"
32364,"CD"
32365,"NN"
32366,"NN"
32367,"MD"
32368,"VB"
32369,"DT"
32370,"RBS"
32371,"JJ"
32372,"NN"
32373,"TO"
32374,"NN"
32375,"IN"
32376,"JJ"
32377,"NNS"
32378,","
32379,"VBD"
32380,"NNP"
32381,"NNP"
32382,","
32383,"NN"
32384,"IN"
32385,"NNS"
32386,"CC"
32387,"NNS"
32388,"IN"
32389,"NNP"
32390,"NNP"
32391,"NNP"
32392,"NN"
32393,"NNS"
32394,"."
32395,"PRP"
32396,"MD"
32397,"VB"
32398,"CD"
32399,"JJ"
32400,"NNS"
32401,"IN"
32402,"NNS"
32403,"IN"
32404,"CD"
32405,"NNS"
32406,"IN"
32407,"RB"
32408,"TO"
32409,"CD"
32410,"NN"
32411,"FW"
32412,"."
32413,"DT"
32414,"JJ"
32415,"NN"
32416,"IN"
32417,"NN"
32418,","
32419,"WDT"
32420,"VBZ"
32421,"RB"
32422,"VBG"
32423,"VBN"
32424,","
32425,"MD"
32426,"VB"
32427,"JJ"
32428,"NNS"
32429,"IN"
32430,"JJR"
32431,"NN"
32432,"NNS"
32433,"RB"
32434,"VBG"
32435,"VBN"
32436,"IN"
32437,"NN"
32438,"IN"
32439,"CD"
32440,"CC"
32441,"CD"
32442,"NNS"
32443,"."
32444,"EX"
32445,"VBD"
32446,"DT"
32447,"NN"
32448,"NN"
32449,"IN"
32450,"DT"
32451,"JJ"
32452,"NN"
32453,"."
32454,"``"
32455,"DT"
32456,"JJ"
32457,"NN"
32458,"RB"
32459,"VBZ"
32460,"DT"
32461,"NN"
32462,"CC"
32463,"NN"
32464,"NNS"
32465,"VBP"
32466,"JJ"
32467,"NNS"
32468,","
32469,"''"
32470,"VBD"
32471,"NNP"
32472,"NN"
32473,","
32474,"DT"
32475,"JJ"
32476,"NN"
32477,"NN"
32478,"IN"
32479,"NN"
32480,"IN"
32481,"NNP"
32482,"NNP"
32483,"."
32484,"``"
32485,"CC"
32486,"PRP"
32487,"VBP"
32488,"VBG"
32489,"IN"
32490,"DT"
32491,"RBS"
32492,"JJ"
32493,"NN"
32494,"TO"
32495,"VB"
32496,"RP"
32497,"DT"
32498,"NN"
32499,"."
32500,"''"
32501,"CC"
32502,"NNP"
32503,"NNP"
32504,","
32505,"DT"
32506,"JJ"
32507,"NN"
32508,"IN"
32509,"DT"
32510,"NNP"
32511,"NNP"
32512,"NNP"
32513,"NNP"
32514,","
32515,"VBD"
32516,"DT"
32517,"NN"
32518,"VBZ"
32519,"RB"
32520,"TO"
32521,"VB"
32522,"DT"
32523,"NN"
32524,"TO"
32525,"VB"
32526,"JJ"
32527,"NN"
32528,"."
32529,"NN"
32530,"CC"
32531,"NN"
32532,"NNS"
32533,"VBD"
32534,"DT"
32535,"NN"
32536,"IN"
32537,"NNP"
32538,"NNP"
32539,"JJ"
32540,"NN"
32541,"TO"
32542,"NN"
32543,"NNP"
32544,"NNP"
32545,"POS"
32546,"NNS"
32547,"TO"
32548,"VB"
32549,"NN"
32550,"NNS"
32551,"TO"
32552,"VB"
32553,"VBG"
32554,"JJ"
32555,"NNS"
32556,"IN"
32557,"CD"
32558,"."
32559,"RB"
32560,","
32561,"DT"
32562,"NNP"
32563,"NN"
32564,"VBD"
32565,"DT"
32566,"NNP"
32567,"NN"
32568,"IN"
32569,"RB"
32570,"JJ"
32571,"JJ"
32572,"NN"
32573,"IN"
32574,"DT"
32575,"NN"
32576,"."
32577,"DT"
32578,"NNP"
32579,"NN"
32580,"VBZ"
32581,"VBN"
32582,"PRP"
32583,"MD"
32584,"VB"
32585,"TO"
32586,"VB"
32587,"PRP$"
32588,"NN"
32589,"WRB"
32590,"DT"
32591,"NNP"
32592,"NNP"
32593,"CC"
32594,"NNP"
32595,"NNP"
32596,"VBZ"
32597,"RB"
32598,"DT"
32599,"JJ"
32600,"NN"
32601,"NN"
32602,"."
32603,"O"
32604,"NNP"
32605,"NNP"
32606,","
32607,"NN"
32608,"IN"
32609,"DT"
32610,"NNP"
32611,"NNP"
32612,"NNP"
32613,"NNP"
32614,","
32615,"VBD"
32616,"NNP"
32617,"NNP"
32618,"CC"
32619,"NNP"
32620,"NNP"
32621,"MD"
32622,"VB"
32623,"VBN"
32624,"VBN"
32625,"IN"
32626,"DT"
32627,"NN"
32628,"IN"
32629,"CD"
32630,"TO"
32631,"VB"
32632,"NNS"
32633,"IN"
32634,"PRP"
32635,"VBD"
32636,"MD"
32637,"VB"
32638,"NNS"
32639,"IN"
32640,"JJ"
32641,"IN"
32642,"$"
32643,"CD"
32644,"CD"
32645,"."
32646,"NNP"
32647,"NNP"
32648,","
32649,"WP"
32650,"VBZ"
32651,"VBN"
32652,"DT"
32653,"NN"
32654,"POS"
32655,"JJ"
32656,"NN"
32657,"NN"
32658,","
32659,"VBD"
32660,"DT"
32661,"NNS"
32662,"IN"
32663,"NNP"
32664,","
32665,"VBN"
32666,"IN"
32667,"NNP"
32668,","
32669,"NNP"
32670,","
32671,"IN"
32672,"PRP$"
32673,"JJ"
32674,"NN"
32675,"VBD"
32676,"VBN"
32677,"IN"
32678,"DT"
32679,"JJ"
32680,"JJ"
32681,"NN"
32682,"NN"
32683,"."
32684,"PRP"
32685,"VBD"
32686,"PRP$"
32687,"NNS"
32688,"IN"
32689,"NNP"
32690,"NNP"
32691,"NNP"
32692,"NNS"
32693,"TO"
32694,"VB"
32695,"WP"
32696,"VBZ"
32697,"TO"
32698,"VB"
32699,"DT"
32700,"JJS"
32701,"NN"
32702,"NN"
32703,"IN"
32704,"DT"
32705,"JJ"
32706,"NN"
32707,"."
32708,"DT"
32709,"NN"
32710,"RB"
32711,"MD"
32712,"VB"
32713,"DT"
32714,"NNS"
32715,"IN"
32716,"NNP"
32717,"NNP"
32718,"NNP"
32719,","
32720,"WP"
32721,"VBZ"
32722,"NN"
32723,"IN"
32724,"NNP"
32725,"NNP"
32726,"NNP"
32727,","
32728,"NNP"
32729,"POS"
32730,"NN"
32731,","
32732,"CC"
32733,"WP"
32734,"VBD"
32735,"RB"
32736,"TO"
32737,"JJ"
32738,"JJ"
32739,"NNS"
32740,"."
32741,"NNP"
32742,"NNP"
32743,"VBD"
32744,"DT"
32745,"NN"
32746,"IN"
32747,"DT"
32748,"NNP"
32749,"NNP"
32750,"NNP"
32751,","
32752,"DT"
32753,"NN"
32754,"VBD"
32755,"TO"
32756,"VB"
32757,"JJ"
32758,"NNS"
32759,","
32760,"VBZ"
32761,"VBN"
32762,"NNP"
32763,"POS"
32764,"NN"
32765,"NNS"
32766,"IN"
32767,"JJ"
32768,"NNS"
32769,"VBG"
32770,"RB"
32771,"TO"
32772,"CD"
32773,"."
32774,"``"
32775,"PRP$"
32776,"NN"
32777,"VBD"
32778,"WDT"
32779,"VBD"
32780,"PRP"
32781,"VBD"
32782,"JJ"
32783,"NNS"
32784,"IN"
32785,"NN"
32786,"IN"
32787,"PRP$"
32788,"JJ"
32789,"NNS"
32790,","
32791,"PRP"
32792,"MD"
32793,"VB"
32794,"VBN"
32795,"DT"
32796,"JJ"
32797,"NN"
32798,"NN"
32799,"TO"
32800,"VB"
32801,"DT"
32802,"JJ"
32803,"NNS"
32804,","
32805,"''"
32806,"NNP"
32807,"NNP"
32808,"VBD"
32809,"."
32810,"WRB"
32811,"NNP"
32812,"VBD"
32813,"VBN"
32814,"IN"
32815,"DT"
32816,"NN"
32817,","
32818,"IN"
32819,"NN"
32820,","
32821,"CD"
32822,"NN"
32823,"IN"
32824,"PRP$"
32825,"NNS"
32826,","
32827,"CC"
32828,"$"
32829,"CD"
32830,"CD"
32831,","
32832,"VBD"
32833,"TO"
32834,"NNS"
32835,"WP"
32836,"VBD"
32837,"VBG"
32838,"JJ"
32839,"NN"
32840,"IN"
32841,"NN"
32842,"IN"
32843,"NNP"
32844,"NNP"
32845,"POS"
32846,"CD"
32847,"JJ"
32848,"NNS"
32849,","
32850,"VBG"
32851,"TO"
32852,"NNP"
32853,"NNP"
32854,"."
32855,"CC"
32856,"DT"
32857,"NN"
32858,"VBD"
32859,"RB"
32860,"VB"
32861,"IN"
32862,"IN"
32863,"CD"
32864,"NNS"
32865,"RB"
32866,","
32867,"WRB"
32868,"NN"
32869,"NNS"
32870,"VBD"
32871,"NNP"
32872,"IN"
32873,"NN"
32874,":"
32875,"DT"
32876,"NN"
32877,"IN"
32878,"NNP"
32879,"NNP"
32880,"VBD"
32881,"IN"
32882,"NNP"
32883,"CD"
32884,"NN"
32885,"NN"
32886,"IN"
32887,"NNS"
32888,"."
32889,"DT"
32890,"NN"
32891,"NN"
32892,","
32893,"DT"
32894,"NN"
32895,"VBZ"
32896,"VBN"
32897,"IN"
32898,"DT"
32899,"$"
32900,"CD"
32901,"CD"
32902,"JJ"
32903,"NN"
32904,","
32905,"VBD"
32906,"NN"
32907,"IN"
32908,"DT"
32909,"NN"
32910,"TO"
32911,"VB"
32912,"JJ"
32913,"NNS"
32914,"TO"
32915,"DT"
32916,"NN"
32917,"NN"
32918,","
32919,"WDT"
32920,"VBD"
32921,"DT"
32922,"NNS"
32923,"IN"
32924,"DT"
32925,"NN"
32926,"IN"
32927,"JJ"
32928,"NNS"
32929,"."
32930,"DT"
32931,"NNS"
32932,"WDT"
32933,"VBP"
32934,"VBN"
32935,"VBN"
32936,"TO"
32937,"JJ"
32938,"NNS"
32939,"VBP"
32940,"RB"
32941,"IN"
32942,"DT"
32943,"NN"
32944,"IN"
32945,"DT"
32946,"NN"
32947,"NN"
32948,"."
32949,"``"
32950,"PRP"
32951,"VBP"
32952,"PRP"
32953,"VBZ"
32954,"RB"
32955,"JJ"
32956,"("
32957,"NNP"
32958,"NNP"
32959,")"
32960,"VBD"
32961,","
32962,"''"
32963,"DT"
32964,"NNS"
32965,"VBD"
32966,"VBN"
32967,"TO"
32968,"VB"
32969,"NNP"
32970,","
32971,"NNP"
32972,"NNP"
32973,"VBD"
32974,"."
32975,"JJ"
32976,"NN"
32977,","
32978,"PRP"
32979,"VBD"
32980,","
32981,"MD"
32982,"VB"
32983,"IN"
32984,"JJ"
32985,"NNS"
32986,"IN"
32987,"NNP"
32988,"POS"
32989,"NNS"
32990,","
32991,"VBD"
32992,"NNP"
32993,"NNP"
32994,","
32995,"``"
32996,"VBG"
32997,"NN"
32998,"NNS"
32999,"."
33000,"''"
33001,"NNP"
33002,"NNP"
33003,","
33004,"IN"
33005,"PRP$"
33006,"NN"
33007,","
33008,"VBZ"
33009,"VBN"
33010,"NN"
33011,"VBG"
33012,"IN"
33013,"NNS"
33014,"RB"
33015,"VBD"
33016,"DT"
33017,"NN"
33018,"."
33019,"NNP"
33020,"NNP"
33021,","
33022,"DT"
33023,"NN"
33024,"IN"
33025,"NNP"
33026,"IN"
33027,"NNP"
33028,"NNP"
33029,","
33030,"VBD"
33031,"TO"
33032,"VB"
33033,"IN"
33034,"DT"
33035,"NNS"
33036,","
33037,"IN"
33038,"TO"
33039,"VB"
33040,","
33041,"``"
33042,"PRP"
33043,"MD"
33044,"VB"
33045,"VBG"
33046,"RB"
33047,"IN"
33048,"JJ"
33049,"NNS"
33050,"TO"
33051,"DT"
33052,"IN"
33053,"DT"
33054,"NNS"
33055,"IN"
33056,"DT"
33057,"JJ"
33058,"NN"
33059,"."
33060,"''"
33061,"NNP"
33062,"POS"
33063,"NN"
33064,"IN"
33065,"JJ"
33066,"NN"
33067,"NNS"
33068,","
33069,"IN"
33070,"DT"
33071,"NN"
33072,"VBN"
33073,"IN"
33074,"DT"
33075,"JJ"
33076,"NN"
33077,","
33078,"VBZ"
33079,"VBN"
33080,"JJ"
33081,"IN"
33082,"CD"
33083,"NNS"
33084,"WP"
33085,"VBD"
33086,"NNS"
33087,"IN"
33088,"NNS"
33089,"IN"
33090,"NN"
33091,"NNS"
33092,"IN"
33093,"NNP"
33094,"NNP"
33095,"."
33096,"NNP"
33097,"NNP"
33098,"VBD"
33099,"NN"
33100,","
33101,"IN"
33102,"NN"
33103,","
33104,"DT"
33105,"NNP"
33106,"NNP"
33107,"NNP"
33108,"("
33109,"NNP"
33110,","
33111,"NNP"
33112,")"
33113,","
33114,"WP"
33115,"VBD"
33116,"$"
33117,"CD"
33118,"IN"
33119,"NNS"
33120,"IN"
33121,"NNP"
33122,"NNP"
33123,","
33124,"VBD"
33125,"NNP"
33126,"NNP"
33127,"TO"
33128,"VB"
33129,"IN"
33130,"PRP"
33131,"VBP"
33132,"IN"
33133,"DT"
33134,"NN"
33135,"IN"
33136,"NNP"
33137,"IN"
33138,"PRP"
33139,"MD"
33140,"VB"
33141,"VBN"
33142,"."
33143,"IN"
33144,"DT"
33145,"NN"
33146,"NN"
33147,"VBD"
33148,"VBN"
33149,"IN"
33150,"NNP"
33151,","
33152,"NNP"
33153,"NNP"
33154,"VBD"
33155,"DT"
33156,"NN"
33157,"NNS"
33158,"."
33159,"DT"
33160,"NN"
33161,"POS"
33162,"NN"
33163,"VBD"
33164,"NN"
33165,"IN"
33166,"PRP"
33167,"VBD"
33168,"IN"
33169,"DT"
33170,"NN"
33171,"IN"
33172,"NN"
33173,"IN"
33174,"``"
33175,"NNS"
33176,"IN"
33177,"NNP"
33178,"NNS"
33179,"("
33180,"IN"
33181,"NNP"
33182,")"
33183,"VBD"
33184,"IN"
33185,"DT"
33186,"NN"
33187,"."
33188,"''"
33189,"NNP"
33190,"NNP"
33191,"NNP"
33192,"NNP"
33193,"NNP"
33194,"NNP"
33195,"("
33196,"NNP"
33197,","
33198,"NNP"
33199,"."
33200,")"
33201,"VBZ"
33202,"RB"
33203,"VBN"
33204,"NNS"
33205,"PRP"
33206,"VBD"
33207,"IN"
33208,"NNP"
33209,"NNP"
33210,"DT"
33211,"NN"
33212,"RB"
33213,"."
33214,"NNP"
33215,"NNP"
33216,"NNP"
33217,"("
33218,"NNP"
33219,","
33220,"NNP"
33221,")"
33222,","
33223,"NNP"
33224,"NNP"
33225,","
33226,"("
33227,"NNP"
33228,","
33229,"NNP"
33230,")"
33231,"CC"
33232,"NNP"
33233,"NNP"
33234,"("
33235,"NNP"
33236,","
33237,"NNP"
33238,")"
33239,"RB"
33240,"VBD"
33241,"JJ"
33242,"NNS"
33243,"IN"
33244,"NNP"
33245,"NNP"
33246,"CC"
33247,"VBD"
33248,"TO"
33249,"VB"
33250,"IN"
33251,"NN"
33252,"IN"
33253,"NNP"
33254,"."
33255,"NNP"
33256,"NNP"
33257,"NNP"
33258,"NNP"
33259,"NNP"
33260,"NNP"
33261,"("
33262,"NNP"
33263,","
33264,"NNP"
33265,")"
33266,"VBD"
33267,"NNP"
33268,"NNP"
33269,"VBD"
33270,"TO"
33271,"VB"
33272,"IN"
33273,"DT"
33274,"NN"
33275,"NN"
33276,","
33277,"IN"
33278,"JJ"
33279,"."
33280,"CC"
33281,"DT"
33282,"NN"
33283,"NN"
33284,"NN"
33285,"VBD"
33286,"DT"
33287,"NN"
33288,"VBZ"
33289,"JJ"
33290,"TO"
33291,"VB"
33292,"RB"
33293,"DT"
33294,"NN"
33295,"IN"
33296,"DT"
33297,"NNS"
33298,"."
33299,"IN"
33300,"DT"
33301,"NN"
33302,","
33303,"NNP"
33304,"NNP"
33305,"VBD"
33306,"DT"
33307,"NNP"
33308,"VBZ"
33309,"RB"
33310,"VBN"
33311,"$"
33312,"CD"
33313,"CD"
33314,"IN"
33315,"NN"
33316,"IN"
33317,"NN"
33318,"."
33319,"PRP"
33320,"RB"
33321,"VBD"
33322,"IN"
33323,"JJ"
33324,"NN"
33325,"IN"
33326,"NN"
33327,"IN"
33328,"NNS"
33329,"IN"
33330,"$"
33331,"CD"
33332,"CD"
33333,"IN"
33334,"NNP"
33335,"NNP"
33336,"JJ"
33337,"NN"
33338,"."
33339,"DT"
33340,"IN"
33341,"DT"
33342,"NNS"
33343,"VBP"
33344,"VBN"
33345,"DT"
33346,"NN"
33347,","
33348,"VBG"
33349,"PRP"
33350,"VBD"
33351,"PRP"
33352,"VBD"
33353,"VBG"
33354,"JJ"
33355,"NNS"
33356,"IN"
33357,"NN"
33358,"."
33359,"``"
33360,"PRP"
33361,"VBP"
33362,"DT"
33363,"NNS"
33364,"IN"
33365,"DT"
33366,"NN"
33367,"TO"
33368,"VB"
33369,"IN"
33370,"DT"
33371,"NNS"
33372,","
33373,"''"
33374,"PRP"
33375,"VBD"
33376,"."
33377,"O"
33378,"NNP"
33379,"NNP"
33380,"POS"
33381,"NNS"
33382,"NN"
33383,","
33384,"JJ"
33385,"IN"
33386,"DT"
33387,"NN"
33388,"POS"
33389,"NNS"
33390,"IN"
33391,"VBG"
33392,"IN"
33393,"NN"
33394,"NNS"
33395,","
33396,"VBD"
33397,"PRP$"
33398,"JJ"
33399,"NNS"
33400,"TO"
33401,"VB"
33402,"JJ"
33403,"NNS"
33404,"TO"
33405,"DT"
33406,"NN"
33407,"."
33408,"NNS"
33409,"IN"
33410,"DT"
33411,"NN"
33412,"NN"
33413,"IN"
33414,"NNP"
33415,"CC"
33416,"NNP"
33417,"CC"
33418,"DT"
33419,"NNS"
33420,"NN"
33421,"IN"
33422,"NNP"
33423,","
33424,"NNP"
33425,"CC"
33426,"NNP"
33427,","
33428,"VBN"
33429,"IN"
33430,"NNS"
33431,"TO"
33432,"VB"
33433,"IN"
33434,"NNP"
33435,"POS"
33436,"JJ"
33437,"NNS"
33438,","
33439,"VBD"
33440,"DT"
33441,"NN"
33442,"IN"
33443,"DT"
33444,"JJ"
33445,"NN"
33446,"NN"
33447,"IN"
33448,"NNP"
33449,"POS"
33450,"JJ"
33451,"NN"
33452,"TO"
33453,"VB"
33454,"IN"
33455,"NN"
33456,"NN"
33457,"VBZ"
33458,"RB"
33459,"JJR"
33460,"IN"
33461,"DT"
33462,"JJR"
33463,"NN"
33464,"WDT"
33465,"VBD"
33466,"DT"
33467,"NNS"
33468,"POS"
33469,"NN"
33470,"."
33471,"VBG"
33472,"TO"
33473,"CD"
33474,"NN"
33475,"NN"
33476,"IN"
33477,"DT"
33478,"NN"
33479,","
33480,"NNP"
33481,"POS"
33482,"JJ"
33483,"NN"
33484,"VBZ"
33485,"RB"
33486,"``"
33487,"RB"
33488,"JJ"
33489,"."
33490,"''"
33491,"VBN"
33492,"IN"
33493,"DT"
33494,"NNS"
33495,"POS"
33496,"NNS"
33497,","
33498,"DT"
33499,"NNP"
33500,"NN"
33501,"VBD"
33502,"``"
33503,"PRP"
33504,"RB"
33505,"VBP"
33506,"."
33507,"''"
33508,"PRP"
33509,"VBD"
33510,"PRP"
33511,"VBP"
33512,"``"
33513,"VBN"
33514,"CC"
33515,"VBN"
33516,"DT"
33517,"JJ"
33518,"NNS"
33519,"WDT"
33520,"VBP"
33521,"PRP$"
33522,"NN"
33523,"RB"
33524,"JJ"
33525,"."
33526,"''"
33527,"IN"
33528,"DT"
33529,"JJ"
33530,"NN"
33531,"NN"
33532,"RB"
33533,","
33534,"NNP"
33535,"NNP"
33536,","
33537,"NN"
33538,"IN"
33539,"NNP"
33540,"POS"
33541,"NN"
33542,"NNP"
33543,"NNP"
33544,"NNP"
33545,","
33546,"VBD"
33547,"NNP"
33548,"VBD"
33549,"VBG"
33550,"PRP$"
33551,"NNS"
33552,"IN"
33553,"VBG"
33554,"RB"
33555,"IN"
33556,"NN"
33557,"CC"
33558,"VBD"
33559,"PRP"
33560,"MD"
33561,"VB"
33562,"IN"
33563,"NNP"
33564,"CD"
33565,"NN"
33566,"IN"
33567,"NNS"
33568,"RB"
33569,"JJ"
33570,"NN"
33571,","
33572,"VBG"
33573,"IN"
33574,"JJR"
33575,"NN"
33576,"IN"
33577,"PRP"
33578,"RB"
33579,"VBD"
33580,"VBN"
33581,"."
33582,"PRP"
33583,"VBD"
33584,","
33585,"IN"
33586,"PRP"
33587,"VBZ"
33588,"RB"
33589,","
33590,"IN"
33591,"NNS"
33592,"MD"
33593,"VB"
33594,"VBN"
33595,"IN"
33596,"JJ"
33597,"IN"
33598,"DT"
33599,"NN"
33600,"."
33601,"NNP"
33602,"NNP"
33603,"VBD"
33604,"DT"
33605,"NN"
33606,"IN"
33607,"NNS"
33608,"POS"
33609,"JJ"
33610,"NN"
33611,"TO"
33612,"PRP$"
33613,"NN"
33614,"."
33615,"``"
33616,"PRP"
33617,"VBP"
33618,"IN"
33619,"DT"
33620,"NN"
33621,"IN"
33622,"VBG"
33623,"DT"
33624,"VBN"
33625,"NN"
33626,"IN"
33627,"DT"
33628,"NNS"
33629,"CC"
33630,"VB"
33631,"NN"
33632,"IN"
33633,"VBN"
33634,"NN"
33635,"RB"
33636,","
33637,"''"
33638,"NNP"
33639,"NNP"
33640,"VBD"
33641,"NNS"
33642,"."
33643,"``"
33644,"PRP"
33645,"VBP"
33646,"VBG"
33647,"CC"
33648,"VBG"
33649,"JJ"
33650,"NNS"
33651,","
33652,"''"
33653,"PRP"
33654,"VBD"
33655,"."
33656,"IN"
33657,"NNP"
33658,","
33659,"NNP"
33660,"CC"
33661,"PRP$"
33662,"NNS"
33663,"VBD"
33664,"IN"
33665,"DT"
33666,"NN"
33667,"NN"
33668,"WDT"
33669,"VBD"
33670,"IN"
33671,"NNP"
33672,"TO"
33673,"VB"
33674,"$"
33675,"CD"
33676,"CD"
33677,"IN"
33678,"NNS"
33679,"CC"
33680,"TO"
33681,"VB"
33682,"IN"
33683,"NN"
33684,"NN"
33685,"IN"
33686,"NNS"
33687,"PRP$"
33688,"JJ"
33689,"NN"
33690,"."
33691,"CC"
33692,"IN"
33693,"VBG"
33694,"RP"
33695,"NNS"
33696,"JJ"
33697,"IN"
33698,"PRP$"
33699,"JJ"
33700,"JJ"
33701,"NN"
33702,","
33703,"PRP$"
33704,"NNP"
33705,"NN"
33706,"CC"
33707,"JJ"
33708,"NNS"
33709,","
33710,"NNP"
33711,"VBD"
33712,"DT"
33713,"JJ"
33714,"NN"
33715,"."
33716,"PRP"
33717,"MD"
33718,"RB"
33719,"VB"
33720,"PRP$"
33721,"JJ"
33722,"JJ"
33723,"NNS"
33724,","
33725,"NN"
33726,"IN"
33727,"DT"
33728,"JJ"
33729,"NNS"
33730,"VBN"
33731,"IN"
33732,"NN"
33733,"."
33734,"DT"
33735,"NNS"
33736,","
33737,"VBN"
33738,"IN"
33739,"DT"
33740,"NNS"
33741,"POS"
33742,"NNS"
33743,"IN"
33744,"IN"
33745,"$"
33746,"CD"
33747,"CD"
33748,","
33749,"VBD"
33750,"TO"
33751,"VB"
33752,"VBN"
33753,"TO"
33754,"NNP"
33755,"NNP"
33756,"POS"
33757,"NNP"
33758,"NNP"
33759,"."
33760,"DT"
33761,"JJ"
33762,"NN"
33763,"IN"
33764,"NNS"
33765,"IN"
33766,"NNP"
33767,","
33768,"IN"
33769,"DT"
33770,"JJ"
33771,"NN"
33772,"IN"
33773,"NNP"
33774,"CC"
33775,"DT"
33776,"NNP"
33777,"NNP"
33778,"NN"
33779,","
33780,"VBD"
33781,"DT"
33782,"NN"
33783,"TO"
33784,"VB"
33785,"."
33786,"NNP"
33787,"RB"
33788,"VBD"
33789,"PRP"
33790,"MD"
33791,"VB"
33792,"TO"
33793,"VB"
33794,"CC"
33795,"VB"
33796,"DT"
33797,"NNS"
33798,"PRP"
33799,","
33800,"WDT"
33801,"MD"
33802,"VB"
33803,"PRP"
33804,"IN"
33805,"JJR"
33806,"NN"
33807,"IN"
33808,"PRP$"
33809,"NN"
33810,"."
33811,"PRP"
33812,"RB"
33813,"MD"
33814,"VB"
33815,"NNP"
33816,"DT"
33817,"JJR"
33818,"NN"
33819,"IN"
33820,"DT"
33821,"JJ"
33822,"NN"
33823,"VBN"
33824,"IN"
33825,"DT"
33826,"JJ"
33827,"NN"
33828,"."
33829,"DT"
33830,"NNS"
33831,"IN"
33832,"PRP$"
33833,"NN"
33834,"VBD"
33835,"DT"
33836,"NN"
33837,"NN"
33838,"RB"
33839,"VBD"
33840,"TO"
33841,"NNS"
33842,"MD"
33843,"VB"
33844,"TO"
33845,"VB"
33846,"VBN"
33847,"."
33848,"IN"
33849,"RB"
33850,","
33851,"NNP"
33852,"VBZ"
33853,"VBN"
33854,"VBG"
33855,"IN"
33856,"NNS"
33857,"IN"
33858,"NNS"
33859,","
33860,"CC"
33861,"DT"
33862,"NNS"
33863,"NN"
33864,"VBZ"
33865,"VBN"
33866,"VBG"
33867,"NNS"
33868,"IN"
33869,"DT"
33870,"NNS"
33871,"."
33872,"DT"
33873,"NN"
33874,"VBZ"
33875,"CD"
33876,"NNS"
33877,"IN"
33878,"NNS"
33879,"PRP"
33880,"VBZ"
33881,"RB"
33882,"TO"
33883,"VB"
33884,"NNP"
33885,"POS"
33886,"NNS"
33887,"."
33888,"DT"
33889,"VBD"
33890,"DT"
33891,"JJ"
33892,"NN"
33893,"MD"
33894,"RB"
33895,"VB"
33896,"."
33897,"NNP"
33898,"CC"
33899,"NNP"
33900,"VBD"
33901,"NNP"
33902,"POS"
33903,"NNS"
33904,"MD"
33905,"VB"
33906,"PRP$"
33907,"NNS"
33908,"IN"
33909,"NNS"
33910,"IN"
33911,"NN"
33912,","
33913,"NN"
33914,"CC"
33915,"NN"
33916,"IN"
33917,"$"
33918,"CD"
33919,"CD"
33920,","
33921,"CC"
33922,"IN"
33923,"NNP"
33924,"POS"
33925,"NN"
33926,"VBD"
33927,"DT"
33928,"NN"
33929,"NN"
33930,","
33931,"VBG"
33932,"TO"
33933,"DT"
33934,"NN"
33935,"NN"
33936,"IN"
33937,"NN"
33938,"POS"
33939,"NN"
33940,"."
33941,"NNS"
33942,"IN"
33943,"NNP"
33944,"NNP"
33945,"VBD"
33946,"NNP"
33947,"MD"
33948,"VB"
33949,"DT"
33950,"JJ"
33951,"NN"
33952,"IN"
33953,"$"
33954,"CD"
33955,"CD"
33956,"TO"
33957,"$"
33958,"CD"
33959,"CD"
33960,","
33961,"DT"
33962,"NN"
33963,"VBD"
33964,"."
33965,"DT"
33966,"NNS"
33967,"VBD"
33968,"PRP"
33969,"VBD"
33970,"NNP"
33971,"MD"
33972,"VB"
33973,"TO"
33974,"VB"
33975,"JJ"
33976,"NN"
33977,"TO"
33978,"VB"
33979,"PRP$"
33980,"NNS"
33981,","
33982,"CC"
33983,"IN"
33984,"PRP"
33985,"MD"
33986,"VB"
33987,"RB"
33988,"JJR"
33989,"NN"
33990,"IN"
33991,"JJ"
33992,"."
33993,"JJ"
33994,"NNS"
33995,"RB"
33996,"MD"
33997,"VB"
33998,","
33999,"VBG"
34000,"NN"
34001,","
34002,"IN"
34003,"NNP"
34004,"VBZ"
34005,"DT"
34006,"JJR"
34007,"NN"
34008,"."
34009,"IN"
34010,"DT"
34011,"NN"
34012,"NN"
34013,","
34014,"NNP"
34015,"NNP"
34016,"CC"
34017,"NNP"
34018,"NNP"
34019,"NNP"
34020,"NNP"
34021,"VBD"
34022,"DT"
34023,"JJ"
34024,"NN"
34025,"NN"
34026,"."
34027,"VBN"
34028,"IN"
34029,"NN"
34030,"NNS"
34031,","
34032,"NNS"
34033,"CC"
34034,"NN"
34035,"NNS"
34036,"VBN"
34037,"IN"
34038,"CD"
34039,"JJ"
34040,"JJ"
34041,"NNS"
34042,","
34043,"PRP"
34044,"VBD"
34045,"NNP"
34046,"VBZ"
34047,"VBN"
34048,"PRP$"
34049,"JJ"
34050,"NNS"
34051,"CC"
34052,"VBZ"
34053,"VBG"
34054,"PRP$"
34055,"NNS"
34056,"."
34057,"JJ"
34058,"JJ"
34059,"NN"
34060,","
34061,"NNP"
34062,"MD"
34063,"VB"
34064,"VBG"
34065,"NNP"
34066,"NNS"
34067,"RB"
34068,"RB"
34069,"IN"
34070,"DT"
34071,"RB"
34072,"VBN"
34073,"CD"
34074,","
34075,"PRP"
34076,"VBD"
34077,"."
34078,"NNP"
34079,"NNP"
34080,"VBD"
34081,"TO"
34082,"VB"
34083,"IN"
34084,"NNP"
34085,"POS"
34086,"JJ"
34087,"NNS"
34088,","
34089,"CC"
34090,"VBD"
34091,"PRP"
34092,"VBD"
34093,"RB"
34094,"VB"
34095,"NNP"
34096,"MD"
34097,"VB"
34098,"TO"
34099,"NN"
34100,"IN"
34101,"DT"
34102,"NN"
34103,"IN"
34104,"NN"
34105,"NNS"
34106,"RB"
34107,"VBN"
34108,"IN"
34109,"NN"
34110,"."
34111,"DT"
34112,"NNS"
34113,"VBP"
34114,"JJ"
34115,"CD"
34116,"CD"
34117,"NNS"
34118,","
34119,"RB"
34120,"IN"
34121,"NN"
34122,"NNS"
34123,"."
34124,"DT"
34125,"NN"
34126,"NNP"
34127,"VBZ"
34128,"TO"
34129,"VB"
34130,","
34131,"PRP"
34132,"VBD"
34133,","
34134,"VBZ"
34135,"IN"
34136,"NNP"
34137,"TO"
34138,"VB"
34139,"$"
34140,"CD"
34141,"CD"
34142,"IN"
34143,"NN"
34144,"IN"
34145,"NN"
34146,"POS"
34147,"NN"
34148,"."
34149,"CC"
34150,"PRP"
34151,"CC"
34152,"NNP"
34153,"NNP"
34154,"VBD"
34155,"DT"
34156,"NN"
34157,"MD"
34158,"VB"
34159,"VBN"
34160,"IN"
34161,"NNP"
34162,"."
34163,"IN"
34164,"JJ"
34165,"NNS"
34166,"IN"
34167,"NNS"
34168,","
34169,"NNP"
34170,"NNP"
34171,"VBD"
34172,"IN"
34173,"NNS"
34174,"IN"
34175,"DT"
34176,"NN"
34177,"``"
34178,"PRP"
34179,"MD"
34180,"VB"
34181,"TO"
34182,"VB"
34183,"WRB"
34184,"PRP"
34185,"("
34186,"NNS"
34187,")"
34188,"VBP"
34189,"RB"
34190,"."
34191,"''"
34192,"RB"
34193,","
34194,"PRP"
34195,"VBD"
34196,","
34197,"``"
34198,"PRP"
34199,"VBZ"
34200,"RB"
34201,"DT"
34202,"NN"
34203,"IN"
34204,"DT"
34205,"NN"
34206,"VB"
34207,"VBN"
34208,"IN"
34209,"NNS"
34210,"."
34211,"PRP"
34212,"MD"
34213,"VB"
34214,"VBN"
34215,"IN"
34216,"DT"
34217,"NN"
34218,"."
34219,"''"
34220,"IN"
34221,"NN"
34222,"NN"
34223,","
34224,"NNP"
34225,"VBZ"
34226,"JJ"
34227,"NNS"
34228,"IN"
34229,"DT"
34230,"JJ"
34231,"NN"
34232,"TO"
34233,"VB"
34234,"PRP$"
34235,"JJ"
34236,"NN"
34237,"NN"
34238,"."
34239,"DT"
34240,"NN"
34241,"VBZ"
34242,"VBN"
34243,"VBN"
34244,"RB"
34245,"CC"
34246,"MD"
34247,"VB"
34248,"VBN"
34249,"RB"
34250,"."
34251,"IN"
34252,"NNP"
34253,"MD"
34254,"VB"
34255,"NN"
34256,"NN"
34257,","
34258,"NN"
34259,"NN"
34260,"IN"
34261,"PRP$"
34262,"NN"
34263,"MD"
34264,"VB"
34265,"RB"
34266,"JJ"
34267,"."
34268,"CC"
34269,"NNS"
34270,"VBP"
34271,"JJ"
34272,"TO"
34273,"VB"
34274,"IN"
34275,"NN"
34276,"NN"
34277,"IN"
34278,"PRP$"
34279,"JJ"
34280,"NN"
34281,","
34282,"CC"
34283,"DT"
34284,"NN"
34285,"MD"
34286,"VB"
34287,"DT"
34288,"NNS"
34289,"CC"
34290,"VB"
34291,"PRP$"
34292,"JJ"
34293,"."
34294,"IN"
34295,"DT"
34296,"NN"
34297,","
34298,"DT"
34299,"NNS"
34300,"JJ"
34301,"IN"
34302,"DT"
34303,"NN"
34304,"NN"
34305,"IN"
34306,"DT"
34307,"NN"
34308,"MD"
34309,"VB"
34310,"IN"
34311,"NNP"
34312,"IN"
34313,"NN"
34314,"IN"
34315,"NNP"
34316,"NNP"
34317,"CC"
34318,"NNP"
34319,"NNP"
34320,"."
34321,"NNP"
34322,"VBD"
34323,"JJ"
34324,"NN"
34325,"DT"
34326,"JJ"
34327,"NNS"
34328,"IN"
34329,"DT"
34330,"JJ"
34331,"NN"
34332,"VBD"
34333,"NNP"
34334,"CD"
34335,"."
34336,"NNP"
34337,"NNP"
34338,"VBD"
34339,"NNS"
34340,"DT"
34341,"NN"
34342,"NNP"
34343,"VBZ"
34344,"VBG"
34345,"MD"
34346,"VB"
34347,"DT"
34348,"NN"
34349,"CD"
34350,"NN"
34351,"TO"
34352,"CD"
34353,"NN"
34354,"IN"
34355,"DT"
34356,"NN"
34357,"IN"
34358,"DT"
34359,"NNP"
34360,"NNP"
34361,"."
34362,"PRP"
34363,"VBD"
34364,"PRP"
34365,"MD"
34366,"VB"
34367,"NN"
34368,"IN"
34369,"CD"
34370,"NNS"
34371,"DT"
34372,"NN"
34373,"IN"
34374,"JJ"
34375,"NN"
34376,","
34377,"RB"
34378,"RB"
34379,"JJR"
34380,"IN"
34381,"DT"
34382,"NN"
34383,"POS"
34384,"JJ"
34385,"NN"
34386,"IN"
34387,"CD"
34388,"DT"
34389,"NN"
34390,"."
34391,"O"
34392,"NNP"
34393,"IN"
34394,"VBG"
34395,"DT"
34396,"JJ"
34397,"NN"
34398,"NN"
34399,"IN"
34400,"CD"
34401,"JJ"
34402,"NN"
34403,"."
34404,"DT"
34405,"NN"
34406,"IN"
34407,"VBG"
34408,"DT"
34409,"CD"
34410,"NN"
34411,"NN"
34412,","
34413,"VBD"
34414,"IN"
34415,"PRP"
34416,"VBZ"
34417,"NN"
34418,"VBD"
34419,"DT"
34420,"JJ"
34421,"NN"
34422,","
34423,"VBZ"
34424,"JJ"
34425,"IN"
34426,"DT"
34427,"NN"
34428,"IN"
34429,"CD"
34430,","
34431,"NNS"
34432,"TO"
34433,"CD"
34434,"POS"
34435,"NN"
34436,"NN"
34437,"."
34438,"CC"
34439,"JJS"
34440,"NNS"
34441,"VBP"
34442,"IN"
34443,"DT"
34444,"NN"
34445,"WDT"
34446,"VBZ"
34447,"TO"
34448,"VB"
34449,"VBN"
34450,"NNS"
34451,"IN"
34452,"JJ"
34453,"NN"
34454,":"
34455,"PRP"
34456,"VBP"
34457,"VBN"
34458,"VBG"
34459,"TO"
34460,"VB"
34461,"PRP"
34462,"IN"
34463,"DT"
34464,"NN"
34465,"."
34466,"NNP"
34467,"CC"
34468,"NNP"
34469,"NNP"
34470,"NNP"
34471,"VBD"
34472,"DT"
34473,"JJ"
34474,"NN"
34475,"IN"
34476,"DT"
34477,"JJ"
34478,"NN"
34479,"NN"
34480,"NN"
34481,","
34482,"CC"
34483,"DT"
34484,"NN"
34485,"VBZ"
34486,"RB"
34487,"TO"
34488,"VB"
34489,"DT"
34490,"JJ"
34491,"NN"
34492,"NN"
34493,"."
34494,"RB"
34495,"DT"
34496,"NNP"
34497,"POS"
34498,"JJ"
34499,"NN"
34500,"VBZ"
34501,"DT"
34502,"NN"
34503,"TO"
34504,"VB"
34505,"IN"
34506,"DT"
34507,"JJ"
34508,"NN"
34509,"."
34510,"NNS"
34511,"IN"
34512,"JJ"
34513,"NN"
34514,"IN"
34515,"DT"
34516,"NNS"
34517,"IN"
34518,"VBG"
34519,"PRP"
34520,"IN"
34521,"DT"
34522,"JJ"
34523,"NN"
34524,"VBP"
34525,"JJ"
34526,"."
34527,"``"
34528,"PRP"
34529,"VBP"
34530,"PRP"
34531,"VBZ"
34532,"JJ"
34533,"NN"
34534,"IN"
34535,"DT"
34536,"NN"
34537,"NN"
34538,","
34539,"''"
34540,"VBZ"
34541,"NNP"
34542,"NNP"
34543,"IN"
34544,"NNP"
34545,"CC"
34546,"NNP"
34547,","
34548,"NNP"
34549,"."
34550,"IN"
34551,"DT"
34552,"NN"
34553,"VBZ"
34554,"RB"
34555,"VBN"
34556,","
34557,"PRP"
34558,"VBZ"
34559,","
34560,"``"
34561,"PRP"
34562,"VBP"
34563,"VBN"
34564,"VBG"
34565,"IN"
34566,"NNS"
34567,"WDT"
34568,"VBP"
34569,"RB"
34570,"JJ"
34571,"TO"
34572,"VB"
34573,","
34574,"IN"
34575,"EX"
34576,"VBP"
34577,"RB"
34578,"JJ"
34579,"JJ"
34580,"NN"
34581,"NNS"
34582,"TO"
34583,"VB"
34584,"."
34585,"''"
34586,"NNP"
34587,"NNP"
34588,"RB"
34589,"MD"
34590,"VB"
34591,"DT"
34592,"NN"
34593,"IN"
34594,"JJ"
34595,"NN"
34596,"DT"
34597,"NN"
34598,"CC"
34599,"JJ"
34600,","
34601,"NNP"
34602,"VBZ"
34603,"."
34604,"NNP"
34605,"POS"
34606,"NN"
34607,"MD"
34608,"VB"
34609,"VBN"
34610,"IN"
34611,"JJ"
34612,"NNS"
34613,"IN"
34614,"NN"
34615,"NNS"
34616,"."
34617,"DT"
34618,"NN"
34619,"NNS"
34620,"VBD"
34621,"NNS"
34622,"VBN"
34623,"IN"
34624,"DT"
34625,"NN"
34626,"IN"
34627,"NN"
34628,"NNS"
34629,","
34630,"RB"
34631,"RB"
34632,"IN"
34633,"NNS"
34634,"RB"
34635,"VBN"
34636,"IN"
34637,"JJ"
34638,"CD"
34639,"NNS"
34640,"."
34641,"PRP"
34642,"VBZ"
34643,"NNS"
34644,"VBP"
34645,"TO"
34646,"VB"
34647,"NN"
34648,"NNS"
34649,"IN"
34650,"DT"
34651,"CD"
34652,"CC"
34653,"VBD"
34654,"CD"
34655,"NNS"
34656,","
34657,"NNP"
34658,"VBZ"
34659,"DT"
34660,"JJR"
34661,"NN"
34662,"NN"
34663,":"
34664,"PRP"
34665,"VBP"
34666,"IN"
34667,"NNP"
34668,"CD"
34669,"TO"
34670,"VB"
34671,"."
34672,"VBG"
34673,"DT"
34674,"CD"
34675,"NN"
34676,"TO"
34677,"VB"
34678,"DT"
34679,"NN"
34680,"VBZ"
34681,"NN"
34682,"RBR"
34683,":"
34684,"CC"
34685,"IN"
34686,"JJ"
34687,"NNS"
34688,","
34689,"EX"
34690,"VBP"
34691,"JJ"
34692,"NNS"
34693,"TO"
34694,"VB"
34695,","
34696,"VBZ"
34697,"NN"
34698,"NNP"
34699,"NNP"
34700,"."
34701,"DT"
34702,"NN"
34703,":"
34704,"IN"
34705,"NN"
34706,"NNS"
34707,":"
34708,"VBZ"
34709,"JJ"
34710,"RB"
34711,"TO"
34712,"DT"
34713,"NN"
34714,"IN"
34715,"PRP"
34716,"VBZ"
34717,"$"
34718,"CD"
34719,"CC"
34720,"IN"
34721,"DT"
34722,"NN"
34723,"POS"
34724,"JJ"
34725,"NNS"
34726,"VBP"
34727,"CD"
34728,"NN"
34729,"IN"
34730,"JJ"
34731,"JJ"
34732,"NN"
34733,":"
34734,"NNS"
34735,"MD"
34736,"VB"
34737,"DT"
34738,"NN"
34739,"WRB"
34740,"NN"
34741,"VBZ"
34742,"JJR"
34743,"CC"
34744,"NNS"
34745,"JJR"
34746,"."
34747,"IN"
34748,"VBG"
34749,"DT"
34750,"JJ"
34751,"("
34752,"RB"
34753,"VBD"
34754,")"
34755,"VB"
34756,","
34757,"DT"
34758,"NN"
34759,"MD"
34760,"VB"
34761,"IN"
34762,"JJ"
34763,"NN"
34764,"VBZ"
34765,"VBN"
34766,"RB"
34767,"CC"
34768,"RB"
34769,"CC"
34770,"IN"
34771,"CD"
34772,"NN"
34773,"VBZ"
34774,"JJR"
34775,"NN"
34776,":"
34777,"WDT"
34778,"MD"
34779,"VB"
34780,"IN"
34781,"PRP"
34782,"MD"
34783,"VB"
34784,"RB"
34785,"CC"
34786,"RB"
34787,"."
34788,"DT"
34789,"NNP"
34790,"NNP"
34791,"JJ"
34792,"NNS"
34793,"IN"
34794,"NNP"
34795,"POS"
34796,"NNS"
34797,"."
34798,"NNS"
34799,"IN"
34800,"CD"
34801,"IN"
34802,"NNS"
34803,"IN"
34804,"JJ"
34805,"NN"
34806,"NNS"
34807,"VBD"
34808,"JJ"
34809,"NNP"
34810,","
34811,"CC"
34812,"DT"
34813,"NNP"
34814,"VBZ"
34815,"NNS"
34816,"IN"
34817,"DT"
34818,"NN"
34819,"NNS"
34820,"MD"
34821,"RB"
34822,"VB"
34823,"VBN"
34824,"IN"
34825,"JJ"
34826,"NN"
34827,"IN"
34828,"PRP$"
34829,"NNS"
34830,"VBP"
34831,"VBN"
34832,"``"
34833,"NNP"
34834,"''"
34835,"CC"
34836,"VBN"
34837,"IN"
34838,"NNP"
34839,"CD"
34840,"."
34841,"NNP"
34842,"MD"
34843,"VB"
34844,"VBN"
34845,"IN"
34846,"JJ"
34847,"NNS"
34848,","
34849,"CC"
34850,"JJ"
34851,"NNS"
34852,"IN"
34853,"DT"
34854,"NNS"
34855,"MD"
34856,"VB"
34857,"VBN"
34858,"IN"
34859,"DT"
34860,"NN"
34861,"JJ"
34862,"CC"
34863,"VBN"
34864,"VBZ"
34865,"CD"
34866,"NN"
34867,"CC"
34868,"JJR"
34869,"IN"
34870,"DT"
34871,"NN"
34872,"."
34873,"NNP"
34874,"NNP"
34875,"NNP"
34876,"VBZ"
34877,"DT"
34878,"JJ"
34879,"JJ"
34880,"NN"
34881,"NN"
34882,"IN"
34883,"NNP"
34884,"POS"
34885,"NNS"
34886,"."
34887,"IN"
34888,"DT"
34889,"NNS"
34890,":"
34891,"JJ"
34892,"NNS"
34893,"IN"
34894,"NNS"
34895,"JJ"
34896,"JJ"
34897,"NNP"
34898,"MD"
34899,"RB"
34900,"VB"
34901,"VBN"
34902,"IN"
34903,"PRP"
34904,"VBP"
34905,":"
34906,"CC"
34907,"VB"
34908,"DT"
34909,"NN"
34910,":"
34911,"CC"
34912,"VB"
34913,"NN"
34914,"JJ"
34915,"IN"
34916,"NNP"
34917,"CD"
34918,"."
34919,"NN"
34920,"NNS"
34921,"JJ"
34922,"IN"
34923,"NNP"
34924,"CD"
34925,"CC"
34926,"NNP"
34927,"CD"
34928,"MD"
34929,"VB"
34930,"VBN"
34931,"TO"
34932,"NNP"
34933,"CD"
34934,"."
34935,"NNS"
34936,"MD"
34937,"RB"
34938,"VB"
34939,"VBN"
34940,"IN"
34941,"NN"
34942,"NN"
34943,"NNS"
34944,"JJ"
34945,"NNP"
34946,"CD"
34947,"CC"
34948,"IN"
34949,"VBG"
34950,"VBN"
34951,"NNS"
34952,","
34953,"CC"
34954,"JJ"
34955,"NNS"
34956,"MD"
34957,"VB"
34958,"VBN"
34959,"IN"
34960,"NNS"
34961,"VBN"
34962,"IN"
34963,"NNP"
34964,"CD"
34965,"."
34966,"DT"
34967,"NN"
34968,"RB"
34969,"VBZ"
34970,"NN"
34971,"IN"
34972,"JJ"
34973,"NN"
34974,"NNS"
34975,"."
34976,"NNP"
34977,"NNP"
34978,"IN"
34979,"DT"
34980,"JJ"
34981,"NN"
34982,"VBD"
34983,"NNS"
34984,"IN"
34985,"JJ"
34986,"NNS"
34987,"IN"
34988,"NNP"
34989,"NNP"
34990,"NNP"
34991,"NNP"
34992,","
34993,"DT"
34994,"NNP"
34995,"NNP"
34996,","
34997,"NNP"
34998,","
34999,"NN"
35000,"IN"
35001,"JJ"
35002,"NNS"
35003,"."
35004,"NNP"
35005,"NNP"
35006,"VBD"
35007,"NN"
35008,"NNS"
35009,"IN"
35010,"JJ"
35011,"IN"
35012,"DT"
35013,"NNS"
35014,"VBD"
35015,"TO"
35016,"VB"
35017,"IN"
35018,"."
35019,"CC"
35020,"DT"
35021,"NNP"
35022,"NNP"
35023,"VBD"
35024,"DT"
35025,"NNS"
35026,"VBD"
35027,"JJ"
35028,"CC"
35029,"JJ"
35030,"CC"
35031,"VBD"
35032,"DT"
35033,"NNS"
35034,"."
35035,"NNP"
35036,"NNS"
35037,"WP"
35038,"VBP"
35039,"TO"
35040,"VB"
35041,"NNS"
35042,"NN"
35043,"IN"
35044,"JJ"
35045,"NNS"
35046,"VBN"
35047,"IN"
35048,"JJ"
35049,"NNS"
35050,"VBP"
35051,"DT"
35052,"NNS"
35053,"IN"
35054,"DT"
35055,"NNP"
35056,"NNP"
35057,"NN"
35058,"."
35059,"VBG"
35060,"IN"
35061,"DT"
35062,"NN"
35063,"MD"
35064,"VB"
35065,"$"
35066,"CD"
35067,"CD"
35068,"DT"
35069,"NN"
35070,","
35071,"NNS"
35072,"VBD"
35073,"DT"
35074,"NN"
35075,"IN"
35076,"CD"
35077,"JJ"
35078,"NNS"
35079,"CC"
35080,"``"
35081,"NNS"
35082,"''"
35083,"IN"
35084,"JJ"
35085,"NNS"
35086,"."
35087,"WRB"
35088,"DT"
35089,"NNP"
35090,"NNP"
35091,"VBZ"
35092,","
35093,"DT"
35094,"NN"
35095,"IN"
35096,"DT"
35097,"JJ"
35098,"NN"
35099,"NN"
35100,"MD"
35101,"VB"
35102,"NNS"
35103,"FW"
35104,"VBG"
35105,"NN"
35106,"VBZ"
35107,"VBG"
35108,"TO"
35109,"DT"
35110,"NN"
35111,"CC"
35112,"DT"
35113,"NN"
35114,","
35115,"IN"
35116,"NNS"
35117,"TO"
35118,"DT"
35119,"NN"
35120,"CC"
35121,"NNS"
35122,"."
35123,"NNP"
35124,"NNP"
35125,"NNP"
35126,"NNP"
35127,"VBZ"
35128,"DT"
35129,"NN"
35130,"NNS"
35131,"."
35132,"NNP"
35133,"NNP"
35134,"NNP"
35135,"NNP"
35136,"VBD"
35137,"DT"
35138,"NN"
35139,"NN"
35140,"POS"
35141,"NN"
35142,"IN"
35143,"NN"
35144,"."
35145,"NNS"
35146,"RB"
35147,"VBP"
35148,"NN"
35149,"CC"
35150,"NN"
35151,"IN"
35152,"NNS"
35153,"TO"
35154,"VB"
35155,"NN"
35156,"NNS"
35157,"TO"
35158,"DT"
35159,"NNP"
35160,"."
35161,"NNP"
35162,"NNP"
35163,"NNP"
35164,"IN"
35165,"NNP"
35166,","
35167,"NNP"
35168,","
35169,"DT"
35170,"NN"
35171,","
35172,"JJ"
35173,"JJ"
35174,"NN"
35175,","
35176,"VBD"
35177,"DT"
35178,"NN"
35179,"TO"
35180,"DT"
35181,"NNP"
35182,"NNP"
35183,"."
35184,"CC"
35185,"NNS"
35186,"RB"
35187,"VBP"
35188,"DT"
35189,"JJ"
35190,"NN"
35191,"VBZ"
35192,"TO"
35193,"VB"
35194,"NN"
35195,"IN"
35196,"JJ"
35197,"NN"
35198,":"
35199,"CC"
35200,"DT"
35201,"NNP"
35202,"VBD"
35203,"NNP"
35204,"MD"
35205,"VB"
35206,"VBN"
35207,"JJ"
35208,"NN"
35209,":"
35210,"IN"
35211,"PRP"
35212,"VBD"
35213,"DT"
35214,"NN"
35215,":"
35216,"IN"
35217,"PRP"
35218,"VBD"
35219,"$"
35220,"CD"
35221,"IN"
35222,"DT"
35223,"NN"
35224,"NN"
35225,"IN"
35226,"NNP"
35227,"IN"
35228,"NN"
35229,"NN"
35230,"IN"
35231,"RB"
35232,"$"
35233,"CD"
35234,"."
35235,"NNP"
35236,"POS"
35237,"NN"
35238,":"
35239,"DT"
35240,"NNS"
35241,"VBD"
35242,"IN"
35243,"NNS"
35244,"VBN"
35245,"IN"
35246,"DT"
35247,"JJ"
35248,"NN"
35249,":"
35250,"PRP"
35251,"VBD"
35252,"$"
35253,"CD"
35254,"IN"
35255,"NNP"
35256,"IN"
35257,"NN"
35258,"IN"
35259,"NN"
35260,"NNS"
35261,"CC"
35262,"JJ"
35263,"NNS"
35264,"CC"
35265,"$"
35266,"CD"
35267,"IN"
35268,"JJ"
35269,"NNS"
35270,"IN"
35271,"PRP$"
35272,"JJ"
35273,"NN"
35274,","
35275,"WP"
35276,"VBD"
35277,"VBN"
35278,"DT"
35279,"NN"
35280,"IN"
35281,"CD"
35282,"."
35283,"NNP"
35284,"VBD"
35285,"DT"
35286,"NN"
35287,":"
35288,"CC"
35289,"NN"
35290,"IN"
35291,"PRP$"
35292,"NN"
35293,"CC"
35294,"NN"
35295,"IN"
35296,"PRP$"
35297,"NN"
35298,"NN"
35299,"IN"
35300,"DT"
35301,"NN"
35302,"IN"
35303,"PRP$"
35304,"NN"
35305,"CC"
35306,"NNS"
35307,"VBN"
35308,"DT"
35309,"NN"
35310,"IN"
35311,"NNP"
35312,"VBD"
35313,"JJ"
35314,"CC"
35315,"PRP$"
35316,"NN"
35317,"IN"
35318,"NNS"
35319,"VBD"
35320,"JJ"
35321,"."
35322,"NNP"
35323,"NNP"
35324,"VBD"
35325,"DT"
35326,"NN"
35327,"IN"
35328,"JJ"
35329,"NNS"
35330,"IN"
35331,"JJ"
35332,"NN"
35333,","
35334,"IN"
35335,"NNP"
35336,"NNP"
35337,"VBD"
35338,"PRP$"
35339,"NNS"
35340,"."
35341,"NNS"
35342,":"
35343,"VBN"
35344,"WRB"
35345,"PRP"
35346,"VBD"
35347,"JJ"
35348,"NNS"
35349,"IN"
35350,"$"
35351,"CD"
35352,"IN"
35353,"IN"
35354,"VBD"
35355,"JJ"
35356,"NN"
35357,"IN"
35358,"$"
35359,"CD"
35360,","
35361,"NNP"
35362,"NNP"
35363,"PDT"
35364,"IN"
35365,"NNP"
35366,","
35367,"NNP"
35368,","
35369,"VBD"
35370,"DT"
35371,"NNP"
35372,"NNP"
35373,"PRP"
35374,"VBD"
35375,"VBN"
35376,"PRP$"
35377,"NN"
35378,"."
35379,"DT"
35380,"NN"
35381,"VBD"
35382,"PRP$"
35383,"JJ"
35384,"NNS"
35385,","
35386,"VBD"
35387,"PRP$"
35388,"NNS"
35389,","
35390,"CC"
35391,"VBD"
35392,"DT"
35393,"NN"
35394,"NN"
35395,":"
35396,"."
35397,"NNP"
35398,"NNP"
35399,"("
35400,"NNP"
35401,","
35402,"NNP"
35403,")"
35404,"VBD"
35405,"DT"
35406,"NN"
35407,"TO"
35408,"VB"
35409,"IN"
35410,"NN"
35411,"NNS"
35412,"IN"
35413,"NNS"
35414,"VBG"
35415,"TO"
35416,"DT"
35417,"NN"
35418,"IN"
35419,"JJ"
35420,"NNS"
35421,"."
35422,"O"
35423,"NNP"
35424,"NNP"
35425,"NNP"
35426,"NNP"
35427,"NNP"
35428,"CC"
35429,"NNS"
35430,"RP"
35431,"RB"
35432,"DT"
35433,"JJ"
35434,","
35435,"JJ"
35436,"NN"
35437,"RB"
35438,"JJ"
35439,"RB"
35440,"IN"
35441,"NN"
35442,"NNS"
35443,"."
35444,"IN"
35445,"DT"
35446,"JJ"
35447,"NN"
35448,","
35449,"PRP"
35450,"VBZ"
35451,"VBN"
35452,"IN"
35453,"DT"
35454,"NNP"
35455,"NNP"
35456,":"
35457,"DT"
35458,"NN"
35459,"IN"
35460,"JJ"
35461,"NNS"
35462,"IN"
35463,"DT"
35464,"NNP"
35465,"NNP"
35466,"NNP"
35467,"."
35468,"DT"
35469,"NN"
35470,"VBZ"
35471,"CD"
35472,"NNS"
35473,"IN"
35474,"DT"
35475,"JJ"
35476,"NN"
35477,":"
35478,"DT"
35479,"JJ"
35480,"NN"
35481,"IN"
35482,"DT"
35483,"NN"
35484,","
35485,"CC"
35486,"VBD"
35487,"IN"
35488,"NNP"
35489,"NNP"
35490,"CC"
35491,"CD"
35492,"NNS"
35493,"IN"
35494,"DT"
35495,"JJ"
35496,"CD"
35497,"NNS"
35498,"IN"
35499,"JJ"
35500,"JJ"
35501,"NN"
35502,"NNS"
35503,"."
35504,"``"
35505,"DT"
35506,","
35507,"''"
35508,"VBZ"
35509,"NNP"
35510,"NNP"
35511,","
35512,"``"
35513,"VBZ"
35514,"WP"
35515,"PRP"
35516,"POS"
35517,"PDT"
35518,"RB"
35519,"."
35520,"''"
35521,"NNP"
35522,"CD"
35523,"NNS"
35524,"RB"
35525,","
35526,"NNS"
35527,"IN"
35528,"DT"
35529,"NNP"
35530,"NNP"
35531,","
35532,"NNP"
35533,","
35534,"NN"
35535,"NN"
35536,"NN"
35537,"IN"
35538,"DT"
35539,"JJ"
35540,"WP"
35541,"VBP"
35542,"RB"
35543,"RB"
35544,"VB"
35545,"DT"
35546,"NN"
35547,"."
35548,"DT"
35549,"NN"
35550,","
35551,"JJ"
35552,"NNS"
35553,"VBD"
35554,"VBN"
35555,"IN"
35556,"DT"
35557,"NN"
35558,"IN"
35559,"DT"
35560,"NNP"
35561,"NNP"
35562,"NN"
35563,","
35564,"IN"
35565,"WDT"
35566,"DT"
35567,"NN"
35568,":"
35569,"VBN"
35570,"IN"
35571,"DT"
35572,"NN"
35573,"WDT"
35574,"VBD"
35575,"VBN"
35576,"TO"
35577,"NNS"
35578,":"
35579,"VBD"
35580,"PRP$"
35581,"NN"
35582,"."
35583,"DT"
35584,"NN"
35585,"VBD"
35586,"TO"
35587,"VB"
35588,"VBN"
35589,":"
35590,"DT"
35591,"NNS"
35592,"VBD"
35593,"CC"
35594,"VBD"
35595,"RB"
35596,"VBN"
35597,"."
35598,"IN"
35599,"JJ"
35600,"NNS"
35601,"IN"
35602,"NNP"
35603,"NNP"
35604,","
35605,"NNS"
35606,"VBP"
35607,"VBN"
35608,"VBN"
35609,"TO"
35610,"VB"
35611,"NNP"
35612,","
35613,"VBN"
35614,"IN"
35615,"NN"
35616,"NNS"
35617,"CC"
35618,"NN"
35619,"NN"
35620,"NNS"
35621,"TO"
35622,"VB"
35623,"JJ"
35624,"CC"
35625,"JJ"
35626,"VBG"
35627,"."
35628,"PRP"
35629,"VBP"
35630,"RB"
35631,"VBN"
35632,"NNS"
35633,"IN"
35634,"NN"
35635,"IN"
35636,"NNS"
35637,"IN"
35638,"NNS"
35639,"CC"
35640,"NNS"
35641,"VBD"
35642,"PRP"
35643,"VBD"
35644,"VBG"
35645,"VBN"
35646,"IN"
35647,"NNP"
35648,"."
35649,"``"
35650,"PRP"
35651,"VBD"
35652,"VBG"
35653,"VBN"
35654,","
35655,"''"
35656,"VBZ"
35657,"NNP"
35658,"NNP"
35659,","
35660,"NN"
35661,"NN"
35662,"IN"
35663,"DT"
35664,"NNP"
35665,"NNP"
35666,"NNP"
35667,"NNP"
35668,"NNP"
35669,"."
35670,"CD"
35671,"NNS"
35672,"RB"
35673,","
35674,"DT"
35675,"NN"
35676,"VBD"
35677,"TO"
35678,"VB"
35679,"DT"
35680,"NNS"
35681,"TO"
35682,"VB"
35683,"NNS"
35684,"IN"
35685,"PRP$"
35686,"CD"
35687,"NN"
35688,"NNS"
35689,"."
35690,"IN"
35691,"IN"
35692,"CD"
35693,"CD"
35694,"NNS"
35695,"RB"
35696,","
35697,"DT"
35698,"NN"
35699,"IN"
35700,"NN"
35701,"NNS"
35702,"IN"
35703,"DT"
35704,"NNP"
35705,"VBZ"
35706,"VBN"
35707,"TO"
35708,"VB"
35709,"TO"
35710,"CD"
35711,"CD"
35712,"IN"
35713,"CD"
35714,"."
35715,"IN"
35716,"JJS"
35717,"PDT"
35718,"DT"
35719,"NN"
35720,"MD"
35721,"VB"
35722,"VBN"
35723,"IN"
35724,"DT"
35725,"JJ"
35726,"CD"
35727,"NNS"
35728,"RB"
35729,"."
35730,"DT"
35731,"NN"
35732,"VBD"
35733,"RB"
35734,"IN"
35735,"DT"
35736,"NN"
35737,"IN"
35738,"DT"
35739,"NNP"
35740,"NNP"
35741,"VBZ"
35742,"CD"
35743,"IN"
35744,"DT"
35745,"RBS"
35746,"JJ"
35747,"NNS"
35748,"TO"
35749,"VB"
35750,"IN"
35751,"DT"
35752,"JJ"
35753,"NN"
35754,"NN"
35755,"IN"
35756,"JJ"
35757,"NN"
35758,"."
35759,"NNS"
35760,":"
35761,"JJ"
35762,"IN"
35763,"PRP"
35764,"VBP"
35765,"NNS"
35766,":"
35767,"VB"
35768,"PRP$"
35769,"NN"
35770,"DT"
35771,"JJ"
35772,","
35773,"JJ"
35774,","
35775,"JJ"
35776,"NN"
35777,"TO"
35778,"VB"
35779,"RB"
35780,"TO"
35781,"NN"
35782,","
35783,"IN"
35784,"VBG"
35785,"DT"
35786,"NN"
35787,","
35788,"IN"
35789,"NNS"
35790,","
35791,"TO"
35792,"JJ"
35793,"IN"
35794,"JJ"
35795,"NNS"
35796,"."
35797,"CC"
35798,"DT"
35799,"NNS"
35800,"POS"
35801,"VBG"
35802,"NNS"
35803,","
35804,"NN"
35805,"NNS"
35806,"CC"
35807,"NN"
35808,"IN"
35809,"PRP"
35810,"VB"
35811,"JJ"
35812,"NNS"
35813,"VBP"
35814,"VBN"
35815,"NNS"
35816,","
35817,"IN"
35818,"DT"
35819,"NNS"
35820,"TO"
35821,"DT"
35822,"JJ"
35823,"NN"
35824,","
35825,"TO"
35826,"VB"
35827,"PRP"
35828,"IN"
35829,"DT"
35830,"NN"
35831,"NN"
35832,"."
35833,"NNP"
35834,"IN"
35835,"DT"
35836,"NN"
35837,"VBZ"
35838,"IN"
35839,"DT"
35840,"NNS"
35841,","
35842,"IN"
35843,"JJ"
35844,"NNS"
35845,","
35846,"MD"
35847,"VB"
35848,"RB"
35849,"RB"
35850,","
35851,"CC"
35852,"IN"
35853,"JJ"
35854,"NNS"
35855,"MD"
35856,"VB"
35857,"NNS"
35858,"IN"
35859,"NN"
35860,"."
35861,"DT"
35862,"JJ"
35863,"NN"
35864,"MD"
35865,"VB"
35866,"IN"
35867,"DT"
35868,"JJ"
35869,"NN"
35870,"TO"
35871,"DT"
35872,"NN"
35873,"IN"
35874,"DT"
35875,"JJ"
35876,"NN"
35877,"IN"
35878,"JJ"
35879,"NN"
35880,"."
35881,"JJ"
35882,"NNS"
35883,"VBP"
35884,"NNS"
35885,"TO"
35886,"VB"
35887,"IN"
35888,"JJ"
35889,"NN"
35890,"NNS"
35891,"IN"
35892,"NNS"
35893,"IN"
35894,"IN"
35895,"TO"
35896,"CD"
35897,"NNS"
35898,"DT"
35899,"NN"
35900,":"
35901,"DT"
35902,"NN"
35903,"IN"
35904,"DT"
35905,"NN"
35906,"CC"
35907,"DT"
35908,"NN"
35909,"IN"
35910,"JJ"
35911,"NNS"
35912,"CC"
35913,"NNS"
35914,"."
35915,"IN"
35916,"JJ"
35917,"CC"
35918,"NNS"
35919,"IN"
35920,"DT"
35921,"NN"
35922,","
35923,"DT"
35924,"NN"
35925,"VBZ"
35926,"RB"
35927,"TO"
35928,"VB"
35929,"DT"
35930,"NN"
35931,"."
35932,"DT"
35933,"NN"
35934,"IN"
35935,"NNP"
35936,","
35937,"VBG"
35938,"DT"
35939,"NN"
35940,"IN"
35941,"DT"
35942,"JJ"
35943,"NNS"
35944,","
35945,"RB"
35946,"VBN"
35947,"NNS"
35948,"WDT"
35949,"VBD"
35950,"RB"
35951,"DT"
35952,"JJ"
35953,"NNS"
35954,"IN"
35955,"NN"
35956,"NNS"
35957,"TO"
35958,"NN"
35959,"NNS"
35960,"."
35961,"DT"
35962,"NN"
35963,"RB"
35964,"VBD"
35965,"PRP"
35966,"TO"
35967,"NNS"
35968,"VBN"
35969,"IN"
35970,"JJ"
35971,"NNS"
35972,"."
35973,"NNP"
35974,"JJ"
35975,"NNS"
35976,"VBP"
35977,"VBN"
35978,"JJ"
35979,"NNS"
35980,"."
35981,"DT"
35982,"NNS"
35983,"VBP"
35984,"JJ"
35985,"IN"
35986,"NNP"
35987,"IN"
35988,"JJ"
35989,"NNS"
35990,"."
35991,"RB"
35992,"DT"
35993,"NNP"
35994,"NNP"
35995,"NNP"
35996,","
35997,"WP$"
35998,"JJ"
35999,"``"
36000,"VB"
36001,"''"
36002,"NN"
36003,"VBZ"
36004,"VBN"
36005,"NNS"
36006,"IN"
36007,"NNS"
36008,"IN"
36009,"NNS"
36010,"IN"
36011,"PRP$"
36012,"NN"
36013,"IN"
36014,"DT"
36015,"NNP"
36016,","
36017,"VBZ"
36018,"VBN"
36019,"TO"
36020,"VB"
36021,"DT"
36022,"NNS"
36023,"TO"
36024,"DT"
36025,"NNS"
36026,","
36027,"VBG"
36028,"JJ"
36029,"NNS"
36030,"IN"
36031,"DT"
36032,"JJ"
36033,"NNP"
36034,"NNP"
36035,"NNP"
36036,","
36037,"WDT"
36038,"VBZ"
36039,"IN"
36040,"NNP"
36041,"TO"
36042,"NNP"
36043,"."
36044,"RB"
36045,"DT"
36046,"NNS"
36047,"VBN"
36048,"IN"
36049,"JJ"
36050,"JJ"
36051,"NN"
36052,"IN"
36053,"NN"
36054,"NNS"
36055,","
36056,"DT"
36057,"RB"
36058,"JJ"
36059,"NNP"
36060,"NNP"
36061,"IN"
36062,"PRP"
36063,"."
36064,"NNP"
36065,"VBZ"
36066,"VBN"
36067,"JJ"
36068,"IN"
36069,"VBG"
36070,"DT"
36071,"NN"
36072,"IN"
36073,"DT"
36074,"JJ"
36075,"NNS"
36076,"."
36077,"PRP"
36078,"VBZ"
36079,"VBN"
36080,"VBG"
36081,"DT"
36082,"JJ"
36083,"NN"
36084,"TO"
36085,"VB"
36086,"RP"
36087,"DT"
36088,"NN"
36089,","
36090,"VBN"
36091,"IN"
36092,"NNP"
36093,"NN"
36094,"NNS"
36095,","
36096,"TO"
36097,"VB"
36098,"DT"
36099,"NNS"
36100,"IN"
36101,"RB"
36102,"VBN"
36103,"JJ"
36104,"NNS"
36105,","
36106,"WRB"
36107,"PRP"
36108,"VBP"
36109,"RB"
36110,"VBN"
36111,"."
36112,"CC"
36113,"NNP"
36114,"POS"
36115,"JJ"
36116,"NN"
36117,"VBZ"
36118,"VBN"
36119,"NN"
36120,"IN"
36121,"DT"
36122,"NN"
36123,"IN"
36124,"DT"
36125,"NN"
36126,","
36127,"WDT"
36128,"VBZ"
36129,"IN"
36130,"CD"
36131,"NN"
36132,"IN"
36133,"PRP$"
36134,"CD"
36135,"NNS"
36136,"JJ"
36137,"NN"
36138,"NNS"
36139,"."
36140,"NN"
36141,"IN"
36142,"DT"
36143,"NNS"
36144,"VBD"
36145,"DT"
36146,"NN"
36147,"RB"
36148,"TO"
36149,"VB"
36150,"PRP$"
36151,"JJ"
36152,"NN"
36153,":"
36154,"PRP"
36155,"RB"
36156,"RBR"
36157,","
36158,"IN"
36159,"NN"
36160,","
36161,"NNS"
36162,"DT"
36163,"NNS"
36164,"IN"
36165,"DT"
36166,"JJ"
36167,"NN"
36168,"IN"
36169,"NNS"
36170,"CC"
36171,"JJ"
36172,"JJ"
36173,"NN"
36174,"NNS"
36175,"."
36176,"CC"
36177,"DT"
36178,"NN"
36179,"RB"
36180,"VBZ"
36181,"DT"
36182,"JJ"
36183,"NNS"
36184,"MD"
36185,"TO"
36186,"VB"
36187,"VBN"
36188,"TO"
36189,"DT"
36190,"NNS"
36191,"IN"
36192,"NNS"
36193,"VBP"
36194,"DT"
36195,"NNS"
36196,"MD"
36197,"RB"
36198,"VB"
36199,"DT"
36200,"NN"
36201,"CC"
36202,"JJ"
36203,"NNS"
36204,"."
36205,"``"
36206,"PRP"
36207,"VBP"
36208,"DT"
36209,"NN"
36210,"NN"
36211,","
36212,"RB"
36213,"IN"
36214,"DT"
36215,"NN"
36216,"PRP"
36217,"VBP"
36218,"VBN"
36219,"VBN"
36220,"IN"
36221,"DT"
36222,"NN"
36223,"IN"
36224,"NNS"
36225,"VBG"
36226,"IN"
36227,"DT"
36228,"NN"
36229,"NN"
36230,"IN"
36231,"PRP"
36232,","
36233,"''"
36234,"VBZ"
36235,"NNP"
36236,"NNP"
36237,","
36238,"DT"
36239,"NN"
36240,"IN"
36241,"NNP"
36242,"POS"
36243,"NN"
36244,"IN"
36245,"NNP"
36246,"NNP"
36247,","
36248,"VBG"
36249,"DT"
36250,"NNS"
36251,"IN"
36252,"JJ"
36253,"NNS"
36254,"."
36255,"``"
36256,"NNS"
36257,"WP"
36258,"VBP"
36259,"DT"
36260,"NNS"
36261,"MD"
36262,"VB"
36263,"VBN"
36264,"IN"
36265,"DT"
36266,"NN"
36267,"VBP"
36268,"RB"
36269,"VBG"
36270,"IN"
36271,"DT"
36272,"JJ"
36273,"NN"
36274,","
36275,"''"
36276,"VBZ"
36277,"NNP"
36278,"NNP"
36279,","
36280,"JJ"
36281,"NN"
36282,"IN"
36283,"NNP"
36284,"CC"
36285,"NNP"
36286,"NNP"
36287,"NN"
36288,"IN"
36289,"NNP"
36290,"NNP"
36291,","
36292,"NNP"
36293,"."
36294,"NNP"
36295,"NNP"
36296,"VBZ"
36297,"IN"
36298,"DT"
36299,"NNS"
36300,"IN"
36301,"NNS"
36302,"WP"
36303,"VBD"
36304,"PRP$"
36305,"JJ"
36306,"NN"
36307,"IN"
36308,"NN"
36309,"IN"
36310,"NNS"
36311,"CC"
36312,"NNS"
36313,"."
36314,"PRP"
36315,"VBZ"
36316,"JJ"
36317,"NNS"
36318,"VBP"
36319,"DT"
36320,"JJ"
36321,"NN"
36322,"IN"
36323,"DT"
36324,"NN"
36325,"IN"
36326,"PRP"
36327,"VBD"
36328,"IN"
36329,"NNS"
36330,":"
36331,"JJ"
36332,"VBP"
36333,"VBN"
36334,"IN"
36335,"DT"
36336,"NN"
36337,"NN"
36338,"MD"
36339,"RB"
36340,"VB"
36341,"PRP"
36342,"DT"
36343,"NN"
36344,"."
36345,"TO"
36346,"VB"
36347,"RB"
36348,","
36349,"NNS"
36350,"JJ"
36351,"IN"
36352,"NNP"
36353,"NNP"
36354,"VBP"
36355,"VBG"
36356,"NNS"
36357,"TO"
36358,"VB"
36359,"NN"
36360,"NNS"
36361,"IN"
36362,"NN"
36363,"NNS"
36364,"CC"
36365,"JJ"
36366,"NN"
36367,"NNS"
36368,"TO"
36369,"VB"
36370,"IN"
36371,"DT"
36372,"NNS"
36373,"MD"
36374,"RB"
36375,"VB"
36376,"JJ"
36377,"."
36378,"NNP"
36379,"NNP"
36380,"POS"
36381,"NN"
36382,","
36383,"JJ"
36384,"NN"
36385,"NNS"
36386,"NN"
36387,","
36388,"VBD"
36389,"NN"
36390,"NNS"
36391,"TO"
36392,"VB"
36393,"VB"
36394,"JJ"
36395,"JJ"
36396,"NNP"
36397,"NNP"
36398,"NNP"
36399,"NNP"
36400,"VBN"
36401,"IN"
36402,"NN"
36403,"."
36404,"JJ"
36405,"NNS"
36406,"IN"
36407,"NNP"
36408,","
36409,"NNP"
36410,","
36411,"NNP"
36412,"CC"
36413,"NNP"
36414,"VBP"
36415,"VBN"
36416,"JJ"
36417,"NNS"
36418,","
36419,"VBZ"
36420,"NNP"
36421,"NNP"
36422,","
36423,"NN"
36424,"NN"
36425,"NN"
36426,"IN"
36427,"JJ"
36428,"NN"
36429,"."
36430,"DT"
36431,"NNS"
36432,"VBP"
36433,"VBN"
36434,"VBG"
36435,"TO"
36436,"VB"
36437,"DT"
36438,"NN"
36439,"NN"
36440,"POS"
36441,"NN"
36442,":"
36443,"IN"
36444,"DT"
36445,"NNP"
36446,"NNP"
36447,"NN"
36448,"NN"
36449,"WRB"
36450,"DT"
36451,"NN"
36452,"VBD"
36453,"VBN"
36454,"IN"
36455,"DT"
36456,"NN"
36457,"DT"
36458,"NN"
36459,"VBZ"
36460,"VB"
36461,"VBN"
36462,"DT"
36463,"NN"
36464,"NN"
36465,"TO"
36466,"VB"
36467,"NNS"
36468,"VB"
36469,"NNS"
36470,","
36471,"CC"
36472,"TO"
36473,"VB"
36474,"NNS"
36475,"IN"
36476,"JJ"
36477,"NN"
36478,"NN"
36479,"."
36480,"RB"
36481,"JJ"
36482,"JJ"
36483,"NNP"
36484,"NNS"
36485,"VBP"
36486,"IN"
36487,"CD"
36488,"NN"
36489,"IN"
36490,"DT"
36491,"NNS"
36492,"VBP"
36493,"JJS"
36494,"IN"
36495,"DT"
36496,"NNS"
36497,"."
36498,"IN"
36499,"DT"
36500,"JJ"
36501,"JJ"
36502,"NNS"
36503,"WP"
36504,"RB"
36505,"JJ"
36506,"NNS"
36507,","
36508,"RB"
36509,"JJ"
36510,"VBG"
36511,"RB"
36512,"VBZ"
36513,"NN"
36514,"WDT"
36515,"MD"
36516,"VB"
36517,"VBN"
36518,"IN"
36519,"``"
36520,"NN"
36521,"CC"
36522,"NN"
36523,"NN"
36524,","
36525,"''"
36526,"VBZ"
36527,"NNP"
36528,"NNP"
36529,","
36530,"DT"
36531,"NN"
36532,"IN"
36533,"DT"
36534,"NNP"
36535,"NNP"
36536,"NNP"
36537,"NNP"
36538,"."
36539,"``"
36540,"PRP"
36541,"VBP"
36542,"PRP"
36543,"VBP"
36544,"VBG"
36545,"NN"
36546,"."
36547,"''"
36548,"JJ"
36549,"MD"
36550,"VBP"
36551,"CD"
36552,"PDT"
36553,"DT"
36554,"NN"
36555,"WRB"
36556,","
36557,"DT"
36558,"NN"
36559,"RB"
36560,","
36561,"DT"
36562,"NNP"
36563,"NNP"
36564,"NNP"
36565,"NNS"
36566,"VBD"
36567,"DT"
36568,"JJ"
36569,"NN"
36570,"VBG"
36571,"JJ"
36572,"NNS"
36573,","
36574,"JJ"
36575,"NN"
36576,"CC"
36577,"JJ"
36578,"NN"
36579,"."
36580,"PRP"
36581,"VBD"
36582,"DT"
36583,"NN"
36584,"WDT"
36585,"MD"
36586,"VB"
36587,"PRP"
36588,"TO"
36589,"JJ"
36590,"IN"
36591,"JJ"
36592,"NN"
36593,"RB"
36594,"JJ"
36595,"TO"
36596,"NNS"
36597,"."
36598,"PRP"
36599,"VBD"
36600,"DT"
36601,"NN"
36602,"RBR"
36603,"JJ"
36604,","
36605,"RBR"
36606,"JJ"
36607,"CC"
36608,"IN"
36609,"JJ"
36610,"NNS"
36611,"RB"
36612,"TO"
36613,"VB"
36614,"IN"
36615,"DT"
36616,"JJ"
36617,"NN"
36618,"NNS"
36619,"WDT"
36620,"RB"
36621,"VBD"
36622,"DT"
36623,"NN"
36624,"."
36625,"WRB"
36626,"DT"
36627,"NNS"
36628,"RB"
36629,"VBD"
36630,"NN"
36631,"NN"
36632,"IN"
36633,"CD"
36634,","
36635,"PRP"
36636,"VBD"
36637,"VBN"
36638,"IN"
36639,"DT"
36640,"NN"
36641,"."
36642,"JJ"
36643,"NN"
36644,","
36645,"CD"
36646,"NN"
36647,"IN"
36648,"DT"
36649,"CD"
36650,"CD"
36651,"NNS"
36652,"VBN"
36653,"IN"
36654,"DT"
36655,"NNP"
36656,"VBD"
36657,"NN"
36658,"NNS"
36659,"."
36660,"IN"
36661,"NNP"
36662,","
36663,"DT"
36664,"JJ"
36665,"NN"
36666,","
36667,"PRP"
36668,"VBD"
36669,"IN"
36670,"JJR"
36671,"IN"
36672,"CD"
36673,"NN"
36674,"IN"
36675,"DT"
36676,"NN"
36677,"NNS"
36678,"."
36679,"DT"
36680,"NN"
36681,"IN"
36682,"DT"
36683,"NNS"
36684,"RB"
36685,"RB"
36686,"VB"
36687,"PRP"
36688,"IN"
36689,"DT"
36690,"JJ"
36691,"NN"
36692,"."
36693,"NNP"
36694,"NNS"
36695,"VBP"
36696,"PRP"
36697,"IN"
36698,"PRP"
36699,"VB"
36700,"RB"
36701,"IN"
36702,"NN"
36703,","
36704,"VBP"
36705,"RB"
36706,"IN"
36707,"NNS"
36708,"CC"
36709,"NN"
36710,"IN"
36711,"NN"
36712,"NN"
36713,"IN"
36714,"RB"
36715,"JJR"
36716,"JJ"
36717,"NNS"
36718,"IN"
36719,"NN"
36720,"NNS"
36721,"."
36722,"NNP"
36723,"NNP"
36724,","
36725,"NN"
36726,"CD"
36727,","
36728,"VBZ"
36729,"DT"
36730,"NN"
36731,"IN"
36732,"DT"
36733,"NN"
36734,"."
36735,"IN"
36736,"CD"
36737,"NN"
36738,","
36739,"NN"
36740,"RB"
36741,"IN"
36742,"CD"
36743,"VBZ"
36744,"IN"
36745,"JJS"
36746,"CD"
36747,"NN"
36748,"."
36749,"DT"
36750,"NN"
36751,"VBZ"
36752,"NN"
36753,"TO"
36754,"DT"
36755,"NNP"
36756,"NNP"
36757,"NNP"
36758,"IN"
36759,"NNP"
36760,"CC"
36761,"PRP"
36762,"VBZ"
36763,"DT"
36764,"JJ"
36765,"NN"
36766,"NNP"
36767,"NNP"
36768,"NNP"
36769,"."
36770,"DT"
36771,"NN"
36772,","
36773,"DT"
36774,"NN"
36775,"VBD"
36776,"JJR"
36777,"NNS"
36778,"IN"
36779,"DT"
36780,"JJS"
36781,"NN"
36782,"IN"
36783,"DT"
36784,"NN"
36785,"POS"
36786,"NN"
36787,"NN"
36788,"NN"
36789,"."
36790,"NNP"
36791,"NNP"
36792,","
36793,"NN"
36794,"IN"
36795,"DT"
36796,"NNP"
36797,"NNP"
36798,"NNP"
36799,"NN"
36800,","
36801,"VBZ"
36802,"IN"
36803,"DT"
36804,"NN"
36805,"POS"
36806,"NN"
36807,"MD"
36808,"VB"
36809,"DT"
36810,"NN"
36811,"IN"
36812,"NN"
36813,"CC"
36814,"NN"
36815,"."
36816,"``"
36817,"DT"
36818,"NN"
36819,"NN"
36820,"VBZ"
36821,"RB"
36822,"JJ"
36823,"IN"
36824,"DT"
36825,"``"
36826,"JJ"
36827,"''"
36828,"NN"
36829,"PRP"
36830,"VBD"
36831,"IN"
36832,"DT"
36833,"NN"
36834,","
36835,"CC"
36836,"PRP"
36837,"MD"
36838,"VB"
36839,"RB"
36840,"RB"
36841,"JJR"
36842,","
36843,"''"
36844,"PRP"
36845,"VBZ"
36846,"."
36847,"O"
36848,"DT"
36849,"JJ"
36850,"NNS"
36851,"VBD"
36852,"RB"
36853,"VBN"
36854,"IN"
36855,"DT"
36856,"NNP"
36857,"CC"
36858,"NNP"
36859,"NNP"
36860,":"
36861,"NNP"
36862,"POS"
36863,"NN"
36864,"IN"
36865,"NNP"
36866,"NNP"
36867,","
36868,"NN"
36869,"NN"
36870,"IN"
36871,"IN"
36872,"TO"
36873,"$"
36874,"CD"
36875,"CD"
36876,"IN"
36877,"NNS"
36878,"."
36879,"NNP"
36880,"NNP"
36881,"NNP"
36882,"NNP"
36883,","
36884,"DT"
36885,"NN"
36886,"IN"
36887,"NNP"
36888,"NNP"
36889,"NNP"
36890,","
36891,"NN"
36892,"IN"
36893,"$"
36894,"CD"
36895,"CD"
36896,"JJ"
36897,"JJ"
36898,"NN"
36899,"NN"
36900,"NNS"
36901,","
36902,"IN"
36903,"NNP"
36904,"NNP"
36905,"NNP"
36906,"NNP"
36907,"."
36908,"NNP"
36909,"NNP"
36910,"CC"
36911,"NNP"
36912,","
36913,"NN"
36914,"IN"
36915,"CD"
36916,"CD"
36917,"NNS"
36918,"IN"
36919,"JJ"
36920,"JJ"
36921,"JJ"
36922,"NN"
36923,","
36924,"NNP"
36925,"NNP"
36926,","
36927,"IN"
36928,"NNP"
36929,","
36930,"NNP"
36931,"CC"
36932,"NNP"
36933,","
36934,"NNP"
36935,"NNP"
36936,"NNP"
36937,","
36938,"CC"
36939,"NNP"
36940,"NNP"
36941,"."
36942,"NNP"
36943,"NNP"
36944,"NNP"
36945,","
36946,"NN"
36947,"IN"
36948,"CD"
36949,"CD"
36950,"JJ"
36951,"NNS"
36952,","
36953,"IN"
36954,"NNP"
36955,","
36956,"NNP"
36957,"NNP"
36958,"CC"
36959,"NNP"
36960,"NNP"
36961,"CC"
36962,"NNP"
36963,","
36964,"NNP"
36965,"CC"
36966,"NNP"
36967,"."
36968,"O"
36969,"NNP"
36970,"NNP"
36971,"RB"
36972,"VBD"
36973,"NN"
36974,"NNS"
36975,","
36976,"IN"
36977,"DT"
36978,"NN"
36979,"VBN"
36980,"IN"
36981,"DT"
36982,"JJ"
36983,"NN"
36984,"."
36985,"NNP"
36986,"NN"
36987,","
36988,"NNS"
36989,"VBD"
36990,"TO"
36991,"VB"
36992,"NNP"
36993,"NNS"
36994,"IN"
36995,"NN"
36996,"IN"
36997,"NN"
36998,"NNS"
36999,"VBD"
37000,"CC"
37001,"NNS"
37002,"VBD"
37003,"IN"
37004,"DT"
37005,"NN"
37006,"IN"
37007,"NNP"
37008,"."
37009,"CC"
37010,"NNS"
37011,"RB"
37012,"VBD"
37013,","
37014,"VBG"
37015,"JJS"
37016,"IN"
37017,"PRP$"
37018,"JJ"
37019,"NNS"
37020,"."
37021,"DT"
37022,"NN"
37023,"RB"
37024,"DT"
37025,"NN"
37026,"IN"
37027,"NN"
37028,"NNS"
37029,"CC"
37030,"JJ"
37031,"NNS"
37032,"RB"
37033,"IN"
37034,"JJ"
37035,"NNP"
37036,"POS"
37037,"NNS"
37038,"."
37039,"DT"
37040,"NNP"
37041,"NNP"
37042,"NNP"
37043,"NNP"
37044,","
37045,"RB"
37046,"JJR"
37047,"IN"
37048,"CD"
37049,"NNS"
37050,"RB"
37051,"IN"
37052,"DT"
37053,"NN"
37054,","
37055,"VBD"
37056,"CD"
37057,"NNS"
37058,"JJR"
37059,"IN"
37060,"CD"
37061,"."
37062,"JJ"
37063,"NN"
37064,"NNS"
37065,"VBD"
37066,"IN"
37067,"PDT"
37068,"DT"
37069,"NN"
37070,","
37071,"CC"
37072,"$"
37073,"CD"
37074,"IN"
37075,"DT"
37076,"$"
37077,"CD"
37078,"NN"
37079,"NN"
37080,"."
37081,"``"
37082,"DT"
37083,"NN"
37084,"NN"
37085,"RB"
37086,"VBZ"
37087,"VBG"
37088,"DT"
37089,"NN"
37090,"NNS"
37091,","
37092,"''"
37093,"VBD"
37094,"NNP"
37095,"NNP"
37096,","
37097,"DT"
37098,"JJ"
37099,"NN"
37100,"NN"
37101,"IN"
37102,"NNP"
37103,"NNP"
37104,"."
37105,"``"
37106,"NNS"
37107,"VBP"
37108,"VBG"
37109,"DT"
37110,"JJ"
37111,"NN"
37112,"IN"
37113,"NN"
37114,"IN"
37115,"DT"
37116,"NN"
37117,"VBD"
37118,"RB"
37119,"VB"
37120,"NNP"
37121,"NN"
37122,"''"
37123,"CC"
37124,"NN"
37125,"."
37126,"NNP"
37127,","
37128,"DT"
37129,"RB"
37130,"JJ"
37131,"NN"
37132,"IN"
37133,"NN"
37134,"NN"
37135,","
37136,"VBD"
37137,"RB"
37138,"VBN"
37139,"."
37140,"DT"
37141,"NN"
37142,"RB"
37143,"VBD"
37144,"IN"
37145,"JJ"
37146,"JJ"
37147,"NNS"
37148,"IN"
37149,"NN"
37150,"IN"
37151,"DT"
37152,"NNP"
37153,"NN"
37154,"NN"
37155,"VBD"
37156,"IN"
37157,"NNP"
37158,"TO"
37159,"$"
37160,"CD"
37161,"CD"
37162,"."
37163,"CC"
37164,"DT"
37165,"NN"
37166,"RB"
37167,"VBD"
37168,","
37169,"VBG"
37170,"RB"
37171,"JJR"
37172,"IN"
37173,"DT"
37174,"NN"
37175,"IN"
37176,"RB"
37177,"JJR"
37178,"IN"
37179,"DT"
37180,"NN"
37181,"."
37182,"NNP"
37183,"NNP"
37184,"NNS"
37185,"VBD"
37186,"DT"
37187,"NN"
37188,"IN"
37189,"PRP$"
37190,"NN"
37191,"TO"
37192,"VB"
37193,"IN"
37194,"NN"
37195,"NN"
37196,"."
37197,"IN"
37198,"DT"
37199,"JJ"
37200,"NN"
37201,"TO"
37202,"VB"
37203,"DT"
37204,"NN"
37205,"IN"
37206,"JJ"
37207,"NN"
37208,"NNS"
37209,","
37210,"DT"
37211,"NNP"
37212,"RB"
37213,"RB"
37214,"VBN"
37215,"NN"
37216,"IN"
37217,"DT"
37218,"NN"
37219,"NN"
37220,"."
37221,"CC"
37222,"DT"
37223,"NNP"
37224,"NN"
37225,"VBD"
37226,"DT"
37227,"JJ"
37228,"NN"
37229,","
37230,"NNS"
37231,"VBD"
37232,"."
37233,"NNP"
37234,"NNS"
37235,"VBP"
37236,"JJ"
37237,"TO"
37238,"VB"
37239,"PRP$"
37240,"NN"
37241,"NN"
37242,"DT"
37243,"JJ"
37244,"IN"
37245,"DT"
37246,"JJ"
37247,"NN"
37248,"VBZ"
37249,"RB"
37250,"VB"
37251,"JJ"
37252,","
37253,"JJ"
37254,"NN"
37255,"NNS"
37256,"VBD"
37257,"."
37258,"DT"
37259,"NNP"
37260,"VBZ"
37261,"VBN"
37262,"DT"
37263,"JJ"
37264,"JJ"
37265,"NN"
37266,"NN"
37267,"TO"
37268,"VB"
37269,"IN"
37270,"JJ"
37271,"NN"
37272,"NN"
37273,"."
37274,"DT"
37275,"JJ"
37276,"NNS"
37277,"NN"
37278,"IN"
37279,"JJ"
37280,"NNS"
37281,"IN"
37282,"NNS"
37283,"VBZ"
37284,"VBN"
37285,"VBG"
37286,"IN"
37287,"CD"
37288,"CD"
37289,"NN"
37290,","
37291,"RB"
37292,"IN"
37293,"CD"
37294,"NN"
37295,"RB"
37296,"."
37297,"IN"
37298,"NNS"
37299,"VBP"
37300,"JJ"
37301,"NNS"
37302,"DT"
37303,"NN"
37304,","
37305,"DT"
37306,"NNS"
37307,"VBP"
37308,"DT"
37309,"NN"
37310,"MD"
37311,"VB"
37312,"IN"
37313,"DT"
37314,"JJ"
37315,"JJ"
37316,"NNS"
37317,"."
37318,"NNP"
37319,"POS"
37320,"NNP"
37321,"NNP"
37322,"VBZ"
37323,"DT"
37324,"JJ"
37325,"NN"
37326,"IN"
37327,"NNP"
37328,"NN"
37329,"JJ"
37330,"JJ"
37331,"NN"
37332,"MD"
37333,"VB"
37334,"RP"
37335,"NNP"
37336,"NN"
37337,"NNS"
37338,"."
37339,"DT"
37340,","
37341,"VBN"
37342,"IN"
37343,"JJ"
37344,"JJ"
37345,"NNS"
37346,"NNS"
37347,","
37348,"``"
37349,"MD"
37350,"VB"
37351,"NN"
37352,"IN"
37353,"DT"
37354,"NN"
37355,"NN"
37356,"IN"
37357,"DT"
37358,"JJ"
37359,"CD"
37360,"TO"
37361,"CD"
37362,"NNS"
37363,","
37364,"''"
37365,"PRP"
37366,"VBZ"
37367,"."
37368,"CC"
37369,"JJ"
37370,"JJ"
37371,"NNS"
37372,"VBP"
37373,"NNS"
37374,"VBP"
37375,"VBN"
37376,"TO"
37377,"JJ"
37378,"NNS"
37379,","
37380,"CC"
37381,"DT"
37382,"NN"
37383,"NNS"
37384,"MD"
37385,"VB"
37386,"TO"
37387,"VB"
37388,"."
37389,"``"
37390,"PRP"
37391,"VBD"
37392,"DT"
37393,"JJ"
37394,"NN"
37395,"RB"
37396,"IN"
37397,"DT"
37398,"NN"
37399,"NN"
37400,"VBD"
37401,"DT"
37402,"JJ"
37403,"NN"
37404,","
37405,"''"
37406,"VBD"
37407,"NNP"
37408,"NNP"
37409,","
37410,"NN"
37411,"IN"
37412,"NNP"
37413,"NNP"
37414,"NNP"
37415,","
37416,"VBG"
37417,"TO"
37418,"DT"
37419,"NN"
37420,"NN"
37421,"POS"
37422,"NN"
37423,"NNP"
37424,"IN"
37425,"NN"
37426,"IN"
37427,"NN"
37428,"IN"
37429,"VBG"
37430,"DT"
37431,"NNP"
37432,"NNP"
37433,"."
37434,"NN"
37435,"."
37436,"IN"
37437,"JJ"
37438,"NN"
37439,"NN"
37440,":"
37441,"NNP"
37442,"NN"
37443,"NNS"
37444,"VBD"
37445,"."
37446,"DT"
37447,"NN"
37448,"IN"
37449,"JJ"
37450,"NN"
37451,"NNS"
37452,"VBD"
37453,"RB"
37454,"IN"
37455,"CD"
37456,"NN"
37457,","
37458,"VBG"
37459,"DT"
37460,"NN"
37461,"IN"
37462,"CD"
37463,"NN"
37464,"."
37465,"DT"
37466,"NN"
37467,"VBD"
37468,"VBN"
37469,"."
37470,"JJ"
37471,"NN"
37472,"IN"
37473,"NNP"
37474,"NNP"
37475,","
37476,"DT"
37477,"NN"
37478,"VBD"
37479,"TO"
37480,"CD"
37481,"NN"
37482,"IN"
37483,"CD"
37484,"NN"
37485,"NNP"
37486,","
37487,"CC"
37488,"VBD"
37489,"TO"
37490,"VB"
37491,"NNS"
37492,"IN"
37493,"JJ"
37494,"NNS"
37495,"."
37496,"O"
37497,"NNP"
37498,"NNP"
37499,"NNP"
37500,"CC"
37501,"NNP"
37502,"NNP"
37503,"NN"
37504,"NN"
37505,"CC"
37506,"NNP"
37507,"NNP"
37508,"CC"
37509,"NNP"
37510,"NNP"
37511,"VBP"
37512,"VBN"
37513,"DT"
37514,"JJ"
37515,"NN"
37516,"TO"
37517,"VB"
37518,"NN"
37519,"NN"
37520,"NNS"
37521,"IN"
37522,"JJ"
37523,"NNS"
37524,"IN"
37525,"DT"
37526,"NN"
37527,"."
37528,"DT"
37529,"NNS"
37530,"MD"
37531,"VB"
37532,"IN"
37533,"DT"
37534,"NN"
37535,"NN"
37536,"DT"
37537,"NNP"
37538,"NN"
37539,"RB"
37540,"RB"
37541,"TO"
37542,"DT"
37543,"NN"
37544,"IN"
37545,"DT"
37546,"JJ"
37547,"NN"
37548,"IN"
37549,"NNP"
37550,"NNP"
37551,"CC"
37552,"NNP"
37553,"NNP"
37554,"."
37555,"NNP"
37556,"VBZ"
37557,"DT"
37558,"JJ"
37559,"NN"
37560,"IN"
37561,"DT"
37562,"NNP"
37563,"NNP"
37564,"NNP"
37565,","
37566,"DT"
37567,"NN"
37568,"IN"
37569,"NNP"
37570,"NNP"
37571,"NNP"
37572,","
37573,"CC"
37574,"NNP"
37575,"NNP"
37576,"NNP"
37577,"."
37578,"NNS"
37579,"MD"
37580,"VB"
37581,"VBN"
37582,"DT"
37583,"NN"
37584,"NN"
37585,","
37586,"WDT"
37587,"IN"
37588,"DT"
37589,"JJ"
37590,"NN"
37591,","
37592,"MD"
37593,"VB"
37594,"NN"
37595,"IN"
37596,"DT"
37597,"NNP"
37598,"NN"
37599,"CC"
37600,"NN"
37601,"NNS"
37602,"IN"
37603,"DT"
37604,"JJ"
37605,"NN"
37606,"."
37607,"NNP"
37608,"MD"
37609,"VB"
37610,"CD"
37611,","
37612,"JJ"
37613,"NNS"
37614,","
37615,"VBG"
37616,"IN"
37617,"NNP"
37618,"CD"
37619,"."
37620,"DT"
37621,"JJ"
37622,"NN"
37623,"VBN"
37624,"IN"
37625,"DT"
37626,"JJ"
37627,"NN"
37628,"VBZ"
37629,"``"
37630,"DT"
37631,"CD"
37632,"NNP"
37633,"POS"
37634,"NNP"
37635,"."
37636,"''"
37637,"JJ"
37638,"NNS"
37639,"CC"
37640,"JJ"
37641,"NNS"
37642,"MD"
37643,"VB"
37644,"VBN"
37645,"IN"
37646,"NNS"
37647,"IN"
37648,"NN"
37649,","
37650,"NNS"
37651,","
37652,"JJ"
37653,"NN"
37654,","
37655,"DT"
37656,"JJS"
37657,"NNS"
37658,","
37659,"CC"
37660,"NNS"
37661,"."
37662,"DT"
37663,"NNS"
37664,"MD"
37665,"VB"
37666,"VBN"
37667,"CC"
37668,"VBN"
37669,"IN"
37670,"NNP"
37671,","
37672,"IN"
37673,"NN"
37674,"CC"
37675,"NN"
37676,"VBD"
37677,"IN"
37678,"NN"
37679,"IN"
37680,"NNP"
37681,"NNP"
37682,"CC"
37683,"NNP"
37684,"NNP"
37685,"."
37686,"O"
37687,"NNP"
37688,"NNP"
37689,"NNP"
37690,"VBP"
37691,"VBN"
37692,"DT"
37693,"JJ"
37694,"NN"
37695,"IN"
37696,"RB"
37697,"JJ"
37698,"NNP"
37699,"NNP"
37700,"NNP"
37701,"DT"
37702,"JJ"
37703,"NN"
37704,"IN"
37705,"CD"
37706,":"
37707,"UH"
37708,"VBP"
37709,"PRP"
37710,"VBP"
37711,","
37712,"``"
37713,"PRP"
37714,"VBP"
37715,"TO"
37716,"PRP$"
37717,"NN"
37718,"''"
37719,":"
37720,"PRP"
37721,"RB"
37722,"VBZ"
37723,"RB"
37724,"TO"
37725,"NN"
37726,"."
37727,":"
37728,"NNP"
37729,"NNP"
37730,"NNP"
37731,"."
37732,"JJ"
37733,"IN"
37734,"DT"
37735,"NN"
37736,"NNS"
37737,"VBP"
37738,"PRP"
37739,"VBP"
37740,"JJ"
37741,"IN"
37742,"PRP"
37743,"RB"
37744,"VBP"
37745,"RB"
37746,"VBN"
37747,":"
37748,"NNP"
37749,"RP"
37750,"."
37751,"NNP"
37752,"NNP"
37753,":"
37754,"NNP"
37755,"NN"
37756,"."
37757,":"
37758,"NNP"
37759,"NNP"
37760,"."
37761,"O"
37762,"NNP"
37763,"NNP"
37764,"VBD"
37765,"DT"
37766,"JJ"
37767,"NN"
37768,"CC"
37769,"JJ"
37770,"NN"
37771,"NNS"
37772,"IN"
37773,"VBN"
37774,"NN"
37775,"IN"
37776,"NN"
37777,"CC"
37778,"NN"
37779,"TO"
37780,"VB"
37781,"DT"
37782,"CD"
37783,"NN"
37784,"NN"
37785,"IN"
37786,"JJ"
37787,"JJ"
37788,"NN"
37789,"TO"
37790,"$"
37791,"CD"
37792,"CD"
37793,","
37794,"CC"
37795,"CD"
37796,"NNS"
37797,"DT"
37798,"NN"
37799,"."
37800,"IN"
37801,"DT"
37802,"CD"
37803,"JJ"
37804,"NN"
37805,","
37806,"DT"
37807,"JJ"
37808,"NN"
37809,"VBD"
37810,"NN"
37811,"IN"
37812,"$"
37813,"CD"
37814,"CD"
37815,","
37816,"CC"
37817,"CD"
37818,"NNS"
37819,"DT"
37820,"NN"
37821,"."
37822,"NNS"
37823,"VBD"
37824,"CD"
37825,"NN"
37826,"TO"
37827,"$"
37828,"CD"
37829,"CD"
37830,"IN"
37831,"$"
37832,"CD"
37833,"CD"
37834,"."
37835,"IN"
37836,"DT"
37837,"CD"
37838,"NNS"
37839,","
37840,"DT"
37841,"NN"
37842,"VBD"
37843,"DT"
37844,"CD"
37845,"NN"
37846,"NN"
37847,"IN"
37848,"NN"
37849,"TO"
37850,"$"
37851,"CD"
37852,"CD"
37853,","
37854,"CC"
37855,"$"
37856,"CD"
37857,"DT"
37858,"NN"
37859,","
37860,"IN"
37861,"$"
37862,"CD"
37863,"CD"
37864,","
37865,"CC"
37866,"$"
37867,"CD"
37868,"DT"
37869,"NN"
37870,"."
37871,"NNS"
37872,"VBD"
37873,"CD"
37874,"NN"
37875,"TO"
37876,"$"
37877,"CD"
37878,"CD"
37879,"IN"
37880,"$"
37881,"CD"
37882,"CD"
37883,"."
37884,"NNS"
37885,"IN"
37886,"DT"
37887,"CD"
37888,"JJ"
37889,"NN"
37890,"CC"
37891,"CD"
37892,"NNS"
37893,"VBP"
37894,"DT"
37895,"JJ"
37896,"NN"
37897,"IN"
37898,"$"
37899,"CD"
37900,"CD"
37901,"IN"
37902,"DT"
37903,"NN"
37904,"POS"
37905,"NN"
37906,"NN"
37907,"CC"
37908,"JJ"
37909,"NN"
37910,","
37911,"CC"
37912,"DT"
37913,"NN"
37914,"IN"
37915,"$"
37916,"CD"
37917,"CD"
37918,"IN"
37919,"DT"
37920,"NN"
37921,"IN"
37922,"DT"
37923,"NN"
37924,"POS"
37925,"JJ"
37926,"NN"
37927,"."
37928,"NNS"
37929,"NNS"
37930,"VBD"
37931,"IN"
37932,"DT"
37933,"JJ"
37934,"NN"
37935,","
37936,"IN"
37937,"NN"
37938,"NNS"
37939,"VBD"
37940,"VBN"
37941,"IN"
37942,"JJR"
37943,"NNS"
37944,","
37945,"JJ"
37946,"NN"
37947,"NNS"
37948,"CC"
37949,"DT"
37950,"JJ"
37951,"JJ"
37952,"NN"
37953,"."
37954,"DT"
37955,"JJ"
37956,"JJ"
37957,"NNS"
37958,"VBP"
37959,"RB"
37960,"VBN"
37961,"JJ"
37962,"NNS"
37963,"JJ"
37964,"TO"
37965,"JJ"
37966,"NN"
37967,"CC"
37968,"NN"
37969,"NN"
37970,"."
37971,"NNP"
37972,"POS"
37973,"NN"
37974,"CC"
37975,"NN"
37976,"NNS"
37977,"VBD"
37978,"RB"
37979,"IN"
37980,"DT"
37981,"CD"
37982,"NNS"
37983,","
37984,"CC"
37985,"JJ"
37986,"NN"
37987,"VBZ"
37988,"IN"
37989,"DT"
37990,"NN"
37991,"IN"
37992,"NN"
37993,"CC"
37994,"NN"
37995,"NNS"
37996,","
37997,"CC"
37998,"NN"
37999,"IN"
38000,"JJ"
38001,"NNS"
38002,","
38003,"DT"
38004,"NN"
38005,"VBD"
38006,"."
38007,"VBG"
38008,"RB"
38009,"TO"
38010,"DT"
38011,"JJ"
38012,"NN"
38013,","
38014,"DT"
38015,"NN"
38016,"VBD"
38017,"NN"
38018,"NN"
38019,"CC"
38020,"NN"
38021,"NNS"
38022,"MD"
38023,"VB"
38024,"JJ"
38025,","
38026,"IN"
38027,"NN"
38028,"CC"
38029,"NN"
38030,"NNS"
38031,"MD"
38032,"VB"
38033,"JJR"
38034,"."
38035,"NNP"
38036,"NNP"
38037,"NN"
38038,"NN"
38039,"VBZ"
38040,"IN"
38041,"NN"
38042,"CC"
38043,"NN"
38044,"NNS"
38045,","
38046,"DT"
38047,"NN"
38048,"VBD"
38049,"."
38050,"O"
38051,"NNP"
38052,"NNP"
38053,"NNP"
38054,"NNP"
38055,"NNP"
38056,"VBD"
38057,"DT"
38058,"JJ"
38059,"JJ"
38060,"NNP"
38061,"NN"
38062,"TO"
38063,"VB"
38064,"NNS"
38065,"IN"
38066,"PRP$"
38067,"NNS"
38068,"TO"
38069,"JJ"
38070,"NNS"
38071,","
38072,"VBG"
38073,"DT"
38074,"$"
38075,"CD"
38076,"CD"
38077,"JJ"
38078,"NN"
38079,"TO"
38080,"PRP$"
38081,"NN"
38082,"."
38083,"DT"
38084,"NN"
38085,"RB"
38086,"VBD"
38087,"PRP"
38088,"VBZ"
38089,"TO"
38090,"VB"
38091,"DT"
38092,"$"
38093,"CD"
38094,"CD"
38095,"NN"
38096,"IN"
38097,"DT"
38098,"JJ"
38099,"NN"
38100,"CC"
38101,"DT"
38102,"NN"
38103,"IN"
38104,"DT"
38105,"JJ"
38106,"NN"
38107,"."
38108,"DT"
38109,"JJ"
38110,"NNS"
38111,"VBP"
38112,"DT"
38113,"NN"
38114,"POS"
38115,"NN"
38116,"IN"
38117,"NNS"
38118,"TO"
38119,"NNP"
38120,"NNP"
38121,"NNS"
38122,"TO"
38123,"$"
38124,"CD"
38125,"CD"
38126,","
38127,"CC"
38128,"CD"
38129,"NN"
38130,"IN"
38131,"NNP"
38132,"NNP"
38133,"POS"
38134,"NN"
38135,"CC"
38136,"JJ"
38137,"NNS"
38138,"TO"
38139,"DT"
38140,"NNS"
38141,"."
38142,"``"
38143,"NN"
38144,"RB"
38145,"TO"
38146,"DT"
38147,"NN"
38148,"CC"
38149,"VB"
38150,"DT"
38151,"JJ"
38152,"NN"
38153,"."
38154,"VB"
38155,"DT"
38156,"NN"
38157,"IN"
38158,"PRP"
38159,"CC"
38160,"VBP"
38161,"RB"
38162,"VB"
38163,"RB"
38164,","
38165,"''"
38166,"VBD"
38167,"NNP"
38168,"NNP"
38169,"NNP"
38170,","
38171,"NN"
38172,"IN"
38173,"NNP"
38174,","
38175,"NNP"
38176,"CC"
38177,"NNP"
38178,","
38179,"IN"
38180,"VBG"
38181,"IN"
38182,"DT"
38183,"NN"
38184,"."
38185,"NNP"
38186,"NNP"
38187,"``"
38188,"VBZ"
38189,"VBN"
38190,"DT"
38191,"NN"
38192,"TO"
38193,"VB"
38194,"DT"
38195,"IN"
38196,"DT"
38197,"NN"
38198,","
38199,"''"
38200,"DT"
38201,"NN"
38202,"VBD"
38203,"."
38204,"PRP"
38205,"VBZ"
38206,"NNP"
38207,"TO"
38208,"VB"
38209,"DT"
38210,"JJ"
38211,"NN"
38212,"DT"
38213,"NN"
38214,"."
38215,"NNP"
38216,"NN"
38217,"VBD"
38218,"DT"
38219,"CD"
38220,"NN"
38221,"NN"
38222,"NNS"
38223,"NN"
38224,","
38225,"WDT"
38226,"NNS"
38227,"VBD"
38228,"DT"
38229,"NN"
38230,"JJ"
38231,","
38232,"IN"
38233,"NNP"
38234,"NNP"
38235,"NNP"
38236,"VBD"
38237,"DT"
38238,"$"
38239,"CD"
38240,"CD"
38241,"NN"
38242,"IN"
38243,"DT"
38244,"NN"
38245,"IN"
38246,"VBG"
38247,"$"
38248,"CD"
38249,"CD"
38250,"TO"
38251,"PRP$"
38252,"NN"
38253,"IN"
38254,"NNS"
38255,"TO"
38256,"JJ"
38257,"NNS"
38258,"."
38259,"CD"
38260,"JJ"
38261,"JJ"
38262,"NNP"
38263,"NNS"
38264,"VBD"
38265,"NNS"
38266,"NNS"
38267,"."
38268,"NNP"
38269,"NNP"
38270,"CC"
38271,"NNP"
38272,"IN"
38273,"NNP"
38274,"NNP"
38275,"VBD"
38276,"DT"
38277,"CD"
38278,"NN"
38279,"NN"
38280,"."
38281,"NNP"
38282,"NNP"
38283,"NNP"
38284,","
38285,"DT"
38286,"NN"
38287,"IN"
38288,"NNP"
38289,"NNP"
38290,"NNP"
38291,","
38292,"VBD"
38293,"JJ"
38294,"NN"
38295,"VBD"
38296,"CD"
38297,"NN"
38298,","
38299,"IN"
38300,"NN"
38301,"IN"
38302,"NNP"
38303,"NNP"
38304,"NNP"
38305,"IN"
38306,"NNP"
38307,","
38308,"NNP"
38309,","
38310,"VBD"
38311,"CD"
38312,"NN"
38313,"."
38314,"NNP"
38315,"NNS"
38316,"VBD"
38317,"RB"
38318,"RB"
38319,"VBN"
38320,"IN"
38321,"NNP"
38322,"POS"
38323,"NNS"
38324,"."
38325,"``"
38326,"EX"
38327,"VBZ"
38328,"NN"
38329,"IN"
38330,"RB"
38331,"IN"
38332,"POS"
38333,"JJ"
38334,"CC"
38335,"NN"
38336,"TO"
38337,"VB"
38338,"PRP"
38339,"VBP"
38340,"PRP"
38341,"VBP"
38342,"VBG"
38343,"DT"
38344,"NN"
38345,"IN"
38346,"NN"
38347,","
38348,"''"
38349,"VBD"
38350,"NNP"
38351,"NNP"
38352,","
38353,"NN"
38354,"IN"
38355,"NNP"
38356,"NNP"
38357,","
38358,"NNP"
38359,"NNP"
38360,"NNP"
38361,"."
38362,"NNS"
38363,"IN"
38364,"DT"
38365,"NN"
38366,"POS"
38367,"JJ"
38368,"NN"
38369,"NN"
38370,"VBD"
38371,"CD"
38372,"NN"
38373,"."
38374,"``"
38375,"DT"
38376,"NN"
38377,"NN"
38378,"VBZ"
38379,"TO"
38380,"VB"
38381,"DT"
38382,"NN"
38383,"NN"
38384,","
38385,"''"
38386,"VBD"
38387,"NNP"
38388,"NNP"
38389,"IN"
38390,"NNP"
38391,","
38392,"NNP"
38393,"CC"
38394,"NNP"
38395,"."
38396,"JJ"
38397,"NN"
38398,"CC"
38399,"NN"
38400,"NNS"
38401,"IN"
38402,"NN"
38403,"NNS"
38404,"IN"
38405,"DT"
38406,"NNP"
38407,"IN"
38408,"NNP"
38409,"NNP"
38410,"CC"
38411,"NNP"
38412,"VBD"
38413,"``"
38414,"RB"
38415,"JJ"
38416,","
38417,"RB"
38418,"JJ"
38419,","
38420,"''"
38421,"DT"
38422,"NN"
38423,"VBD"
38424,","
38425,"CC"
38426,"NN"
38427,"IN"
38428,"DT"
38429,"NN"
38430,"VBD"
38431,"CD"
38432,"NN"
38433,"."
38434,"DT"
38435,"JJ"
38436,"NN"
38437,"NN"
38438,"VBN"
38439,"``"
38440,"NN"
38441,"NNS"
38442,"CC"
38443,"JJ"
38444,"NN"
38445,"NNS"
38446,","
38447,"''"
38448,"DT"
38449,"NN"
38450,"VBD"
38451,"DT"
38452,"NN"
38453,"NNS"
38454,"IN"
38455,"NNP"
38456,"IN"
38457,"DT"
38458,"CD"
38459,"NNS"
38460,"CC"
38461,"NN"
38462,"IN"
38463,"NNP"
38464,"IN"
38465,"DT"
38466,"JJ"
38467,"NN"
38468,","
38469,"IN"
38470,"NNP"
38471,"VBD"
38472,"PRP"
38473,"``"
38474,"RB"
38475,"JJ"
38476,"."
38477,"''"
38478,"RB"
38479,","
38480,"DT"
38481,"NN"
38482,"VBD"
38483,"PRP$"
38484,"JJ"
38485,"NN"
38486,"TO"
38487,"$"
38488,"CD"
38489,"CD"
38490,"IN"
38491,"$"
38492,"CD"
38493,"CD"
38494,"DT"
38495,"NN"
38496,"RBR"
38497,"."
38498,"``"
38499,"NNS"
38500,"VBD"
38501,"VBG"
38502,"TO"
38503,"VB"
38504,"IN"
38505,"PRP"
38506,"MD"
38507,"VB"
38508,"DT"
38509,"JJ"
38510,"NN"
38511,"''"
38512,"IN"
38513,"JJ"
38514,"CC"
38515,"JJ"
38516,"NNS"
38517,"TO"
38518,"JJ"
38519,"NNS"
38520,","
38521,"DT"
38522,"NNP"
38523,"NN"
38524,"VBD"
38525,"."
38526,"CC"
38527,"PRP"
38528,"VBD"
38529,"DT"
38530,"NN"
38531,"POS"
38532,"NN"
38533,"IN"
38534,"PRP"
38535,"VBZ"
38536,"JJ"
38537,"IN"
38538,"DT"
38539,"JJ"
38540,"NN"
38541,"IN"
38542,"$"
38543,"CD"
38544,"CD"
38545,","
38546,"VBG"
38547,"IN"
38548,"CD"
38549,"NN"
38550,"IN"
38551,"DT"
38552,"$"
38553,"CD"
38554,"CD"
38555,"IN"
38556,"JJ"
38557,"NNS"
38558,"JJ"
38559,"."
38560,"NNP"
38561,"NNP"
38562,"NNP"
38563,","
38564,"NN"
38565,"IN"
38566,"NNP"
38567,"NNP"
38568,"NNP"
38569,"CC"
38570,"NNP"
38571,","
38572,"VBD"
38573,"NNP"
38574,"POS"
38575,"JJ"
38576,"NNS"
38577,"IN"
38578,"$"
38579,"CD"
38580,"CD"
38581,"IN"
38582,"NNS"
38583,"``"
38584,"JJ"
38585,"."
38586,"''"
38587,"DT"
38588,"``"
38589,"VBG"
38590,"''"
38591,"NN"
38592,"DT"
38593,"NN"
38594,"VBD"
38595,"VBD"
38596,"DT"
38597,"CD"
38598,"NN"
38599,"NN"
38600,"IN"
38601,"NNS"
38602,","
38603,"WDT"
38604,"DT"
38605,"NN"
38606,"VBZ"
38607,"TO"
38608,"NNS"
38609,"IN"
38610,"VBG"
38611,"DT"
38612,"PRP$"
38613,"NN"
38614,"NN"
38615,"NNS"
38616,"CC"
38617,"PRP$"
38618,"JJ"
38619,"NN"
38620,"NN"
38621,"."
38622,"NNP"
38623,"POS"
38624,"NN"
38625,"VBD"
38626,","
38627,"RB"
38628,","
38629,"IN"
38630,"DT"
38631,"NN"
38632,"VBZ"
38633,"VBG"
38634,"DT"
38635,"NNS"
38636,"IN"
38637,"NN"
38638,"TO"
38639,"NN"
38640,"NN"
38641,"."
38642,"NNP"
38643,"NNP"
38644,"NNP"
38645,"NNP"
38646,"VBD"
38647,"TO"
38648,"VB"
38649,"NN"
38650,"IN"
38651,"DT"
38652,"JJS"
38653,"NN"
38654,"NNS"
38655,"IN"
38656,"JJ"
38657,"NNS"
38658,","
38659,"VBG"
38660,"DT"
38661,"NN"
38662,"IN"
38663,"JJ"
38664,"NN"
38665,"NN"
38666,"IN"
38667,"CD"
38668,"NN"
38669,"JJ"
38670,"NN"
38671,"IN"
38672,"JJ"
38673,"NN"
38674,"NNS"
38675,"CC"
38676,"JJ"
38677,"NN"
38678,"IN"
38679,"NNS"
38680,"."
38681,"PRP$"
38682,"NN"
38683,"VBD"
38684,"RB"
38685,"CD"
38686,"NN"
38687,"NNS"
38688,","
38689,"CC"
38690,"NNS"
38691,"IN"
38692,"DT"
38693,"NN"
38694,"NN"
38695,","
38696,"IN"
38697,"DT"
38698,"NN"
38699,"RB"
38700,","
38701,"VBN"
38702,"IN"
38703,"DT"
38704,"JJ"
38705,"NN"
38706,"IN"
38707,"NNP"
38708,"NNP"
38709,"NNP"
38710,"CC"
38711,"JJ"
38712,"JJR"
38713,"NNS"
38714,"IN"
38715,"NNS"
38716,"IN"
38717,"JJ"
38718,"NNS"
38719,"IN"
38720,"DT"
38721,"NN"
38722,"."
38723,"IN"
38724,"DT"
38725,"NN"
38726,","
38727,"NNP"
38728,"NNP"
38729,"POS"
38730,"JJ"
38731,"NN"
38732,"NN"
38733,"VBD"
38734,"$"
38735,"CD"
38736,"CD"
38737,","
38738,"CC"
38739,"CD"
38740,"NN"
38741,","
38742,"TO"
38743,"$"
38744,"CD"
38745,"CD"
38746,"IN"
38747,"DT"
38748,"NN"
38749,"."
38750,"JJ"
38751,"NN"
38752,"VBD"
38753,"RB"
38754,"TO"
38755,"$"
38756,"CD"
38757,"CD"
38758,"IN"
38759,"$"
38760,"CD"
38761,"CD"
38762,","
38763,"IN"
38764,"NNP"
38765,"NNP"
38766,"VBD"
38767,"TO"
38768,"RB"
38769,"VB"
38770,"JJ"
38771,"NN"
38772,","
38773,"WDT"
38774,"VBD"
38775,"RB"
38776,"JJ"
38777,"IN"
38778,"$"
38779,"CD"
38780,"CD"
38781,"."
38782,"DT"
38783,"NN"
38784,"IN"
38785,"JJ"
38786,"NN"
38787,"NN"
38788,"IN"
38789,"JJ"
38790,"NN"
38791,"NN"
38792,"VBD"
38793,"NNP"
38794,"NNP"
38795,"DT"
38796,"CD"
38797,"NN"
38798,"NN"
38799,"IN"
38800,"JJ"
38801,"NNS"
38802,"IN"
38803,"DT"
38804,"NN"
38805,","
38806,"RB"
38807,"CD"
38808,"NN"
38809,"JJR"
38810,"IN"
38811,"NNP"
38812,"NNP"
38813,"POS"
38814,"CC"
38815,"DT"
38816,"NN"
38817,"NN"
38818,"VBD"
38819,"IN"
38820,"RB"
38821,"CD"
38822,"CC"
38823,"CD"
38824,"JJ"
38825,"JJ"
38826,"NNS"
38827,"IN"
38828,"DT"
38829,"NNP"
38830,"."
38831,"NNP"
38832,"NNP"
38833,"POS"
38834,"NN"
38835,"IN"
38836,"NN"
38837,"VBD"
38838,"TO"
38839,"CD"
38840,"NN"
38841,"IN"
38842,"CD"
38843,"NN"
38844,"."
38845,"NNP"
38846,"NNP"
38847,"VBZ"
38848,"VBN"
38849,"RB"
38850,"IN"
38851,"PRP$"
38852,"JJ"
38853,"NNS"
38854,"VBN"
38855,"TO"
38856,"VBN"
38857,"NNS"
38858,","
38859,"CC"
38860,"VBD"
38861,"TO"
38862,"RB"
38863,"VB"
38864,"DT"
38865,"JJ"
38866,"NN"
38867,"IN"
38868,"JJ"
38869,"JJ"
38870,"NNS"
38871,","
38872,"WDT"
38873,"VBD"
38874,"CD"
38875,"NN"
38876,"IN"
38877,"DT"
38878,"JJ"
38879,"NN"
38880,"TO"
38881,"$"
38882,"CD"
38883,"CD"
38884,"IN"
38885,"$"
38886,"CD"
38887,"CD"
38888,"."
38889,"CC"
38890,"DT"
38891,"NN"
38892,"VBD"
38893,"RB"
38894,"CD"
38895,"NN"
38896,"JJR"
38897,"IN"
38898,"DT"
38899,"JJ"
38900,"NN"
38901,","
38902,"CC"
38903,"CD"
38904,"NN"
38905,"JJR"
38906,"IN"
38907,"DT"
38908,"NN"
38909,"IN"
38910,"JJ"
38911,"NNS"
38912,"."
38913,"DT"
38914,"NN"
38915,","
38916,"CC"
38917,"NNP"
38918,"NNP"
38919,"POS"
38920,"JJ"
38921,"NN"
38922,"TO"
38923,"JJ"
38924,"NNS"
38925,","
38926,"JJ"
38927,"IN"
38928,"DT"
38929,"JJ"
38930,"NNS"
38931,"NNS"
38932,"VBP"
38933,"IN"
38934,"NNP"
38935,"NNP"
38936,"POS"
38937,"JJ"
38938,"NN"
38939,"."
38940,"NNP"
38941,"NNP"
38942,"VBZ"
38943,"VBG"
38944,"PRP$"
38945,"JJ"
38946,"NN"
38947,","
38948,"WDT"
38949,"VBD"
38950,"TO"
38951,"$"
38952,"CD"
38953,"CD"
38954,"IN"
38955,"NNP"
38956,"CD"
38957,"IN"
38958,"$"
38959,"CD"
38960,"CD"
38961,"DT"
38962,"JJ"
38963,"NN"
38964,"CC"
38965,"VBD"
38966,"RB"
38967,"IN"
38968,"$"
38969,"CD"
38970,"CD"
38971,"DT"
38972,"NN"
38973,"RB"
38974,","
38975,"WRB"
38976,"DT"
38977,"NN"
38978,"RB"
38979,"VBD"
38980,"DT"
38981,"JJ"
38982,"JJ"
38983,"NNS"
38984,"."
38985,"NNP"
38986,"NNP"
38987,"NNP"
38988,"NNP"
38989,"VBD"
38990,"IN"
38991,"VBG"
38992,"DT"
38993,"NN"
38994,"TO"
38995,"PRP$"
38996,"NNS"
38997,","
38998,"JJ"
38999,"NN"
39000,"NNS"
39001,","
39002,"CC"
39003,"DT"
39004,"JJ"
39005,"$"
39006,"CD"
39007,"CD"
39008,"NN"
39009,"IN"
39010,"DT"
39011,"NN"
39012,"IN"
39013,"DT"
39014,"NN"
39015,"IN"
39016,"DT"
39017,"JJ"
39018,"NN"
39019,"NN"
39020,","
39021,"JJ"
39022,"NNS"
39023,"VBD"
39024,"$"
39025,"CD"
39026,"CD"
39027,"."
39028,"DT"
39029,"JJ"
39030,"JJ"
39031,"NN"
39032,"VBD"
39033,"$"
39034,"CD"
39035,"CD"
39036,","
39037,"DT"
39038,"NN"
39039,"VBD"
39040,"."
39041,"DT"
39042,"NN"
39043,"POS"
39044,"JJ"
39045,"NNS"
39046,"VBD"
39047,"NNS"
39048,"IN"
39049,"NNS"
39050,"TO"
39051,"JJ"
39052,"NNS"
39053,"TO"
39054,"$"
39055,"CD"
39056,"CD"
39057,","
39058,"VBG"
39059,"CD"
39060,"NN"
39061,"IN"
39062,"PRP$"
39063,"NN"
39064,"CC"
39065,"JJ"
39066,"NNS"
39067,"JJ"
39068,"TO"
39069,"DT"
39070,"NNS"
39071,"."
39072,"DT"
39073,"JJ"
39074,"NN"
39075,"NN"
39076,":"
39077,"DT"
39078,"NN"
39079,"IN"
39080,"DT"
39081,"NN"
39082,"POS"
39083,"NN"
39084,"IN"
39085,"NNS"
39086,"CC"
39087,"WP"
39088,"PRP"
39089,"VBZ"
39090,"IN"
39091,"NN"
39092,"NNS"
39093,":"
39094,"JJ"
39095,"IN"
39096,"DT"
39097,"NN"
39098,","
39099,"RB"
39100,"VBD"
39101,"JJ"
39102,"NNS"
39103,"IN"
39104,"JJ"
39105,"NN"
39106,"."
39107,"NNS"
39108,"IN"
39109,"JJ"
39110,"NNS"
39111,"VBD"
39112,"CD"
39113,"NN"
39114,","
39115,"TO"
39116,"$"
39117,"CD"
39118,"CD"
39119,"."
39120,"``"
39121,"PRP"
39122,"VBD"
39123,"RB"
39124,"VB"
39125,"NN"
39126,"IN"
39127,"DT"
39128,"NN"
39129,"IN"
39130,"NNS"
39131,"''"
39132,"IN"
39133,"DT"
39134,"NN"
39135,"``"
39136,"IN"
39137,"PRP$"
39138,"NN"
39139,"NN"
39140,"VBD"
39141,"JJ"
39142,","
39143,"''"
39144,"DT"
39145,"NN"
39146,"VBD"
39147,"."
39148,"NNS"
39149,"JJ"
39150,"TO"
39151,"NN"
39152,"VBD"
39153,"CD"
39154,"NN"
39155,","
39156,"TO"
39157,"$"
39158,"CD"
39159,"CD"
39160,"."
39161,"NNP"
39162,"NNP"
39163,"NNP"
39164,"NNP"
39165,"VBD"
39166,"JJR"
39167,"NN"
39168,"IN"
39169,"NNS"
39170,"JJ"
39171,"TO"
39172,"NN"
39173,"CC"
39174,"VBD"
39175,"PRP"
39176,"VBZ"
39177,"TO"
39178,"VB"
39179,"NNS"
39180,"."
39181,"JJ"
39182,"NN"
39183,"NN"
39184,"IN"
39185,"DT"
39186,"JJ"
39187,"NN"
39188,"VBD"
39189,"RB"
39190,"CD"
39191,"NN"
39192,","
39193,"TO"
39194,"$"
39195,"CD"
39196,"CD"
39197,"."
39198,"NNP"
39199,"NN"
39200,"VBD"
39201,"CD"
39202,"NN"
39203,","
39204,"TO"
39205,"$"
39206,"CD"
39207,"CD"
39208,","
39209,"IN"
39210,"NN"
39211,"NNS"
39212,","
39213,"NNS"
39214,"CC"
39215,"NNS"
39216,"VBD"
39217,"CD"
39218,"NN"
39219,","
39220,"TO"
39221,"$"
39222,"CD"
39223,"CD"
39224,"."
39225,"DT"
39226,"NN"
39227,"POS"
39228,"JJ"
39229,"NN"
39230,"IN"
39231,"NN"
39232,"NNS"
39233,"VBD"
39234,"$"
39235,"CD"
39236,"CD"
39237,","
39238,"CC"
39239,"CD"
39240,"NN"
39241,"IN"
39242,"JJ"
39243,"NNS"
39244,"."
39245,"O"
39246,"NNP"
39247,"NNP"
39248,"NNP"
39249,"NNP"
39250,"VBD"
39251,"DT"
39252,"NN"
39253,"IN"
39254,"NN"
39255,"IN"
39256,"JJ"
39257,"NNS"
39258,"IN"
39259,"DT"
39260,"NNS"
39261,"VBP"
39262,"MD"
39263,"VB"
39264,"PRP"
39265,"CC"
39266,"PRP$"
39267,"NN"
39268,"NNP"
39269,"("
39270,"PRP"
39271,")"
39272,"NNP"
39273,"NN"
39274,"IN"
39275,"DT"
39276,"NN"
39277,"."
39278,"JJ"
39279,"NNS"
39280,"VBP"
39281,"DT"
39282,"JJ"
39283,"NN"
39284,"MD"
39285,"VB"
39286,"NN"
39287,"IN"
39288,"DT"
39289,"JJ"
39290,"NN"
39291,"CC"
39292,"VB"
39293,"VBN"
39294,"TO"
39295,"VB"
39296,"IN"
39297,"DT"
39298,"JJ"
39299,"NN"
39300,"IN"
39301,"DT"
39302,"NN"
39303,"IN"
39304,"JJ"
39305,"NNS"
39306,"."
39307,"NNS"
39308,"IN"
39309,"DT"
39310,"JJ"
39311,","
39312,"JJ"
39313,"CC"
39314,"JJ"
39315,"NN"
39316,"VBP"
39317,"RB"
39318,"JJ"
39319,"TO"
39320,"VB"
39321,"."
39322,"RB"
39323,"VBZ"
39324,"IN"
39325,"DT"
39326,"NN"
39327,","
39328,"DT"
39329,"JJ"
39330,"NN"
39331,"IN"
39332,"JJ"
39333,"CC"
39334,"JJ"
39335,"NNS"
39336,"VBN"
39337,"IN"
39338,"JJ"
39339,"NNP"
39340,"NN"
39341,"NN"
39342,"IN"
39343,"NNP"
39344,"NNP"
39345,"."
39346,"DT"
39347,"JJS"
39348,"NN"
39349,"VBZ"
39350,"IN"
39351,"DT"
39352,"NNS"
39353,"MD"
39354,"VB"
39355,"DT"
39356,"NN"
39357,"IN"
39358,"CC"
39359,"IN"
39360,"NNP"
39361,"NNP"
39362,"CC"
39363,"PRP$"
39364,"CD"
39365,"NNS"
39366,"IN"
39367,"NN"
39368,":"
39369,"CD"
39370,"NNS"
39371,"IN"
39372,"NNS"
39373,"CC"
39374,"NNS"
39375,","
39376,"NNS"
39377,"CC"
39378,"NNS"
39379,"CC"
39380,"JJ"
39381,"NNS"
39382,"IN"
39383,"NN"
39384,"."
39385,"NNP"
39386,","
39387,"CD"
39388,"NNS"
39389,"IN"
39390,"DT"
39391,"JJ"
39392,"JJ"
39393,"NN"
39394,"IN"
39395,"DT"
39396,"NN"
39397,"NN"
39398,","
39399,"NNP"
39400,"NNP"
39401,"VBD"
39402,"NNS"
39403,"IN"
39404,"DT"
39405,"JJR"
39406,"NN"
39407,"IN"
39408,"NNP"
39409,"IN"
39410,"NNP"
39411,"CD"
39412,"CC"
39413,"CD"
39414,"."
39415,"DT"
39416,"NNS"
39417,"MD"
39418,"VB"
39419,"VBN"
39420,"IN"
39421,"JJ"
39422,"NNS"
39423,"IN"
39424,"NN"
39425,"IN"
39426,"DT"
39427,"CD"
39428,"NNS"
39429,"."
39430,"("
39431,"DT"
39432,"JJR"
39433,"NN"
39434,"POS"
39435,"JJ"
39436,"NN"
39437,"VBZ"
39438,"IN"
39439,"NNP"
39440,":"
39441,"DT"
39442,"NNP"
39443,"POS"
39444,"JJ"
39445,"NN"
39446,"VBZ"
39447,"VBN"
39448,"."
39449,")"
39450,"DT"
39451,"NNS"
39452,"MD"
39453,"VB"
39454,"DT"
39455,"JJ"
39456,"NN"
39457,"IN"
39458,"DT"
39459,"JJ"
39460,"JJ"
39461,"NN"
39462,"CC"
39463,"NNP"
39464,"("
39465,"NNP"
39466,")"
39467,","
39468,"WDT"
39469,"IN"
39470,"JJ"
39471,"NNS"
39472,"VBZ"
39473,"VBN"
39474,"IN"
39475,"CD"
39476,"IN"
39477,"NNP"
39478,"POS"
39479,"CD"
39480,"NNS"
39481,"IN"
39482,"NN"
39483,"."
39484,"IN"
39485,"DT"
39486,"JJ"
39487,"NN"
39488,"IN"
39489,"CD"
39490,"IN"
39491,"NNS"
39492,"VBN"
39493,"IN"
39494,"DT"
39495,"NN"
39496,"IN"
39497,"PRP$"
39498,"NN"
39499,","
39500,"NNP"
39501,"NNP"
39502,","
39503,"NNP"
39504,"NNP"
39505,"VBD"
39506,"PRP$"
39507,"NN"
39508,"VB"
39509,"DT"
39510,"NN"
39511,"NN"
39512,"NN"
39513,"."
39514,"PRP$"
39515,"JJ"
39516,"NNS"
39517,"TO"
39518,"VB"
39519,"NNP"
39520,"DT"
39521,"JJ"
39522,"NN"
39523,"VBP"
39524,"VBN"
39525,"RB"
39526,"IN"
39527,"JJ"
39528,"NN"
39529,"."
39530,"PRP$"
39531,"NN"
39532,"TO"
39533,"VB"
39534,"IN"
39535,"JJ"
39536,"NN"
39537,"CC"
39538,"JJ"
39539,"NNS"
39540,","
39541,"VBG"
39542,"PRP$"
39543,"JJ"
39544,"NN"
39545,","
39546,"VBD"
39547,"VBN"
39548,"."
39549,"PRP$"
39550,"``"
39551,"NNP"
39552,"NNP"
39553,"''"
39554,"NN"
39555,"VBD"
39556,"VBN"
39557,"IN"
39558,"DT"
39559,"JJ"
39560,"NN"
39561,","
39562,"WDT"
39563,"MD"
39564,"VB"
39565,"DT"
39566,"JJ"
39567,"NN"
39568,"NN"
39569,"."
39570,"DT"
39571,"NNS"
39572,"VBP"
39573,"DT"
39574,"NN"
39575,"IN"
39576,"NNP"
39577,"NNP"
39578,"POS"
39579,"VBN"
39580,"NN"
39581,"TO"
39582,"VB"
39583,"NN"
39584,"CC"
39585,"JJ"
39586,"JJ"
39587,"NN"
39588,"NN"
39589,"NN"
39590,"IN"
39591,"DT"
39592,"NNS"
39593,"."
39594,"``"
39595,"EX"
39596,"VBZ"
39597,"DT"
39598,"JJ"
39599,"NN"
39600,"IN"
39601,"NN"
39602,"IN"
39603,"DT"
39604,"NN"
39605,","
39606,"''"
39607,"VBZ"
39608,"NNP"
39609,"NNP"
39610,"NNP"
39611,"IN"
39612,"DT"
39613,"NNP"
39614,"IN"
39615,"NNP"
39616,"NNP"
39617,","
39618,"IN"
39619,"NNP"
39620,"NNP"
39621,"."
39622,"``"
39623,"PRP"
39624,"VBP"
39625,"DT"
39626,"NNS"
39627,"MD"
39628,"VB"
39629,"VBG"
39630,"DT"
39631,"NN"
39632,"IN"
39633,"DT"
39634,"JJ"
39635,"NN"
39636,","
39637,"IN"
39638,"DT"
39639,"JJ"
39640,"NN"
39641,"NN"
39642,"."
39643,"DT"
39644,"MD"
39645,"VB"
39646,"DT"
39647,"JJ"
39648,"NN"
39649,"IN"
39650,"DT"
39651,"JJ"
39652,"NN"
39653,"."
39654,"''"
39655,"RB"
39656,"IN"
39657,"DT"
39658,"NNP"
39659,"("
39660,"PRP"
39661,")"
39662,"VBZ"
39663,"NN"
39664,"IN"
39665,"DT"
39666,"NN"
39667,","
39668,"NNP"
39669,"NNP"
39670,"POS"
39671,"NN"
39672,"TO"
39673,"VB"
39674,"IN"
39675,"JJ"
39676,"NNS"
39677,"MD"
39678,"VB"
39679,"VBN"
39680,"IN"
39681,"DT"
39682,"JJ"
39683,"NN"
39684,"."
39685,"JJ"
39686,"NNS"
39687,"VBP"
39688,"PRP$"
39689,"JJ"
39690,"NN"
39691,"IN"
39692,"DT"
39693,"JJ"
39694,"NN"
39695,"JJ"
39696,","
39697,"CC"
39698,"JJ"
39699,"VBP"
39700,"VBG"
39701,"IN"
39702,"JJ"
39703,"JJ"
39704,"NNS"
39705,"IN"
39706,"PRP"
39707,"VBZ"
39708,"VBN"
39709,"RB"
39710,"TO"
39711,"NN"
39712,"."
39713,"DT"
39714,"JJ"
39715,"NN"
39716,","
39717,"CC"
39718,"JJR"
39719,"NN"
39720,"IN"
39721,"NNP"
39722,","
39723,"VBZ"
39724,"NNP"
39725,"VBN"
39726,"CC"
39727,"CD"
39728,"VBN"
39729,"NNS"
39730,"."
39731,"IN"
39732,"CD"
39733,","
39734,"DT"
39735,"NNP"
39736,"("
39737,"PRP"
39738,")"
39739,"VBN"
39740,"FW"
39741,"NNS"
39742,","
39743,"DT"
39744,"JJS"
39745,"NN"
39746,"IN"
39747,"DT"
39748,"NN"
39749,"IN"
39750,"JJ"
39751,"NN"
39752,"."
39753,"DT"
39754,"NN"
39755,"VBD"
39756,"VBN"
39757,"IN"
39758,"NN"
39759,"IN"
39760,"VBN"
39761,"IN"
39762,"NNP"
39763,"IN"
39764,"DT"
39765,"NN"
39766,"."
39767,"NNP"
39768,"NNP"
39769,"VBD"
39770,"VBN"
39771,"VBN"
39772,"IN"
39773,"NNP"
39774,"NNP"
39775,","
39776,"CC"
39777,"JJ"
39778,"NNPS"
39779,"VBD"
39780,"PRP$"
39781,"NN"
39782,"MD"
39783,"VB"
39784,"RB"
39785,"."
39786,"IN"
39787,"DT"
39788,"JJ"
39789,"CD"
39790,"JJ"
39791,"NNS"
39792,","
39793,"JJ"
39794,"JJ"
39795,"NNS"
39796,"VBD"
39797,"DT"
39798,"NN"
39799,"."
39800,"IN"
39801,"CD"
39802,","
39803,"DT"
39804,"NNP"
39805,"NNP"
39806,"VBD"
39807,"IN"
39808,"NNP"
39809,"POS"
39810,"NN"
39811,"IN"
39812,"DT"
39813,"NN"
39814,"NN"
39815,"."
39816,"IN"
39817,"CD"
39818,","
39819,"NNP"
39820,"NNP"
39821,"VBD"
39822,"VBN"
39823,"RP"
39824,"IN"
39825,"NN"
39826,"IN"
39827,"PRP$"
39828,"JJ"
39829,"NN"
39830,"NN"
39831,","
39832,"CC"
39833,"IN"
39834,"CD"
39835,","
39836,"IN"
39837,"PRP$"
39838,"NNS"
39839,"VBD"
39840,"DT"
39841,"NN"
39842,"IN"
39843,"PRP$"
39844,"CD"
39845,"NNS"
39846,"IN"
39847,"NN"
39848,","
39849,"PRP"
39850,"VBD"
39851,"VBN"
39852,"TO"
39853,"NN"
39854,"."
39855,"NNP"
39856,"JJ"
39857,"NNS"
39858,"VBP"
39859,"IN"
39860,"IN"
39861,"NNP"
39862,"NNP"
39863,"POS"
39864,"NN"
39865,"VBZ"
39866,"TO"
39867,"VB"
39868,"JJ"
39869,"NNS"
39870,"IN"
39871,"JJS"
39872,"NNS"
39873,","
39874,"DT"
39875,"NNP"
39876,"("
39877,"PRP"
39878,")"
39879,"MD"
39880,"VB"
39881,"JJ"
39882,"."
39883,"CC"
39884,"IN"
39885,"DT"
39886,"NN"
39887,"VBZ"
39888,"JJ"
39889,","
39890,"DT"
39891,"NNP"
39892,"("
39893,"PRP"
39894,")"
39895,"MD"
39896,"VB"
39897,"DT"
39898,"JJ"
39899,"NN"
39900,","
39901,"CC"
39902,"VB"
39903,"DT"
39904,"NN"
39905,"NN"
39906,"."
39907,"NNP"
39908,"NNP"
39909,","
39910,"DT"
39911,"NN"
39912,"CC"
39913,"JJ"
39914,"NNP"
39915,"NN"
39916,","
39917,"VBZ"
39918,"NNP"
39919,"("
39920,"PRP"
39921,")"
39922,"MD"
39923,"VB"
39924,"RB"
39925,"CD"
39926,"NNS"
39927,","
39928,"DT"
39929,"NN"
39930,"IN"
39931,"DT"
39932,"NN"
39933,","
39934,"IN"
39935,"DT"
39936,"NN"
39937,"NNS"
39938,"JJ"
39939,"NNS"
39940,"IN"
39941,"CD"
39942,"NN"
39943,"IN"
39944,"DT"
39945,"NNS"
39946,"."
39947,"NNS"
39948,"VBP"
39949,"DT"
39950,"NN"
39951,"MD"
39952,"VB"
39953,"DT"
39954,"NN"
39955,"TO"
39956,"VB"
39957,","
39958,"CC"
39959,"PRP$"
39960,"NN"
39961,"MD"
39962,"VB"
39963,"JJ"
39964,"RB"
39965,"WRB"
39966,"PRP"
39967,"VBZ"
39968,"PRP$"
39969,"JJ"
39970,"NN"
39971,"IN"
39972,"JJ"
39973,"NNS"
39974,"."
39975,"DT"
39976,"NN"
39977,"NN"
39978,"VBZ"
39979,"JJ"
39980,"TO"
39981,"VB"
39982,"NN"
39983,"IN"
39984,"DT"
39985,"JJ"
39986,"VBG"
39987,"NNS"
39988,"IN"
39989,"DT"
39990,"NN"
39991,","
39992,"CC"
39993,"PRP"
39994,"VBZ"
39995,"JJ"
39996,"WRB"
39997,"PRP"
39998,"VBZ"
39999,"VBN"
40000,"IN"
40001,"JJ"
40002,"JJ"
40003,"NNS"
40004,"."
40005,"IN"
40006,"CD"
40007,","
40008,"NNP"
40009,"VBD"
40010,"DT"
40011,"$"
40012,"CD"
40013,"CD"
40014,"NN"
40015,"IN"
40016,"NNP"
40017,"NNP"
40018,","
40019,"DT"
40020,"NN"
40021,"IN"
40022,"NNP"
40023,"NNP"
40024,"NNP"
40025,"NNP"
40026,","
40027,"TO"
40028,"VB"
40029,"CD"
40030,"NN"
40031,"NNS"
40032,"."
40033,"DT"
40034,"NN"
40035,"VBD"
40036,"VBN"
40037,"IN"
40038,"DT"
40039,"NNS"
40040,"POS"
40041,"CD"
40042,"JJ"
40043,"NNS"
40044,","
40045,"CC"
40046,"VBD"
40047,"VBN"
40048,"TO"
40049,"VB"
40050,"JJ"
40051,"IN"
40052,"NNS"
40053,"CC"
40054,"NNS"
40055,"POS"
40056,"NNS"
40057,"."
40058,"IN"
40059,"NNP"
40060,"CD"
40061,","
40062,"NN"
40063,"VBD"
40064,"IN"
40065,"NNS"
40066,"VBD"
40067,"VBN"
40068,"."
40069,"DT"
40070,"NN"
40071,"VBD"
40072,"IN"
40073,"DT"
40074,"NN"
40075,"VBD"
40076,"VBN"
40077,"TO"
40078,"VB"
40079,"JJ"
40080,"NN"
40081,"NNS"
40082,","
40083,"DT"
40084,"NN"
40085,"VBD"
40086,"IN"
40087,"NNP"
40088,"NNP"
40089,"POS"
40090,"NN"
40091,"."
40092,"CC"
40093,"JJ"
40094,"IN"
40095,"PRP$"
40096,"NNS"
40097,"IN"
40098,"DT"
40099,"NN"
40100,"IN"
40101,"NNP"
40102,"RB"
40103,"VBD"
40104,"VBN"
40105,"JJ"
40106,"IN"
40107,"NN"
40108,"NN"
40109,"."
40110,"DT"
40111,"NN"
40112,"VBZ"
40113,"VBN"
40114,"CC"
40115,"VBN"
40116,","
40117,"CC"
40118,"JJ"
40119,"NNS"
40120,"VBD"
40121,"PRP"
40122,"RB"
40123,"IN"
40124,"DT"
40125,"JJ"
40126,"NNS"
40127,","
40128,"CC"
40129,"DT"
40130,"VBZ"
40131,"VBN"
40132,"VB"
40133,"DT"
40134,"NN"
40135,","
40136,"WDT"
40137,"JJ"
40138,"NN"
40139,"VBD"
40140,"NN"
40141,"IN"
40142,"CD"
40143,"JJ"
40144,"NN"
40145,"NNS"
40146,"."
40147,"PRP"
40148,"VBD"
40149,"DT"
40150,"JJ"
40151,"NN"
40152,"IN"
40153,"CD"
40154,"NNS"
40155,"IN"
40156,"JJ"
40157,"NN"
40158,"NNS"
40159,"VBD"
40160,"VBN"
40161,"."
40162,"IN"
40163,"DT"
40164,"NN"
40165,"WRB"
40166,"DT"
40167,"NN"
40168,"VBZ"
40169,"VBN"
40170,"TO"
40171,"VB"
40172,"DT"
40173,"NN"
40174,","
40175,"DT"
40176,"NN"
40177,","
40178,"CC"
40179,"RB"
40180,"IN"
40181,"DT"
40182,"NN"
40183,","
40184,"DT"
40185,"NN"
40186,"NNS"
40187,"VBZ"
40188,"VBN"
40189,"DT"
40190,"JJ"
40191,"NN"
40192,"NN"
40193,"IN"
40194,"DT"
40195,"NN"
40196,"."
40197,"DT"
40198,"VBZ"
40199,"DT"
40200,"NN"
40201,"IN"
40202,"NN"
40203,"JJ"
40204,"NNPS"
40205,"VBP"
40206,"IN"
40207,"NNP"
40208,"NNP"
40209,","
40210,"WP"
40211,"PRP"
40212,"RB"
40213,"VBN"
40214,"CC"
40215,"RB"
40216,"VBN"
40217,"IN"
40218,"PRP$"
40219,"JJ"
40220,"CD"
40221,"NNS"
40222,"IN"
40223,"NN"
40224,"."
40225,"PRP$"
40226,"NN"
40227,"VBZ"
40228,"VBN"
40229,"DT"
40230,"JJ"
40231,"NNS"
40232,"IN"
40233,"NNS"
40234,","
40235,"IN"
40236,"DT"
40237,"NN"
40238,"CC"
40239,"IN"
40240,"DT"
40241,"JJ"
40242,"NN"
40243,","
40244,"CC"
40245,"VBZ"
40246,"VBN"
40247,"RP"
40248,"DT"
40249,"NNS"
40250,"."
40251,"CC"
40252,"DT"
40253,"JJ"
40254,"NNP"
40255,"VBD"
40256,"JJ"
40257,"NN"
40258,"IN"
40259,"DT"
40260,"JJ"
40261,"NN"
40262,"CC"
40263,"PRP$"
40264,"NN"
40265,"TO"
40266,"VB"
40267,"DT"
40268,"NN"
40269,"IN"
40270,"DT"
40271,"NN"
40272,"NN"
40273,"RBR"
40274,"JJ"
40275,"CC"
40276,"RBR"
40277,"JJ"
40278,"."
40279,"PRP$"
40280,"NNS"
40281,"IN"
40282,"DT"
40283,"CD"
40284,"NNS"
40285,"RB"
40286,","
40287,"CC"
40288,"RB"
40289,"RB"
40290,","
40291,"JJ"
40292,"JJ"
40293,"NNPS"
40294,"."
40295,"``"
40296,"PRP"
40297,"VBP"
40298,"RB"
40299,"IN"
40300,"DT"
40301,"NNP"
40302,"("
40303,"NNP"
40304,")"
40305,","
40306,"''"
40307,"VBZ"
40308,"NNP"
40309,"NNP"
40310,","
40311,"DT"
40312,"NN"
40313,"IN"
40314,"DT"
40315,"JJ"
40316,"NN"
40317,"IN"
40318,"NN"
40319,"."
40320,"``"
40321,"DT"
40322,"NNP"
40323,"NN"
40324,"VBZ"
40325,"VBG"
40326,"DT"
40327,"NNS"
40328,"POS"
40329,"NN"
40330,"CC"
40331,"RB"
40332,"VBG"
40333,"PRP"
40334,"DT"
40335,"NN"
40336,"."
40337,"WRB"
40338,"EX"
40339,"VBP"
40340,"RB"
40341,"NNS"
40342,","
40343,"JJ"
40344,"NNS"
40345,","
40346,"NN"
40347,"NNS"
40348,","
40349,"DT"
40350,"NN"
40351,"VBZ"
40352,"PRP"
40353,"TO"
40354,"VB"
40355,"PRP"
40356,"."
40357,"''"
40358,"DT"
40359,"JJS"
40360,"NN"
40361,"VBG"
40362,"IN"
40363,"NNP"
40364,"NNP"
40365,"CC"
40366,"NNP"
40367,"NNP"
40368,"("
40369,"NNP"
40370,")"
40371,"NNP"
40372,"VBZ"
40373,"DT"
40374,"JJ"
40375,"NN"
40376,"IN"
40377,"DT"
40378,"NN"
40379,"."
40380,"RB"
40381,"IN"
40382,"PRP"
40383,"VBZ"
40384,"IN"
40385,"DT"
40386,"NNS"
40387,","
40388,"PRP$"
40389,"NN"
40390,"VBZ"
40391,"JJ"
40392,"TO"
40393,"VB"
40394,"JJ"
40395,"."
40396,"WRB"
40397,"DT"
40398,"NNP"
40399,"("
40400,"PRP"
40401,")"
40402,"VBD"
40403,"DT"
40404,"CD"
40405,"NN"
40406,","
40407,"VBG"
40408,"NNP"
40409,"NNP"
40410,"POS"
40411,"JJ"
40412,"NN"
40413,"NN"
40414,","
40415,"DT"
40416,"JJ"
40417,"NN"
40418,"VBD"
40419,"NN"
40420,"CC"
40421,"RB"
40422,"JJ"
40423,"."
40424,"DT"
40425,"NNPS"
40426,"VBP"
40427,"DT"
40428,"NN"
40429,"IN"
40430,"DT"
40431,"NN"
40432,"."
40433,"NNP"
40434,"CD"
40435,","
40436,"CD"
40437,":"
40438,"NNP"
40439,"NNP"
40440,","
40441,"DT"
40442,"NN"
40443,"IN"
40444,"NNP"
40445,"NNP"
40446,"NNP"
40447,"NNP"
40448,","
40449,"VBZ"
40450,"IN"
40451,"DT"
40452,"$"
40453,"CD"
40454,"CD"
40455,"NN"
40456,"IN"
40457,"NNP"
40458,"POS"
40459,"NNP"
40460,"NNP"
40461,"TO"
40462,"VB"
40463,"CD"
40464,"NNS"
40465,"FW"
40466,"FW"
40467,"NN"
40468,"NN"
40469,"NNS"
40470,"."
40471,"IN"
40472,"CD"
40473,","
40474,"NNP"
40475,"NNP"
40476,"NNP"
40477,"NNP"
40478,","
40479,"IN"
40480,"PRP$"
40481,"NNS"
40482,"IN"
40483,"RB"
40484,"JJ"
40485,"NNP"
40486,"NNP"
40487,"NNP"
40488,"NNP"
40489,","
40490,"VBD"
40491,"DT"
40492,"NN"
40493,"IN"
40494,"DT"
40495,"NN"
40496,"VBP"
40497,"DT"
40498,"NNS"
40499,"."
40500,"NNP"
40501,"CD"
40502,","
40503,"CD"
40504,":"
40505,"NNP"
40506,"NNP"
40507,"NNP"
40508,"VBZ"
40509,"IN"
40510,"IN"
40511,"$"
40512,"CD"
40513,"CD"
40514,":"
40515,"RB"
40516,"CD"
40517,"NN"
40518,"IN"
40519,"DT"
40520,"JJ"
40521,"NN"
40522,":"
40523,"VBD"
40524,"VBN"
40525,"IN"
40526,"NNS"
40527,"IN"
40528,"NNS"
40529,"TO"
40530,"NNS"
40531,"."
40532,"NNP"
40533,"CD"
40534,","
40535,"CD"
40536,":"
40537,"NNP"
40538,"POS"
40539,"NNP"
40540,"NNP"
40541,"NNP"
40542,"VBZ"
40543,"PRP$"
40544,"NN"
40545,"VBG"
40546,"NN"
40547,"IN"
40548,"IN"
40549,"$"
40550,"CD"
40551,"CD"
40552,"TO"
40553,"JJ"
40554,"NNPS"
40555,"."
40556,"DT"
40557,"NN"
40558,"VBZ"
40559,"IN"
40560,"NNS"
40561,"VBD"
40562,"RB"
40563,"VBN"
40564,"IN"
40565,"NN"
40566,"IN"
40567,"NN"
40568,"IN"
40569,"NNS"
40570,"."
40571,"NNP"
40572,"VBZ"
40573,"PRP"
40574,"MD"
40575,"RB"
40576,"VB"
40577,"DT"
40578,"NNS"
40579,"IN"
40580,"DT"
40581,"NNS"
40582,"IN"
40583,"PRP"
40584,"MD"
40585,"VB"
40586,"JJ"
40587,"NN"
40588,"."
40589,"DT"
40590,"NN"
40591,"IN"
40592,"DT"
40593,"NN"
40594,"VBG"
40595,"NNS"
40596,"IN"
40597,"DT"
40598,"NNP"
40599,"VBZ"
40600,"VBN"
40601,"IN"
40602,"NNS"
40603,"VBG"
40604,"NN"
40605,"FW"
40606,"NNS"
40607,"."
40608,"NNP"
40609,"CD"
40610,","
40611,"CD"
40612,":"
40613,"NNP"
40614,"NNP"
40615,"NNP"
40616,"VBZ"
40617,"DT"
40618,"NNP"
40619,"NNP"
40620,","
40621,"``"
40622,":"
40623,"DT"
40624,"PRP"
40625,"CC"
40626,"DT"
40627,"NN"
40628,"IN"
40629,"PRP$"
40630,"NN"
40631,"VBZ"
40632,"VBN"
40633,"DT"
40634,"NN"
40635,"IN"
40636,"DT"
40637,"NNS"
40638,"."
40639,"DT"
40640,"VBZ"
40641,"DT"
40642,"NN"
40643,"."
40644,"''"
40645,"NNP"
40646,"CD"
40647,","
40648,"CD"
40649,":"
40650,"NNS"
40651,"VBZ"
40652,"NNS"
40653,"IN"
40654,"$"
40655,"CD"
40656,"CD"
40657,"TO"
40658,"NNS"
40659,"."
40660,"NNP"
40661,"CD"
40662,","
40663,"CD"
40664,":"
40665,"DT"
40666,"CD"
40667,"NN"
40668,"VBZ"
40669,"NNS"
40670,"IN"
40671,"NN"
40672,"NNS"
40673,"IN"
40674,"JJ"
40675,"NNS"
40676,"CC"
40677,"NNS"
40678,"IN"
40679,"NNS"
40680,"CC"
40681,"JJ"
40682,"JJ"
40683,"NNS"
40684,"VBN"
40685,"TO"
40686,"DT"
40687,"NN"
40688,"IN"
40689,"DT"
40690,"NNS"
40691,"TO"
40692,"NNP"
40693,"."
40694,"NNP"
40695,"CD"
40696,","
40697,"CD"
40698,":"
40699,"DT"
40700,"JJ"
40701,"JJ"
40702,"NN"
40703,"VBN"
40704,"IN"
40705,"DT"
40706,"NNP"
40707,"("
40708,"PRP"
40709,")"
40710,"NNP"
40711,"VBZ"
40712,"WDT"
40713,"EX"
40714,"VBD"
40715,"UH"
40716,"UH"
40717,"IN"
40718,"DT"
40719,"NN"
40720,"CC"
40721,"DT"
40722,"NN"
40723,"TO"
40724,"DT"
40725,"JJ"
40726,"NN"
40727,"CC"
40728,"NN"
40729,"."
40730,"NNP"
40731,"CD"
40732,","
40733,"CD"
40734,":"
40735,"DT"
40736,"NN"
40737,"CC"
40738,"NN"
40739,"IN"
40740,"NNP"
40741,"VBZ"
40742,"JJ"
40743,"NNS"
40744,"IN"
40745,"DT"
40746,"NN"
40747,"POS"
40748,"JJ"
40749,"CC"
40750,"JJ"
40751,"NN"
40752,"IN"
40753,"DT"
40754,"NNP"
40755,"NN"
40756,"."
40757,"NNP"
40758,"CD"
40759,","
40760,"CD"
40761,":"
40762,"JJ"
40763,"NN"
40764,"NNP"
40765,"IN"
40766,"NNP"
40767,"NNP"
40768,"NNP"
40769,"VBZ"
40770,"IN"
40771,"DT"
40772,"NN"
40773,"IN"
40774,"PRP"
40775,"VBD"
40776,"IN"
40777,"NNP"
40778,"CD"
40779,"IN"
40780,"DT"
40781,"NN"
40782,"VB"
40783,"DT"
40784,"NNS"
40785,"NN"
40786,"."
40787,"VBG"
40788,"TO"
40789,"NNP"
40790,"NNP"
40791,","
40792,"WDT"
40793,"MD"
40794,"VB"
40795,"JJ"
40796,"NNS"
40797,"TO"
40798,"VB"
40799,"DT"
40800,"NNS"
40801,"IN"
40802,"DT"
40803,"NNS"
40804,"WP"
40805,"VBD"
40806,"NNS"
40807,"IN"
40808,"DT"
40809,"NN"
40810,"."
40811,"PRP$"
40812,"NN"
40813,"VBD"
40814,"VBN"
40815,"IN"
40816,"DT"
40817,"NN"
40818,"."
40819,"NNP"
40820,"NNP"
40821,"NNP"
40822,":"
40823,"DT"
40824,"JJ"
40825,"NN"
40826,"VBZ"
40827,"DT"
40828,"VBN"
40829,"NN"
40830,"IN"
40831,"DT"
40832,"NNP"
40833,"NNP"
40834,"NNP"
40835,"NNP"
40836,"POS"
40837,"NN"
40838,"."
40839,"DT"
40840,"NNS"
40841,"NN"
40842,"IN"
40843,"NNS"
40844,"VBD"
40845,"VBN"
40846,"IN"
40847,"NNS"
40848,"TO"
40849,"DT"
40850,"JJ"
40851,"NN"
40852,"IN"
40853,"DT"
40854,"NNS"
40855,"NN"
40856,"."
40857,"O"
40858,"VB"
40859,"NNP"
40860,"NNP"
40861,"CC"
40862,"NNP"
40863,"NNP"
40864,"NNP"
40865,"VBD"
40866,"PRP"
40867,"MD"
40868,"VB"
40869,"NNS"
40870,"IN"
40871,"JJ"
40872,"NNS"
40873,"VBG"
40874,"TO"
40875,"DT"
40876,"NN"
40877,"CC"
40878,"NN"
40879,"IN"
40880,"NNP"
40881,"NNP"
40882,"NNP"
40883,"."
40884,"IN"
40885,"DT"
40886,"NN"
40887,"IN"
40888,"DT"
40889,"NNP"
40890,"CC"
40891,"NNP"
40892,"NNP"
40893,","
40894,"VBP"
40895,"CC"
40896,"NNP"
40897,","
40898,"WDT"
40899,"RB"
40900,"VBP"
40901,"FW"
40902,"NN"
40903,"IN"
40904,"FW"
40905,"POS"
40906,"JJ"
40907,"NNS"
40908,","
40909,"VBD"
40910,"PRP"
40911,"VBP"
40912,"PRP"
40913,"VBZ"
40914,"IN"
40915,"DT"
40916,"JJS"
40917,"NN"
40918,"IN"
40919,"NNP"
40920,"NNS"
40921,"IN"
40922,"DT"
40923,"NN"
40924,"VB"
40925,"VBN"
40926,"."
40927,"NNP"
40928,","
40929,"VBN"
40930,"IN"
40931,"NNP"
40932,","
40933,"NNP"
40934,","
40935,"VBD"
40936,"PRP"
40937,"VBD"
40938,"RB"
40939,"VBN"
40940,"DT"
40941,"NN"
40942,"IN"
40943,"VB"
40944,"CC"
40945,"JJ"
40946,"CC"
40947,"RB"
40948,"VBD"
40949,"DT"
40950,"NN"
40951,"."
40952,"DT"
40953,"NNS"
40954,"VBD"
40955,"PRP"
40956,"MD"
40957,"VB"
40958,"NN"
40959,"NN"
40960,","
40961,"CC"
40962,"PRP"
40963,"MD"
40964,"VB"
40965,"DT"
40966,"NN"
40967,"IN"
40968,"NNP"
40969,"POS"
40970,"NN"
40971,"CC"
40972,"JJ"
40973,"JJ"
40974,"NNS"
40975,"IN"
40976,"NN"
40977,"IN"
40978,"PRP$"
40979,"NNS"
40980,"."
40981,"VBG"
40982,"TO"
40983,"DT"
40984,"NN"
40985,","
40986,"VBP"
40987,"CC"
40988,"JJ"
40989,"VBP"
40990,"VBN"
40991,"IN"
40992,"NNP"
40993,","
40994,"NNP"
40995,","
40996,"CC"
40997,"VBP"
40998,"VBN"
40999,"IN"
41000,"DT"
41001,"JJ"
41002,"JJ"
41003,"NN"
41004,","
41005,"NNP"
41006,"NNP"
41007,"VBP"
41008,"."
41009,"PRP$"
41010,"JJ"
41011,"NN"
41012,"VBZ"
41013,"IN"
41014,"CD"
41015,"CD"
41016,"JJ"
41017,"NNS"
41018,","
41019,"VBG"
41020,"CD"
41021,"NNS"
41022,"VBN"
41023,"IN"
41024,"DT"
41025,"JJ"
41026,"CD"
41027,"NNS"
41028,"IN"
41029,"$"
41030,"CD"
41031,"TO"
41032,"$"
41033,"CD"
41034,"DT"
41035,"NN"
41036,"."
41037,"JJ"
41038,"NNS"
41039,"MD"
41040,"VB"
41041,"VBN"
41042,"CC"
41043,"VBN"
41044,"IN"
41045,"DT"
41046,"JJ"
41047,"NN"
41048,","
41049,"IN"
41050,"JJ"
41051,"NNS"
41052,"CC"
41053,"RB"
41054,","
41055,"VBG"
41056,"IN"
41057,"NN"
41058,"NNS"
41059,"CC"
41060,"JJ"
41061,"NNS"
41062,"."
41063,"O"
41064,"DT"
41065,"JJ"
41066,"NN"
41067,"NN"
41068,"IN"
41069,"NNS"
41070,"CC"
41071,"NNS"
41072,"VBD"
41073,"JJ"
41074,"NN"
41075,"IN"
41076,"NNS"
41077,"VBD"
41078,"IN"
41079,"DT"
41080,"JJ"
41081,"NN"
41082,"IN"
41083,"NN"
41084,"NNS"
41085,"."
41086,"CC"
41087,"NN"
41088,"NNS"
41089,"VBP"
41090,"TO"
41091,"VB"
41092,"DT"
41093,"JJ"
41094,"NN"
41095,"IN"
41096,"DT"
41097,"JJ"
41098,"NN"
41099,"NN"
41100,"."
41101,"IN"
41102,"JJ"
41103,"NN"
41104,","
41105,"NNS"
41106,"VBD"
41107,"JJ"
41108,"NN"
41109,"NNS"
41110,"JJR"
41111,"IN"
41112,"NNS"
41113,"VBD"
41114,"CC"
41115,"NNS"
41116,"VBD"
41117,"IN"
41118,"NNP"
41119,"POS"
41120,"NN"
41121,"NN"
41122,"NN"
41123,"MD"
41124,"VB"
41125,"VBN"
41126,"."
41127,"CC"
41128,"DT"
41129,"JJ"
41130,"NN"
41131,"IN"
41132,"DT"
41133,"NNP"
41134,"NNP"
41135,"NNP"
41136,"NNP"
41137,","
41138,"WDT"
41139,"VBD"
41140,"VBN"
41141,"IN"
41142,"JJR"
41143,"IN"
41144,"CD"
41145,"NNS"
41146,"IN"
41147,"NN"
41148,","
41149,"VBN"
41150,"DT"
41151,"NNS"
41152,"."
41153,"NNP"
41154,"NNS"
41155,"RB"
41156,"VBD"
41157,"VBN"
41158,"RB"
41159,"IN"
41160,"DT"
41161,"NN"
41162,"IN"
41163,"DT"
41164,"$"
41165,"CD"
41166,"CD"
41167,"NN"
41168,"IN"
41169,"DT"
41170,"NNP"
41171,"NNP"
41172,"NNP"
41173,"CC"
41174,"DT"
41175,"NN"
41176,"IN"
41177,"DT"
41178,"JJ"
41179,"NN"
41180,"IN"
41181,"JJ"
41182,"NN"
41183,"NN"
41184,"."
41185,"``"
41186,"NN"
41187,"NNS"
41188,"VBD"
41189,"VBG"
41190,"IN"
41191,"NN"
41192,"NNS"
41193,"MD"
41194,"VB"
41195,"TO"
41196,"VB"
41197,","
41198,"''"
41199,"VBD"
41200,"NNP"
41201,"NNP"
41202,","
41203,"DT"
41204,"NN"
41205,"NN"
41206,"IN"
41207,"NNP"
41208,"NNP"
41209,"NNP"
41210,","
41211,"NNP"
41212,"."
41213,"``"
41214,"WRB"
41215,"NNS"
41216,"VBN"
41217,","
41218,"WDT"
41219,"VBD"
41220,"DT"
41221,"NN"
41222,"."
41223,"''"
41224,"RB"
41225,","
41226,"IN"
41227,"DT"
41228,"JJ"
41229,"JJ"
41230,"NN"
41231,","
41232,"DT"
41233,"NN"
41234,"NN"
41235,"VBD"
41236,"JJ"
41237,"NN"
41238,"TO"
41239,"DT"
41240,"NNP"
41241,"NNP"
41242,"POS"
41243,"JJ"
41244,"NN"
41245,"NNS"
41246,"."
41247,"NNP"
41248,"NNS"
41249,"VBD"
41250,"JJR"
41251,"NN"
41252,"IN"
41253,"DT"
41254,"NN"
41255,"NN"
41256,"IN"
41257,"VBG"
41258,"$"
41259,"CD"
41260,"CD"
41261,"IN"
41262,"JJ"
41263,"NNS"
41264,"IN"
41265,"DT"
41266,"JJ"
41267,"NN"
41268,"NN"
41269,"NN"
41270,"."
41271,"DT"
41272,"NN"
41273,"VBD"
41274,"VBN"
41275,"TO"
41276,"VB"
41277,"DT"
41278,"NN"
41279,"IN"
41280,"NN"
41281,"NNS"
41282,"CC"
41283,"TO"
41284,"VB"
41285,"NN"
41286,"NN"
41287,"."
41288,"``"
41289,"DT"
41290,"NN"
41291,"VBZ"
41292,"VBN"
41293,"JJ"
41294,","
41295,"VBG"
41296,"IN"
41297,"PRP"
41298,"RB"
41299,"VBD"
41300,"RB"
41301,"VB"
41302,"TO"
41303,"VB"
41304,"PRP"
41305,","
41306,"''"
41307,"VBD"
41308,"NNP"
41309,"NNP"
41310,"NNP"
41311,","
41312,"JJ"
41313,"NN"
41314,"IN"
41315,"NNP"
41316,"NNP"
41317,"NNP"
41318,"NNP"
41319,"."
41320,"PRP"
41321,"VBD"
41322,"DT"
41323,"JJ"
41324,"JJ"
41325,"NN"
41326,"VBD"
41327,"RB"
41328,"VBN"
41329,"."
41330,"DT"
41331,"NNP"
41332,"RB"
41333,"VBZ"
41334,"JJ"
41335,"TO"
41336,"VB"
41337,"NN"
41338,"NNS"
41339,"RB"
41340,"."
41341,"PRP"
41342,"RB"
41343,"VBZ"
41344,"VBN"
41345,"DT"
41346,"RB"
41347,"JJ"
41348,"JJ"
41349,"NNS"
41350,"VBP"
41351,"TO"
41352,"VB"
41353,"CD"
41354,"NN"
41355,"NN"
41356,"TO"
41357,"IN"
41358,"CD"
41359,"CD"
41360,"NN"
41361,"IN"
41362,"PRP$"
41363,"JJ"
41364,"NN"
41365,"NN"
41366,"IN"
41367,"IN"
41368,"CD"
41369,"NN"
41370,"."
41371,"DT"
41372,"NN"
41373,","
41374,"WDT"
41375,"NNS"
41376,"VBP"
41377,"DT"
41378,"JJ"
41379,"IN"
41380,"JJ"
41381,"NNS"
41382,","
41383,"VBZ"
41384,"VBN"
41385,"DT"
41386,"JJ"
41387,"NN"
41388,"IN"
41389,"NNS"
41390,"IN"
41391,"NNP"
41392,"NN"
41393,"."
41394,"PRP"
41395,"VBD"
41396,"IN"
41397,"IN"
41398,"CD"
41399,"CD"
41400,"NN"
41401,"NN"
41402,","
41403,"CC"
41404,"VBD"
41405,"RB"
41406,"JJ"
41407,"IN"
41408,"CD"
41409,"CD"
41410,"NN"
41411,"NNP"
41412,"."
41413,"DT"
41414,"NNP"
41415,"POS"
41416,"JJ"
41417,"JJ"
41418,"NN"
41419,"VBD"
41420,"JJR"
41421,"IN"
41422,"CD"
41423,"NN"
41424,","
41425,"CC"
41426,"IN"
41427,"$"
41428,"CD"
41429,"IN"
41430,"DT"
41431,"$"
41432,"CD"
41433,"NN"
41434,"NN"
41435,","
41436,"IN"
41437,"DT"
41438,"NN"
41439,"VBD"
41440,"IN"
41441,"CD"
41442,"NN"
41443,"IN"
41444,"DT"
41445,"JJ"
41446,"NN"
41447,"IN"
41448,"NNP"
41449,"."
41450,"JJ"
41451,"JJ"
41452,","
41453,"JJ"
41454,"CC"
41455,"JJ"
41456,"NNS"
41457,"RB"
41458,"VBD"
41459,"."
41460,"CC"
41461,"JJS"
41462,"NN"
41463,"NNS"
41464,"VBD"
41465,"JJ"
41466,"IN"
41467,"VBG"
41468,"RB"
41469,"JJR"
41470,"IN"
41471,"NN"
41472,"IN"
41473,"JJ"
41474,"NNS"
41475,"."
41476,"DT"
41477,"JJ"
41478,"JJ"
41479,"NN"
41480,"NNS"
41481,","
41482,"JJ"
41483,"IN"
41484,"NNP"
41485,"NNP"
41486,"CC"
41487,"NNP"
41488,"POS"
41489,"CD"
41490,"CD"
41491,"NN"
41492,"JJ"
41493,"NNS"
41494,","
41495,"VBD"
41496,"."
41497,"DT"
41498,"NNP"
41499,"POS"
41500,"NN"
41501,"VBD"
41502,"RB"
41503,"IN"
41504,"CD"
41505,"NN"
41506,"IN"
41507,"DT"
41508,"NN"
41509,"NN"
41510,"IN"
41511,"CD"
41512,"."
41513,"DT"
41514,"NNP"
41515,"POS"
41516,"JJ"
41517,"NN"
41518,"NN"
41519,"VBD"
41520,"PRP$"
41521,"JJ"
41522,"IN"
41523,"CD"
41524,"NNS"
41525,"."
41526,"JJ"
41527,"NN"
41528,"NN"
41529,"VBD"
41530,"PRP"
41531,"TO"
41532,"VB"
41533,"DT"
41534,"NN"
41535,"IN"
41536,"DT"
41537,"NN"
41538,"IN"
41539,"$"
41540,"CD"
41541,"CD"
41542,"."
41543,"NNS"
41544,"VBD"
41545,"NN"
41546,"VBN"
41547,"TO"
41548,"DT"
41549,"NNP"
41550,"NN"
41551,"RB"
41552,"JJ"
41553,"NNP"
41554,"NNS"
41555,"."
41556,"``"
41557,"NNS"
41558,"IN"
41559,"DT"
41560,"NNP"
41561,"NNS"
41562,"VBD"
41563,"PRP$"
41564,"NN"
41565,"NN"
41566,"IN"
41567,"NN"
41568,"NNS"
41569,"TO"
41570,"VB"
41571,"IN"
41572,"JJS"
41573,"NN"
41574,"IN"
41575,"PRP$"
41576,"("
41577,"NNP"
41578,")"
41579,"NNS"
41580,","
41581,"''"
41582,"VBD"
41583,"NNP"
41584,"NNP"
41585,"NNP"
41586,","
41587,"DT"
41588,"JJ"
41589,"NN"
41590,"NN"
41591,"IN"
41592,"NNP"
41593,"NNP"
41594,"NNP"
41595,"NNP"
41596,"NNP"
41597,"."
41598,"DT"
41599,"NNP"
41600,"NNS"
41601,"RB"
41602,"``"
41603,"VBN"
41604,"TO"
41605,"VB"
41606,"DT"
41607,"NN"
41608,"IN"
41609,"EX"
41610,"MD"
41611,"VB"
41612,"RB"
41613,"RBR"
41614,"JJ"
41615,"NN"
41616,","
41617,"''"
41618,"VBD"
41619,"NNP"
41620,"NNP"
41621,"NNP"
41622,","
41623,"DT"
41624,"NN"
41625,"NN"
41626,"IN"
41627,"NNP"
41628,"NNP"
41629,"NNP"
41630,"CC"
41631,"NNP"
41632,"."
41633,"NNP"
41634,"NNP"
41635,"NNP"
41636,"MD"
41637,"VB"
41638,"DT"
41639,"NN"
41640,"IN"
41641,"PRP$"
41642,"JJ"
41643,"JJ"
41644,"NN"
41645,"NN"
41646,"CC"
41647,"NNP"
41648,"NNP"
41649,"NNP"
41650,"MD"
41651,"VB"
41652,"NNS"
41653,"IN"
41654,"PRP$"
41655,"JJ"
41656,"NN"
41657,"NN"
41658,"."
41659,"DT"
41660,"NNS"
41661,"VBP"
41662,"$"
41663,"CD"
41664,"CD"
41665,"IN"
41666,"JJ"
41667,"JJ"
41668,"NNS"
41669,"MD"
41670,"VB"
41671,"VBN"
41672,"IN"
41673,"NN"
41674,","
41675,"CC"
41676,"PRP"
41677,"VBP"
41678,"NNP"
41679,"TO"
41680,"VB"
41681,"$"
41682,"CD"
41683,"CD"
41684,"TO"
41685,"$"
41686,"CD"
41687,"CD"
41688,"IN"
41689,"JJ"
41690,"``"
41691,"NN"
41692,"''"
41693,"NNS"
41694,"."
41695,"NNP"
41696,"VBD"
41697,"VBN"
41698,"TO"
41699,"VB"
41700,"VB"
41701,"DT"
41702,"NN"
41703,"NN"
41704,"."
41705,"DT"
41706,"NN"
41707,"NN"
41708,"VBD"
41709,"TO"
41710,"VB"
41711,"NN"
41712,"."
41713,"DT"
41714,"NN"
41715,"IN"
41716,"NNP"
41717,"IN"
41718,"DT"
41719,"NNP"
41720,"NNP"
41721,"NNP"
41722,"NNP"
41723,"VBD"
41724,"PRP"
41725,"VBD"
41726,"DT"
41727,"JJ"
41728,"$"
41729,"CD"
41730,"CD"
41731,"NN"
41732,"NN"
41733,"IN"
41734,"DT"
41735,"NNS"
41736,"TO"
41737,"VB"
41738,"IN"
41739,"CD"
41740,"NN"
41741,"TO"
41742,"CD"
41743,"NN"
41744,"."
41745,"DT"
41746,"NN"
41747,"IN"
41748,"JJ"
41749,"JJ"
41750,"NNS"
41751,"VBD"
41752,"JJ"
41753,"NN"
41754,"IN"
41755,"DT"
41756,"NN"
41757,","
41758,"VBG"
41759,"DT"
41760,"NN"
41761,"IN"
41762,"DT"
41763,"NNP"
41764,"NN"
41765,"NN"
41766,"VBD"
41767,"TO"
41768,"DT"
41769,"RB"
41770,"JJ"
41771,"$"
41772,"CD"
41773,"CD"
41774,"IN"
41775,"NNP"
41776,","
41777,"RB"
41778,"IN"
41779,"DT"
41780,"JJ"
41781,"$"
41782,"CD"
41783,"CD"
41784,"IN"
41785,"NNP"
41786,"."
41787,"DT"
41788,"NNP"
41789,"NN"
41790,"VBD"
41791,"VBN"
41792,"TO"
41793,"VB"
41794,"VBN"
41795,"TO"
41796,"$"
41797,"CD"
41798,"CD"
41799,"."
41800,"NNP"
41801,"NNP"
41802,"NNP"
41803,"NNS"
41804,"VBD"
41805,"RB"
41806,"JJ"
41807,"TO"
41808,"RB"
41809,"CD"
41810,"NN"
41811,"JJR"
41812,"."
41813,"DT"
41814,"JJ"
41815,"JJ"
41816,"NN"
41817,"VBD"
41818,"VBN"
41819,"RB"
41820,"IN"
41821,"CD"
41822,"CD"
41823,"TO"
41824,"VB"
41825,"CD"
41826,"NN"
41827,","
41828,"VBN"
41829,"IN"
41830,"CD"
41831,"CD"
41832,"TO"
41833,"VB"
41834,"CD"
41835,"NN"
41836,"NNP"
41837,"."
41838,"DT"
41839,"JJ"
41840,"JJ"
41841,"NNS"
41842,"VBD"
41843,"VBN"
41844,"RB"
41845,"IN"
41846,"CD"
41847,"CD"
41848,"TO"
41849,"VB"
41850,"CD"
41851,"NN"
41852,","
41853,"VBN"
41854,"IN"
41855,"CD"
41856,"CD"
41857,"TO"
41858,"VB"
41859,"CD"
41860,"NN"
41861,"."
41862,"JJ"
41863,"NNS"
41864,"VBD"
41865,"."
41866,"DT"
41867,"NN"
41868,"NN"
41869,"IN"
41870,"JJ"
41871,"NNS"
41872,"VBD"
41873,"TO"
41874,"CD"
41875,"NN"
41876,"IN"
41877,"DT"
41878,"JJ"
41879,"NN"
41880,"IN"
41881,"CD"
41882,"NN"
41883,"."
41884,"DT"
41885,"NN"
41886,"IN"
41887,"JJ"
41888,"NNS"
41889,"VBD"
41890,"TO"
41891,"CD"
41892,"NN"
41893,"IN"
41894,"DT"
41895,"JJ"
41896,"NN"
41897,"IN"
41898,"CD"
41899,"NN"
41900,"."
41901,"NNP"
41902,","
41903,"NNP"
41904,"NNPS"
41905,"JJ"
41906,"JJ"
41907,"NNS"
41908,"VBD"
41909,"CD"
41910,"TO"
41911,"CD"
41912,"NN"
41913,"JJR"
41914,","
41915,"IN"
41916,"JJS"
41917,"NN"
41918,"NNS"
41919,"VBD"
41920,"JJ"
41921,"."
41922,"DT"
41923,"NNP"
41924,"POS"
41925,"JJ"
41926,"$"
41927,"CD"
41928,"CD"
41929,"NN"
41930,"VBD"
41931,"NN"
41932,"IN"
41933,"DT"
41934,"JJ"
41935,"NN"
41936,"."
41937,"NNP"
41938,"VBD"
41939,"$"
41940,"CD"
41941,"CD"
41942,"IN"
41943,"JJ"
41944,"NNS"
41945,"VBN"
41946,"TO"
41947,"VB"
41948,"CD"
41949,"NN"
41950,":"
41951,"$"
41952,"CD"
41953,"CD"
41954,"IN"
41955,"JJ"
41956,"NNS"
41957,"VBN"
41958,"TO"
41959,"VB"
41960,"CD"
41961,"NN"
41962,":"
41963,"CC"
41964,"$"
41965,"CD"
41966,"CD"
41967,"IN"
41968,"JJ"
41969,"NNS"
41970,"VBN"
41971,"TO"
41972,"VB"
41973,"CD"
41974,"NN"
41975,"."
41976,"NNP"
41977,"NNP"
41978,","
41979,"WDT"
41980,"VBZ"
41981,"NN"
41982,"IN"
41983,"DT"
41984,"NN"
41985,"POS"
41986,"JJS"
41987,"JJ"
41988,"NN"
41989,"NNS"
41990,","
41991,"VBZ"
41992,"DT"
41993,"NN"
41994,"RB"
41995,"VBN"
41996,"IN"
41997,"DT"
41998,"NNP"
41999,"NN"
42000,"."
42001,"NNP"
42002,"POS"
42003,"NN"
42004,"NN"
42005,"VBD"
42006,"NN"
42007,"IN"
42008,"DT"
42009,"$"
42010,"CD"
42011,"CD"
42012,"NN"
42013,"NN"
42014,"TO"
42015,"VB"
42016,"RP"
42017,"JJ"
42018,"NN"
42019,"DT"
42020,"NNP"
42021,"VBZ"
42022,"DT"
42023,"NNP"
42024,"NNP"
42025,"NNP"
42026,","
42027,"DT"
42028,"NN"
42029,"IN"
42030,"DT"
42031,"NN"
42032,"."
42033,"RB"
42034,","
42035,"NNP"
42036,"NNP"
42037,"VBD"
42038,"DT"
42039,"$"
42040,"CD"
42041,"CD"
42042,"NN"
42043,"NN"
42044,"TO"
42045,"VB"
42046,"CD"
42047,"NN"
42048,"."
42049,"NNP"
42050,"NNP"
42051,"DT"
42052,"JJ"
42053,"JJ"
42054,"NN"
42055,"VBN"
42056,"IN"
42057,"DT"
42058,"JJ"
42059,"NN"
42060,"IN"
42061,"CD"
42062,"JJ"
42063,"NNS"
42064,"VBG"
42065,"$"
42066,"CD"
42067,"CD"
42068,"VBD"
42069,"VBN"
42070,"CC"
42071,"NN"
42072,"VBN"
42073,"IN"
42074,"CD"
42075,"JJR"
42076,"NNS"
42077,"WDT"
42078,"MD"
42079,"VB"
42080,"VBN"
42081,"NN"
42082,"."
42083,"DT"
42084,"NN"
42085,"IN"
42086,"DT"
42087,"JJ"
42088,"NN"
42089,"NN"
42090,"NN"
42091,"NN"
42092,"NN"
42093,"VBD"
42094,"DT"
42095,"JJ"
42096,"JJ"
42097,"IN"
42098,"DT"
42099,"NN"
42100,"NN"
42101,"IN"
42102,"CD"
42103,"NNS"
42104,"IN"
42105,"JJ"
42106,"NN"
42107,"."
42108,"NNS"
42109,"VBD"
42110,"IN"
42111,"PRP"
42112,"VBZ"
42113,"JJ"
42114,"TO"
42115,"NN"
42116,"JJ"
42117,"NNS"
42118,"WRB"
42119,"NNS"
42120,"VBP"
42121,"VBG"
42122,"RB"
42123,"."
42124,"DT"
42125,"CD"
42126,"NNS"
42127,"VBN"
42128,"VBD"
42129,"DT"
42130,"$"
42131,"CD"
42132,"CD"
42133,"NNP"
42134,"NNP"
42135,"NNP"
42136,"NNP"
42137,"NNP"
42138,"NN"
42139,"VBN"
42140,"IN"
42141,"NNP"
42142,"NNP"
42143,"NNP"
42144,"CC"
42145,"DT"
42146,"$"
42147,"CD"
42148,"CD"
42149,"NNP"
42150,"NNP"
42151,"NNP"
42152,"NNP"
42153,"NN"
42154,"VBN"
42155,"IN"
42156,"NNP"
42157,"NNP"
42158,"NNP"
42159,"."
42160,"DT"
42161,"JJ"
42162,"NN"
42163,"VBD"
42164,"NNS"
42165,"IN"
42166,"NNP"
42167,"NNP"
42168,"CC"
42169,"NNP"
42170,"NNP"
42171,"NNS"
42172,","
42173,"WDT"
42174,"VBD"
42175,"RB"
42176,"JJR"
42177,"IN"
42178,"NNP"
42179,"NNP"
42180,"NNP"
42181,"NNP"
42182,"NNS"
42183,"IN"
42184,"DT"
42185,"NN"
42186,"NN"
42187,"."
42188,"NNP"
42189,"NNP"
42190,"CD"
42191,"NN"
42192,"NNS"
42193,"IN"
42194,"NNP"
42195,"NN"
42196,"VBD"
42197,"IN"
42198,"CD"
42199,"CD"
42200,","
42201,"RB"
42202,"CD"
42203,":"
42204,"CD"
42205,"CD"
42206,"NN"
42207,"NNS"
42208,"IN"
42209,"CD"
42210,"CD"
42211,","
42212,"RB"
42213,"CD"
42214,":"
42215,"CC"
42216,"CD"
42217,"NN"
42218,"NNS"
42219,"IN"
42220,"CD"
42221,"CD"
42222,","
42223,"RB"
42224,"CD"
42225,"."
42226,"NNP"
42227,"NNP"
42228,"CD"
42229,"NN"
42230,"NNS"
42231,"VBD"
42232,"IN"
42233,"CD"
42234,"CD"
42235,","
42236,"RB"
42237,"CD"
42238,"."
42239,"DT"
42240,"NNP"
42241,"NNP"
42242,"CD"
42243,"NN"
42244,"NN"
42245,"VBD"
42246,"VBG"
42247,"CD"
42248,"NN"
42249,"TO"
42250,"DT"
42251,"JJ"
42252,"NN"
42253,"NN"
42254,"NN"
42255,","
42256,"IN"
42257,"DT"
42258,"NN"
42259,"IN"
42260,"DT"
42261,"NNP"
42262,"JJ"
42263,"NN"
42264,"VBD"
42265,"IN"
42266,"CD"
42267,"NN"
42268,"NNS"
42269,"."
42270,"NNS"
42271,"VBP"
42272,"IN"
42273,"DT"
42274,"JJ"
42275,"NN"
42276,"IN"
42277,"NNS"
42278,"VBD"
42279,"DT"
42280,"JJ"
42281,"NN"
42282,","
42283,"IN"
42284,"NNS"
42285,"IN"
42286,"DT"
42287,"NN"
42288,"NN"
42289,"VBD"
42290,"TO"
42291,"VB"
42292,"NNS"
42293,"."
42294,"JJ"
42295,"JJ"
42296,"NN"
42297,"NNS"
42298,"VBD"
42299,"RB"
42300,"JJ"
42301,"TO"
42302,"CD"
42303,"NN"
42304,"JJR"
42305,"IN"
42306,"DT"
42307,"JJ"
42308,"NN"
42309,"IN"
42310,"VBG"
42311,"RB"
42312,"TO"
42313,"NNS"
42314,"IN"
42315,"JJ"
42316,"JJ"
42317,"NN"
42318,"."
42319,"NNS"
42320,"IN"
42321,"JJ"
42322,"JJ"
42323,"NNS"
42324,"VBD"
42325,"VBN"
42326,"IN"
42327,"NN"
42328,"IN"
42329,"NNP"
42330,"NNP"
42331,"NNP"
42332,","
42333,"IN"
42334,"NN"
42335,"IN"
42336,"DT"
42337,"NN"
42338,","
42339,"MD"
42340,"VB"
42341,"NNS"
42342,"NN"
42343,"IN"
42344,"CD"
42345,"JJ"
42346,"NNS"
42347,"IN"
42348,"NNS"
42349,"WDT"
42350,"VBP"
42351,"JJ"
42352,"JJ"
42353,"NNS"
42354,"."
42355,"DT"
42356,"NNS"
42357,"VBP"
42358,"$"
42359,"CD"
42360,"CD"
42361,"."
42362,"JJ"
42363,"NNS"
42364,"VBP"
42365,"VBN"
42366,"IN"
42367,"PRP$"
42368,"JJS"
42369,"NN"
42370,"NN"
42371,"IN"
42372,"DT"
42373,"JJ"
42374,"NNS"
42375,"IN"
42376,"DT"
42377,"NN"
42378,"NN"
42379,"."
42380,"RB"
42381,","
42382,"JJ"
42383,"JJ"
42384,"NNS"
42385,"VBD"
42386,"VBN"
42387,"."
42388,"NNP"
42389,"VBD"
42390,"IN"
42391,"NNP"
42392,"NNP"
42393,"VBD"
42394,"JJ"
42395,"NN"
42396,"IN"
42397,"$"
42398,"CD"
42399,"CD"
42400,"IN"
42401,"NNP"
42402,"NNP"
42403,"NNPS"
42404,"NNP"
42405,"NNP"
42406,"NN"
42407,"NNS"
42408,"IN"
42409,"NNP"
42410,"NNP"
42411,"."
42412,"JJ"
42413,"NN"
42414,"NNS"
42415,"VBD"
42416,"VBN"
42417,"IN"
42418,"CD"
42419,"NN"
42420,"IN"
42421,"CD"
42422,"TO"
42423,"CD"
42424,"NN"
42425,"IN"
42426,"CD"
42427,"."
42428,"IN"
42429,"NN"
42430,"IN"
42431,"PRP$"
42432,"NNP"
42433,"NNP"
42434,"NNP"
42435,","
42436,"NNP"
42437,"VBD"
42438,"$"
42439,"CD"
42440,"CD"
42441,"IN"
42442,"JJ"
42443,"NN"
42444,"NN"
42445,"NN"
42446,"NNS"
42447,"VBN"
42448,"TO"
42449,"VB"
42450,"TO"
42451,"NN"
42452,"IN"
42453,"CD"
42454,"NN"
42455,"IN"
42456,"CD"
42457,"TO"
42458,"CD"
42459,"NN"
42460,"IN"
42461,"CD"
42462,","
42463,"CD"
42464,"CC"
42465,"CD"
42466,"."
42467,"DT"
42468,"NNP"
42469,"NNP"
42470,"NN"
42471,"VBD"
42472,"DT"
42473,"$"
42474,"CD"
42475,"CD"
42476,"NN"
42477,"JJ"
42478,"NN"
42479,"NNS"
42480,"POS"
42481,"NN"
42482,"NN"
42483,"NN"
42484,"JJ"
42485,"NNP"
42486,"CD"
42487,","
42488,"CD"
42489,"."
42490,"DT"
42491,"CD"
42492,"CD"
42493,"NN"
42494,"NNS"
42495,"VB"
42496,"CD"
42497,"NN"
42498,"."
42499,"NNP"
42500,"NNP"
42501,"NNP"
42502,"NNP"
42503,"NN"
42504,"NN"
42505,"NNS"
42506,"VBD"
42507,"DT"
42508,"JJ"
42509,"NN"
42510,"NN"
42511,","
42512,"VBD"
42513,"RB"
42514,"IN"
42515,"NNP"
42516,"POS"
42517,"NNP"
42518,"NN"
42519,"NN"
42520,"VBZ"
42521,"RB"
42522,"RB"
42523,"IN"
42524,"DT"
42525,"JJ"
42526,"NNP"
42527,"NN"
42528,"NN"
42529,"CC"
42530,"VBG"
42531,"NNP"
42532,"NN"
42533,"NNS"
42534,"."
42535,"NNP"
42536,"NNP"
42537,"POS"
42538,"CD"
42539,"NN"
42540,"NN"
42541,"JJ"
42542,"NNP"
42543,"CD"
42544,"VBD"
42545,"IN"
42546,"CD"
42547,"JJ"
42548,"NN"
42549,","
42550,"RB"
42551,"CD"
42552,"NN"
42553,"IN"
42554,"NNP"
42555,","
42556,"TO"
42557,"VB"
42558,"CD"
42559,"NN"
42560,"."
42561,"DT"
42562,"CD"
42563,"CD"
42564,"NN"
42565,"NNS"
42566,"JJ"
42567,"NNP"
42568,"CD"
42569,"VBD"
42570,"RB"
42571,"CD"
42572,"NN"
42573,"TO"
42574,"CD"
42575,"TO"
42576,"VB"
42577,"CD"
42578,"NN"
42579,"."
42580,"JJ"
42581,"NN"
42582,"NNS"
42583,"VBD"
42584,"IN"
42585,"JJ"
42586,"NN"
42587,"IN"
42588,"DT"
42589,"NN"
42590,"NN"
42591,"."
42592,"DT"
42593,"NNP"
42594,"CD"
42595,"CD"
42596,"NN"
42597,"NN"
42598,"JJ"
42599,"CD"
42600,"VBD"
42601,"CD"
42602,"TO"
42603,"CD"
42604,"CD"
42605,"TO"
42606,"VB"
42607,"CD"
42608,"NN"
42609,"."
42610,"CC"
42611,"JJ"
42612,"NNS"
42613,"VBD"
42614,"JJR"
42615,"."
42616,"DT"
42617,"JJ"
42618,"NN"
42619,"CD"
42620,"CD"
42621,"NN"
42622,"NN"
42623,"JJ"
42624,"CD"
42625,"VBD"
42626,"IN"
42627,"NNS"
42628,"POS"
42629,"NNS"
42630,"IN"
42631,"DT"
42632,"NN"
42633,"IN"
42634,"CD"
42635,","
42636,"RB"
42637,"CD"
42638,"NN"
42639,"TO"
42640,"VB"
42641,"CD"
42642,"NN"
42643,"."
42644,"O"
42645,"DT"
42646,"JJ"
42647,"NN"
42648,"VBD"
42649,"DT"
42650,"JJ"
42651,"$"
42652,"CD"
42653,"CD"
42654,"IN"
42655,"CD"
42656,"NN"
42657,"NN"
42658,"WDT"
42659,"VBZ"
42660,"DT"
42661,"CD"
42662,"NN"
42663,"NN"
42664,"IN"
42665,"NN"
42666,"NN"
42667,"CC"
42668,"NN"
42669,"NN"
42670,"VBZ"
42671,"JJ"
42672,"NNS"
42673,"VBG"
42674,"DT"
42675,"JJ"
42676,"NN"
42677,"NN"
42678,"."
42679,"DT"
42680,"JJ"
42681,"NN"
42682,"IN"
42683,"NN"
42684,"NNS"
42685,"VBN"
42686,"IN"
42687,"DT"
42688,"NNP"
42689,"NNP"
42690,"NNP"
42691,"MD"
42692,"VB"
42693,"VBN"
42694,"TO"
42695,"$"
42696,"CD"
42697,"."
42698,"RB"
42699,","
42700,"DT"
42701,"NN"
42702,"VBZ"
42703,"NN"
42704,"TO"
42705,"DT"
42706,"NNP"
42707,"NN"
42708,"TO"
42709,"VB"
42710,"DT"
42711,"NN"
42712,"IN"
42713,"RB"
42714,"JJ"
42715,"NNS"
42716,"IN"
42717,"JJ"
42718,"CC"
42719,"JJ"
42720,"NNS"
42721,"."
42722,"DT"
42723,"JJ"
42724,"NN"
42725,","
42726,"VBG"
42727,"JJ"
42728,"CD"
42729,"NNS"
42730,","
42731,"VBZ"
42732,"VBN"
42733,"JJ"
42734,"NN"
42735,"IN"
42736,"NN"
42737,"NNS"
42738,"VBN"
42739,"IN"
42740,"DT"
42741,"NNP"
42742,"NNP"
42743,"NNP"
42744,"."
42745,"CC"
42746,"DT"
42747,"NN"
42748,"IN"
42749,"JJ"
42750,"JJ"
42751,"NNP"
42752,"NNS"
42753,"VBN"
42754,"IN"
42755,"DT"
42756,"NNP"
42757,"NNP"
42758,"NN"
42759,"NNP"
42760,"NNP"
42761,"VBD"
42762,"TO"
42763,"DT"
42764,"NNP"
42765,"IN"
42766,"DT"
42767,"JJ"
42768,"NN"
42769,"TO"
42770,"VB"
42771,"DT"
42772,"NN"
42773,"."
42774,"IN"
42775,"DT"
42776,"JJ"
42777,"NN"
42778,","
42779,"NNP"
42780,"NNS"
42781,"VBD"
42782,"TO"
42783,"VB"
42784,"DT"
42785,"CD"
42786,"NN"
42787,"NN"
42788,"NN"
42789,","
42790,"CC"
42791,"IN"
42792,"JJ"
42793,"NNS"
42794,","
42795,"DT"
42796,"NN"
42797,"VBD"
42798,"PRP"
42799,"VBD"
42800,"IN"
42801,"DT"
42802,"JJ"
42803,"NN"
42804,"IN"
42805,"NNS"
42806,"CC"
42807,"NNS"
42808,"."
42809,"DT"
42810,"NN"
42811,"RB"
42812,"VBZ"
42813,"VBG"
42814,"DT"
42815,"JJ"
42816,"CD"
42817,"NNS"
42818,"IN"
42819,"CD"
42820,"NN"
42821,"IN"
42822,"DT"
42823,"CD"
42824,"NN"
42825,","
42826,"CC"
42827,"RB"
42828,"JJ"
42829,"TO"
42830,"JJ"
42831,"NNS"
42832,","
42833,"DT"
42834,"NN"
42835,"VBZ"
42836,"VBN"
42837,"TO"
42838,"VB"
42839,"IN"
42840,"JJS"
42841,"$"
42842,"CD"
42843,"CD"
42844,"IN"
42845,"NNS"
42846,"IN"
42847,"JJ"
42848,"CD"
42849,"."
42850,"DT"
42851,"NN"
42852,"VBZ"
42853,"VBN"
42854,"VBN"
42855,"RB"
42856,"IN"
42857,"NNS"
42858,"JJ"
42859,"TO"
42860,"VB"
42861,"NN"
42862,"RB"
42863,","
42864,"CC"
42865,"JJ"
42866,"NNP"
42867,"NNP"
42868,"NNP"
42869,"VBD"
42870,"DT"
42871,"NN"
42872,"IN"
42873,"DT"
42874,"JJ"
42875,"NN"
42876,"IN"
42877,"JJ"
42878,"NNS"
42879,"."
42880,"``"
42881,"PRP"
42882,"VBP"
42883,"RB"
42884,"RB"
42885,","
42886,"RB"
42887,"IN"
42888,"DT"
42889,"NN"
42890,"NNS"
42891,","
42892,"CC"
42893,"DT"
42894,"NNS"
42895,","
42896,"''"
42897,"VBD"
42898,"DT"
42899,"NNP"
42900,"NNP"
42901,"."
42902,"DT"
42903,"NN"
42904,"VBD"
42905,"IN"
42906,"DT"
42907,"NN"
42908,"VBD"
42909,"JJ"
42910,"JJ"
42911,"NN"
42912,"IN"
42913,"$"
42914,"CD"
42915,"CD"
42916,"IN"
42917,"NN"
42918,"IN"
42919,"NNS"
42920,"VBN"
42921,"IN"
42922,"NNP"
42923,"IN"
42924,"NNP"
42925,"."
42926,"DT"
42927,"NN"
42928,"IN"
42929,"DT"
42930,"NN"
42931,"MD"
42932,"VB"
42933,"VBN"
42934,"IN"
42935,"DT"
42936,"JJ"
42937,"NN"
42938,"IN"
42939,"NN"
42940,","
42941,"CC"
42942,"DT"
42943,"NN"
42944,"VBZ"
42945,"RB"
42946,"RB"
42947,"VBN"
42948,"IN"
42949,"PRP"
42950,"VBZ"
42951,"VBN"
42952,"VBN"
42953,"IN"
42954,"NNS"
42955,"VBG"
42956,"DT"
42957,"NN"
42958,"POS"
42959,"JJ"
42960,"NN"
42961,"CC"
42962,"PRP$"
42963,"JJ"
42964,"NN"
42965,"."
42966,"NNP"
42967,"NNP"
42968,"VBD"
42969,"VBN"
42970,"JJ"
42971,"NNP"
42972,"TO"
42973,"VB"
42974,"NN"
42975,"CC"
42976,"NN"
42977,"NN"
42978,","
42979,"CC"
42980,"IN"
42981,"DT"
42982,"JJ"
42983,"NN"
42984,","
42985,"DT"
42986,"JJ"
42987,"NN"
42988,"VBD"
42989,"NN"
42990,"NN"
42991,"CC"
42992,"VBD"
42993,"RP"
42994,"NNS"
42995,"VBG"
42996,"TO"
42997,"VB"
42998,"DT"
42999,"JJ"
43000,"NN"
43001,"CC"
43002,"VB"
43003,"PRP"
43004,"RP"
43005,"IN"
43006,"JJ"
43007,"NN"
43008,"TO"
43009,"JJ"
43010,"NNS"
43011,"."
43012,"JJ"
43013,"NN"
43014,":"
43015,"IN"
43016,"DT"
43017,"JJ"
43018,"NN"
43019,"NN"
43020,":"
43021,"VBD"
43022,"RB"
43023,"IN"
43024,"NN"
43025,","
43026,"CC"
43027,"DT"
43028,"NN"
43029,"VBD"
43030,"DT"
43031,"JJ"
43032,"NN"
43033,"IN"
43034,"NNS"
43035,","
43036,"VBG"
43037,"NNPS"
43038,"FW"
43039,"FW"
43040,"CC"
43041,"NNP"
43042,"UH"
43043,"CC"
43044,"NNPS"
43045,"NNP"
43046,"NNP"
43047,"CC"
43048,"NNP"
43049,"NNP"
43050,"."
43051,"DT"
43052,"NN"
43053,"MD"
43054,"VB"
43055,"VBN"
43056,"IN"
43057,"JJ"
43058,"NN"
43059,"CC"
43060,"NN"
43061,"NN"
43062,","
43063,"CC"
43064,"JJR"
43065,"IN"
43066,"PDT"
43067,"VBZ"
43068,"JJ"
43069,"TO"
43070,"VB"
43071,"TO"
43072,"DT"
43073,"NNP"
43074,"NNP"
43075,"NNP"
43076,"NN"
43077,"."
43078,"NNS"
43079,"VBD"
43080,"JJ"
43081,"NN"
43082,"NNS"
43083,"MD"
43084,"RB"
43085,"VB"
43086,"DT"
43087,"NN"
43088,"NN"
43089,"POS"
43090,"NN"
43091,","
43092,"CC"
43093,"NN"
43094,"NN"
43095,"VBZ"
43096,"IN"
43097,"IN"
43098,"JJ"
43099,"NN"
43100,"DT"
43101,"JJ"
43102,"NN"
43103,"IN"
43104,"DT"
43105,"NN"
43106,"NN"
43107,"POS"
43108,"NNS"
43109,"MD"
43110,"VB"
43111,"VBN"
43112,"IN"
43113,"DT"
43114,"NN"
43115,"POS"
43116,"NNP"
43117,"NNP"
43118,"NNP"
43119,"."
43120,"IN"
43121,"DT"
43122,"NNS"
43123,"NN"
43124,"NN"
43125,","
43126,"DT"
43127,"$"
43128,"CD"
43129,"CD"
43130,"NN"
43131,"VBZ"
43132,"DT"
43133,"JJ"
43134,"JJS"
43135,"IN"
43136,"DT"
43137,"JJ"
43138,"JJ"
43139,"NN"
43140,"NNS"
43141,"CC"
43142,"VBZ"
43143,"DT"
43144,"JJ"
43145,"NN"
43146,"IN"
43147,"NNS"
43148,"IN"
43149,"NN"
43150,","
43151,"NN"
43152,","
43153,"NNS"
43154,"CC"
43155,"DT"
43156,"NN"
43157,"."
43158,"DT"
43159,"NN"
43160,"TO"
43161,"VB"
43162,"DT"
43163,"NN"
43164,"IN"
43165,"NNP"
43166,"NN"
43167,"NNS"
43168,"RB"
43169,"VBZ"
43170,"JJ"
43171,"NN"
43172,"IN"
43173,"DT"
43174,"NN"
43175,"."
43176,"CC"
43177,"PRP"
43178,"VBZ"
43179,"VBN"
43180,"IN"
43181,"DT"
43182,"JJ"
43183,"JJ"
43184,"NNS"
43185,"WDT"
43186,"VBP"
43187,"JJ"
43188,"NNS"
43189,"TO"
43190,"VB"
43191,"TO"
43192,"JJ"
43193,"NN"
43194,"NNS"
43195,"TO"
43196,"VB"
43197,"RB"
43198,"JJ"
43199,"IN"
43200,"$"
43201,"CD"
43202,"CD"
43203,"IN"
43204,"NN"
43205,"WDT"
43206,"MD"
43207,"RB"
43208,"VB"
43209,"DT"
43210,"NN"
43211,"IN"
43212,"NN"
43213,"."
43214,"DT"
43215,"NNS"
43216,"MD"
43217,"VB"
43218,"DT"
43219,"NN"
43220,"NN"
43221,"IN"
43222,"JJ"
43223,"CD"
43224,","
43225,"CC"
43226,"DT"
43227,"NN"
43228,"RB"
43229,"VBZ"
43230,"NNP"
43231,"TO"
43232,"DT"
43233,"NN"
43234,"IN"
43235,"JJ"
43236,"NNS"
43237,","
43238,"VBG"
43239,"DT"
43240,"JJ"
43241,"NN"
43242,"NNS"
43243,"IN"
43244,"DT"
43245,"NN"
43246,"NN"
43247,"."
43248,"DT"
43249,"NN"
43250,"VBZ"
43251,"VBN"
43252,"$"
43253,"CD"
43254,"CD"
43255,"IN"
43256,"DT"
43257,"$"
43258,"CD"
43259,"CD"
43260,"VBN"
43261,"IN"
43262,"NN"
43263,"CC"
43264,"NN"
43265,"IN"
43266,"DT"
43267,"NNP"
43268,"NNP"
43269,"CC"
43270,"NNP"
43271,"NNP"
43272,","
43273,"CC"
43274,"DT"
43275,"NN"
43276,"POS"
43277,"JJ"
43278,"NN"
43279,"NN"
43280,":"
43281,"VBN"
43282,"IN"
43283,"DT"
43284,"NNP"
43285,":"
43286,"MD"
43287,"VB"
43288,"RB"
43289,"JJ"
43290,"IN"
43291,"$"
43292,"CD"
43293,"CD"
43294,"IN"
43295,"JJ"
43296,"NNS"
43297,"CC"
43298,"NNS"
43299,"."
43300,"RB"
43301,","
43302,"DT"
43303,"NNP"
43304,"VBD"
43305,"TO"
43306,"VB"
43307,"RB"
43308,"$"
43309,"CD"
43310,"CD"
43311,"TO"
43312,"VB"
43313,"NN"
43314,"IN"
43315,"DT"
43316,"JJ"
43317,"NN"
43318,"NN"
43319,"NN"
43320,","
43321,"VBG"
43322,"VBN"
43323,"IN"
43324,"NNP"
43325,"NNP"
43326,"NNP"
43327,"."
43328,"CC"
43329,"IN"
43330,"VBG"
43331,"DT"
43332,"JJ"
43333,"NN"
43334,"IN"
43335,"$"
43336,"CD"
43337,"CD"
43338,"IN"
43339,"DT"
43340,"JJ"
43341,"NN"
43342,"NN"
43343,","
43344,"DT"
43345,"NN"
43346,"VBN"
43347,"$"
43348,"CD"
43349,"CD"
43350,"IN"
43351,"DT"
43352,"NN"
43353,"IN"
43354,"DT"
43355,"NN"
43356,"NN"
43357,","
43358,"DT"
43359,"NN"
43360,"TO"
43361,"DT"
43362,"JJ"
43363,"NN"
43364,"NN"
43365,"."
43366,"IN"
43367,"JJ"
43368,"JJ"
43369,"NNS"
43370,","
43371,"DT"
43372,"NNP"
43373,"NNP"
43374,"NNP"
43375,"VBZ"
43376,"TO"
43377,"VB"
43378,"NNS"
43379,"RB"
43380,"IN"
43381,"DT"
43382,"VBN"
43383,"IN"
43384,"DT"
43385,"NN"
43386,","
43387,"IN"
43388,"NN"
43389,"NN"
43390,"CC"
43391,"NN"
43392,"NNS"
43393,"VBG"
43394,"IN"
43395,"CD"
43396,"NN"
43397,"TO"
43398,"IN"
43399,"$"
43400,"CD"
43401,"CD"
43402,"."
43403,"DT"
43404,"JJ"
43405,"$"
43406,"CD"
43407,"CD"
43408,"VBZ"
43409,"RB"
43410,"VBN"
43411,"IN"
43412,"DT"
43413,"NNP"
43414,"NNP"
43415,"NNP"
43416,","
43417,"NN"
43418,"IN"
43419,"DT"
43420,"NNP"
43421,"CC"
43422,"NNP"
43423,"NNP"
43424,"NNP"
43425,","
43426,"JJR"
43427,"IN"
43428,"$"
43429,"CD"
43430,"CD"
43431,"VBZ"
43432,"VBN"
43433,"IN"
43434,"RB"
43435,"VBN"
43436,"NN"
43437,","
43438,"VBG"
43439,"DT"
43440,"JJ"
43441,"NN"
43442,"TO"
43443,"VB"
43444,"JJ"
43445,"NN"
43446,"NNS"
43447,"WDT"
43448,"VBP"
43449,"DT"
43450,"JJS"
43451,"NNS"
43452,"."
43453,"TO"
43454,"DT"
43455,"JJ"
43456,"NN"
43457,","
43458,"DT"
43459,"JJ"
43460,"NN"
43461,"VBZ"
43462,"VBN"
43463,"DT"
43464,"NN"
43465,"IN"
43466,"NNS"
43467,"TO"
43468,"VB"
43469,"NNS"
43470,"IN"
43471,"NNS"
43472,"IN"
43473,"NN"
43474,"NNS"
43475,"."
43476,"IN"
43477,"DT"
43478,"NN"
43479,"VBD"
43480,"VBN"
43481,"IN"
43482,"DT"
43483,"NN"
43484,","
43485,"DT"
43486,"NN"
43487,"NN"
43488,"VBZ"
43489,"VBN"
43490,"IN"
43491,"NNS"
43492,"POS"
43493,"NNS"
43494,","
43495,"JJ"
43496,"NNS"
43497,"CC"
43498,"JJ"
43499,"NNS"
43500,"VBN"
43501,"IN"
43502,"JJ"
43503,"NNS"
43504,"."
43505,"DT"
43506,"RBS"
43507,"JJ"
43508,"NN"
43509,"NN"
43510,"MD"
43511,"VB"
43512,"VBN"
43513,"IN"
43514,"NN"
43515,"NN"
43516,"NNS"
43517,","
43518,"WRB"
43519,"DT"
43520,"CD"
43521,"NNS"
43522,"VBD"
43523,"RB"
43524,"VBN"
43525,"DT"
43526,"NN"
43527,"IN"
43528,"CD"
43529,"NNS"
43530,"VBN"
43531,"IN"
43532,"$"
43533,"CD"
43534,"CD"
43535,","
43536,"CC"
43537,"DT"
43538,"NN"
43539,"VBD"
43540,"CD"
43541,"JJR"
43542,"VBN"
43543,"IN"
43544,"$"
43545,"CD"
43546,"CD"
43547,"TO"
43548,"RB"
43549,"VB"
43550,"``"
43551,"NN"
43552,"''"
43553,"IN"
43554,"DT"
43555,"NNP"
43556,"CC"
43557,"NNP"
43558,"."
43559,"NNP"
43560,"POS"
43561,"NN"
43562,"NN"
43563,"VBZ"
43564,"DT"
43565,"JJ"
43566,"JJ"
43567,"NN"
43568,"TO"
43569,"VB"
43570,"IN"
43571,"NNS"
43572,"DT"
43573,"NN"
43574,","
43575,"IN"
43576,"NNS"
43577,"VBD"
43578,"DT"
43579,"JJ"
43580,"CD"
43581,"NN"
43582,"NN"
43583,"JJ"
43584,"NNP"
43585,"WDT"
43586,"VBZ"
43587,"DT"
43588,"JJ"
43589,"NN"
43590,"IN"
43591,"NN"
43592,"IN"
43593,"JJS"
43594,"JJ"
43595,"NN"
43596,"NNS"
43597,"."
43598,"DT"
43599,"NN"
43600,"MD"
43601,"VB"
43602,"IN"
43603,"NNS"
43604,"JJR"
43605,"IN"
43606,"CD"
43607,"NNS"
43608,"TO"
43609,"NNP"
43610,"CC"
43611,"NNP"
43612,","
43613,"CC"
43614,"NNS"
43615,"IN"
43616,"DT"
43617,"NN"
43618,"NN"
43619,"NN"
43620,"VBP"
43621,"PDT"
43622,"CC"
43623,"IN"
43624,"CD"
43625,"NNS"
43626,"MD"
43627,"VB"
43628,"VBN"
43629,"."
43630,"RB"
43631,","
43632,"DT"
43633,"JJ"
43634,"NN"
43635,"NN"
43636,"VBG"
43637,"DT"
43638,"$"
43639,"CD"
43640,"CD"
43641,"NNP"
43642,"CC"
43643,"NNP"
43644,"NNP"
43645,"NN"
43646,"VBD"
43647,"VBN"
43648,"TO"
43649,"DT"
43650,"NNP"
43651,"IN"
43652,"VBG"
43653,"DT"
43654,"NN"
43655,"IN"
43656,"DT"
43657,"JJ"
43658,"NN"
43659,"NN"
43660,"NN"
43661,"."
43662,"CC"
43663,"IN"
43664,"NNS"
43665,"IN"
43666,"NN"
43667,","
43668,"DT"
43669,"NNS"
43670,"NN"
43671,"VBZ"
43672,"VBG"
43673,"TO"
43674,"VB"
43675,"DT"
43676,"JJ"
43677,"NN"
43678,"."
43679,"NNP"
43680,"CC"
43681,"JJ"
43682,"NN"
43683,"VBP"
43684,"DT"
43685,"CD"
43686,"RBS"
43687,"JJ"
43688,"NNS"
43689,"VBG"
43690,"IN"
43691,"DT"
43692,"NN"
43693,"POS"
43694,"NN"
43695,"."
43696,"CC"
43697,"IN"
43698,"JJ"
43699,"NNS"
43700,","
43701,"DT"
43702,"RBS"
43703,"JJ"
43704,"NN"
43705,"VBZ"
43706,"NNP"
43707,"NNP"
43708,"NN"
43709,"TO"
43710,"NN"
43711,"NNS"
43712,"VBD"
43713,"TO"
43714,"VB"
43715,"NNS"
43716,"VBG"
43717,"DT"
43718,"NNP"
43719,"IN"
43720,"NNP"
43721,"NNP"
43722,"NNP"
43723,"IN"
43724,"NNP"
43725,"CC"
43726,"NNP"
43727,"NNPS"
43728,"."
43729,"DT"
43730,"JJ"
43731,"NN"
43732,"VBZ"
43733,"TO"
43734,"VB"
43735,"IN"
43736,"TO"
43737,"DT"
43738,"JJ"
43739,"NN"
43740,"NN"
43741,","
43742,"CC"
43743,"NNP"
43744,"NNP"
43745,"RB"
43746,"VBZ"
43747,"VBG"
43748,"TO"
43749,"VB"
43750,"DT"
43751,"NN"
43752,"IN"
43753,"NNS"
43754,"VBN"
43755,"NNS"
43756,"VBG"
43757,"NNP"
43758,"NN"
43759,"IN"
43760,"DT"
43761,"NNP"
43762,"NNP"
43763,"NNP"
43764,"IN"
43765,"NNP"
43766,"NNP"
43767,"."
43768,"IN"
43769,"DT"
43770,"RB"
43771,"JJ"
43772,"NN"
43773,","
43774,"NNP"
43775,"NNP"
43776,"NNP"
43777,","
43778,"NN"
43779,"IN"
43780,"DT"
43781,"NNP"
43782,"NNS"
43783,"NN"
43784,"IN"
43785,"JJ"
43786,"NNS"
43787,","
43788,"VBD"
43789,"NNP"
43790,"NNP"
43791,"IN"
43792,"DT"
43793,"NN"
43794,"IN"
43795,"PRP$"
43796,"``"
43797,"NNP"
43798,"''"
43799,"MD"
43800,"VB"
43801,"NNS"
43802,"TO"
43803,"VB"
43804,"DT"
43805,"NN"
43806,"RB"
43807,"."
43808,"``"
43809,"IN"
43810,"DT"
43811,"NN"
43812,"IN"
43813,"PRP$"
43814,"NN"
43815,","
43816,"''"
43817,"VBZ"
43818,"NNP"
43819,"NNP"
43820,"NNP"
43821,","
43822,"``"
43823,"PRP"
43824,"VBP"
43825,"EX"
43826,"VBZ"
43827,"DT"
43828,"RBR"
43829,"DT"
43830,"NN"
43831,"IN"
43832,"VBG"
43833,"NN"
43834,"NNS"
43835,"IN"
43836,"NN"
43837,"IN"
43838,"JJ"
43839,"NNS"
43840,"IN"
43841,"NN"
43842,","
43843,"NNP"
43844,"RB"
43845,"IN"
43846,"PRP$"
43847,"NN"
43848,"PRP"
43849,"RB"
43850,"VBP"
43851,"TO"
43852,"VB"
43853,"DT"
43854,"NN"
43855,"."
43856,"O"
43857,"NNP"
43858,"RB"
43859,"VB"
43860,"VBN"
43861,"IN"
43862,"PRP"
43863,"VBP"
43864,"CC"
43865,"NN"
43866,"."
43867,"NNP"
43868,","
43869,"WDT"
43870,"VBZ"
43871,"RB"
43872,"VBN"
43873,"CC"
43874,"VBN"
43875,"RB"
43876,"IN"
43877,"RB"
43878,"DT"
43879,"NN"
43880,","
43881,"NN"
43882,"VBD"
43883,"WP"
43884,"MD"
43885,"VB"
43886,"DT"
43887,"JJ"
43888,"NN"
43889,"IN"
43890,"NN"
43891,":"
43892,"DT"
43893,"RBS"
43894,"RB"
43895,"VBN"
43896,"NNS"
43897,"NNS"
43898,"VBD"
43899,"JJ"
43900,"IN"
43901,"JJ"
43902,"NNS"
43903,"IN"
43904,"DT"
43905,"DT"
43906,"NN"
43907,"CC"
43908,"DT"
43909,"NN"
43910,"NN"
43911,"."
43912,"DT"
43913,"NN"
43914,"NNS"
43915,"IN"
43916,"DT"
43917,"NNP"
43918,","
43919,"NNP"
43920,"CC"
43921,"NNP"
43922,"NN"
43923,"NNS"
43924,"VBD"
43925,"RB"
43926,"IN"
43927,"NNP"
43928,"POS"
43929,"JJ"
43930,"NNS"
43931,"."
43932,"DT"
43933,"NNP"
43934,"NNP"
43935,"NN"
43936,","
43937,"WDT"
43938,"VBZ"
43939,"DT"
43940,"JJS"
43941,"NN"
43942,"NN"
43943,","
43944,"VBN"
43945,"IN"
43946,"$"
43947,"CD"
43948,"DT"
43949,"NN"
43950,"."
43951,"DT"
43952,"JJ"
43953,"NNS"
43954,"VBD"
43955,"NNS"
43956,"IN"
43957,"CD"
43958,"NNS"
43959,"TO"
43960,"CD"
43961,"NNS"
43962,"DT"
43963,"NN"
43964,"."
43965,"VBG"
43966,"TO"
43967,"CD"
43968,"NN"
43969,","
43970,"NNP"
43971,"NNP"
43972,"IN"
43973,"NNP"
43974,","
43975,"NNP"
43976,"NNP"
43977,","
43978,"DT"
43979,"NN"
43980,"NN"
43981,"POS"
43982,"NN"
43983,"IN"
43984,"NNP"
43985,"TO"
43986,"VB"
43987,"IN"
43988,"JJ"
43989,"NNP"
43990,"POS"
43991,"NN"
43992,":"
43993,"WDT"
43994,"VBD"
43995,"TO"
43996,"VB"
43997,"IN"
43998,"DT"
43999,"NN"
44000,"VBD"
44001,"RB"
44002,"VBG"
44003,"TO"
44004,"VB"
44005,"DT"
44006,":"
44007,"VBD"
44008,"DT"
44009,"NN"
44010,"IN"
44011,"IN"
44012,"JJ"
44013,"NNS"
44014,"NNS"
44015,","
44016,"CC"
44017,"RB"
44018,"IN"
44019,"NN"
44020,"VBZ"
44021,","
44022,"IN"
44023,"JJ"
44024,"."
44025,"NN"
44026,","
44027,"NN"
44028,"VBD"
44029,"IN"
44030,"DT"
44031,"JJ"
44032,"NN"
44033,"."
44034,"NNP"
44035,"VBD"
44036,"TO"
44037,"VB"
44038,"IN"
44039,"NNP"
44040,"CC"
44041,"NNP"
44042,"IN"
44043,"DT"
44044,"JJ"
44045,"NN"
44046,"WDT"
44047,"VBZ"
44048,"VBN"
44049,"JJ"
44050,"NNS"
44051,"IN"
44052,"JJR"
44053,"IN"
44054,"DT"
44055,"NN"
44056,":"
44057,"NN"
44058,"IN"
44059,"NN"
44060,"NNS"
44061,","
44062,"WP"
44063,"VBP"
44064,"TO"
44065,"VB"
44066,"DT"
44067,"JJS"
44068,"JJ"
44069,"NN"
44070,"IN"
44071,"PRP$"
44072,"NN"
44073,"."
44074,"``"
44075,"NNP"
44076,"NN"
44077,"NN"
44078,"VBZ"
44079,"NN"
44080,"IN"
44081,"DT"
44082,"NN"
44083,"IN"
44084,"$"
44085,"CD"
44086,"TO"
44087,"$"
44088,"CD"
44089,"("
44090,"DT"
44091,"NN"
44092,")"
44093,"CC"
44094,"VBZ"
44095,"VBG"
44096,"NN"
44097,"VBG"
44098,"RP"
44099,"IN"
44100,"DT"
44101,","
44102,"''"
44103,"NNP"
44104,"NNP"
44105,"VBD"
44106,"."
44107,"``"
44108,"NNS"
44109,"IN"
44110,"DT"
44111,"NN"
44112,"NN"
44113,"IN"
44114,"NN"
44115,"DT"
44116,"JJ"
44117,"NN"
44118,"IN"
44119,"WDT"
44120,"TO"
44121,"VB"
44122,"NN"
44123,"."
44124,"''"
44125,"RB"
44126,","
44127,"NNP"
44128,"NNP"
44129,"VBD"
44130,","
44131,"NN"
44132,"NN"
44133,"NNS"
44134,"VBG"
44135,"JJR"
44136,"NN"
44137,"VBP"
44138,"VBG"
44139,"IN"
44140,"NN"
44141,"NNS"
44142,"RB"
44143,"IN"
44144,"JJ"
44145,"NNS"
44146,"IN"
44147,"``"
44148,"PRP"
44149,"VBP"
44150,"VBG"
44151,"JJR"
44152,"IN"
44153,"DT"
44154,"JJ"
44155,"NN"
44156,"WDT"
44157,"VBZ"
44158,"RB"
44159,"VB"
44160,"JJ"
44161,"CC"
44162,"JJ"
44163,"NNS"
44164,"JJ"
44165,"."
44166,"''"
44167,"NNP"
44168,"NNP"
44169,","
44170,"NN"
44171,"IN"
44172,"NNP"
44173,"NNP"
44174,","
44175,"NNP"
44176,"JJ"
44177,"NNS"
44178,"NNS"
44179,","
44180,"VBD"
44181,"EX"
44182,"VBZ"
44183,"JJ"
44184,"TO"
44185,"VB"
44186,"JJ"
44187,"NNS"
44188,"TO"
44189,"VB"
44190,"DT"
44191,"NN"
44192,"."
44193,"``"
44194,"NNS"
44195,"IN"
44196,"DT"
44197,"NNP"
44198,"CC"
44199,"NNP"
44200,"VBP"
44201,"JJ"
44202,"IN"
44203,"DT"
44204,"NNS"
44205,"IN"
44206,"DT"
44207,"("
44208,"NNP"
44209,"NNP"
44210,")"
44211,"IN"
44212,"PRP$"
44213,"NN"
44214,"TO"
44215,"VB"
44216,"NN"
44217,"TO"
44218,"JJ"
44219,"NN"
44220,","
44221,"WDT"
44222,"VBD"
44223,"DT"
44224,"NN"
44225,"NN"
44226,"NN"
44227,"IN"
44228,"NNP"
44229,","
44230,"''"
44231,"PRP"
44232,"VBD"
44233,"."
44234,"EX"
44235,"VBZ"
44236,"RB"
44237,"DT"
44238,"NN"
44239,"IN"
44240,"DT"
44241,"NN"
44242,"IN"
44243,"NNS"
44244,"IN"
44245,"DT"
44246,"NN"
44247,"TO"
44248,"VB"
44249,"NN"
44250,","
44251,"PRP"
44252,"VBD"
44253,"."
44254,"``"
44255,"PRP"
44256,"RB"
44257,"VB"
44258,"DT"
44259,"NN"
44260,"IN"
44261,"NNP"
44262,"CD"
44263,","
44264,"WRB"
44265,"PRP"
44266,"VBD"
44267,"NN"
44268,"IN"
44269,"DT"
44270,"NN"
44271,"NN"
44272,"VBD"
44273,"CC"
44274,"VBD"
44275,"RB"
44276,"VBG"
44277,"NN"
44278,"IN"
44279,"NN"
44280,"NNS"
44281,"RB"
44282,"VBD"
44283,","
44284,"''"
44285,"NNP"
44286,"NNP"
44287,"VBD"
44288,"."
44289,"``"
44290,"PRP"
44291,"VBZ"
44292,"DT"
44293,"NN"
44294,"PRP"
44295,"VBP"
44296,"RB"
44297,"VB"
44298,"TO"
44299,"VB"
44300,"."
44301,"''"
44302,"IN"
44303,"DT"
44304,"NN"
44305,"NN"
44306,"NNS"
44307,"VBP"
44308,"RB"
44309,"VBN"
44310,"IN"
44311,"NN"
44312,","
44313,"PRP"
44314,"VBD"
44315,","
44316,"CC"
44317,"RB"
44318,"IN"
44319,"DT"
44320,"NN"
44321,","
44322,"``"
44323,"NN"
44324,"POS"
44325,"NN"
44326,"IN"
44327,"DT"
44328,"NN"
44329,"VBZ"
44330,"VBN"
44331,"VBG"
44332,"RB"
44333,"IN"
44334,"NNS"
44335,"IN"
44336,"DT"
44337,"NN"
44338,"VBP"
44339,"RB"
44340,"VBG"
44341,"JJ"
44342,"NN"
44343,"IN"
44344,"NN"
44345,"."
44346,"''"
44347,"NNP"
44348,"NNP"
44349,","
44350,"JJ"
44351,"NN"
44352,"NN"
44353,"IN"
44354,"NNP"
44355,"NNP"
44356,"NNP"
44357,","
44358,"VBD"
44359,":"
44360,"``"
44361,"EX"
44362,"VBZ"
44363,"JJ"
44364,"NN"
44365,"IN"
44366,"DT"
44367,"NN"
44368,"IN"
44369,"NNS"
44370,"TO"
44371,"VB"
44372,"NN"
44373,"IN"
44374,"DT"
44375,"NN"
44376,"NN"
44377,"MD"
44378,"VB"
44379,"JJR"
44380,"CC"
44381,"NN"
44382,"MD"
44383,"VB"
44384,"DT"
44385,"IN"
44386,"PRP$"
44387,"``"
44388,"NN"
44389,"TO"
44390,"NN"
44391,"POS"
44392,"NN"
44393,"."
44394,"EX"
44395,"VBZ"
44396,"JJ"
44397,"NN"
44398,"TO"
44399,"VB"
44400,"NN"
44401,"IN"
44402,"IN"
44403,"DT"
44404,"NN"
44405,"NN"
44406,"VBZ"
44407,"JJR"
44408,","
44409,"PRP"
44410,"MD"
44411,"VB"
44412,"RB"
44413,"DT"
44414,"JJ"
44415,"NN"
44416,"."
44417,"DT"
44418,"VBZ"
44419,"VBG"
44420,"DT"
44421,"NN"
44422,"NNS"
44423,"VBD"
44424,"."
44425,"''"
44426,"DT"
44427,"RBS"
44428,"JJ"
44429,"NN"
44430,"IN"
44431,"NN"
44432,"POS"
44433,"NN"
44434,"VBD"
44435,"IN"
44436,"DT"
44437,"NN"
44438,"IN"
44439,"RB"
44440,"$"
44441,"CD"
44442,"DT"
44443,"NN"
44444,"VBD"
44445,"VBN"
44446,"IN"
44447,"JJ"
44448,"NN"
44449,"IN"
44450,"JJ"
44451,"NNS"
44452,"IN"
44453,"DT"
44454,"NN"
44455,"TO"
44456,"RB"
44457,"VB"
44458,"NN"
44459,","
44460,"NNP"
44461,"NNP"
44462,"VBD"
44463,"."
44464,"``"
44465,"PRP"
44466,"VBP"
44467,"RB"
44468,"VB"
44469,"WP"
44470,"PRP"
44471,"VBZ"
44472,"IN"
44473,"DT"
44474,"JJ"
44475,"NN"
44476,","
44477,"CC"
44478,"IN"
44479,"DT"
44480,"JJ"
44481,"NN"
44482,","
44483,"PRP"
44484,"VBZ"
44485,"DT"
44486,"JJ"
44487,"NNS"
44488,"VBP"
44489,"JJ"
44490,"IN"
44491,"DT"
44492,"$"
44493,"CD"
44494,"CC"
44495,"RB"
44496,"IN"
44497,"NN"
44498,"VBZ"
44499,"VBN"
44500,"IN"
44501,"DT"
44502,"JJ"
44503,"NN"
44504,"CC"
44505,"RB"
44506,","
44507,"''"
44508,"PRP"
44509,"VBD"
44510,"."
44511,"RB"
44512,","
44513,"PRP"
44514,"VBD"
44515,","
44516,"NN"
44517,"NNS"
44518,"VBD"
44519,"TO"
44520,"VB"
44521,"RP"
44522,"IN"
44523,"DT"
44524,"JJ"
44525,"NN"
44526,"NN"
44527,","
44528,"VBG"
44529,"NNS"
44530,"VBP"
44531,"RB"
44532,"RB"
44533,"RB"
44534,"JJ"
44535,"IN"
44536,"NN"
44537,"."
44538,"NNP"
44539,"NNP"
44540,"VBD"
44541,"IN"
44542,"DT"
44543,"NNP"
44544,"NN"
44545,"NN"
44546,"NN"
44547,","
44548,"WDT"
44549,"VBD"
44550,"RB"
44551,"IN"
44552,"NNP"
44553,","
44554,"VBG"
44555,"TO"
44556,"NN"
44557,"POS"
44558,"NN"
44559,","
44560,"VBZ"
44561,"VBN"
44562,"VBG"
44563,"JJR"
44564,"CC"
44565,"JJR"
44566,"NN"
44567,"IN"
44568,"DT"
44569,"JJ"
44570,"NN"
44571,"."
44572,"``"
44573,"DT"
44574,"NN"
44575,"VBZ"
44576,"RB"
44577,"VBN"
44578,"JJ"
44579,"TO"
44580,"PRP"
44581,","
44582,"RB"
44583,"NN"
44584,"VBZ"
44585,"RB"
44586,"RB"
44587,","
44588,"''"
44589,"PRP"
44590,"VBD"
44591,"."
44592,"IN"
44593,"JJ"
44594,"NN"
44595,"NNS"
44596,"NN"
44597,":"
44598,"NN"
44599,":"
44600,"JJ"
44601,"NN"
44602,"NNS"
44603,"VBD"
44604,"RB"
44605,"IN"
44606,"JJ"
44607,"NN"
44608,"IN"
44609,"NNS"
44610,"IN"
44611,"DT"
44612,"NNS"
44613,"VBD"
44614,"TO"
44615,"VB"
44616,"NN"
44617,"IN"
44618,"DT"
44619,"NN"
44620,"NN"
44621,"."
44622,"IN"
44623,"NN"
44624,"NN"
44625,"NNS"
44626,"VBD"
44627,"JJ"
44628,"NNP"
44629,","
44630,"NNS"
44631,"IN"
44632,"DT"
44633,"NNS"
44634,"VBP"
44635,"VBN"
44636,"JJ"
44637,"."
44638,"WRB"
44639,"NNS"
44640,"VBP"
44641,"JJ"
44642,"IN"
44643,"DT"
44644,"NN"
44645,"NN"
44646,"VBZ"
44647,"JJ"
44648,","
44649,"NN"
44650,"NNS"
44651,"VBP"
44652,"VBN"
44653,"TO"
44654,"VB"
44655,"IN"
44656,"NN"
44657,"CC"
44658,"NN"
44659,"NNS"
44660,"RB"
44661,"RB"
44662,"VBN"
44663,"DT"
44664,"JJ"
44665,"NN"
44666,"."
44667,"JJ"
44668,"NN"
44669,"IN"
44670,"NNP"
44671,"NN"
44672,"VBD"
44673,"RB"
44674,"IN"
44675,"CD"
44676,"NNS"
44677,"DT"
44678,"NN"
44679,"TO"
44680,"$"
44681,"CD"
44682,"DT"
44683,"NN"
44684,"."
44685,"JJ"
44686,"NN"
44687,"NNS"
44688,"RB"
44689,"VBD"
44690,"."
44691,"NNP"
44692,"NN"
44693,"VBD"
44694,"RB"
44695,"."
44696,"NNP"
44697,":"
44698,"NNS"
44699,"NNS"
44700,"VBD"
44701,"IN"
44702,"DT"
44703,"NN"
44704,"IN"
44705,"NNP"
44706,"MD"
44707,"VB"
44708,"TO"
44709,"VB"
44710,"DT"
44711,"NN"
44712,"NNS"
44713,"."
44714,"DT"
44715,"NNP"
44716,"NN"
44717,"VBD"
44718,"CD"
44719,"NN"
44720,"DT"
44721,"NN"
44722,"TO"
44723,"VB"
44724,"NNS"
44725,"."
44726,"VBG"
44727,"TO"
44728,"DT"
44729,"NN"
44730,","
44731,"NNP"
44732,"MD"
44733,"RB"
44734,"VB"
44735,"DT"
44736,"PRP$"
44737,"NN"
44738,"NNS"
44739,"CC"
44740,"VBZ"
44741,"VBN"
44742,"NNP"
44743,"TO"
44744,"VB"
44745,"DT"
44746,"NN"
44747,"IN"
44748,"NNS"
44749,"VBN"
44750,"IN"
44751,"RB"
44752,"DT"
44753,"NN"
44754,","
44755,"IN"
44756,"JJ"
44757,"JJ"
44758,"NN"
44759,"."
44760,"``"
44761,"NNP"
44762,"VBZ"
44763,"VBN"
44764,"IN"
44765,"DT"
44766,"JJ"
44767,"NN"
44768,"WDT"
44769,"MD"
44770,"VB"
44771,"RB"
44772,"IN"
44773,"DT"
44774,"NN"
44775,"NN"
44776,"CC"
44777,"VB"
44778,"DT"
44779,"NN"
44780,","
44781,"''"
44782,"DT"
44783,"NN"
44784,"VBD"
44785,"."
44786,"PRP"
44787,"VBD"
44788,"DT"
44789,"NN"
44790,"IN"
44791,"DT"
44792,"NN"
44793,"IN"
44794,"VBN"
44795,"NN"
44796,"NNS"
44797,","
44798,"DT"
44799,"NN"
44800,"VBD"
44801,"."
44802,"DT"
44803,"NN"
44804,"VBD"
44805,"IN"
44806,"NNP"
44807,"VBZ"
44808,"VBN"
44809,"VBG"
44810,"NNS"
44811,"IN"
44812,"JJ"
44813,"NNS"
44814,"."
44815,"``"
44816,"TO"
44817,"DT"
44818,"NNS"
44819,"IN"
44820,"DT"
44821,"NN"
44822,"PRP"
44823,"VBD"
44824,"RB"
44825,"VB"
44826,"JJ"
44827,"NN"
44828,"."
44829,"DT"
44830,"NNP"
44831,"NNS"
44832,"NN"
44833,"VBD"
44834,"RB"
44835,"JJ"
44836,"IN"
44837,"CD"
44838,"NNS"
44839,","
44840,"CC"
44841,"MD"
44842,"RB"
44843,"VB"
44844,"DT"
44845,"NN"
44846,","
44847,"''"
44848,"PRP"
44849,"VBD"
44850,"."
44851,"NNP"
44852,"NNP"
44853,"NNP"
44854,":"
44855,"DT"
44856,"NNS"
44857,"IN"
44858,"NNS"
44859,","
44860,"NNS"
44861,"CC"
44862,"NN"
44863,"NN"
44864,"NNS"
44865,"NNS"
44866,"VBD"
44867,"IN"
44868,"JJ"
44869,"NNS"
44870,"VBD"
44871,"IN"
44872,"NNS"
44873,"IN"
44874,"DT"
44875,"NNP"
44876,"NN"
44877,"NN"
44878,"NN"
44879,"MD"
44880,"VB"
44881,"NN"
44882,"NN"
44883,","
44884,"WDT"
44885,"IN"
44886,"NN"
44887,"MD"
44888,"VB"
44889,"JJ"
44890,"NNS"
44891,"IN"
44892,"NN"
44893,"CC"
44894,"NN"
44895,"."
44896,"DT"
44897,"NNS"
44898,"IN"
44899,"JJS"
44900,"JJ"
44901,"NNS"
44902,"NNS"
44903,"VBD"
44904,"VBN"
44905,"RB"
44906,"NNP"
44907,"."
44908,"JJ"
44909,"NNS"
44910,"NNS"
44911,"VBD"
44912,"RB"
44913,"VBN"
44914,"NN"
44915,"IN"
44916,"NNS"
44917,"IN"
44918,"NN"
44919,"NNS"
44920,"VBP"
44921,"VBG"
44922,"NNS"
44923,"TO"
44924,"VB"
44925,"PRP$"
44926,"NNS"
44927,"VBG"
44928,"NN"
44929,"."
44930,"NNS"
44931,"CC"
44932,"NNS"
44933,":"
44934,"DT"
44935,"NNS"
44936,"IN"
44937,"JJS"
44938,"NN"
44939,"CC"
44940,"JJ"
44941,"NNS"
44942,"NNS"
44943,"VBD"
44944,"IN"
44945,"NNS"
44946,"IN"
44947,"DT"
44948,"NNP"
44949,"NNP"
44950,"VBZ"
44951,"VBN"
44952,"IN"
44953,"NN"
44954,"IN"
44955,"DT"
44956,"NNP"
44957,"CC"
44958,"NNP"
44959,"NNP"
44960,"IN"
44961,"CD"
44962,"JJ"
44963,"NNS"
44964,"IN"
44965,"NNS"
44966,"CC"
44967,"RB"
44968,"JJ"
44969,"IN"
44970,"CD"
44971,"JJ"
44972,"NNS"
44973,"IN"
44974,"NN"
44975,"NN"
44976,"."
44977,"NNS"
44978,"VBP"
44979,"RB"
44980,"JJ"
44981,"TO"
44982,"NNS"
44983,"IN"
44984,"JJ"
44985,"JJ"
44986,"NN"
44987,"NNS"
44988,"IN"
44989,"NNP"
44990,"NNS"
44991,"VBP"
44992,"VBG"
44993,"."
44994,"IN"
44995,"NNP"
44996,"CD"
44997,","
44998,"IN"
44999,"CD"
45000,"CD"
45001,"JJR"
45002,"NNS"
45003,"IN"
45004,"NNP"
45005,"NNS"
45006,"VBP"
45007,"VBN"
45008,"VBN"
45009,"RB"
45010,"IN"
45011,"IN"
45012,"DT"
45013,"JJ"
45014,"NN"
45015,"JJ"
45016,"NN"
45017,"."
45018,"NN"
45019,"NNS"
45020,"NNS"
45021,"VBD"
45022,"RB"
45023,"IN"
45024,"NN"
45025,"NNS"
45026,"VBD"
45027,"VBN"
45028,"."
45029,"O"
45030,"NNP"
45031,"POS"
45032,"NNP"
45033,"NNP"
45034,"NNP"
45035,","
45036,"NN"
45037,"IN"
45038,"JJ"
45039,"JJ"
45040,"NN"
45041,"IN"
45042,"NNP"
45043,","
45044,"VBN"
45045,"IN"
45046,"$"
45047,"CD"
45048,"CD"
45049,"IN"
45050,"NN"
45051,"NNS"
45052,"IN"
45053,"NN"
45054,"IN"
45055,"JJ"
45056,"NN"
45057,"."
45058,"NNS"
45059,"IN"
45060,"NN"
45061,"VBP"
45062,"NNP"
45063,"POS"
45064,"FW"
45065,"NN"
45066,"NN"
45067,"NNS"
45068,","
45069,"NNP"
45070,"JJ"
45071,"NNS"
45072,"CC"
45073,"NNS"
45074,","
45075,"NNP"
45076,"VBD"
45077,"NN"
45078,"CC"
45079,"DT"
45080,"NN"
45081,"POS"
45082,"JJ"
45083,"NN"
45084,"IN"
45085,"JJ"
45086,"NN"
45087,"."
45088,"NNP"
45089,"POS"
45090,"VBD"
45091,"PRP"
45092,"VBZ"
45093,"VBG"
45094,"DT"
45095,"NNS"
45096,"NNP"
45097,"POS"
45098,"NN"
45099,"MD"
45100,"VB"
45101,"IN"
45102,"VBG"
45103,"JJ"
45104,"NNS"
45105,"IN"
45106,"DT"
45107,"JJ"
45108,"NNS"
45109,"."
45110,"DT"
45111,"NN"
45112,"NN"
45113,"VBD"
45114,"PRP"
45115,"VBZ"
45116,"VBG"
45117,"RB"
45118,"IN"
45119,"DT"
45120,"NN"
45121,"NN"
45122,"NN"
45123,"POS"
45124,"NNS"
45125,"TO"
45126,"VB"
45127,"NNS"
45128,","
45129,"VB"
45130,"NNS"
45131,"CC"
45132,"VB"
45133,"PRP$"
45134,"JJ"
45135,"NN"
45136,"IN"
45137,"PRP$"
45138,"JJ"
45139,"NN"
45140,","
45141,"NN"
45142,"NN"
45143,"CC"
45144,"NN"
45145,"."
45146,"O"
45147,"DT"
45148,"NNS"
45149,"IN"
45150,"JJ"
45151,"NNP"
45152,"VBP"
45153,"DT"
45154,"NN"
45155,"IN"
45156,"NN"
45157,"NNS"
45158,":"
45159,"PRP$"
45160,"NNS"
45161,"VBP"
45162,"JJ"
45163,"."
45164,"CC"
45165,"DT"
45166,"NNS"
45167,"IN"
45168,"NNP"
45169,"CC"
45170,"NNP"
45171,"NNP"
45172,"VBP"
45173,"VBN"
45174,"PRP"
45175,"VBP"
45176,"JJR"
45177,"."
45178,"IN"
45179,"DT"
45180,"NN"
45181,"POS"
45182,"NNP"
45183,"NN"
45184,"IN"
45185,"NNP"
45186,","
45187,"PRP"
45188,"VBD"
45189,"DT"
45190,"JJ"
45191,"NN"
45192,"NN"
45193,"WDT"
45194,"VBZ"
45195,"TO"
45196,"VB"
45197,"JJ"
45198,"NNS"
45199,"."
45200,"DT"
45201,"JJ"
45202,"NN"
45203,"VBD"
45204,"IN"
45205,"DT"
45206,"NN"
45207,"MD"
45208,"``"
45209,"VB"
45210,"DT"
45211,"NN"
45212,"IN"
45213,"DT"
45214,"NN"
45215,"."
45216,"''"
45217,"NNP"
45218,"NNP"
45219,","
45220,"WP"
45221,"VBP"
45222,"DT"
45223,"NN"
45224,"IN"
45225,"VBG"
45226,"DT"
45227,"NNS"
45228,","
45229,"MD"
45230,"VB"
45231,"RP"
45232,"IN"
45233,"NN"
45234,"."
45235,"NNS"
45236,"MD"
45237,"VB"
45238,"DT"
45239,"JJ"
45240,"NN"
45241,"."
45242,"JJ"
45243,"NNS"
45244,"VBD"
45245,"JJ"
45246,"TO"
45247,"VB"
45248,"DT"
45249,"NN"
45250,","
45251,"CC"
45252,"NNP"
45253,"NNP"
45254,"NNP"
45255,"NNP"
45256,"CC"
45257,"NNS"
45258,"VBD"
45259,"IN"
45260,"RB"
45261,"."
45262,"DT"
45263,"NNS"
45264,"IN"
45265,"DT"
45266,"NNP"
45267,"NNP"
45268,"VBD"
45269,"DT"
45270,"NN"
45271,"NN"
45272,","
45273,"RB"
45274,"DT"
45275,"NN"
45276,"."
45277,"RB"
45278,","
45279,"DT"
45280,"NNS"
45281,"IN"
45282,"JJ"
45283,"NNP"
45284,"VBP"
45285,"RB"
45286,"RB"
45287,"VBD"
45288,"PRP$"
45289,"NN"
45290,"."
45291,"CD"
45292,"NNS"
45293,"VBD"
45294,"PRP"
45295,"MD"
45296,"RB"
45297,"VB"
45298,"WP"
45299,"CD"
45300,"JJ"
45301,"VB"
45302,"FW"
45303,"VBN"
45304,"DT"
45305,"``"
45306,"VBN"
45307,"IN"
45308,"NNP"
45309,"''"
45310,"NN"
45311,"."
45312,"IN"
45313,"NN"
45314,","
45315,"PRP"
45316,"VBD"
45317,"DT"
45318,"JJ"
45319,"NN"
45320,"."
45321,"DT"
45322,"NN"
45323,"IN"
45324,"NNP"
45325,"POS"
45326,"NNP"
45327,"NNP"
45328,"VBD"
45329,"JJ"
45330,"NNS"
45331,"IN"
45332,"``"
45333,"JJ"
45334,"JJ"
45335,"NNS"
45336,"IN"
45337,"JJ"
45338,"NNS"
45339,"WP"
45340,"VBP"
45341,"RB"
45342,"VB"
45343,"DT"
45344,"NN"
45345,"IN"
45346,"NNP"
45347,"."
45348,"''"
45349,"DT"
45350,"VBZ"
45351,"RB"
45352,"JJ"
45353,":"
45354,"PRP"
45355,"VBP"
45356,"RB"
45357,"RB"
45358,"JJ"
45359,"."
45360,"O"
45361,"NNP"
45362,"NNP"
45363,"NNP"
45364,"NNP"
45365,"IN"
45366,"NN"
45367,"IN"
45368,"NNP"
45369,"NNP"
45370,"JJ"
45371,"NNS"
45372,"."
45373,"DT"
45374,"NNP"
45375,"NNP"
45376,"NNP"
45377,"VBZ"
45378,"VBN"
45379,"JJR"
45380,"IN"
45381,"CD"
45382,"JJ"
45383,"NNS"
45384,"IN"
45385,"NN"
45386,"NNS"
45387,"IN"
45388,"IN"
45389,"DT"
45390,"NN"
45391,"."
45392,"IN"
45393,"CD"
45394,"NN"
45395,"IN"
45396,"NNS"
45397,"IN"
45398,"JJ"
45399,"NN"
45400,"NNS"
45401,","
45402,"WDT"
45403,"RB"
45404,"VBP"
45405,"JJ"
45406,"TO"
45407,"NNS"
45408,","
45409,"VBN"
45410,"IN"
45411,"JJ"
45412,"NNS"
45413,","
45414,"VBN"
45415,"IN"
45416,"DT"
45417,"CD"
45418,"NN"
45419,"NN"
45420,"NN"
45421,"IN"
45422,"JJS"
45423,"NNS"
45424,"."
45425,"DT"
45426,"NN"
45427,"VBZ"
45428,"TO"
45429,"VB"
45430,"IN"
45431,"$"
45432,"CD"
45433,"CD"
45434,"IN"
45435,"NNP"
45436,"NNP"
45437,"NNS"
45438,"."
45439,"DT"
45440,"NN"
45441,"NN"
45442,"VBZ"
45443,"VBN"
45444,"IN"
45445,"NN"
45446,"NNS"
45447,"."
45448,"JJ"
45449,"NN"
45450,"IN"
45451,"NNP"
45452,"IN"
45453,"NNP"
45454,"NNP"
45455,"VBD"
45456,"JJ"
45457,"NNS"
45458,"VBN"
45459,"TO"
45460,"DT"
45461,"NN"
45462,"NN"
45463,"CC"
45464,"NNS"
45465,"IN"
45466,"NN"
45467,"CC"
45468,"JJ"
45469,"NN"
45470,"."
45471,"DT"
45472,"NNP"
45473,"NNP"
45474,"NNP"
45475,"VBD"
45476,"IN"
45477,"DT"
45478,"NNP"
45479,"NNP"
45480,"TO"
45481,"VB"
45482,"JJ"
45483,"NN"
45484,"."
45485,"IN"
45486,"NNP"
45487,"NN"
45488,"NNP"
45489,"NNP"
45490,"NNP"
45491,"NN"
45492,"DT"
45493,"JJ"
45494,"NN"
45495,","
45496,"PRP"
45497,"VBD"
45498,"VBN"
45499,"IN"
45500,"CD"
45501,"NNS"
45502,"."
45503,"JJ"
45504,"NN"
45505,","
45506,"DT"
45507,"NNP"
45508,"NNP"
45509,"IN"
45510,"NNP"
45511,"VBD"
45512,"VBG"
45513,"PRP$"
45514,"JJ"
45515,"NN"
45516,"NN"
45517,"TO"
45518,"VB"
45519,"NN"
45520,","
45521,"JJ"
45522,"IN"
45523,"NN"
45524,","
45525,"IN"
45526,"NN"
45527,"NNS"
45528,"."
45529,"JJ"
45530,"NNS"
45531,"CC"
45532,"NNS"
45533,"VBP"
45534,"NNS"
45535,"VB"
45536,"RP"
45537,"NNS"
45538,"."
45539,"``"
45540,"PRP"
45541,"VBZ"
45542,"PRP"
45543,","
45544,"CC"
45545,"NNS"
45546,"VBP"
45547,"RB"
45548,"VBG"
45549,"TO"
45550,"NN"
45551,"WP"
45552,"VBZ"
45553,"VBN"
45554,"IN"
45555,"DT"
45556,"JJ"
45557,"NN"
45558,","
45559,"''"
45560,"DT"
45561,"JJ"
45562,"NN"
45563,"VBZ"
45564,"."
45565,"NNP"
45566,"NNP"
45567,"VB"
45568,"DT"
45569,"JJ"
45570,"NN"
45571,"NN"
45572,","
45573,"RB"
45574,"IN"
45575,"NNP"
45576,"CD"
45577,"FW"
45578,"."
45579,"NNP"
45580,"NNP"
45581,","
45582,"IN"
45583,"JJ"
45584,"NN"
45585,"CD"
45586,"NN"
45587,"IN"
45588,"PRP$"
45589,"JJ"
45590,"NN"
45591,","
45592,"RB"
45593,"VBZ"
45594,"VBN"
45595,"TO"
45596,"VB"
45597,"DT"
45598,"NN"
45599,"IN"
45600,"NN"
45601,"TO"
45602,"VB"
45603,"DT"
45604,"NN"
45605,","
45606,"WDT"
45607,"VBZ"
45608,"NNS"
45609,"TO"
45610,"VB"
45611,"JJ"
45612,"NNS"
45613,"TO"
45614,"NNS"
45615,"CC"
45616,"NNS"
45617,"RB"
45618,"."
45619,"IN"
45620,"NN"
45621,"IN"
45622,"JJ"
45623,"NN"
45624,"NNS"
45625,","
45626,"DT"
45627,"NNP"
45628,"NNP"
45629,"IN"
45630,"NNP"
45631,"NNP"
45632,"MD"
45633,"VB"
45634,"IN"
45635,"NN"
45636,"WDT"
45637,"MD"
45638,"VB"
45639,"JJ"
45640,"NNS"
45641,"DT"
45642,"CD"
45643,"NN"
45644,"NN"
45645,"NN"
45646,"IN"
45647,"PRP$"
45648,"JJ"
45649,"NN"
45650,"NNS"
45651,","
45652,"RB"
45653,"IN"
45654,"CD"
45655,"NN"
45656,"RB"
45657,"."
45658,"CC"
45659,"DT"
45660,"NN"
45661,"MD"
45662,"VB"
45663,"IN"
45664,"DT"
45665,"JJ"
45666,"NN"
45667,"NN"
45668,"NN"
45669,"NNS"
45670,"IN"
45671,"WP"
45672,"MD"
45673,"VB"
45674,"VBN"
45675,"IN"
45676,"NNS"
45677,"POS"
45678,"NN"
45679,"NN"
45680,"."
45681,"JJ"
45682,"NNS"
45683,"RB"
45684,"MD"
45685,"VB"
45686,"DT"
45687,"JJ"
45688,"NN"
45689,"IN"
45690,"NN"
45691,"WDT"
45692,"MD"
45693,"VB"
45694,"JJ"
45695,"NNS"
45696,"."
45697,"CC"
45698,"PRP"
45699,"RB"
45700,"VBP"
45701,"RB"
45702,"RB"
45703,"JJ"
45704,"DT"
45705,"JJ"
45706,"NN"
45707,"NN"
45708,"NN"
45709,"VBN"
45710,"IN"
45711,"NNP"
45712,"NNP"
45713,"NNP"
45714,"("
45715,"NNP"
45716,","
45717,"NNP"
45718,"."
45719,")"
45720,"IN"
45721,"PRP$"
45722,"NN"
45723,"TO"
45724,"VB"
45725,"IN"
45726,"JJ"
45727,"NN"
45728,"RB"
45729,"RB"
45730,"."
45731,"EX"
45732,"VBZ"
45733,"RB"
45734,"VB"
45735,"IN"
45736,"DT"
45737,"NN"
45738,"NN"
45739,"VBG"
45740,"JJ"
45741,"NN"
45742,"NN"
45743,"MD"
45744,"RB"
45745,"VB"
45746,"NNS"
45747,"IN"
45748,"JJ"
45749,"NNS"
45750,"."
45751,"DT"
45752,"NNP"
45753,"CD"
45754,"NN"
45755,"MD"
45756,"VB"
45757,"DT"
45758,"NN"
45759,"IN"
45760,"VBG"
45761,"PRP"
45762,"JJR"
45763,"TO"
45764,"VB"
45765,"NNS"
45766,"IN"
45767,"JJ"
45768,"NN"
45769,"NNS"
45770,"."
45771,"``"
45772,"IN"
45773,"DT"
45774,"NN"
45775,"IN"
45776,"NNP"
45777,"CD"
45778,","
45779,"PRP"
45780,"MD"
45781,"RB"
45782,"RB"
45783,"VB"
45784,"PRP"
45785,"VBP"
45786,"JJ"
45787,"NNS"
45788,"IN"
45789,"NN"
45790,"NN"
45791,"NNS"
45792,","
45793,"''"
45794,"VBZ"
45795,"NNP"
45796,"NNP"
45797,","
45798,"DT"
45799,"NNP"
45800,"IN"
45801,"NNP"
45802,"POS"
45803,"NN"
45804,"NN"
45805,"."
45806,"VBG"
45807,"DT"
45808,"NN"
45809,":"
45810,"NNP"
45811,"NNP"
45812,"NNP"
45813,"("
45814,"NNP"
45815,","
45816,"NNP"
45817,")"
45818,"VBD"
45819,"VBN"
45820,"IN"
45821,"DT"
45822,"JJ"
45823,"NN"
45824,"TO"
45825,"NNP"
45826,"NNP"
45827,","
45828,"NN"
45829,"IN"
45830,"DT"
45831,"NNP"
45832,"NNP"
45833,"IN"
45834,"NNP"
45835,"NNP"
45836,","
45837,"VBD"
45838,"IN"
45839,"DT"
45840,"NN"
45841,"NN"
45842,"VBG"
45843,"IN"
45844,"DT"
45845,"NNP"
45846,"NNP"
45847,"NNP"
45848,"NN"
45849,"MD"
45850,"VB"
45851,"NN"
45852,"IN"
45853,"NNP"
45854,"CD"
45855,"."
45856,"RB"
45857,"IN"
45858,"DT"
45859,"NN"
45860,"VBD"
45861,"JJ"
45862,"IN"
45863,"DT"
45864,"NN"
45865,","
45866,"PRP"
45867,"VBD"
45868,"VBN"
45869,"IN"
45870,"DT"
45871,"NN"
45872,"POS"
45873,"NN"
45874,"."
45875,"``"
45876,"PRP"
45877,"VBD"
45878,"PRP"
45879,","
45880,"''"
45881,"NNP"
45882,"NNP"
45883,"VBZ"
45884,"RB"
45885,"."
45886,"``"
45887,"PRP"
45888,"VBD"
45889,"DT"
45890,"NN"
45891,"NN"
45892,"."
45893,"''"
45894,"NNP"
45895,"NNP"
45896,":"
45897,"NNP"
45898,"NNP"
45899,"NNP"
45900,"("
45901,"NNP"
45902,","
45903,"NNP"
45904,"."
45905,")"
45906,"VBZ"
45907,"VBG"
45908,"NN"
45909,"TO"
45910,"VB"
45911,"DT"
45912,"NN"
45913,"IN"
45914,"DT"
45915,"JJ"
45916,"NN"
45917,"NN"
45918,"VBZ"
45919,"IN"
45920,"VBG"
45921,"JJ"
45922,"NN"
45923,"CC"
45924,"JJ"
45925,"NNS"
45926,"TO"
45927,"NN"
45928,"NNS"
45929,"."
45930,"JJ"
45931,"NNS"
45932,"VBP"
45933,"JJ"
45934,"TO"
45935,"VB"
45936,"VBG"
45937,"JJ"
45938,"NN"
45939,","
45940,"RB"
45941,"IN"
45942,"NN"
45943,"NN"
45944,"VBZ"
45945,"IN"
45946,"VBG"
45947,"JJ"
45948,"NNS"
45949,"."
45950,"JJ"
45951,"NN"
45952,","
45953,"DT"
45954,"NNS"
45955,"POS"
45956,"NNS"
45957,"TO"
45958,"DT"
45959,"NNP"
45960,"VBD"
45961,"$"
45962,"CD"
45963,"CD"
45964,"."
45965,"NNP"
45966,"NNP"
45967,"NNP"
45968,"IN"
45969,"JJR"
45970,"NN"
45971,"TO"
45972,"VB"
45973,"IN"
45974,"NNS"
45975,"NNS"
45976,"."
45977,"NNS"
45978,"VBG"
45979,"DT"
45980,"JJ"
45981,"NN"
45982,"NNS"
45983,"VBP"
45984,"DT"
45985,"NN"
45986,"IN"
45987,"DT"
45988,"NNP"
45989,"NNP"
45990,"NN"
45991,"VBD"
45992,"RB"
45993,"IN"
45994,"NNS"
45995,"CC"
45996,"NNP"
45997,"NNP"
45998,"NNP"
45999,"("
46000,"NNP"
46001,","
46002,"NNP"
46003,"."
46004,")"
46005,"."
46006,"DT"
46007,"NN"
46008,"MD"
46009,"VB"
46010,"DT"
46011,"NN"
46012,"IN"
46013,"NN"
46014,"NNS"
46015,"TO"
46016,"CD"
46017,"NNS"
46018,"CC"
46019,"CD"
46020,"NNS"
46021,"IN"
46022,"CD"
46023,"NNS"
46024,"CC"
46025,"CD"
46026,"IN"
46027,"JJ"
46028,"NNS"
46029,"."
46030,"CC"
46031,"DT"
46032,"NN"
46033,"IN"
46034,"JJR"
46035,"NNS"
46036,"MD"
46037,"VB"
46038,"VBN"
46039,"TO"
46040,"CD"
46041,"NNS"
46042,"CC"
46043,"CD"
46044,"NNS"
46045,"."
46046,"DT"
46047,"NN"
46048,"NNS"
46049,"VBP"
46050,"PRP"
46051,"MD"
46052,"VB"
46053,"IN"
46054,"NN"
46055,"NNS"
46056,"MD"
46057,"VB"
46058,"RBR"
46059,"JJ"
46060,"TO"
46061,"VB"
46062,"RB"
46063,"TO"
46064,"NNS"
46065,"IN"
46066,"DT"
46067,"JJR"
46068,"NNS"
46069,"IN"
46070,"CD"
46071,"NNS"
46072,"."
46073,"DT"
46074,"NN"
46075,"NNS"
46076,"VBP"
46077,"RB"
46078,"JJ"
46079,","
46080,"RB"
46081,"."
46082,"NNPS"
46083,"VBD"
46084,"IN"
46085,"DT"
46086,"NNP"
46087,"NNP"
46088,"NNP"
46089,"NNP"
46090,"CC"
46091,"DT"
46092,"NNP"
46093,"NNP"
46094,"NNP"
46095,"NNP"
46096,"VBP"
46097,"DT"
46098,"NN"
46099,"IN"
46100,"JJ"
46101,"NN"
46102,"."
46103,"PRP"
46104,"VBP"
46105,"DT"
46106,"RBR"
46107,"DT"
46108,"NN"
46109,","
46110,"DT"
46111,"JJR"
46112,"NNS"
46113,"MD"
46114,"RB"
46115,"VB"
46116,"TO"
46117,"NN"
46118,"NNS"
46119,","
46120,"WDT"
46121,"RB"
46122,"VBP"
46123,"RB"
46124,"VB"
46125,"DT"
46126,"MD"
46127,"RB"
46128,"VB"
46129,"TO"
46130,"VB"
46131,"NNS"
46132,"."
46133,"DT"
46134,"NNP"
46135,"NNP"
46136,"NNP"
46137,"MD"
46138,"VB"
46139,"DT"
46140,"NN"
46141,"RB"
46142,"DT"
46143,"NN"
46144,"."
46145,"NNP"
46146,"NNP"
46147,","
46148,"DT"
46149,"NNP"
46150,"NN"
46151,"NN"
46152,"WP"
46153,"VBZ"
46154,"DT"
46155,"JJR"
46156,"NN"
46157,","
46158,"NNS"
46159,"IN"
46160,"DT"
46161,"JJ"
46162,"NN"
46163,"VBZ"
46164,"PRP"
46165,"RB"
46166,"JJ"
46167,"IN"
46168,"$"
46169,"CD"
46170,"DT"
46171,"NN"
46172,"IN"
46173,"JJ"
46174,"NN"
46175,"."
46176,"NNP"
46177,"NNP"
46178,":"
46179,"DT"
46180,"CD"
46181,"NN"
46182,"IN"
46183,"NNS"
46184,"WP"
46185,"RB"
46186,"VBD"
46187,"DT"
46188,"NNP"
46189,"NN"
46190,"VBP"
46191,"PRP"
46192,"MD"
46193,"VB"
46194,"TO"
46195,"VB"
46196,"IN"
46197,"CC"
46198,"VB"
46199,"DT"
46200,"JJ"
46201,"NN"
46202,","
46203,"RB"
46204,"RBS"
46205,"VB"
46206,"NNS"
46207,"IN"
46208,"JJ"
46209,"NNS"
46210,","
46211,"VBZ"
46212,"DT"
46213,"NN"
46214,"IN"
46215,"DT"
46216,"NNP"
46217,"NNP"
46218,"NNP"
46219,","
46220,"DT"
46221,"NNP"
46222,"NNP"
46223,"NN"
46224,"NN"
46225,":"
46226,"."
46227,"NNP"
46228,"NNP"
46229,"NNP"
46230,"IN"
46231,"NNP"
46232,","
46233,"NNP"
46234,","
46235,"VBZ"
46236,"DT"
46237,"JJ"
46238,"NN"
46239,"NN"
46240,"NN"
46241,"NN"
46242,"TO"
46243,"VB"
46244,"DT"
46245,"``"
46246,"JJ"
46247,"NN"
46248,"IN"
46249,"DT"
46250,"NNP"
46251,"NN"
46252,"NN"
46253,"NN"
46254,"."
46255,"O"
46256,"NNP"
46257,"NNP"
46258,"NNP"
46259,"VBD"
46260,"NNP"
46261,"NNP"
46262,"NNP"
46263,"VBZ"
46264,"TO"
46265,"VB"
46266,"IN"
46267,"DT"
46268,"NN"
46269,"NN"
46270,"NN"
46271,"POS"
46272,"NN"
46273,"JJ"
46274,"NNP"
46275,"CD"
46276,"."
46277,"NNP"
46278,"NNP"
46279,"VBD"
46280,"``"
46281,"PRP"
46282,"VBZ"
46283,"VBN"
46284,"''"
46285,"IN"
46286,"NNP"
46287,"NNP"
46288,"NNP"
46289,","
46290,"NN"
46291,"CC"
46292,"JJ"
46293,"NN"
46294,"NN"
46295,","
46296,"MD"
46297,"VB"
46298,"DT"
46299,"JJ"
46300,"NN"
46301,"IN"
46302,"NN"
46303,"IN"
46304,"NNP"
46305,"NNP"
46306,"POS"
46307,"NN"
46308,"."
46309,"NNP"
46310,"NNP"
46311,","
46312,"CD"
46313,"NNS"
46314,"JJ"
46315,","
46316,"VBD"
46317,"NN"
46318,"CC"
46319,"JJ"
46320,"NN"
46321,"IN"
46322,"NNP"
46323,"NNP"
46324,"NNP"
46325,","
46326,"NNP"
46327,","
46328,"WRB"
46329,"DT"
46330,"NN"
46331,"NN"
46332,"NN"
46333,"VBN"
46334,"IN"
46335,"NNP"
46336,"NNP"
46337,"IN"
46338,"NNP"
46339,"CD"
46340,"."
46341,"DT"
46342,"NN"
46343,"VBD"
46344,"NNP"
46345,"NNP"
46346,"VBZ"
46347,"TO"
46348,"VB"
46349,"IN"
46350,"DT"
46351,"NN"
46352,"IN"
46353,"JJ"
46354,"NNP"
46355,"NNP"
46356,"IN"
46357,"NNP"
46358,"NNP"
46359,"``"
46360,"VBZ"
46361,"VBN"
46362,"VBN"
46363,"."
46364,"''"
46365,"NNP"
46366,"NNP"
46367,"MD"
46368,"VB"
46369,"IN"
46370,"NN"
46371,"IN"
46372,"DT"
46373,"NN"
46374,"CC"
46375,"NN"
46376,"IN"
46377,"DT"
46378,"JJ"
46379,"NN"
46380,"IN"
46381,"NNP"
46382,"NNP"
46383,"NNP"
46384,"NNP"
46385,","
46386,"DT"
46387,"NN"
46388,"NN"
46389,"TO"
46390,"NNP"
46391,"NNP"
46392,"NNP"
46393,","
46394,"CC"
46395,"MD"
46396,"RB"
46397,"RBR"
46398,"VB"
46399,"JJ"
46400,"IN"
46401,"JJ"
46402,"NN"
46403,"."
46404,"PRP"
46405,"MD"
46406,"VB"
46407,"IN"
46408,"DT"
46409,"NNP"
46410,"NN"
46411,"NN"
46412,"."
46413,"O"
46414,"NNP"
46415,"NNP"
46416,"VBZ"
46417,"TO"
46418,"VB"
46419,"$"
46420,"CD"
46421,"CD"
46422,"IN"
46423,"JJ"
46424,"NN"
46425,"IN"
46426,"DT"
46427,"NN"
46428,"NNP"
46429,"IN"
46430,"IN"
46431,"$"
46432,"CD"
46433,"CD"
46434,"IN"
46435,"JJ"
46436,"NNS"
46437,"TO"
46438,"VB"
46439,"$"
46440,"CD"
46441,"CD"
46442,"IN"
46443,"VBG"
46444,"NNS"
46445,"."
46446,"DT"
46447,"NN"
46448,"MD"
46449,"VB"
46450,"VBN"
46451,"RB"
46452,"IN"
46453,"JJ"
46454,"CC"
46455,"JJ"
46456,"NNS"
46457,"VBG"
46458,"IN"
46459,"NNP"
46460,"CD"
46461,","
46462,"CD"
46463,","
46464,"CC"
46465,"NNP"
46466,"CD"
46467,","
46468,"CD"
46469,","
46470,"RB"
46471,"."
46472,"NNS"
46473,"IN"
46474,"DT"
46475,"NNS"
46476,","
46477,"JJ"
46478,"IN"
46479,"JJ"
46480,"$"
46481,"CD"
46482,"NNS"
46483,","
46484,"MD"
46485,"VB"
46486,"VBN"
46487,"IN"
46488,"CD"
46489,"NN"
46490,"NNP"
46491,"NNP"
46492,"IN"
46493,"DT"
46494,"NNP"
46495,"CC"
46496,"IN"
46497,"NNP"
46498,"NNP"
46499,"NNS"
46500,"CC"
46501,"NNS"
46502,"."
46503,"O"
46504,"NNP"
46505,"POS"
46506,"NNP"
46507,"NNP"
46508,"NNP"
46509,"VBD"
46510,"PRP"
46511,"VBD"
46512,"NNS"
46513,"IN"
46514,"IN"
46515,"$"
46516,"CD"
46517,"CD"
46518,"IN"
46519,"NNP"
46520,"NNP"
46521,"NN"
46522,","
46523,"VBG"
46524,"DT"
46525,"RB"
46526,"JJ"
46527,"NNP"
46528,"NN"
46529,"NN"
46530,"POS"
46531,"JJ"
46532,"NN"
46533,"."
46534,"DT"
46535,"NNS"
46536,"NN"
46537,"VBD"
46538,"PRP"
46539,"VBD"
46540,"NN"
46541,"NNS"
46542,","
46543,"NNS"
46544,"CC"
46545,"JJ"
46546,"JJ"
46547,"NN"
46548,"NNS"
46549,"TO"
46550,"JJ"
46551,"IN"
46552,"JJ"
46553,"CC"
46554,"DT"
46555,"NN"
46556,"POS"
46557,"JJ"
46558,"NNS"
46559,"TO"
46560,"JJ"
46561,"IN"
46562,"JJ"
46563,"."
46564,"NNP"
46565,"POS"
46566,"VBD"
46567,"DT"
46568,"JJ"
46569,"NN"
46570,"MD"
46571,"``"
46572,"VB"
46573,"DT"
46574,"NN"
46575,"POS"
46576,"NN"
46577,"TO"
46578,"VB"
46579,"PRP$"
46580,"NN"
46581,"NN"
46582,"''"
46583,"CC"
46584,"IN"
46585,"VBG"
46586,"NNS"
46587,"IN"
46588,"DT"
46589,"JJ"
46590,"NN"
46591,"IN"
46592,"JJ"
46593,"MD"
46594,"VB"
46595,"``"
46596,"JJ"
46597,"NN"
46598,"NNS"
46599,"."
46600,"''"
46601,"DT"
46602,"NNP"
46603,"NN"
46604,"VBD"
46605,"RB"
46606,"VB"
46607,"NNS"
46608,"VBG"
46609,"NN"
46610,"."
46611,"NNP"
46612,","
46613,"WDT"
46614,"VBD"
46615,"JJ"
46616,"IN"
46617,"DT"
46618,"$"
46619,"CD"
46620,"CD"
46621,"JJ"
46622,"NN"
46623,"IN"
46624,"CD"
46625,","
46626,"VBD"
46627,"JJ"
46628,"NN"
46629,"IN"
46630,"PRP"
46631,"MD"
46632,"VB"
46633,"RB"
46634,"TO"
46635,"VB"
46636,"NN"
46637,"NNS"
46638,"IN"
46639,"JJ"
46640,"IN"
46641,"$"
46642,"CD"
46643,"CD"
46644,"IN"
46645,"JJ"
46646,"NN"
46647,"CC"
46648,"NN"
46649,"NNS"
46650,"."
46651,"O"
46652,"WRB"
46653,"DT"
46654,"NNPS"
46655,"VBD"
46656,"PRP$"
46657,"JJ"
46658,"NN"
46659,"VBD"
46660,"VBN"
46661,"NNP"
46662,"IN"
46663,"NNP"
46664,","
46665,"DT"
46666,"NNS"
46667,"IN"
46668,"NN"
46669,"VBD"
46670,"RB"
46671,"CC"
46672,"VBD"
46673,"RP"
46674,"IN"
46675,"DT"
46676,"JJ"
46677,"NN"
46678,"IN"
46679,"NN"
46680,"."
46681,"PRP"
46682,"VBD"
46683,"``"
46684,"DT"
46685,"NNPS"
46686,"POS"
46687,"NNP"
46688,"."
46689,"''"
46690,"DT"
46691,"NNP"
46692,"NN"
46693,"MD"
46694,"VB"
46695,"."
46696,"NNS"
46697,"IN"
46698,"NNS"
46699,"MD"
46700,"VB"
46701,"NN"
46702,"."
46703,"DT"
46704,"NN"
46705,"NN"
46706,"MD"
46707,"VB"
46708,"IN"
46709,"NNP"
46710,"."
46711,"DT"
46712,"WP"
46713,"VBD"
46714,"IN"
46715,"NN"
46716,"VBP"
46717,"RB"
46718,"JJ"
46719,"."
46720,"CD"
46721,"NNS"
46722,"IN"
46723,"NNP"
46724,"NNP"
46725,"NNP"
46726,"VBD"
46727,"IN"
46728,"DT"
46729,"NN"
46730,"IN"
46731,"DT"
46732,"NNP"
46733,","
46734,"DT"
46735,"JJ"
46736,"NN"
46737,"NNS"
46738,"IN"
46739,"NNP"
46740,","
46741,"DT"
46742,"NNS"
46743,"VBP"
46744,"IN"
46745,"PRP$"
46746,"NNS"
46747,","
46748,"CC"
46749,"DT"
46750,"NN"
46751,"IN"
46752,"JJ"
46753,"NN"
46754,"VBZ"
46755,"RB"
46756,"RB"
46757,"RB"
46758,"IN"
46759,"RB"
46760,"."
46761,"CC"
46762,"RB"
46763,"RB"
46764,"VBD"
46765,"DT"
46766,"NN"
46767,"IN"
46768,"DT"
46769,"JJ"
46770,"NN"
46771,"MD"
46772,"VB"
46773,"DT"
46774,"NNP"
46775,"NN"
46776,"RB"
46777,"CC"
46778,"RB"
46779,"."
46780,"JJ"
46781,"NNS"
46782,"VBD"
46783,"PRP"
46784,"MD"
46785,"VB"
46786,"PRP$"
46787,"NNP"
46788,"NNS"
46789,"IN"
46790,"DT"
46791,"NN"
46792,"JJ"
46793,":"
46794,"CC"
46795,"VBD"
46796,"."
46797,"NNP"
46798,"NNP"
46799,"VBD"
46800,"PRP"
46801,"MD"
46802,"RB"
46803,"VB"
46804,"DT"
46805,"NN"
46806,":"
46807,"CC"
46808,"VBD"
46809,"RB"
46810,"."
46811,"IN"
46812,"DT"
46813,"NNP"
46814,"CD"
46815,"NNP"
46816,"NNS"
46817,"``"
46818,"VBG"
46819,"TO"
46820,"NNP"
46821,","
46822,"''"
46823,"DT"
46824,"NNP"
46825,"NNP"
46826,"VBD"
46827,"NN"
46828,"PRP"
46829,"VBD"
46830,"TO"
46831,"VB"
46832,"JJ"
46833,"NN"
46834,"."
46835,"DT"
46836,"NNS"
46837,"IN"
46838,"DT"
46839,"NNP"
46840,"NNS"
46841,"VBP"
46842,"NNP"
46843,"JJ"
46844,"TO"
46845,"VB"
46846,"PRP$"
46847,"NNS"
46848,"IN"
46849,"NNP"
46850,"IN"
46851,"NN"
46852,"IN"
46853,"DT"
46854,"NN"
46855,":"
46856,"VBG"
46857,"DT"
46858,"NN"
46859,"IN"
46860,"JJ"
46861,"NN"
46862,"NNS"
46863,":"
46864,"IN"
46865,"VBG"
46866,"DT"
46867,"NNP"
46868,"CC"
46869,"NNP"
46870,"TO"
46871,"VB"
46872,"RP"
46873,"NN"
46874,"."
46875,"DT"
46876,"JJ"
46877,"NN"
46878,"IN"
46879,"DT"
46880,"JJ"
46881,"NN"
46882,"VBD"
46883,"DT"
46884,"JJ"
46885,"NN"
46886,"IN"
46887,"DT"
46888,"NNP"
46889,"NNP"
46890,"NNP"
46891,","
46892,"DT"
46893,"NNP"
46894,"NN"
46895,"TO"
46896,"DT"
46897,"NN"
46898,"MD"
46899,"VB"
46900,"RB"
46901,"JJ"
46902,"IN"
46903,"JJ"
46904,"NN"
46905,"TO"
46906,"NNP"
46907,"VBD"
46908,"."
46909,"CC"
46910,"RB"
46911,"RB"
46912,"IN"
46913,"DT"
46914,"NNS"
46915,"VBD"
46916,"VBN"
46917,","
46918,"JJ"
46919,"NNS"
46920,"RB"
46921,"VBD"
46922,"NN"
46923,"."
46924,"IN"
46925,"NNP"
46926,"CD"
46927,","
46928,"WRB"
46929,"DT"
46930,"NNS"
46931,"VBD"
46932,"PRP"
46933,"VBD"
46934,"VBN"
46935,"PRP$"
46936,"NN"
46937,","
46938,"DT"
46939,"NNP"
46940,"VBD"
46941,"PRP"
46942,"RB"
46943,"."
46944,"RB"
46945,"IN"
46946,"DT"
46947,"NNS"
46948,"."
46949,"NNP"
46950,"NNP"
46951,"PRP"
46952,"VBD"
46953,"JJ"
46954,"NNS"
46955,"VBN"
46956,"TO"
46957,"VB"
46958,"IN"
46959,"JJR"
46960,"IN"
46961,"$"
46962,"CD"
46963,"CD"
46964,"IN"
46965,"JJ"
46966,"NN"
46967,"CC"
46968,"NNS"
46969,"IN"
46970,"DT"
46971,"NNP"
46972,"NN"
46973,"."
46974,"IN"
46975,"DT"
46976,"NN"
46977,"NN"
46978,","
46979,"NNP"
46980,"VBZ"
46981,"VBN"
46982,"IN"
46983,"DT"
46984,"JJ"
46985,"$"
46986,"CD"
46987,"TO"
46988,"$"
46989,"CD"
46990,"CD"
46991,"NN"
46992,"IN"
46993,"NN"
46994,":"
46995,"RB"
46996,"$"
46997,"CD"
46998,"CD"
46999,"IN"
47000,"NNP"
47001,","
47002,"NN"
47003,"IN"
47004,"DT"
47005,"JJ"
47006,"NNP"
47007,"NN"
47008,"TO"
47009,"DT"
47010,"NN"
47011,"IN"
47012,"CD"
47013,"NNS"
47014,"."
47015,"DT"
47016,"VBZ"
47017,"WP"
47018,"NNP"
47019,"NNP"
47020,"NNP"
47021,"NNS"
47022,"CD"
47023,"RB"
47024,"VBN"
47025,"``"
47026,"JJ"
47027,"JJ"
47028,"NN"
47029,"NNS"
47030,","
47031,"''"
47032,"VBG"
47033,"JJR"
47034,"IN"
47035,"CD"
47036,"CD"
47037,"NNS"
47038,"."
47039,"IN"
47040,"JJ"
47041,"NNP"
47042,","
47043,"NNP"
47044,"VBD"
47045,"VBN"
47046,","
47047,"IN"
47048,"NN"
47049,","
47050,"CD"
47051,"NNS"
47052,","
47053,"IN"
47054,"CD"
47055,"NNS"
47056,","
47057,"NNP"
47058,"CC"
47059,"NNS"
47060,"IN"
47061,"JJ"
47062,"NN"
47063,"NNS"
47064,"."
47065,"RB"
47066,"DT"
47067,"NN"
47068,","
47069,"PRP"
47070,"VBD"
47071,"DT"
47072,"JJ"
47073,"NN"
47074,"NN"
47075,","
47076,"VBG"
47077,"CD"
47078,"CD"
47079,"NNS"
47080,"CC"
47081,"JJR"
47082,"IN"
47083,"CD"
47084,"NN"
47085,"NN"
47086,"NN"
47087,"VBG"
47088,"NNS"
47089,"."
47090,"IN"
47091,"NNP"
47092,","
47093,"DT"
47094,"JJ"
47095,"JJ"
47096,"JJ"
47097,"NN"
47098,"NN"
47099,"IN"
47100,"DT"
47101,"JJ"
47102,"JJ"
47103,"NN"
47104,"NNS"
47105,","
47106,"CD"
47107,"JJR"
47108,"NNS"
47109,"CC"
47110,"CD"
47111,"JJ"
47112,"JJ"
47113,"NNS"
47114,"VBD"
47115,"VBN"
47116,"IN"
47117,"NNP"
47118,"."
47119,"IN"
47120,"DT"
47121,"JJ"
47122,"JJ"
47123,"NNS"
47124,","
47125,"NNP"
47126,"VBZ"
47127,"VBN"
47128,"JJ"
47129,"NNS"
47130,","
47131,"DT"
47132,"NN"
47133,"NN"
47134,"IN"
47135,"DT"
47136,"NN"
47137,","
47138,"NNP"
47139,"NNP"
47140,"NN"
47141,","
47142,"NNP"
47143,","
47144,"WDT"
47145,"MD"
47146,"VB"
47147,"NNP"
47148,"POS"
47149,"JJ"
47150,"NN"
47151,","
47152,"CC"
47153,"NNP"
47154,"NNP"
47155,"NNP"
47156,","
47157,"WDT"
47158,"MD"
47159,"VB"
47160,"DT"
47161,"NN"
47162,"."
47163,"NNP"
47164,"VBZ"
47165,"DT"
47166,"VBZ"
47167,"PDT"
47168,"VBN"
47169,"TO"
47170,"VB"
47171,"DT"
47172,"NNP"
47173,"NN"
47174,"IN"
47175,"DT"
47176,"NN"
47177,"NN"
47178,"."
47179,"PRP"
47180,"VBZ"
47181,"JJ"
47182,"IN"
47183,"DT"
47184,"JJ"
47185,"JJ"
47186,"NN"
47187,"VBZ"
47188,"VBN"
47189,"IN"
47190,"JJ"
47191,"NNS"
47192,"."
47193,"CC"
47194,"DT"
47195,"VBZ"
47196,"RB"
47197,"DT"
47198,"JJ"
47199,"JJ"
47200,"NN"
47201,","
47202,"CC"
47203,"PRP"
47204,"VBZ"
47205,"RB"
47206,"RB"
47207,"NNP"
47208,"POS"
47209,"JJ"
47210,"JJ"
47211,"NN"
47212,"."
47213,"JJ"
47214,"NNS"
47215,"VBP"
47216,"VBN"
47217,"VBN"
47218,"CC"
47219,"VBN"
47220,"IN"
47221,"DT"
47222,"NNP"
47223,"CC"
47224,"JJ"
47225,"JJ"
47226,"NN"
47227,"NNS"
47228,":"
47229,"CD"
47230,"TO"
47231,"CD"
47232,"IN"
47233,"DT"
47234,"NNS"
47235,"VBP"
47236,"VBN"
47237,"."
47238,"IN"
47239,"NN"
47240,","
47241,"DT"
47242,"NN"
47243,"VBZ"
47244,"VBN"
47245,"JJ"
47246,"JJ"
47247,"NNS"
47248,"VBG"
47249,"JJR"
47250,"IN"
47251,"CD"
47252,","
47253,"VBG"
47254,"CD"
47255,"JJ"
47256,"NNS"
47257,"IN"
47258,"DT"
47259,"NNP"
47260,"NNP"
47261,"("
47262,"NNP"
47263,")"
47264,","
47265,"WDT"
47266,"RB"
47267,"VBZ"
47268,"VBN"
47269,"IN"
47270,"CD"
47271,"JJ"
47272,"NNP"
47273,"NNS"
47274,"."
47275,"RB"
47276,"IN"
47277,"RB"
47278,"PDT"
47279,"DT"
47280,"NNS"
47281,"VBP"
47282,"VBN"
47283,"TO"
47284,"DT"
47285,"NN"
47286,","
47287,"PRP"
47288,"VBP"
47289,"RB"
47290,"JJ"
47291,"IN"
47292,"PRP"
47293,"."
47294,"CC"
47295,"NNS"
47296,"IN"
47297,"JJ"
47298,"NNS"
47299,"VBP"
47300,"VBN"
47301,"VBN"
47302,"TO"
47303,"DT"
47304,"NNP"
47305,"NNP"
47306,","
47307,"WRB"
47308,"PRP"
47309,"VBP"
47310,"NN"
47311,"IN"
47312,"DT"
47313,"NN"
47314,"IN"
47315,"PRP$"
47316,"NNS"
47317,"."
47318,"IN"
47319,"CD"
47320,","
47321,"JJ"
47322,"JJ"
47323,"NNS"
47324,"VBP"
47325,"VBN"
47326,"VBG"
47327,"DT"
47328,"NNP"
47329,"NN"
47330,"."
47331,"IN"
47332,"NN"
47333,"IN"
47334,"DT"
47335,"NN"
47336,","
47337,"NNP"
47338,","
47339,"NNP"
47340,"CC"
47341,"NNP"
47342,"NNP"
47343,"VBD"
47344,"CD"
47345,"NNS"
47346,"IN"
47347,"JJ"
47348,"CD"
47349,"RB"
47350,"JJ"
47351,"JJ"
47352,"NNS"
47353,"TO"
47354,"VB"
47355,"DT"
47356,"IN"
47357,"DT"
47358,"RBR"
47359,"JJ"
47360,"JJ"
47361,"JJ"
47362,"NNS"
47363,"."
47364,"JJ"
47365,"NN"
47366,"NNS"
47367,"RB"
47368,"VBP"
47369,"VBN"
47370,"JJ"
47371,"IN"
47372,"NNP"
47373,"IN"
47374,"CD"
47375,"."
47376,"DT"
47377,"NNS"
47378,"VBD"
47379,"DT"
47380,"NN"
47381,"IN"
47382,"NNP"
47383,":"
47384,"DT"
47385,"JJ"
47386,"JJ"
47387,"NN"
47388,"IN"
47389,"NNP"
47390,"IN"
47391,"NN"
47392,"IN"
47393,"JJ"
47394,"NN"
47395,"IN"
47396,"JJ"
47397,"NN"
47398,"."
47399,"DT"
47400,"NN"
47401,"VBD"
47402,"VBN"
47403,"IN"
47404,"DT"
47405,"NN"
47406,"IN"
47407,"DT"
47408,"NNP"
47409,"NNP"
47410,"NNP"
47411,"NNP"
47412,"TO"
47413,"DT"
47414,"JJ"
47415,"JJ"
47416,"NN"
47417,"."
47418,"RB"
47419,","
47420,"JJ"
47421,"NNS"
47422,"VBP"
47423,"VBN"
47424,"VBN"
47425,"IN"
47426,"DT"
47427,"VBN"
47428,"NN"
47429,"IN"
47430,"JJ"
47431,"NNS"
47432,"."
47433,"IN"
47434,"PRP$"
47435,"NN"
47436,"IN"
47437,"CD"
47438,","
47439,"NNP"
47440,"NNP"
47441,"IN"
47442,"NNP"
47443,"RB"
47444,"VBD"
47445,"DT"
47446,"JJ"
47447,"JJ"
47448,"NNS"
47449,"VBD"
47450,"VBG"
47451,"VBN"
47452,"IN"
47453,"NNP"
47454,"RB"
47455,"IN"
47456,"NNS"
47457,"VBD"
47458,"RB"
47459,"VBN"
47460,"."
47461,"NNP"
47462,"NNP"
47463,"NNP"
47464,"("
47465,"NNP"
47466,","
47467,"NNP"
47468,")"
47469,"VBZ"
47470,"WDT"
47471,"DT"
47472,"VBD"
47473,"CD"
47474,"TO"
47475,"CD"
47476,"JJ"
47477,"JJ"
47478,"JJ"
47479,"NNP"
47480,"NNP"
47481,"NNP"
47482,","
47483,"NNP"
47484,"NNP"
47485,"IN"
47486,"NNP"
47487,"CC"
47488,"VBG"
47489,"JJ"
47490,"NNS"
47491,"."
47492,"RB"
47493,","
47494,"DT"
47495,"NNP"
47496,"NN"
47497,"VBZ"
47498,"RB"
47499,"JJ"
47500,"IN"
47501,"VBG"
47502,"DT"
47503,"NN"
47504,"IN"
47505,"JJ"
47506,"NNS"
47507,"."
47508,"IN"
47509,"DT"
47510,"PRP"
47511,"VBP"
47512,"VBN"
47513,"IN"
47514,"NNS"
47515,"IN"
47516,"NNP"
47517,","
47518,"NNP"
47519,","
47520,"NNP"
47521,"CC"
47522,"NNP"
47523,"NN"
47524,"IN"
47525,"DT"
47526,"JJS"
47527,"JJ"
47528,"NNS"
47529,":"
47530,"JJ"
47531,"JJ"
47532,"NNS"
47533,"IN"
47534,"NNS"
47535,"WP$"
47536,"NNS"
47537,"VBP"
47538,"NN"
47539,"TO"
47540,"DT"
47541,"JJ"
47542,"NN"
47543,"."
47544,"DT"
47545,"JJ"
47546,"JJ"
47547,"NN"
47548,"IN"
47549,"DT"
47550,"JJS"
47551,"VBZ"
47552,"VBN"
47553,"RBR"
47554,","
47555,"JJ"
47556,"NNS"
47557,"."
47558,"IN"
47559,"NN"
47560,"JJ"
47561,"NN"
47562,","
47563,"IN"
47564,"NN"
47565,","
47566,"DT"
47567,"NN"
47568,"NN"
47569,"IN"
47570,"NNP"
47571,"VBD"
47572,"VBN"
47573,"TO"
47574,"VB"
47575,"DT"
47576,"NN"
47577,"TO"
47578,"NN"
47579,"NNS"
47580,"."
47581,"IN"
47582,"DT"
47583,"JJ"
47584,"NN"
47585,","
47586,"RB"
47587,","
47588,"NNP"
47589,"NNS"
47590,"VBD"
47591,"IN"
47592,"NNP"
47593,"NNP"
47594,","
47595,"RB"
47596,"DT"
47597,"RBS"
47598,"JJ"
47599,"CC"
47600,"VBD"
47601,"IN"
47602,"DT"
47603,"NNS"
47604,","
47605,"IN"
47606,"DT"
47607,"NN"
47608,"IN"
47609,"DT"
47610,"NN"
47611,"VB"
47612,"VBN"
47613,"TO"
47614,"PRP$"
47615,"NNS"
47616,"."
47617,"DT"
47618,"NN"
47619,"VBD"
47620,"RB"
47621,","
47622,"CC"
47623,"NNP"
47624,"VBZ"
47625,"DT"
47626,"JJ"
47627,"NN"
47628,"NN"
47629,"."
47630,"DT"
47631,"NN"
47632,"VBZ"
47633,"RB"
47634,"RB"
47635,"JJ"
47636,"NN"
47637,","
47638,"NNP"
47639,"NNP"
47640,"NN"
47641,"CC"
47642,"RB"
47643,"JJ"
47644,"NNS"
47645,"IN"
47646,"NNS"
47647,","
47648,"NN"
47649,"NNS"
47650,","
47651,"CC"
47652,"JJ"
47653,"NN"
47654,"NNS"
47655,"."
47656,"JJ"
47657,"NN"
47658,"NNS"
47659,"VBD"
47660,"TO"
47661,"VB"
47662,"NN"
47663,"NN"
47664,"CC"
47665,"NN"
47666,"NNS"
47667,"TO"
47668,"VB"
47669,"IN"
47670,"DT"
47671,"NN"
47672,"."
47673,"RB"
47674,","
47675,"PRP"
47676,"VBD"
47677,"VBN"
47678,"IN"
47679,"NNP"
47680,"POS"
47681,"NNP"
47682,","
47683,"DT"
47684,"NN"
47685,"IN"
47686,"PRP$"
47687,"NN"
47688,","
47689,"IN"
47690,"VBG"
47691,"CD"
47692,"."
47693,"PRP"
47694,"VBD"
47695,"JJR"
47696,"IN"
47697,"CD"
47698,"NN"
47699,"NNS"
47700,":"
47701,"NNS"
47702,"VBP"
47703,"IN"
47704,"PRP"
47705,"VBD"
47706,"NNS"
47707,"IN"
47708,"JJ"
47709,"NNS"
47710,"."
47711,"DT"
47712,"NN"
47713,"VBZ"
47714,"RB"
47715,"IN"
47716,"DT"
47717,"NN"
47718,"VBZ"
47719,"VBN"
47720,"TO"
47721,"VB"
47722,"DT"
47723,"NNP"
47724,"NN"
47725,","
47726,"CC"
47727,"IN"
47728,"PRP"
47729,"VBZ"
47730,"TO"
47731,"VB"
47732,"CC"
47733,"VB"
47734,"IN"
47735,"DT"
47736,"."
47737,"JJ"
47738,"NN"
47739,","
47740,"IN"
47741,"NN"
47742,"TO"
47743,"JJ"
47744,"NN"
47745,","
47746,"DT"
47747,"NNP"
47748,"NNP"
47749,"CC"
47750,"NNP"
47751,"NNP"
47752,"VBD"
47753,"PRP"
47754,"VBD"
47755,"VBN"
47756,"JJ"
47757,"NN"
47758,"TO"
47759,"DT"
47760,"NN"
47761,"NNS"
47762,"IN"
47763,"PRP"
47764,"VBD"
47765,"VBN"
47766,"RP"
47767,":"
47768,"CC"
47769,"PRP"
47770,"VBZ"
47771,"RB"
47772,"JJ"
47773,"WRB"
47774,"RB"
47775,"VBZ"
47776,"VBG"
47777,"VBN"
47778,"CC"
47779,"WRB"
47780,"PRP"
47781,"MD"
47782,"VB"
47783,"."
47784,"IN"
47785,"NNS"
47786,"DT"
47787,"NN"
47788,"VBZ"
47789,"VBN"
47790,"NN"
47791,"IN"
47792,"NN"
47793,"NN"
47794,"."
47795,"RB"
47796,"RB"
47797,"EX"
47798,"VBZ"
47799,"DT"
47800,"NN"
47801,"IN"
47802,"PRP"
47803,"VBP"
47804,"VBN"
47805,"VBN"
47806,"IN"
47807,"NNS"
47808,"CC"
47809,"JJ"
47810,"NN"
47811,"NNS"
47812,"."
47813,"RB"
47814,","
47815,"NNP"
47816,"NNS"
47817,"VBP"
47818,"VBN"
47819,"TO"
47820,"DT"
47821,"NN"
47822,"IN"
47823,"DT"
47824,"NN"
47825,"IN"
47826,"NN"
47827,"VBZ"
47828,"IN"
47829,"WP"
47830,"NN"
47831,"DT"
47832,"VBN"
47833,"NN"
47834,"NNS"
47835,"IN"
47836,"DT"
47837,"NN"
47838,"IN"
47839,"DT"
47840,"NN"
47841,"."
47842,"NNP"
47843,"NNP"
47844,"NNP"
47845,"MD"
47846,"VB"
47847,"VBN"
47848,"IN"
47849,"NN"
47850,"JJ"
47851,"."
47852,"IN"
47853,"DT"
47854,"NN"
47855,"JJ"
47856,"NN"
47857,"VBZ"
47858,"VBN"
47859,"NN"
47860,","
47861,"VBN"
47862,"IN"
47863,"NN"
47864,"CC"
47865,"DT"
47866,"NN"
47867,"IN"
47868,"JJ"
47869,"CC"
47870,"JJ"
47871,"NN"
47872,"."
47873,"DT"
47874,"NN"
47875,"VBD"
47876,"IN"
47877,"NNS"
47878,"MD"
47879,"VB"
47880,"DT"
47881,"JJ"
47882,"NNS"
47883,"TO"
47884,"VB"
47885,"IN"
47886,"PRP$"
47887,"NN"
47888,"."
47889,"DT"
47890,"NN"
47891,"IN"
47892,"NNP"
47893,"JJ"
47894,"NN"
47895,"MD"
47896,"RB"
47897,"VB"
47898,"PRP"
47899,"TO"
47900,"VB"
47901,"IN"
47902,"NN"
47903,"."
47904,"NN"
47905,"IN"
47906,"DT"
47907,"JJ"
47908,","
47909,"JJ"
47910,"NNP"
47911,"NN"
47912,"VBZ"
47913,"RB"
47914,"JJ"
47915,"."
47916,"NNP"
47917,"NNP"
47918,","
47919,"NN"
47920,"CC"
47921,"NN"
47922,"IN"
47923,"``"
47924,"NNP"
47925,":"
47926,"DT"
47927,"JJ"
47928,"NN"
47929,"VBN"
47930,"''"
47931,"("
47932,"NNP"
47933,"NNP"
47934,")"
47935,","
47936,"VBZ"
47937,"DT"
47938,"NNP"
47939,"NNP"
47940,"NN"
47941,"IN"
47942,"NNP"
47943,"NNP"
47944,"."
47945,"O"
47946,"NN"
47947,"VBD"
47948,"DT"
47949,"NN"
47950,"IN"
47951,"NNP"
47952,"NNP"
47953,"CC"
47954,"PRP$"
47955,"NNS"
47956,"RB"
47957,"RB"
47958,"IN"
47959,"DT"
47960,"NN"
47961,"TO"
47962,"VB"
47963,"NNP"
47964,"POS"
47965,"JJ"
47966,"NNS"
47967,","
47968,"CC"
47969,"DT"
47970,"NN"
47971,"IN"
47972,"VBG"
47973,"DT"
47974,"JJ"
47975,"NN"
47976,"NN"
47977,"TO"
47978,"VB"
47979,"RP"
47980,"JJ"
47981,"JJ"
47982,"NNS"
47983,"."
47984,"CC"
47985,"IN"
47986,"NNP"
47987,"NNP"
47988,"POS"
47989,"JJ"
47990,"NN"
47991,","
47992,"NNP"
47993,"NNP"
47994,","
47995,"DT"
47996,"CD"
47997,"VBD"
47998,"NN"
47999,"NNS"
48000,"VBP"
48001,"VBG"
48002,"IN"
48003,"DT"
48004,"NN"
48005,"."
48006,"CC"
48007,","
48008,"RB"
48009,","
48010,"RB"
48011,"JJR"
48012,"IN"
48013,"DT"
48014,"NN"
48015,"IN"
48016,"NN"
48017,"VBZ"
48018,"VBG"
48019,"VBN"
48020,","
48021,"RB"
48022,"IN"
48023,"NNS"
48024,"IN"
48025,"JJ"
48026,"NN"
48027,"VBG"
48028,"DT"
48029,"NNP"
48030,"CC"
48031,"DT"
48032,"NNP"
48033,"NNP"
48034,"NNP"
48035,"."
48036,"``"
48037,"DT"
48038,"NNS"
48039,"VBP"
48040,"NN"
48041,","
48042,"''"
48043,"VBZ"
48044,"NNP"
48045,"NNP"
48046,"NNP"
48047,","
48048,"DT"
48049,"JJ"
48050,"NNP"
48051,"IN"
48052,"NNP"
48053,"."
48054,"RB"
48055,","
48056,"PRP"
48057,"VBZ"
48058,","
48059,"``"
48060,"PRP"
48061,"VBP"
48062,"RB"
48063,":"
48064,"CC"
48065,"PRP"
48066,"VBP"
48067,","
48068,"``"
48069,"WP"
48070,"VBP"
48071,"DT"
48072,"NNS"
48073,"."
48074,"WP"
48075,"VBZ"
48076,"VBG"
48077,"TO"
48078,"VB"
48079,"DT"
48080,"NN"
48081,"."
48082,"''"
48083,"''"
48084,"PRP"
48085,"VBZ"
48086,"RB"
48087,"JJ"
48088,"IN"
48089,"NNP"
48090,"NNP"
48091,"VBZ"
48092,"RB"
48093,"VBN"
48094,"DT"
48095,"NN"
48096,"TO"
48097,"VB"
48098,"IN"
48099,"DT"
48100,"NNPS"
48101,"CC"
48102,"NNP"
48103,"."
48104,"IN"
48105,"PRP"
48106,"RB"
48107,"VBZ"
48108,"DT"
48109,"NNS"
48110,","
48111,"NNP"
48112,"NNP"
48113,"VBZ"
48114,"RB"
48115,"VBN"
48116,"DT"
48117,"JJ"
48118,"NN"
48119,"IN"
48120,"DT"
48121,"NN"
48122,","
48123,"IN"
48124,"NNP"
48125,"NNP"
48126,"VBD"
48127,"."
48128,"WP"
48129,"VBZ"
48130,"JJ"
48131,"VBZ"
48132,"IN"
48133,"EX"
48134,"VBZ"
48135,"RB"
48136,"JJR"
48137,"IN"
48138,"DT"
48139,"JJ"
48140,"NN"
48141,"IN"
48142,"DT"
48143,"NNP"
48144,"NN"
48145,"VBZ"
48146,"DT"
48147,"NNS"
48148,"VBP"
48149,"IN"
48150,"DT"
48151,"NN"
48152,"NN"
48153,"."
48154,"DT"
48155,"NN"
48156,"IN"
48157,"NNS"
48158,":"
48159,"DT"
48160,"NN"
48161,"IN"
48162,"DT"
48163,"NNS"
48164,","
48165,"DT"
48166,"NN"
48167,"IN"
48168,"DT"
48169,"NN"
48170,"IN"
48171,"DT"
48172,"JJ"
48173,"NN"
48174,"CC"
48175,"DT"
48176,"NN"
48177,"IN"
48178,"JJ"
48179,"NNS"
48180,":"
48181,"VBP"
48182,"TO"
48183,"VB"
48184,"DT"
48185,"JJ"
48186,"NN"
48187,"."
48188,"NNP"
48189,"NNP"
48190,","
48191,"RB"
48192,","
48193,"JJ"
48194,"NNS"
48195,"WP"
48196,"VBP"
48197,"VBN"
48198,"PDT"
48199,"DT"
48200,"NNPS"
48201,"CC"
48202,"NNP"
48203,"VBP"
48204,"JJ"
48205,"TO"
48206,"VB"
48207,"DT"
48208,"JJ"
48209,"NN"
48210,"IN"
48211,"VBG"
48212,"TO"
48213,"VB"
48214,"JJR"
48215,":"
48216,"IN"
48217,"WDT"
48218,"NN"
48219,"MD"
48220,"VB"
48221,"JJ"
48222,"."
48223,"``"
48224,"PRP"
48225,"VBP"
48226,"TO"
48227,"VB"
48228,","
48229,"PRP"
48230,"VBP"
48231,"TO"
48232,"VB"
48233,"NN"
48234,"IN"
48235,"PRP"
48236,","
48237,"CC"
48238,"PRP"
48239,"VBP"
48240,"VBG"
48241,"TO"
48242,"IN"
48243,"PRP"
48244,"VBZ"
48245,"JJR"
48246,","
48247,"''"
48248,"VBZ"
48249,"NNP"
48250,"NNP"
48251,"NNP"
48252,","
48253,"DT"
48254,"NNP"
48255,"NNP"
48256,"WP"
48257,"VBZ"
48258,"VBN"
48259,"DT"
48260,"JJ"
48261,"JJ"
48262,"NN"
48263,"."
48264,"``"
48265,"CC"
48266,"PRP"
48267,"VBZ"
48268,"IN"
48269,"VBG"
48270,"PRP$"
48271,"NN"
48272,"IN"
48273,"DT"
48274,"NNS"
48275,"."
48276,"PRP"
48277,"VBP"
48278,"TO"
48279,"VB"
48280,"PRP"
48281,"IN"
48282,"PRP"
48283,"VBZ"
48284,"PRP$"
48285,"NN"
48286,"."
48287,"''"
48288,"NNP"
48289,"NNP"
48290,"VBZ"
48291,"NNS"
48292,"POS"
48293,"NN"
48294,"IN"
48295,"NNP"
48296,"NNP"
48297,"POS"
48298,"JJ"
48299,"NN"
48300,"IN"
48301,"DT"
48302,"JJ"
48303,"JJ"
48304,"NN"
48305,"IN"
48306,"NNP"
48307,"MD"
48308,"VB"
48309,"PRP"
48310,"RBR"
48311,"JJ"
48312,"TO"
48313,"VB"
48314,"RP"
48315,"."
48316,"IN"
48317,"NN"
48318,","
48319,"DT"
48320,"NNP"
48321,"NNP"
48322,"CC"
48323,"DT"
48324,"NNP"
48325,"VBZ"
48326,"RB"
48327,"VBN"
48328,"DT"
48329,"NNP"
48330,"CC"
48331,"NNP"
48332,"."
48333,"NNP"
48334,"NNP"
48335,"VBZ"
48336,"VBN"
48337,"DT"
48338,"NN"
48339,"IN"
48340,"JJ"
48341,"NNS"
48342,"TO"
48343,"VB"
48344,"JJ"
48345,"NN"
48346,"TO"
48347,"DT"
48348,"NNP"
48349,"IN"
48350,"NNP"
48351,"VBZ"
48352,"JJ"
48353,"NNS"
48354,"IN"
48355,"NNP"
48356,"."
48357,"CC"
48358,"DT"
48359,"NN"
48360,"VBZ"
48361,"VBN"
48362,"DT"
48363,"NN"
48364,"TO"
48365,"VB"
48366,"JJ"
48367,"NN"
48368,"IN"
48369,"DT"
48370,"NNS"
48371,"."
48372,"CC"
48373,"DT"
48374,"NN"
48375,"POS"
48376,"NN"
48377,"IN"
48378,"NNP"
48379,"VBZ"
48380,"JJ"
48381,"JJ"
48382,"NNS"
48383,"DT"
48384,"NN"
48385,"TO"
48386,"VB"
48387,"RB"
48388,"RB"
48389,"JJ"
48390,"NN"
48391,"IN"
48392,"NN"
48393,","
48394,"IN"
48395,"DT"
48396,"NNS"
48397,"VBP"
48398,"JJ"
48399,"TO"
48400,"VB"
48401,"NN"
48402,"VB"
48403,"IN"
48404,"NNP"
48405,"."
48406,"NNP"
48407,"NNS"
48408,"VBP"
48409,"EX"
48410,"POS"
48411,"JJ"
48412,"NN"
48413,"DT"
48414,"NNPS"
48415,"MD"
48416,"VB"
48417,"DT"
48418,"JJ"
48419,"NN"
48420,"NN"
48421,"IN"
48422,"NNP"
48423,"NNS"
48424,","
48425,"CC"
48426,"IN"
48427,"DT"
48428,"NNP"
48429,"NN"
48430,"PRP$"
48431,"JJ"
48432,"IN"
48433,"DT"
48434,"NN"
48435,"MD"
48436,"VB"
48437,"JJ"
48438,"IN"
48439,"JJS"
48440,"."
48441,"RB"
48442,"IN"
48443,"VBG"
48444,"IN"
48445,"DT"
48446,"NNP"
48447,","
48448,"NNP"
48449,"NNP"
48450,"VBZ"
48451,"VBN"
48452,"TO"
48453,"VBG"
48454,"NNS"
48455,"IN"
48456,"NNP"
48457,":"
48458,"RBS"
48459,"RB"
48460,"IN"
48461,"DT"
48462,"NNP"
48463,"NNP"
48464,"NN"
48465,"NN"
48466,":"
48467,"TO"
48468,"VB"
48469,"NN"
48470,"IN"
48471,"DT"
48472,"NN"
48473,"NN"
48474,"IN"
48475,"JJ"
48476,"NNS"
48477,"IN"
48478,"NNP"
48479,"POS"
48480,"NNP"
48481,"NN"
48482,"."
48483,"DT"
48484,"NN"
48485,"VBZ"
48486,"TO"
48487,"VB"
48488,"NNP"
48489,","
48490,"CC"
48491,"NNP"
48492,"NNP"
48493,","
48494,"CC"
48495,"PRP"
48496,"RB"
48497,"VBD"
48498,"TO"
48499,"VB"
48500,"DT"
48501,"NNP"
48502,"TO"
48503,"VB"
48504,"DT"
48505,"IN"
48506,"DT"
48507,"NNS"
48508,"PRP"
48509,"VBD"
48510,"TO"
48511,"VB"
48512,"IN"
48513,"DT"
48514,"NN"
48515,"."
48516,"CC"
48517,"RB"
48518,"JJ"
48519,"NN"
48520,","
48521,"NNP"
48522,"NNP"
48523,"NNP"
48524,"NNP"
48525,"VBD"
48526,"DT"
48527,"JJ"
48528,"NN"
48529,"NN"
48530,"``"
48531,"JJ"
48532,"NNS"
48533,"''"
48534,"TO"
48535,"VB"
48536,"RB"
48537,"IN"
48538,"NNP"
48539,"CC"
48540,"VBG"
48541,"PRP"
48542,"MD"
48543,"VB"
48544,"NNP"
48545,"NNP"
48546,"TO"
48547,"VB"
48548,"DT"
48549,"NN"
48550,"NN"
48551,"IN"
48552,"``"
48553,"JJ"
48554,"''"
48555,"NN"
48556,"IN"
48557,"DT"
48558,"NN"
48559,"."
48560,"CC"
48561,"DT"
48562,"JJ"
48563,"NN"
48564,"IN"
48565,"NNP"
48566,"NNP"
48567,"MD"
48568,"VB"
48569,"RB"
48570,"RB"
48571,"RB"
48572,"JJ"
48573,"TO"
48574,"VB"
48575,"NN"
48576,"TO"
48577,"NNP"
48578,"."
48579,"DT"
48580,"NN"
48581,"VBZ"
48582,"RB"
48583,"VBN"
48584,"IN"
48585,"DT"
48586,"JJ"
48587,"NN"
48588,"IN"
48589,"NN"
48590,","
48591,"CC"
48592,"IN"
48593,"DT"
48594,"NN"
48595,"DT"
48596,"NN"
48597,"POS"
48598,"NNS"
48599,"MD"
48600,"VB"
48601,"RB"
48602,"VBN"
48603,"TO"
48604,"VB"
48605,"IN"
48606,"DT"
48607,"NN"
48608,"IN"
48609,"NN"
48610,"IN"
48611,"NN"
48612,"."
48613,"CC"
48614,"IN"
48615,"DT"
48616,"NN"
48617,"NN"
48618,"VBZ"
48619,"VBG"
48620,"RP"
48621,","
48622,"NNP"
48623,"NNP"
48624,"PRP"
48625,"VBZ"
48626,"RB"
48627,"VBN"
48628,"DT"
48629,"JJ"
48630,"NN"
48631,"TO"
48632,"VB"
48633,"RP"
48634,"NN"
48635,","
48636,"IN"
48637,"NNP"
48638,"NNP"
48639,"VBD"
48640,"."
48641,"DT"
48642,"NN"
48643,"RB"
48644,"VBZ"
48645,"IN"
48646,"PRP"
48647,"VBZ"
48648,"RB"
48649,"VBG"
48650,"NNP"
48651,"NNP"
48652,"POS"
48653,"JJ"
48654,"NN"
48655,"IN"
48656,"DT"
48657,"``"
48658,"JJ"
48659,"NN"
48660,"''"
48661,"VBG"
48662,"DT"
48663,"JJ"
48664,"NNP"
48665,","
48666,"CC"
48667,"RB"
48668,"DT"
48669,"RBR"
48670,"JJ"
48671,"NN"
48672,"."
48673,"RBR"
48674,"JJ"
48675,"TO"
48676,"NNP"
48677,"NNS"
48678,","
48679,"DT"
48680,"NNP"
48681,"NN"
48682,"VBZ"
48683,"TO"
48684,"VB"
48685,"RB"
48686,"VBN"
48687,"DT"
48688,"JJ"
48689,"NN"
48690,"NN"
48691,"IN"
48692,"DT"
48693,"JJ"
48694,"NN"
48695,"IN"
48696,"NNP"
48697,"JJ"
48698,"NN"
48699,"IN"
48700,"NNP"
48701,"NNP"
48702,"."
48703,"DT"
48704,"NNS"
48705,"VBP"
48706,"VBN"
48707,"TO"
48708,"VB"
48709,"DT"
48710,"NN"
48711,"VBG"
48712,"JJ"
48713,"NNS"
48714,"IN"
48715,"VBG"
48716,"NNS"
48717,"IN"
48718,"JJ"
48719,"NNS"
48720,"."
48721,"CC"
48722,"DT"
48723,"NNS"
48724,"RB"
48725,"VBP"
48726,"VBG"
48727,"IN"
48728,"PRP"
48729,"MD"
48730,"NN"
48731,"DT"
48732,"JJ"
48733,"TO"
48734,"VB"
48735,"IN"
48736,"DT"
48737,"VBN"
48738,"NNS"
48739,"NN"
48740,"RB"
48741,"IN"
48742,"IN"
48743,"DT"
48744,"NNP"
48745,"VBZ"
48746,"NNP"
48747,"NN"
48748,"CC"
48749,"NN"
48750,"IN"
48751,"DT"
48752,"NNS"
48753,"VBP"
48754,"VBZ"
48755,"DT"
48756,"JJ"
48757,"NN"
48758,"NN"
48759,"."
48760,"PRP"
48761,"MD"
48762,"VB"
48763,"JJ"
48764,"IN"
48765,"DT"
48766,"NN"
48767,"TO"
48768,"VB"
48769,"NNP"
48770,"TO"
48771,"VB"
48772,"NN"
48773,"IN"
48774,"NNP"
48775,"NNS"
48776,"IN"
48777,"NNS"
48778,"VBP"
48779,"DT"
48780,"NNS"
48781,"MD"
48782,"VB"
48783,"DT"
48784,"VBN"
48785,"NN"
48786,"."
48787,"IN"
48788,"DT"
48789,"NN"
48790,","
48791,"NNP"
48792,"NNP"
48793,","
48794,"DT"
48795,"JJ"
48796,"NNP"
48797,"NNP"
48798,"NN"
48799,"WP"
48800,"RB"
48801,"VBZ"
48802,"DT"
48803,"NNP"
48804,"IN"
48805,"NNP"
48806,"NNP"
48807,","
48808,"NNS"
48809,"IN"
48810,"DT"
48811,"NN"
48812,"POS"
48813,"``"
48814,"NNS"
48815,"IN"
48816,"JJ"
48817,"NN"
48818,"TO"
48819,"NN"
48820,"CC"
48821,"NN"
48822,"IN"
48823,"DT"
48824,"NNP"
48825,"NN"
48826,"NN"
48827,"NN"
48828,"."
48829,"''"
48830,"RB"
48831,","
48832,"NNS"
48833,"MD"
48834,"VB"
48835,"VBG"
48836,"RP"
48837,"IN"
48838,"RBR"
48839,"VBG"
48840,"IN"
48841,"PRP"
48842,"VBP"
48843,"JJ"
48844,"FW"
48845,"VBP"
48846,"VBN"
48847,"IN"
48848,"VBG"
48849,"DT"
48850,"JJ"
48851,"NNS"
48852,"CC"
48853,"VBG"
48854,"NN"
48855,"IN"
48856,"NNP"
48857,":"
48858,"RB"
48859,"WRB"
48860,"DT"
48861,"JJ"
48862,"NNS"
48863,"DT"
48864,"JJ"
48865,"NN"
48866,"VBZ"
48867,"VBG"
48868,"IN"
48869,"NNP"
48870,"NNP"
48871,"."
48872,"IN"
48873,"NN"
48874,","
48875,"IN"
48876,"NN"
48877,"VBZ"
48878,"TO"
48879,"VB"
48880,"VBG"
48881,"DT"
48882,"JJ"
48883,"NN"
48884,","
48885,"DT"
48886,"NNS"
48887,"MD"
48888,"RB"
48889,"VB"
48890,"RB"
48891,"VBN"
48892,"IN"
48893,"PRP$"
48894,"NN"
48895,"NN"
48896,"VBZ"
48897,"VBG"
48898,"IN"
48899,"PRP"
48900,"VBP"
48901,"RB"
48902,"VB"
48903,"DT"
48904,"NN"
48905,"IN"
48906,"DT"
48907,"NN"
48908,"TO"
48909,"VB"
48910,"JJ"
48911,"NNS"
48912,"."
48913,"``"
48914,"DT"
48915,"JJ"
48916,"IN"
48917,"PRP"
48918,"VBZ"
48919,"IN"
48920,"DT"
48921,"JJS"
48922,"NN"
48923,"IN"
48924,"PRP"
48925,"MD"
48926,"RB"
48927,"VB"
48928,"IN"
48929,"RB"
48930,"JJ"
48931,"DT"
48932,"NN"
48933,"IN"
48934,"NN"
48935,"VBG"
48936,","
48937,"''"
48938,"VBZ"
48939,"NNP"
48940,"NNP"
48941,","
48942,"DT"
48943,"JJ"
48944,"NNP"
48945,"NNP"
48946,"NNP"
48947,"NN"
48948,"WP"
48949,"RB"
48950,"VBZ"
48951,"NN"
48952,"IN"
48953,"DT"
48954,"NNP"
48955,"NNP"
48956,"."
48957,"DT"
48958,"NNS"
48959,"VBP"
48960,"VBG"
48961,"TO"
48962,"VB"
48963,"DT"
48964,"NN"
48965,"IN"
48966,"DT"
48967,"CD"
48968,"NNS"
48969,"."
48970,"CC"
48971,"PRP"
48972,"VBP"
48973,"PRP"
48974,"MD"
48975,"RB"
48976,"VB"
48977,"JJ"
48978,"NN"
48979,"IN"
48980,"IN"
48981,"DT"
48982,"NN"
48983,"IN"
48984,"JJ"
48985,"NNS"
48986,"IN"
48987,"DT"
48988,"NN"
48989,"TO"
48990,"VB"
48991,"DT"
48992,"NN"
48993,"."
48994,"CD"
48995,"JJ"
48996,"NN"
48997,"IN"
48998,"DT"
48999,"NNS"
49000,"IN"
49001,"NNP"
49002,","
49003,"NNP"
49004,"NNP"
49005,"NNP"
49006,"NNP"
49007,"IN"
49008,"NNP"
49009,","
49010,"VBZ"
49011,"VBN"
49012,"IN"
49013,"NNS"
49014,"IN"
49015,"PRP$"
49016,"NNS"
49017,","
49018,"NNS"
49019,"VBP"
49020,"."
49021,"JJ"
49022,"JJ"
49023,"NNS"
49024,","
49025,"IN"
49026,"NNP"
49027,"NNP"
49028,"NNP"
49029,"NNP"
49030,"NNP"
49031,","
49032,"DT"
49033,"JJ"
49034,"NNP"
49035,"NN"
49036,","
49037,"VBP"
49038,"RB"
49039,"VB"
49040,"DT"
49041,"NN"
49042,"IN"
49043,"DT"
49044,"NNP"
49045,"NNP"
49046,"NNP"
49047,"IN"
49048,"PRP"
49049,"VBD"
49050,"IN"
49051,"NNP"
49052,"NNP"
49053,"."
49054,"NNP"
49055,"NNP"
49056,","
49057,"RB"
49058,","
49059,"NNS"
49060,"VBP"
49061,"RB"
49062,"DT"
49063,"NNP"
49064,"CC"
49065,"DT"
49066,"NNP"
49067,"NN"
49068,"MD"
49069,"VB"
49070,"VBN"
49071,"RB"
49072,"RB"
49073,"IN"
49074,"JJR"
49075,"JJ"
49076,"NN"
49077,"."
49078,"``"
49079,"IN"
49080,"RB"
49081,"TO"
49082,"VB"
49083,"NN"
49084,"IN"
49085,"DT"
49086,"NN"
49087,"IN"
49088,"DT"
49089,"NN"
49090,","
49091,"DT"
49092,"JJ"
49093,"NN"
49094,"VBZ"
49095,"TO"
49096,"VB"
49097,"JJ"
49098,"IN"
49099,"DT"
49100,"NN"
49101,","
49102,"''"
49103,"VBZ"
49104,"NNP"
49105,"NNP"
49106,"."
49107,"DT"
49108,"DT"
49109,"VBZ"
49110,"NNP"
49111,"NNP"
49112,"TO"
49113,"VB"
49114,"IN"
49115,"DT"
49116,"JJ"
49117,"NN"
49118,"TO"
49119,"VB"
49120,"RP"
49121,"JJR"
49122,"NN"
49123,"."
49124,"``"
49125,"WP"
49126,"PRP"
49127,"MD"
49128,"VB"
49129,"TO"
49130,"VB"
49131,","
49132,"IN"
49133,"PRP"
49134,"VBZ"
49135,"RB"
49136,"TO"
49137,"PRP"
49138,","
49139,"VBZ"
49140,"IN"
49141,"NNP"
49142,"TO"
49143,"VB"
49144,"TO"
49145,"DT"
49146,"NNS"
49147,"TO"
49148,"VB"
49149,"NN"
49150,"IN"
49151,"NNP"
49152,","
49153,"''"
49154,"DT"
49155,"NN"
49156,"VBZ"
49157,"."
49158,"O"
49159,"PRP"
49160,"VBP"
49161,"JJ"
49162,"TO"
49163,"VB"
49164,"IN"
49165,"IN"
49166,"NNP"
49167,"NNP"
49168,"NNP"
49169,"VBD"
49170,"DT"
49171,"NN"
49172,"IN"
49173,"NNP"
49174,"NNP"
49175,"IN"
49176,"NN"
49177,"IN"
49178,"DT"
49179,"NNP"
49180,"NNP"
49181,"NNP"
49182,"NNP"
49183,"."
49184,"NNP"
49185,"NNP"
49186,","
49187,"VBN"
49188,"IN"
49189,"NNP"
49190,"NNP"
49191,","
49192,"VBD"
49193,"RB"
49194,"JJ"
49195,"IN"
49196,"NN"
49197,"IN"
49198,"DT"
49199,"NN"
49200,"NNS"
49201,"IN"
49202,"PRP$"
49203,"NNS"
49204,"."
49205,"PRP$"
49206,"JJ"
49207,"NN"
49208,","
49209,"RB"
49210,"VBN"
49211,"``"
49212,"NNS"
49213,"."
49214,"NNP"
49215,"."
49216,"NNP"
49217,"."
49218,"WP"
49219,"VBZ"
49220,"DT"
49221,"NNP"
49222,"."
49223,"''"
49224,"VBD"
49225,"DT"
49226,"NN"
49227,"WRB"
49228,"PRP$"
49229,"NN"
49230,"VBN"
49231,"RP"
49232,"."
49233,"NNP"
49234,"NNP"
49235,"POS"
49236,"NNS"
49237,"VBD"
49238,"TO"
49239,"VB"
49240,"PRP$"
49241,"NN"
49242,"NN"
49243,"``"
49244,"JJ"
49245,","
49246,"JJ"
49247,"CC"
49248,"JJ"
49249,"NN"
49250,"."
49251,"''"
49252,"NNP"
49253,"NNP"
49254,"NNP"
49255,"NNP"
49256,"VBD"
49257,"PRP"
49258,"VBD"
49259,"``"
49260,"DT"
49261,"JJ"
49262,"NN"
49263,"IN"
49264,"DT"
49265,"NN"
49266,"IN"
49267,"DT"
49268,"JJ"
49269,"NN"
49270,"WP"
49271,"VBZ"
49272,"NN"
49273,"."
49274,"''"
49275,"NNP"
49276,"NNP"
49277,"NNP"
49278,","
49279,"DT"
49280,"NNP"
49281,"NNP"
49282,","
49283,"VBD"
49284,"NNP"
49285,"NNP"
49286,"IN"
49287,"DT"
49288,"NN"
49289,"MD"
49290,"VB"
49291,"``"
49292,"IN"
49293,"DT"
49294,"NN"
49295,"IN"
49296,"DT"
49297,"NN"
49298,"POS"
49299,"NN"
49300,"."
49301,"''"
49302,"NNP"
49303,"NNP"
49304,","
49305,"NN"
49306,"IN"
49307,"DT"
49308,"NNP"
49309,"NNP"
49310,"NNP"
49311,"NNP"
49312,","
49313,"VBD"
49314,"DT"
49315,"NN"
49316,"IN"
49317,"DT"
49318,"NN"
49319,"``"
49320,"RB"
49321,"JJ"
49322,"."
49323,"''"
49324,"PRP"
49325,"VBP"
49326,"RB"
49327,"VB"
49328,"DT"
49329,"NN"
49330,"."
49331,"NNP"
49332,"NNP"
49333,"VBD"
49334,"PRP"
49335,"IN"
49336,"DT"
49337,"NN"
49338,"TO"
49339,"PRP$"
49340,"NNS"
49341,","
49342,"DT"
49343,"NNP"
49344,"NN"
49345,"NN"
49346,"WDT"
49347,"VBZ"
49348,"NNS"
49349,"IN"
49350,"NNS"
49351,"."
49352,"PRP"
49353,"VBD"
49354,"DT"
49355,"JJ"
49356,"NNS"
49357,"IN"
49358,"DT"
49359,"NN"
49360,"``"
49361,"VBP"
49362,"RB"
49363,"VB"
49364,"IN"
49365,"DT"
49366,"NNS"
49367,"IN"
49368,"NNS"
49369,"MD"
49370,"VB"
49371,"VBN"
49372,"TO"
49373,"NNS"
49374,"WP"
49375,"VBP"
49376,"JJ"
49377,","
49378,"''"
49379,"CC"
49380,"IN"
49381,"``"
49382,"PRP"
49383,"VBP"
49384,"TO"
49385,"VB"
49386,"PRP"
49387,"TO"
49388,"DT"
49389,"JJ"
49390,"NN"
49391,"."
49392,"''"
49393,"PRP"
49394,"VBD"
49395,"TO"
49396,"DT"
49397,"NN"
49398,"DT"
49399,"``"
49400,"JJ"
49401,","
49402,"JJ"
49403,"''"
49404,"NN"
49405,"PRP"
49406,"RB"
49407,"VBD"
49408,"VBG"
49409,"``"
49410,"RB"
49411,"IN"
49412,"PRP"
49413,"VBP"
49414,"RB"
49415,"VBN"
49416,"IN"
49417,"JJ"
49418,"NNS"
49419,"VBP"
49420,"NNS"
49421,","
49422,"PRP"
49423,"VBP"
49424,"TO"
49425,"VB"
49426,"DT"
49427,"JJ"
49428,"JJ"
49429,"NNS"
49430,"."
49431,"''"
49432,"NNP"
49433,"NNP"
49434,"VBD"
49435,"TO"
49436,"DT"
49437,"NN"
49438,"IN"
49439,"PRP"
49440,"VBZ"
49441,"TO"
49442,"``"
49443,"VB"
49444,"DT"
49445,"NN"
49446,"IN"
49447,"NNS"
49448,"TO"
49449,"WDT"
49450,"IN"
49451,"NNS"
49452,":"
49453,"IN"
49454,"DT"
49455,"JJ"
49456,"NN"
49457,"IN"
49458,"NN"
49459,","
49460,"IN"
49461,"NN"
49462,"."
49463,"''"
49464,"NNS"
49465,"IN"
49466,"PDT"
49467,"DT"
49468,"NN"
49469,","
49470,"IN"
49471,"IN"
49472,"NNS"
49473,"CC"
49474,"NNS"
49475,","
49476,"VBP"
49477,"``"
49478,"JJ"
49479,"NNS"
49480,","
49481,"''"
49482,"PRP"
49483,"VBD"
49484,","
49485,"JJ"
49486,"TO"
49487,"VBG"
49488,"VBN"
49489,"RP"
49490,"."
49491,"PRP"
49492,"VBZ"
49493,"DT"
49494,"NN"
49495,"IN"
49496,"PRP$"
49497,"NN"
49498,"VBD"
49499,"TO"
49500,"VB"
49501,"PRP$"
49502,"NN"
49503,"IN"
49504,"NNS"
49505,"VBP"
49506,"NNS"
49507,"IN"
49508,"NNS"
49509,","
49510,"RB"
49511,"IN"
49512,"NNS"
49513,"IN"
49514,"JJ"
49515,"JJ"
49516,"NNS"
49517,"."
49518,"PRP$"
49519,"NN"
49520,"VBD"
49521,"DT"
49522,"``"
49523,"NNP"
49524,"IN"
49525,"NNS"
49526,"IN"
49527,"JJ"
49528,"NNS"
49529,"IN"
49530,"NN"
49531,"''"
49532,"IN"
49533,"JJ"
49534,"TO"
49535,"JJ"
49536,"NN"
49537,"CC"
49538,","
49539,"IN"
49540,"PRP"
49541,"VBD"
49542,"PRP"
49543,","
49544,"IN"
49545,"``"
49546,"DT"
49547,"JJ"
49548,"NN"
49549,"IN"
49550,"NNS"
49551,"."
49552,"''"
49553,"RB"
49554,"IN"
49555,"NN"
49556,"IN"
49557,"JJ"
49558,"NN"
49559,","
49560,"NNP"
49561,"NNP"
49562,"VBD"
49563,"DT"
49564,"NNS"
49565,"CC"
49566,"NNS"
49567,"MD"
49568,"VB"
49569,"TO"
49570,"VB"
49571,"JJ"
49572,"NN"
49573,"IN"
49574,"DT"
49575,"NN"
49576,"CC"
49577,"RB"
49578,"NN"
49579,"IN"
49580,"JJ"
49581,"NNS"
49582,"WDT"
49583,"MD"
49584,"VB"
49585,"``"
49586,"JJ"
49587,"NN"
49588,"IN"
49589,"NN"
49590,"NN"
49591,"."
49592,"''"
49593,"DT"
49594,"RB"
49595,"VBZ"
49596,"IN"
49597,"DT"
49598,"JJ"
49599,"NN"
49600,"."
49601,"WP"
49602,"VBZ"
49603,"RB"
49604,"VBG"
49605,"IN"
49606,"RB"
49607,"."
49608,"DT"
49609,"CD"
49610,"RBS"
49611,"JJ"
49612,"NNS"
49613,"TO"
49614,"VB"
49615,"IN"
49616,"NNP"
49617,"NNP"
49618,"VBZ"
49619,"IN"
49620,"PRP"
49621,"VBZ"
49622,"DT"
49623,"JJ"
49624,"JJ"
49625,"JJ"
49626,":"
49627,"DT"
49628,"JJ"
49629,"NN"
49630,"TO"
49631,"DT"
49632,"JJ"
49633,"NN"
49634,"."
49635,"NNP"
49636,"NNP"
49637,","
49638,"WP"
49639,"VBZ"
49640,"NN"
49641,"IN"
49642,"JJ"
49643,"NNP"
49644,"NNP"
49645,"NNP"
49646,"IN"
49647,"NNP"
49648,"NNP"
49649,"MD"
49650,"VB"
49651,"DT"
49652,"NN"
49653,"IN"
49654,"DT"
49655,"NN"
49656,","
49657,"VBZ"
49658,"VBN"
49659,"NNS"
49660,"VBG"
49661,"IN"
49662,"JJ"
49663,"NNS"
49664,"VBP"
49665,"NNS"
49666,"POS"
49667,"NNS"
49668,"."
49669,"PRP"
49670,"RB"
49671,"VBD"
49672,"NNS"
49673,"WRB"
49674,"PRP"
49675,"VBD"
49676,"TO"
49677,"VB"
49678,"DT"
49679,"JJ"
49680,"NN"
49681,"WP"
49682,"VBD"
49683,"VBN"
49684,"VBN"
49685,"IN"
49686,"JJ"
49687,"NNS"
49688,"IN"
49689,"PRP$"
49690,"NN"
49691,"."
49692,"NNP"
49693,"NNP"
49694,"RB"
49695,"VBD"
49696,"RB"
49697,"IN"
49698,"DT"
49699,"JJ"
49700,"NN"
49701,"RB"
49702,","
49703,"WDT"
49704,"RB"
49705,"VBD"
49706,"DT"
49707,"JJ"
49708,"NN"
49709,"IN"
49710,"``"
49711,"JJ"
49712,"NNS"
49713,"''"
49714,"IN"
49715,"DT"
49716,"NNS"
49717,"IN"
49718,"JJ"
49719,"NNPS"
49720,"."
49721,"EX"
49722,"VBZ"
49723,"DT"
49724,"JJ"
49725,"NN"
49726,"IN"
49727,"NNP"
49728,"NNP"
49729,"POS"
49730,"NN"
49731,"NN"
49732,"CC"
49733,"DT"
49734,"JJ"
49735,"NN"
49736,"NN"
49737,"IN"
49738,"DT"
49739,"JJ"
49740,"NNS"
49741,"NNS"
49742,"."
49743,"RB"
49744,","
49745,"DT"
49746,"NN"
49747,"VBZ"
49748,"RB"
49749,"JJ"
49750,"IN"
49751,"NNP"
49752,"NNP"
49753,"POS"
49754,"NNS"
49755,"VBP"
49756,"TO"
49757,"VB"
49758,"DT"
49759,"NN"
49760,"."
49761,"PRP$"
49762,"NN"
49763,"IN"
49764,"PRP"
49765,"VBZ"
49766,"DT"
49767,"NN"
49768,"IN"
49769,"NN"
49770,"."
49771,"PRP$"
49772,"NN"
49773,"TO"
49774,"VB"
49775,"PRP"
49776,"RP"
49777,"IN"
49778,"NNP"
49779,"VBZ"
49780,"DT"
49781,"NN"
49782,"TO"
49783,"DT"
49784,"JJ"
49785,"NN"
49786,"IN"
49787,"PRP$"
49788,"JJ"
49789,"NN"
49790,"."
49791,"PRP"
49792,"VBP"
49793,"DT"
49794,"JJ"
49795,"NN"
49796,"IN"
49797,"DT"
49798,"NNP"
49799,"NNP"
49800,"NNP"
49801,"MD"
49802,"VB"
49803,"IN"
49804,"NN"
49805,"IN"
49806,"NNP"
49807,"NNP"
49808,"IN"
49809,"VBG"
49810,"DT"
49811,"NN"
49812,"IN"
49813,"NN"
49814,"IN"
49815,"JJ"
49816,"NNS"
49817,"."
49818,"O"
49819,"NNP"
49820,"NNP"
49821,"VBD"
49822,"PRP$"
49823,"NN"
49824,","
49825,"NNP"
49826,"NNP"
49827,"NNP"
49828,","
49829,"MD"
49830,"VB"
49831,"IN"
49832,"DT"
49833,"NN"
49834,"IN"
49835,"DT"
49836,"NN"
49837,"IN"
49838,"NNP"
49839,"CD"
49840,"."
49841,"NNP"
49842,"NNP"
49843,"NNP"
49844,","
49845,"NN"
49846,"CC"
49847,"JJ"
49848,"NN"
49849,"NN"
49850,","
49851,"MD"
49852,"VB"
49853,"NN"
49854,"CC"
49855,"JJ"
49856,"NN"
49857,"IN"
49858,"NNP"
49859,"NNP"
49860,"POS"
49861,"NN"
49862,"."
49863,"NNP"
49864,"NNP"
49865,"NNP"
49866,","
49867,"JJ"
49868,"NN"
49869,"NN"
49870,"CC"
49871,"JJ"
49872,"NN"
49873,"NN"
49874,","
49875,"MD"
49876,"VB"
49877,"NN"
49878,"CC"
49879,"JJ"
49880,"NN"
49881,"NN"
49882,"."
49883,"NNP"
49884,"NNP"
49885,","
49886,"CD"
49887,"NNS"
49888,"JJ"
49889,","
49890,"VBD"
49891,"JJ"
49892,"NN"
49893,"IN"
49894,"DT"
49895,"NN"
49896,"IN"
49897,"NNS"
49898,"CC"
49899,"NN"
49900,"NNS"
49901,"IN"
49902,"CD"
49903,"TO"
49904,"CD"
49905,"."
49906,"PRP"
49907,"MD"
49908,"VB"
49909,"IN"
49910,"DT"
49911,"NN"
49912,"."
49913,"NNP"
49914,"NNP"
49915,","
49916,"CD"
49917,","
49918,"DT"
49919,"JJ"
49920,"NN"
49921,"IN"
49922,"NNP"
49923,","
49924,"VBZ"
49925,"VBN"
49926,"NN"
49927,"IN"
49928,"CD"
49929,"."
49930,"NNP"
49931,"NNP"
49932,","
49933,"CD"
49934,","
49935,"VBD"
49936,"NNS"
49937,"IN"
49938,"NNP"
49939,"CD"
49940,"IN"
49941,"NNP"
49942,"NNP"
49943,"NNP"
49944,","
49945,"WRB"
49946,"PRP"
49947,"VBD"
49948,"NN"
49949,"CC"
49950,"JJ"
49951,"NN"
49952,"NN"
49953,"."
49954,"PRP"
49955,"VBZ"
49956,"VBN"
49957,"DT"
49958,"JJ"
49959,"NN"
49960,"IN"
49961,"CD"
49962,"."
49963,"DT"
49964,"NNS"
49965,"VBP"
49966,"NN"
49967,"IN"
49968,"DT"
49969,"JJ"
49970,"NN"
49971,"IN"
49972,"DT"
49973,"NN"
49974,"."
49975,"JJ"
49976,"NN"
49977,"NNP"
49978,"NNP"
49979,"VBD"
49980,"DT"
49981,"JJ"
49982,"NNP"
49983,"NN"
49984,"NN"
49985,"IN"
49986,"NNP"
49987,"CC"
49988,"VBD"
49989,"CD"
49990,"NNS"
49991,"VBG"
49992,"DT"
49993,"IN"
49994,"DT"
49995,"CD"
49996,"NNS"
49997,"VBG"
49998,"JJ"
49999,"JJ"
50000,"NNS"
50001,"IN"
50002,"NNP"
50003,"NNP"
50004,"NNP"
50005,","
50006,"NNP"
50007,"NNP"
50008,"NNP"
50009,"NNP"
50010,"CC"
50011,"NNP"
50012,"CC"
50013,"NNP"
50014,"."
50015,"IN"
50016,"DT"
50017,"NNP"
50018,"NNP"
50019,"NN"
50020,","
50021,"NNP"
50022,"NNP"
50023,"NNP"
50024,","
50025,"DT"
50026,"NN"
50027,"NN"
50028,","
50029,"VBD"
50030,"PRP"
50031,"DT"
50032,"FW"
50033,"NNP"
50034,"."
50035,"PRP"
50036,"VBD"
50037,"RB"
50038,"JJ"
50039,"."
50040,"DT"
50041,"NN"
50042,"IN"
50043,"DT"
50044,"NNP"
50045,"NNP"
50046,"CC"
50047,"NNP"
50048,"NNP"
50049,"VBZ"
50050,"DT"
50051,"JJ"
50052,"NNP"
50053,"NN"
50054,"IN"
50055,"DT"
50056,"NN"
50057,"POS"
50058,"NN"
50059,","
50060,"IN"
50061,"NN"
50062,"IN"
50063,"DT"
50064,"CD"
50065,"NNS"
50066,"VBZ"
50067,"DT"
50068,"JJ"
50069,"$"
50070,"CD"
50071,"CD"
50072,"."
50073,"DT"
50074,"JJ"
50075,"NN"
50076,"CC"
50077,"PRP$"
50078,"JJ"
50079,"NN"
50080,","
50081,"NNP"
50082,"NNP"
50083,","
50084,"VBD"
50085,"DT"
50086,"JJS"
50087,"NN"
50088,","
50089,"RB"
50090,"CD"
50091,"NNS"
50092,","
50093,"IN"
50094,"DT"
50095,"NNP"
50096,"NN"
50097,","
50098,"WRB"
50099,"PRP"
50100,"VBD"
50101,"NNP"
50102,"NNP"
50103,"NNP"
50104,"NNP"
50105,"."
50106,"IN"
50107,"DT"
50108,"NNP"
50109,"NNP"
50110,","
50111,"PRP"
50112,"RB"
50113,"VBD"
50114,"IN"
50115,"DT"
50116,"JJ"
50117,"NN"
50118,","
50119,"VBG"
50120,"TO"
50121,"VB"
50122,"IN"
50123,"NN"
50124,"NNS"
50125,"."
50126,"IN"
50127,"NNP"
50128,","
50129,"RB"
50130,","
50131,"NNP"
50132,"VBD"
50133,"DT"
50134,"JJ"
50135,"NN"
50136,"NN"
50137,","
50138,"CC"
50139,"DT"
50140,"NNP"
50141,"POS"
50142,"NN"
50143,"IN"
50144,"JJ"
50145,"NNS"
50146,"CC"
50147,"NN"
50148,"IN"
50149,"DT"
50150,"NN"
50151,"POS"
50152,"NN"
50153,"VBD"
50154,"DT"
50155,"JJ"
50156,"NNS"
50157,"RB"
50158,"."
50159,"NNP"
50160,"VBD"
50161,"CD"
50162,"NNS"
50163,"IN"
50164,"CD"
50165,"NNS"
50166,","
50167,"VBG"
50168,"DT"
50169,"NNP"
50170,","
50171,"VBD"
50172,"NNS"
50173,","
50174,"RB"
50175,"IN"
50176,"IN"
50177,"CD"
50178,"NNS"
50179,"IN"
50180,"JJR"
50181,"IN"
50182,"CD"
50183,"NNS"
50184,"IN"
50185,"DT"
50186,"JJ"
50187,"NN"
50188,"IN"
50189,"JJ"
50190,"NN"
50191,"NN"
50192,"NNP"
50193,"NNP"
50194,"NNP"
50195,"VBD"
50196,"VBN"
50197,"CD"
50198,"CD"
50199,"NNS"
50200,"("
50201,"$"
50202,"CD"
50203,")"
50204,"IN"
50205,"NN"
50206,"TO"
50207,"DT"
50208,"NNP"
50209,"NNP"
50210,"DT"
50211,"NN"
50212,"NN"
50213,"WDT"
50214,"MD"
50215,"VB"
50216,"VBN"
50217,"IN"
50218,"JJ"
50219,"NNS"
50220,"."
50221,"DT"
50222,"NNP"
50223,"NN"
50224,"IN"
50225,"NN"
50226,"IN"
50227,"NNS"
50228,"WRB"
50229,"DT"
50230,"NN"
50231,"VBD"
50232,"NNP"
50233,"VBD"
50234,"VBN"
50235,"TO"
50236,"DT"
50237,"NNS"
50238,"IN"
50239,"CD"
50240,"VBD"
50241,"DT"
50242,"JJ"
50243,"JJ"
50244,"NN"
50245,"NN"
50246,"."
50247,"NNP"
50248,"NNP"
50249,"NNP"
50250,"VBD"
50251,"DT"
50252,"NNP"
50253,"NNP"
50254,"NNP"
50255,"NNP"
50256,"POS"
50257,"``"
50258,"NN"
50259,"VBZ"
50260,"JJ"
50261,"IN"
50262,"JJ"
50263,"NNS"
50264,"VBD"
50265,"JJ"
50266,"NN"
50267,"IN"
50268,"NNP"
50269,"."
50270,"''"
50271,"NN"
50272,"IN"
50273,"DT"
50274,"NN"
50275,"IN"
50276,"JJ"
50277,"NN"
50278,"TO"
50279,"JJ"
50280,"NNS"
50281,"VBZ"
50282,"VBN"
50283,"IN"
50284,"JJ"
50285,"NN"
50286,"NN"
50287,"IN"
50288,"JJ"
50289,"NN"
50290,"."
50291,"DT"
50292,"JJ"
50293,"JJ"
50294,"NN"
50295,"VBD"
50296,"RB"
50297,"RB"
50298,"JJ"
50299,"RB"
50300,"DT"
50301,"NN"
50302,"NN"
50303,"IN"
50304,"JJ"
50305,"JJ"
50306,"NN"
50307,"."
50308,"DT"
50309,"NN"
50310,"NN"
50311,"NN"
50312,"VBD"
50313,"DT"
50314,"NN"
50315,"VBD"
50316,"DT"
50317,"NN"
50318,"TO"
50319,"NN"
50320,"IN"
50321,"JJ"
50322,"NNS"
50323,"RB"
50324,"VBN"
50325,"IN"
50326,"NNP"
50327,"TO"
50328,"DT"
50329,"NN"
50330,"POS"
50331,"CD"
50332,"NNS"
50333,"``"
50334,"VBZ"
50335,"RB"
50336,"VB"
50337,"DT"
50338,"JJ"
50339,"NNS"
50340,"IN"
50341,"DT"
50342,"JJ"
50343,"NN"
50344,"."
50345,"''"
50346,"DT"
50347,"NN"
50348,"VBD"
50349,"DT"
50350,"NN"
50351,"IN"
50352,"NNP"
50353,"CD"
50354,"TO"
50355,"VB"
50356,"DT"
50357,"NN"
50358,"."
50359,"DT"
50360,"NN"
50361,"VBD"
50362,"DT"
50363,"JJ"
50364,"NN"
50365,"IN"
50366,"DT"
50367,"VBN"
50368,"NNP"
50369,"NNP"
50370,"."
50371,"NNP"
50372,"NNP"
50373,"NNP"
50374,"VBD"
50375,"PRP"
50376,"VBZ"
50377,"VBG"
50378,"DT"
50379,"JJ"
50380,"$"
50381,"CD"
50382,"CD"
50383,"NN"
50384,"NN"
50385,"IN"
50386,"NNP"
50387,"IN"
50388,"PRP"
50389,"UH"
50390,"RBR"
50391,"VBZ"
50392,"TO"
50393,"VB"
50394,"IN"
50395,"JJ"
50396,"NN"
50397,"NN"
50398,"IN"
50399,"RB"
50400,"JJ"
50401,"."
50402,"DT"
50403,"NN"
50404,"NN"
50405,"CC"
50406,"NN"
50407,"NN"
50408,","
50409,"WDT"
50410,"MD"
50411,"VB"
50412,"VBN"
50413,"IN"
50414,"CD"
50415,"NNS"
50416,"IN"
50417,"DT"
50418,"NNP"
50419,"NNP"
50420,"NN"
50421,","
50422,"VBD"
50423,"VBN"
50424,"VBN"
50425,"IN"
50426,"NNP"
50427,"POS"
50428,"NN"
50429,"NN"
50430,"."
50431,"CC"
50432,"PRP"
50433,"VBD"
50434,"VBN"
50435,"IN"
50436,"DT"
50437,"NNS"
50438,"IN"
50439,"DT"
50440,"NN"
50441,"TO"
50442,"NNP"
50443,"NNP"
50444,"POS"
50445,"NNS"
50446,"CC"
50447,"DT"
50448,"JJ"
50449,"NN"
50450,"IN"
50451,"JJ"
50452,"NN"
50453,"IN"
50454,"DT"
50455,"JJ"
50456,"NNS"
50457,"WP"
50458,"NN"
50459,"PRP"
50460,"."
50461,"NNP"
50462,"NNP"
50463,"NNP"
50464,"IN"
50465,"NNP"
50466,"VBZ"
50467,"VBG"
50468,"PRP$"
50469,"JJ"
50470,"NN"
50471,"CC"
50472,"NN"
50473,"NN"
50474,"TO"
50475,"NNP"
50476,"NNP"
50477,"TO"
50478,"VB"
50479,"IN"
50480,"DT"
50481,"JJ"
50482,"NN"
50483,"POS"
50484,"JJ"
50485,"NNS"
50486,"CC"
50487,"NN"
50488,"NN"
50489,"."
50490,"IN"
50491,"NNS"
50492,"IN"
50493,"CD"
50494,"CD"
50495,"NNP"
50496,"NNP"
50497,"NNS"
50498,"("
50499,"$"
50500,"CD"
50501,"CD"
50502,")"
50503,","
50504,"DT"
50505,"JJ"
50506,"NN"
50507,","
50508,"NNP"
50509,"NNP"
50510,"NNP"
50511,","
50512,"VBZ"
50513,"TO"
50514,"VB"
50515,"CD"
50516,"IN"
50517,"NNP"
50518,"NNP"
50519,"POS"
50520,"JJ"
50521,"NNS"
50522,"."
50523,"PRP"
50524,"RB"
50525,"VBZ"
50526,"TO"
50527,"VB"
50528,"IN"
50529,"DT"
50530,"JJ"
50531,"JJ"
50532,"NN"
50533,"IN"
50534,"DT"
50535,"NNP"
50536,"NN"
50537,"IN"
50538,"NNP"
50539,"NNP"
50540,"TO"
50541,"VB"
50542,"DT"
50543,"NN"
50544,"NN"
50545,"IN"
50546,"NNP"
50547,"CC"
50548,"NN"
50549,"NNS"
50550,"IN"
50551,"NNP"
50552,","
50553,"NNP"
50554,","
50555,"NNP"
50556,","
50557,"NNP"
50558,"CC"
50559,"NNP"
50560,"IN"
50561,"NNP"
50562,"CD"
50563,"."
50564,"DT"
50565,"NN"
50566,"RB"
50567,"VBZ"
50568,"CD"
50569,"JJ"
50570,"NNS"
50571,"IN"
50572,"NNP"
50573,","
50574,"CD"
50575,"IN"
50576,"DT"
50577,"NNP"
50578,","
50579,"CD"
50580,"IN"
50581,"NNP"
50582,"NNP"
50583,"CC"
50584,"DT"
50585,"NN"
50586,"RBR"
50587,"JJ"
50588,"IN"
50589,"DT"
50590,"NN"
50591,"."
50592,"NNP"
50593,"NNP"
50594,"NN"
50595,"NNS"
50596,"VBP"
50597,"VBG"
50598,"RB"
50599,"TO"
50600,"JJ"
50601,"NNS"
50602,"."
50603,"NNP"
50604,"POS"
50605,"MD"
50606,"RB"
50607,"VB"
50608,"DT"
50609,"NN"
50610,"IN"
50611,"NNP"
50612,"CC"
50613,"NNP"
50614,"NNP"
50615,"IN"
50616,"NNP"
50617,"POS"
50618,"VBZ"
50619,"VBG"
50620,"NNS"
50621,"IN"
50622,"NNS"
50623,"IN"
50624,"NNP"
50625,","
50626,"NNP"
50627,","
50628,"NNP"
50629,","
50630,"NNP"
50631,"CC"
50632,"JJ"
50633,"NNS"
50634,"."
50635,"IN"
50636,"NNP"
50637,","
50638,"NNP"
50639,"NNP"
50640,"NNP"
50641,"NNP"
50642,"VBD"
50643,"NNS"
50644,"CC"
50645,"NNS"
50646,":"
50647,"IN"
50648,"IN"
50649,"NNS"
50650,"CC"
50651,"NNS"
50652,"."
50653,"NNP"
50654,"POS"
50655,"NN"
50656,"NN"
50657,"MD"
50658,"VB"
50659,"JJ"
50660,"NNS"
50661,"IN"
50662,"JJ"
50663,"NNS"
50664,"IN"
50665,"JJR"
50666,"IN"
50667,"$"
50668,"CD"
50669,"IN"
50670,"NNP"
50671,"CD"
50672,"."
50673,"DT"
50674,"NN"
50675,"NN"
50676,","
50677,"VBN"
50678,"IN"
50679,"PRP$"
50680,"NNS"
50681,"IN"
50682,"NNP"
50683,"JJ"
50684,"CC"
50685,"JJ"
50686,"NN"
50687,"NNS"
50688,","
50689,"VBZ"
50690,"VBG"
50691,"``"
50692,"DT"
50693,"NN"
50694,"TO"
50695,"NNS"
50696,"WP"
50697,"VBP"
50698,"RB"
50699,"VB"
50700,"TO"
50701,"VB"
50702,"RB"
50703,"PRP$"
50704,"JJ"
50705,"NN"
50706,"NNS"
50707,","
50708,"''"
50709,"VBZ"
50710,"NNP"
50711,"NNP"
50712,"POS"
50713,"NNP"
50714,"NNP"
50715,"."
50716,"NNP"
50717,"NNP"
50718,"NNP"
50719,"VBZ"
50720,"RB"
50721,"VBN"
50722,"IN"
50723,"NN"
50724,"NNS"
50725,"IN"
50726,"IN"
50727,"NNP"
50728,"POS"
50729,"JJ"
50730,"NN"
50731,"CC"
50732,"NN"
50733,"NN"
50734,"."
50735,"``"
50736,"NN"
50737,"VBZ"
50738,"TO"
50739,"VB"
50740,"DT"
50741,"JJ"
50742,"IN"
50743,"NNS"
50744,","
50745,"''"
50746,"VBZ"
50747,"NNP"
50748,"POS"
50749,"NNP"
50750,"NNP"
50751,","
50752,"WP"
50753,"VBZ"
50754,"VBG"
50755,"NNS"
50756,"TO"
50757,"VB"
50758,"NN"
50759,"NNS"
50760,"."
50761,"``"
50762,"RB"
50763,"EX"
50764,"MD"
50765,"VB"
50766,"JJ"
50767,"NN"
50768,"."
50769,"''"
50770,"JJ"
50771,"JJ"
50772,"NN"
50773,"IN"
50774,"DT"
50775,"JJ"
50776,"NN"
50777,"IN"
50778,"CD"
50779,"MD"
50780,"VB"
50781,"JJR"
50782,"IN"
50783,"CD"
50784,"NNS"
50785,","
50786,"DT"
50787,"NNP"
50788,"NN"
50789,"NNP"
50790,"NNP"
50791,"VBD"
50792,"."
50793,"RB"
50794,"IN"
50795,"VBG"
50796,"JJ"
50797,"NN"
50798,","
50799,"DT"
50800,"NN"
50801,"VBD"
50802,"JJ"
50803,"NNS"
50804,"TO"
50805,"VB"
50806,"RB"
50807,"DT"
50808,"NN"
50809,"VBZ"
50810,"RB"
50811,"VBN"
50812,":"
50813,"."
50814,"NNP"
50815,"CC"
50816,"NNP"
50817,"NNS"
50818,"VBD"
50819,"NNS"
50820,"IN"
50821,"NNP"
50822,"VBD"
50823,"IN"
50824,"VBG"
50825,"NNS"
50826,"VBD"
50827,"RB"
50828,"IN"
50829,"PRP$"
50830,"CD"
50831,"NN"
50832,"IN"
50833,"DT"
50834,"NNP"
50835,"NNP"
50836,"."
50837,"NNP"
50838,"POS"
50839,"NNP"
50840,"NN"
50841,"CC"
50842,"NN"
50843,"NN"
50844,"NNP"
50845,"NNP"
50846,"VBD"
50847,"DT"
50848,"JJ"
50849,"NN"
50850,"``"
50851,"JJ"
50852,","
50853,"JJ"
50854,"CC"
50855,"JJ"
50856,"."
50857,"O"
50858,"NNP"
50859,"NNP"
50860,","
50861,"VBG"
50862,"IN"
50863,"JJ"
50864,"NNS"
50865,","
50866,"VBD"
50867,"DT"
50868,"JJ"
50869,"NN"
50870,"IN"
50871,"JJ"
50872,"NN"
50873,"NNS"
50874,"CC"
50875,"JJ"
50876,"NN"
50877,"IN"
50878,"$"
50879,"CD"
50880,"CD"
50881,","
50882,"CC"
50883,"CD"
50884,"NNS"
50885,"DT"
50886,"NN"
50887,","
50888,"IN"
50889,"JJ"
50890,"NNS"
50891,"."
50892,"NNS"
50893,"VBD"
50894,"DT"
50895,"NNS"
50896,"VBD"
50897,"RB"
50898,"IN"
50899,"NNS"
50900,","
50901,"RB"
50902,"IN"
50903,"IN"
50904,"JJ"
50905,"NN"
50906,"NNS"
50907,"CC"
50908,"DT"
50909,"JJ"
50910,"NN"
50911,"NN"
50912,"."
50913,"RB"
50914,","
50915,"PRP"
50916,"VBD"
50917,"DT"
50918,"NN"
50919,"POS"
50920,"JJ"
50921,"NN"
50922,"VBD"
50923,"DT"
50924,"NN"
50925,","
50926,"CC"
50927,"DT"
50928,"NN"
50929,"IN"
50930,"NNS"
50931,"IN"
50932,"NNP"
50933,"POS"
50934,"JJ"
50935,"JJ"
50936,"NN"
50937,"IN"
50938,"DT"
50939,"NNP"
50940,"VBP"
50941,"VBN"
50942,"JJ"
50943,"."
50944,"NN"
50945,"IN"
50946,"DT"
50947,"JJ"
50948,"NN"
50949,"VBD"
50950,"$"
50951,"CD"
50952,"CD"
50953,","
50954,"RB"
50955,"JJ"
50956,"IN"
50957,"$"
50958,"CD"
50959,"CD"
50960,"DT"
50961,"NN"
50962,"RBR"
50963,"."
50964,"NNP"
50965,"VBD"
50966,"NN"
50967,"NN"
50968,"IN"
50969,"NNS"
50970,"CC"
50971,"NN"
50972,"NNS"
50973,"IN"
50974,"$"
50975,"CD"
50976,"CD"
50977,"IN"
50978,"DT"
50979,"JJ"
50980,"NN"
50981,","
50982,"JJR"
50983,"IN"
50984,"RB"
50985,"DT"
50986,"JJ"
50987,"$"
50988,"CD"
50989,"CD"
50990,"."
50991,"NNS"
50992,"IN"
50993,"NN"
50994,"NNS"
50995,"CC"
50996,"JJ"
50997,"NN"
50998,"VBD"
50999,"DT"
51000,"JJ"
51001,"NN"
51002,"IN"
51003,"$"
51004,"CD"
51005,"CD"
51006,","
51007,"CC"
51008,"CD"
51009,"NNS"
51010,"DT"
51011,"NN"
51012,","
51013,"IN"
51014,"CD"
51015,"POS"
51016,"JJ"
51017,"NN"
51018,"."
51019,"``"
51020,"PRP"
51021,"VBP"
51022,"RB"
51023,"JJ"
51024,"IN"
51025,"DT"
51026,"JJ"
51027,"NN"
51028,"''"
51029,"IN"
51030,"NNP"
51031,"NNS"
51032,","
51033,"VBD"
51034,"NNP"
51035,"NNP"
51036,","
51037,"DT"
51038,"NN"
51039,"IN"
51040,"NNP"
51041,"NNP"
51042,"CC"
51043,"NNP"
51044,"."
51045,"``"
51046,"IN"
51047,"PRP"
51048,"VBP"
51049,"IN"
51050,"DT"
51051,"JJ"
51052,"NN"
51053,"IN"
51054,"NN"
51055,"VBZ"
51056,"JJ"
51057,"IN"
51058,"DT"
51059,"NN"
51060,"IN"
51061,"NN"
51062,","
51063,"EX"
51064,"VBZ"
51065,"RB"
51066,"DT"
51067,"NN"
51068,"RB"
51069,"TO"
51070,"VB"
51071,"NN"
51072,"IN"
51073,"."
51074,"''"
51075,"NNP"
51076,"NNP"
51077,","
51078,"DT"
51079,"NN"
51080,"IN"
51081,"NNP"
51082,","
51083,"VBZ"
51084,"NNP"
51085,"NNS"
51086,"VBD"
51087,"PRP"
51088,"NN"
51089,"IN"
51090,"NNP"
51091,"NNS"
51092,"IN"
51093,"DT"
51094,"NN"
51095,"POS"
51096,"JJ"
51097,"JJ"
51098,"NN"
51099,"NN"
51100,","
51101,"VBN"
51102,"IN"
51103,"DT"
51104,"JJ"
51105,"NN"
51106,","
51107,"VBP"
51108,"VBN"
51109,"``"
51110,"JJ"
51111,"''"
51112,"IN"
51113,"DT"
51114,"JJ"
51115,"NN"
51116,"."
51117,"NNP"
51118,"NNP"
51119,","
51120,"DT"
51121,"NNP"
51122,"NN"
51123,","
51124,"VBD"
51125,"``"
51126,"PRP"
51127,"VBP"
51128,"RB"
51129,"VB"
51130,"RB"
51131,"JJ"
51132,","
51133,"''"
51134,"CC"
51135,"VBD"
51136,"IN"
51137,"DT"
51138,"NN"
51139,"VBZ"
51140,"RB"
51141,"VBN"
51142,"JJ"
51143,"TO"
51144,"VB"
51145,"DT"
51146,"NN"
51147,"IN"
51148,"DT"
51149,"NNS"
51150,"IN"
51151,"DT"
51152,"NN"
51153,","
51154,"NN"
51155,"NNS"
51156,"IN"
51157,"PRP"
51158,"VBD"
51159,"VBN"
51160,"MD"
51161,"VB"
51162,"VBG"
51163,"DT"
51164,"NN"
51165,"RB"
51166,"."
51167,"NNP"
51168,"NNP"
51169,"VBD"
51170,"DT"
51171,"NN"
51172,","
51173,"NNP"
51174,"NNP"
51175,","
51176,"VBZ"
51177,"RB"
51178,"VBN"
51179,"IN"
51180,"IN"
51181,"CD"
51182,"JJ"
51183,"NNS"
51184,","
51185,"VBG"
51186,"NNS"
51187,"CC"
51188,"NNS"
51189,"."
51190,"IN"
51191,"DT"
51192,"CD"
51193,"NNS"
51194,","
51195,"NNP"
51196,"VBD"
51197,"NNS"
51198,"IN"
51199,"$"
51200,"CD"
51201,"CD"
51202,","
51203,"CC"
51204,"$"
51205,"CD"
51206,"DT"
51207,"NN"
51208,"."
51209,"JJ"
51210,"NN"
51211,","
51212,"DT"
51213,"NN"
51214,"VBD"
51215,"DT"
51216,"JJ"
51217,"NN"
51218,"IN"
51219,"$"
51220,"CD"
51221,"CD"
51222,","
51223,"CC"
51224,"CD"
51225,"NNS"
51226,"DT"
51227,"NN"
51228,"."
51229,"IN"
51230,"NNP"
51231,"NNP"
51232,"NNP"
51233,"NNP"
51234,"JJ"
51235,"NN"
51236,","
51237,"NNP"
51238,"VBD"
51239,"IN"
51240,"$"
51241,"CD"
51242,","
51243,"RB"
51244,"$"
51245,"CD"
51246,"."
51247,"O"
51248,"WRB"
51249,"VBZ"
51250,"DT"
51251,"NN"
51252,"NN"
51253,"RB"
51254,"RB"
51255,"JJ"
51256,"."
51257,"NNP"
51258,","
51259,"DT"
51260,"NNP"
51261,"NNP"
51262,"NNP"
51263,"NNP"
51264,"VBD"
51265,"DT"
51266,"RB"
51267,"JJ"
51268,"NN"
51269,":"
51270,"PRP"
51271,"VBD"
51272,"CD"
51273,"NNS"
51274,"IN"
51275,"NN"
51276,","
51277,"IN"
51278,"JJS"
51279,"IN"
51280,"DT"
51281,"NN"
51282,"VBG"
51283,"IN"
51284,"CD"
51285,"NNS"
51286,"."
51287,"RB"
51288,","
51289,"PRP"
51290,"VBD"
51291,"TO"
51292,"VB"
51293,"RB"
51294,"RB"
51295,"CD"
51296,"NNS"
51297,"."
51298,"CC"
51299,"DT"
51300,"NNS"
51301,"VBN"
51302,"IN"
51303,"NNP"
51304,"POS"
51305,"JJ"
51306,"NN"
51307,"CC"
51308,"NNP"
51309,"POS"
51310,"JJ"
51311,"NN"
51312,"."
51313,"``"
51314,"PRP"
51315,"VBZ"
51316,"JJ"
51317,":"
51318,"IN"
51319,"IN"
51320,"DT"
51321,"NN"
51322,"PRP"
51323,"MD"
51324,"VB"
51325,"RB"
51326,"RB"
51327,"JJ"
51328,"NN"
51329,","
51330,"''"
51331,"VBZ"
51332,"NNP"
51333,"NNP"
51334,","
51335,"NN"
51336,"IN"
51337,"NNP"
51338,"NNP"
51339,"NNP"
51340,"NNP"
51341,","
51342,"NNP"
51343,"."
51344,"CC"
51345,","
51346,"RB"
51347,","
51348,"PRP"
51349,"VBZ"
51350,"RB"
51351,"TO"
51352,"VB"
51353,"."
51354,"NNP"
51355,"NNP"
51356,","
51357,"JJ"
51358,"JJ"
51359,"NN"
51360,"IN"
51361,"NNP"
51362,"NNP"
51363,"CC"
51364,"NNP"
51365,","
51366,"VBZ"
51367,","
51368,"``"
51369,"PRP$"
51370,"NN"
51371,"NN"
51372,"VBZ"
51373,"IN"
51374,"PRP"
51375,"MD"
51376,"VB"
51377,"IN"
51378,"DT"
51379,"NNS"
51380,"IN"
51381,"DT"
51382,"NN"
51383,"."
51384,"''"
51385,"EX"
51386,"VBP"
51387,"JJ"
51388,"NNS"
51389,"IN"
51390,"DT"
51391,"NN"
51392,"POS"
51393,"NN"
51394,":"
51395,"JJ"
51396,"NN"
51397,"NNS"
51398,"JJ"
51399,"IN"
51400,"JJ"
51401,"NNS"
51402,"CC"
51403,"NNS"
51404,":"
51405,"JJ"
51406,"NNS"
51407,"IN"
51408,"NN"
51409,"NN"
51410,":"
51411,"CC"
51412,"NN"
51413,"NN"
51414,"."
51415,"CC"
51416,"JJS"
51417,"VBP"
51418,"VBN"
51419,"IN"
51420,"DT"
51421,"JJ"
51422,"NN"
51423,":"
51424,"NN"
51425,":"
51426,"DT"
51427,"NN"
51428,"TO"
51429,"VB"
51430,"IN"
51431,"CC"
51432,"RP"
51433,"IN"
51434,"DT"
51435,"NN"
51436,"RB"
51437,"."
51438,"NNS"
51439,"VBP"
51440,"VBG"
51441,"RP"
51442,"CC"
51443,"RB"
51444,"RB"
51445,"RB"
51446,"IN"
51447,"NNS"
51448,"VBP"
51449,"VBG"
51450,"NNS"
51451,"TO"
51452,"VB"
51453,"IN"
51454,"NNS"
51455,"IN"
51456,"JJ"
51457,"NNS"
51458,"CC"
51459,"RB"
51460,"JJ"
51461,"IN"
51462,"NN"
51463,"."
51464,"``"
51465,"NNS"
51466,"VBP"
51467,"JJ"
51468,"NNS"
51469,","
51470,"''"
51471,"VBZ"
51472,"NNP"
51473,"NNP"
51474,","
51475,"WP"
51476,"VBZ"
51477,"DT"
51478,"JJ"
51479,"NN"
51480,"NN"
51481,"IN"
51482,"NNP"
51483,"NNP"
51484,"NNP"
51485,"NNP"
51486,"."
51487,"``"
51488,"PRP"
51489,"VBP"
51490,"DT"
51491,"JJ"
51492,"NNS"
51493,"CC"
51494,"VB"
51495,"TO"
51496,"DT"
51497,"JJ"
51498,"NNS"
51499,"."
51500,"IN"
51501,"NNP"
51502,","
51503,"PRP"
51504,"VBP"
51505,"TO"
51506,"VB"
51507,"IN"
51508,"DT"
51509,"JJ"
51510,"NN"
51511,"IN"
51512,"JJ"
51513,"NN"
51514,"."
51515,"''"
51516,"CC"
51517,"IN"
51518,","
51519,"RB"
51520,","
51521,"VBZ"
51522,"NN"
51523,"NNS"
51524,"."
51525,"NNP"
51526,":"
51527,"WP"
51528,"RB"
51529,"VBP"
51530,"IN"
51531,"RBS"
51532,"VBG"
51533,":"
51534,"VB"
51535,"IN"
51536,"VBG"
51537,"JJ"
51538,"TO"
51539,"VB"
51540,"CC"
51541,"VB"
51542,"JJ"
51543,"NNS"
51544,"IN"
51545,"NN"
51546,"IN"
51547,"DT"
51548,"NN"
51549,"."
51550,"CC"
51551,"WRB"
51552,"PRP"
51553,"VBP"
51554,"DT"
51555,"NNS"
51556,"VBP"
51557,"RB"
51558,"RB"
51559,"IN"
51560,"NN"
51561,"IN"
51562,"PRP"
51563,"VBD"
51564,":"
51565,"NNS"
51566,"VBP"
51567,"."
51568,"IN"
51569,"NNP"
51570,","
51571,"IN"
51572,"NN"
51573,","
51574,"NNP"
51575,"NNP"
51576,","
51577,"DT"
51578,"NN"
51579,"IN"
51580,"NNP"
51581,","
51582,"NNP"
51583,"CC"
51584,"NNP"
51585,","
51586,"VBD"
51587,"IN"
51588,"``"
51589,"PRP"
51590,"MD"
51591,"RB"
51592,"VB"
51593,"NNS"
51594,"IN"
51595,"VBN"
51596,"NNS"
51597,"IN"
51598,"VBG"
51599,"RP"
51600,"."
51601,"''"
51602,"CC"
51603,"WRB"
51604,"JJ"
51605,"NNS"
51606,"VBD"
51607,"TO"
51608,"``"
51609,"VB"
51610,"RB"
51611,","
51612,"''"
51613,"NNP"
51614,"POS"
51615,"JJ"
51616,"NN"
51617,"VBD"
51618,"VBN"
51619,"."
51620,"NN"
51621,"IN"
51622,"NNS"
51623,"CC"
51624,"NNS"
51625,","
51626,"DT"
51627,"NNS"
51628,"VBP"
51629,","
51630,"MD"
51631,"VB"
51632,"TO"
51633,"NN"
51634,"."
51635,"NNS"
51636,"VBP"
51637,"PRP"
51638,"MD"
51639,"MD"
51640,"VB"
51641,"IN"
51642,"JJ"
51643,"JJ"
51644,"NNS"
51645,"TO"
51646,"VB"
51647,"IN"
51648,"CC"
51649,"RP"
51650,"IN"
51651,"DT"
51652,"NN"
51653,"NN"
51654,"IN"
51655,"RB"
51656,"VBG"
51657,"DT"
51658,"NNS"
51659,":"
51660,"WDT"
51661,"VBZ"
51662,","
51663,"DT"
51664,"NN"
51665,"IN"
51666,"VBG"
51667,"NN"
51668,"RB"
51669,"WRB"
51670,"PRP"
51671,"JJ"
51672,"NNS"
51673,"."
51674,"DT"
51675,"CC"
51676,"JJ"
51677,"JJ"
51678,"NN"
51679,"NNS"
51680,"``"
51681,"VBP"
51682,"TO"
51683,"VB"
51684,"JJ"
51685,"NNS"
51686,"IN"
51687,"NNS"
51688,","
51689,"''"
51690,"VBZ"
51691,"NNP"
51692,"NNP"
51693,","
51694,"JJ"
51695,"NN"
51696,"NN"
51697,"IN"
51698,"NNP"
51699,"NNP"
51700,"NNP"
51701,"NNP"
51702,"."
51703,"``"
51704,"PRP"
51705,"VBZ"
51706,"DT"
51707,"NN"
51708,"IN"
51709,"WP"
51710,"VBZ"
51711,"IN"
51712,"JJ"
51713,"MD"
51714,"VB"
51715,"RP"
51716,"JJ"
51717,"''"
51718,":"
51719,"RB"
51720,"WDT"
51721,"NNS"
51722,"IN"
51723,"JJR"
51724,"NN"
51725,"VB"
51726,"VBN"
51727,"IN"
51728,"DT"
51729,"NN"
51730,"NN"
51731,"."
51732,"CD"
51733,"JJ"
51734,"NN"
51735,"NN"
51736,"VBD"
51737,"``"
51738,"NN"
51739,"NN"
51740,"''"
51741,"NNS"
51742,"NN"
51743,"NNS"
51744,"IN"
51745,"NNS"
51746,","
51747,"NNS"
51748,"CC"
51749,"NN"
51750,"WRB"
51751,"NN"
51752,"NNS"
51753,"VBP"
51754,"CD"
51755,"VBZ"
51756,"RBR"
51757,"JJ"
51758,"."
51759,"IN"
51760,"NN"
51761,","
51762,"NNP"
51763,"NNP"
51764,"NNP"
51765,","
51766,"DT"
51767,"NN"
51768,"NN"
51769,"VBN"
51770,"IN"
51771,"NNP"
51772,","
51773,"NNP"
51774,","
51775,"VBD"
51776,"PRP"
51777,"RB"
51778,"VBD"
51779,"NN"
51780,"NNS"
51781,"IN"
51782,"PRP$"
51783,"``"
51784,"JJ"
51785,"''"
51786,"NNS"
51787,"TO"
51788,"CD"
51789,"NN"
51790,"IN"
51791,"CD"
51792,"NN"
51793,"TO"
51794,"VB"
51795,"NN"
51796,"IN"
51797,"VBG"
51798,"NNS"
51799,"NNP"
51800,"."
51801,"PRP"
51802,"VBD"
51803,"DT"
51804,"CD"
51805,"NN"
51806,"NNP"
51807,"IN"
51808,"NNS"
51809,"VBD"
51810,"."
51811,"WRB"
51812,"PRP"
51813,"VBD"
51814,","
51815,"DT"
51816,"NN"
51817,"VBD"
51818,"DT"
51819,"NN"
51820,"NNS"
51821,"TO"
51822,"IN"
51823,"CD"
51824,"NN"
51825,"."
51826,"DT"
51827,"JJ"
51828,"NN"
51829,"IN"
51830,"NNS"
51831,"POS"
51832,"NN"
51833,"IN"
51834,"NN"
51835,"VBZ"
51836,"NN"
51837,"NN"
51838,","
51839,"RB"
51840,"RB"
51841,"JJ"
51842,"."
51843,"IN"
51844,"DT"
51845,"CD"
51846,"NN"
51847,","
51848,"DT"
51849,"JJ"
51850,"$"
51851,"CD"
51852,"CD"
51853,"IN"
51854,"JJ"
51855,"NN"
51856,"VBD"
51857,"VBN"
51858,"IN"
51859,"DT"
51860,"NN"
51861,"NN"
51862,"."
51863,"DT"
51864,"NN"
51865,"VBD"
51866,"TO"
51867,"``"
51868,"VB"
51869,"''"
51870,"DT"
51871,"NN"
51872,"IN"
51873,"DT"
51874,"NN"
51875,"IN"
51876,"NN"
51877,"NNS"
51878,"WRB"
51879,"NN"
51880,"NNS"
51881,"VBD"
51882,":"
51883,"VBG"
51884,"DT"
51885,"NN"
51886,"TO"
51887,"VB"
51888,"DT"
51889,"NNS"
51890,"PRP"
51891,"."
51892,"CC"
51893,"IN"
51894,"NNP"
51895,"CD"
51896,","
51897,"WRB"
51898,"NN"
51899,"NNS"
51900,"VBD"
51901,"TO"
51902,"VB"
51903,"IN"
51904,"DT"
51905,"JJ"
51906,"NN"
51907,","
51908,"PRP"
51909,"VBD"
51910,"DT"
51911,"DT"
51912,"NN"
51913,"CC"
51914,"NNS"
51915,"NNS"
51916,"."
51917,"CC"
51918,"JJ"
51919,"NN"
51920,","
51921,"NNS"
51922,"VBP"
51923,"RB"
51924,"VBG"
51925,"NNS"
51926,"IN"
51927,"NN"
51928,"NN"
51929,"IN"
51930,"RB"
51931,"VBG"
51932,"TO"
51933,"CC"
51934,"FW"
51935,"IN"
51936,"DT"
51937,"NNS"
51938,"."
51939,"NNS"
51940,"VBP"
51941,"VBG"
51942,"``"
51943,"NN"
51944,"NN"
51945,"''"
51946,"DT"
51947,"NN"
51948,"IN"
51949,"VBG"
51950,"NN"
51951,"IN"
51952,"NN"
51953,"NNS"
51954,"IN"
51955,"NNS"
51956,"CC"
51957,"NNS"
51958,"."
51959,"IN"
51960,"JJ"
51961,"JJ"
51962,"NNS"
51963,","
51964,"RB"
51965,"IN"
51966,"DT"
51967,"JJ"
51968,"VBP"
51969,"WDT"
51970,"NN"
51971,"NNS"
51972,"VB"
51973,"IN"
51974,"NN"
51975,"TO"
51976,"VB"
51977,"NN"
51978,"IN"
51979,"NN"
51980,"CC"
51981,"NN"
51982,"NNS"
51983,"IN"
51984,"DT"
51985,"NN"
51986,"."
51987,"CC"
51988,"NNS"
51989,"VBP"
51990,"NNP"
51991,"NNP"
51992,"NN"
51993,"NNS"
51994,"VBP"
51995,"RB"
51996,"JJ"
51997,"TO"
51998,"VB"
51999,"NNS"
52000,"."
52001,"NNS"
52002,"VBP"
52003,"RB"
52004,"VB"
52005,"IN"
52006,"."
52007,"NNP"
52008,"NNP"
52009,"NNS"
52010,"VBP"
52011,"IN"
52012,","
52013,"IN"
52014,"JJ"
52015,"NN"
52016,"NNS"
52017,"RB"
52018,"JJR"
52019,"IN"
52020,"IN"
52021,"DT"
52022,"NNS"
52023,","
52024,"NNS"
52025,"NNS"
52026,"MD"
52027,"RB"
52028,"VB"
52029,"TO"
52030,"VB"
52031,"DT"
52032,"NN"
52033,"IN"
52034,"VBG"
52035,"RB"
52036,"JJ"
52037,"NN"
52038,"."
52039,"``"
52040,"PRP"
52041,"VBP"
52042,"NN"
52043,"POS"
52044,"DT"
52045,"JJ"
52046,"RBR"
52047,"JJ"
52048,","
52049,"''"
52050,"VBZ"
52051,"NNP"
52052,"NNP"
52053,","
52054,"NN"
52055,"IN"
52056,"NN"
52057,"NN"
52058,"IN"
52059,"NNP"
52060,"NNP"
52061,"NNP"
52062,"NNP"
52063,"."
52064,"``"
52065,"DT"
52066,"NNS"
52067,"VBP"
52068,"VBN"
52069,"("
52070,"NN"
52071,")"
52072,"NNS"
52073,"RB"
52074,"TO"
52075,"DT"
52076,"NN"
52077,"WRB"
52078,"PRP"
52079,"VBZ"
52080,"DT"
52081,"NN"
52082,"TO"
52083,"VB"
52084,"NN"
52085,","
52086,"''"
52087,"VBZ"
52088,"NNP"
52089,"NNP"
52090,","
52091,"JJ"
52092,"NN"
52093,"NN"
52094,"NN"
52095,"IN"
52096,"NN"
52097,"IN"
52098,"JJ"
52099,"NN"
52100,"IN"
52101,"NNP"
52102,"CC"
52103,"NNP"
52104,"."
52105,"``"
52106,"WRB"
52107,"MD"
52108,"PRP"
52109,"VB"
52110,"NN"
52111,"IN"
52112,"DT"
52113,"NN"
52114,"IN"
52115,"WP"
52116,"VBZ"
52117,"VBG"
52118,"PRP"
52119,"CD"
52120,"NNS"
52121,"DT"
52122,"NN"
52123,"."
52124,"DT"
52125,"PRP"
52126,"VB"
52127,"VBZ"
52128,"NN"
52129,"."
52130,"''"
52131,"NN"
52132,"IN"
52133,"NN"
52134,"MD"
52135,"RB"
52136,"VB"
52137,"IN"
52138,"NN"
52139,"``"
52140,"NNS"
52141,"."
52142,"''"
52143,"JJ"
52144,"NNS"
52145,"VBP"
52146,"IN"
52147,"``"
52148,"NN"
52149,"NNS"
52150,"''"
52151,"VBN"
52152,"IN"
52153,"NN"
52154,"TO"
52155,"VB"
52156,"NN"
52157,"IN"
52158,"DT"
52159,"CD"
52160,"NN"
52161,"RB"
52162,"VBD"
52163,"TO"
52164,"NN"
52165,"WRB"
52166,"DT"
52167,"NN"
52168,"NN"
52169,"VBD"
52170,"NNP"
52171,"."
52172,"DT"
52173,"NN"
52174,"NNS"
52175,"VBD"
52176,"DT"
52177,"JJ"
52178,"NN"
52179,"IN"
52180,"NN"
52181,"IN"
52182,"NNP"
52183,"CC"
52184,"NNP"
52185,"POS"
52186,"JJ"
52187,"NN"
52188,"NNS"
52189,"NN"
52190,"IN"
52191,"DT"
52192,"NNS"
52193,"VBD"
52194,"VBG"
52195,"."
52196,"``"
52197,"IN"
52198,"DT"
52199,"JJ"
52200,"NN"
52201,","
52202,"PRP"
52203,"MD"
52204,"RB"
52205,"VB"
52206,"NNS"
52207,"''"
52208,"TO"
52209,"VB"
52210,"NN"
52211,"TO"
52212,"DT"
52213,"NN"
52214,","
52215,"VBZ"
52216,"DT"
52217,"NN"
52218,"NN"
52219,"."
52220,"``"
52221,"PRP"
52222,"VBD"
52223,"JJ"
52224,"TO"
52225,"NNS"
52226,"VBG"
52227,"IN"
52228,"PRP"
52229,"MD"
52230,"RB"
52231,"VB"
52232,"PRP$"
52233,"NNS"
52234,"RB"
52235,"."
52236,"''"
52237,"``"
52238,"PRP"
52239,"VBD"
52240,"IN"
52241,"PRP"
52242,"VBD"
52243,"PRP"
52244,"IN"
52245,"DT"
52246,"NN"
52247,"IN"
52248,"DT"
52249,"NN"
52250,"CC"
52251,"VBD"
52252,"PRP"
52253,"RB"
52254,"VBD"
52255,"CD"
52256,"NNS"
52257,"TO"
52258,"NN"
52259,","
52260,"''"
52261,"VBD"
52262,"CD"
52263,"JJ"
52264,"NNS"
52265,"NN"
52266,"."
52267,"``"
52268,"RB"
52269,"PRP"
52270,"VBD"
52271,","
52272,"``"
52273,"IN"
52274,"DT"
52275,"NN"
52276,","
52277,"CD"
52278,"IN"
52279,"DT"
52280,"NNS"
52281,"VBP"
52282,"VBN"
52283,"."
52284,"''"
52285,"''"
52286,"DT"
52287,"NN"
52288,"NN"
52289,"RB"
52290,"VBZ"
52291,"TO"
52292,"NN"
52293,"."
52294,"NNP"
52295,"NNP"
52296,"VBZ"
52297,"DT"
52298,"JJ"
52299,"NN"
52300,"."
52301,"NNP"
52302,"IN"
52303,"DT"
52304,"JJ"
52305,"NN"
52306,","
52307,"DT"
52308,"NN"
52309,"NN"
52310,"VBD"
52311,"NN"
52312,"IN"
52313,"RB"
52314,"$"
52315,"CD"
52316,"DT"
52317,"NN"
52318,"."
52319,"WRB"
52320,"DT"
52321,"NN"
52322,"VBD"
52323,"IN"
52324,"NN"
52325,","
52326,"DT"
52327,"NN"
52328,"VBD"
52329,":"
52330,"PRP"
52331,"VBD"
52332,"IN"
52333,"$"
52334,"CD"
52335,"NN"
52336,"."
52337,"RB"
52338,","
52339,"NNP"
52340,"VBZ"
52341,"RB"
52342,"VBG"
52343,"RB"
52344,"TO"
52345,"PRP$"
52346,"NN"
52347,"VBN"
52348,"IN"
52349,"NNS"
52350,"."
52351,"IN"
52352,"NN"
52353,","
52354,"JJ"
52355,"JJ"
52356,"NNS"
52357,"VBP"
52358,"JJ"
52359,"TO"
52360,"VB"
52361,"JJ"
52362,"NN"
52363,"NNS"
52364,"."
52365,"NNP"
52366,"NNP"
52367,","
52368,"DT"
52369,"JJ"
52370,"NN"
52371,"NN"
52372,"WP"
52373,"VBZ"
52374,"NNP"
52375,"NNP"
52376,"NNP"
52377,","
52378,"VBZ"
52379,"IN"
52380,"IN"
52381,"IN"
52382,"DT"
52383,"WP"
52384,"VBP"
52385,"IN"
52386,"NNS"
52387,","
52388,"``"
52389,"DT"
52390,"NN"
52391,"IN"
52392,"DT"
52393,"NN"
52394,"IN"
52395,"NN"
52396,"TO"
52397,"NN"
52398,"VBZ"
52399,"RB"
52400,"VB"
52401,"DT"
52402,"IN"
52403,"JJ"
52404,"."
52405,"''"
52406,"DT"
52407,"NNS"
52408,"VBP"
52409,"NNS"
52410,"VBP"
52411,"RB"
52412,"RB"
52413,"JJ"
52414,"IN"
52415,"RB"
52416,"VBN"
52417,"."
52418,"NNP"
52419,"NNP"
52420,","
52421,"NN"
52422,"NN"
52423,"IN"
52424,"NNP"
52425,"NNP"
52426,","
52427,"VBZ"
52428,"DT"
52429,"JJ"
52430,"NN"
52431,"IN"
52432,"NNP"
52433,"NNS"
52434,"NNS"
52435,"IN"
52436,"NN"
52437,"TO"
52438,"DT"
52439,"NNS"
52440,","
52441,"NNS"
52442,"IN"
52443,"JJ"
52444,"NNS"
52445,"JJ"
52446,"IN"
52447,"NNS"
52448,"CC"
52449,"NNS"
52450,"VBD"
52451,"VBN"
52452,"."
52453,"``"
52454,"PRP"
52455,"RB"
52456,"MD"
52457,"RB"
52458,"VB"
52459,"IN"
52460,"DT"
52461,"NNS"
52462,"IN"
52463,"DT"
52464,"JJ"
52465,"NN"
52466,"VBP"
52467,"VBG"
52468,"RB"
52469,"IN"
52470,"DT"
52471,"NN"
52472,","
52473,"''"
52474,"PRP"
52475,"VBZ"
52476,"."
52477,"CC"
52478,"NNP"
52479,"NNP"
52480,"NNP"
52481,","
52482,"NN"
52483,"IN"
52484,"NN"
52485,"NNP"
52486,"NNP"
52487,"NNP"
52488,","
52489,"VBZ"
52490,"IN"
52491,"IN"
52492,"NNP"
52493,"POS"
52494,"NN"
52495,","
52496,"JJ"
52497,"NN"
52498,"IN"
52499,"DT"
52500,"NNP"
52501,"NNP"
52502,"NNP"
52503,"NNP"
52504,"IN"
52505,"JJ"
52506,"NNS"
52507,"VBD"
52508,"VBN"
52509,"``"
52510,"RB"
52511,"JJ"
52512,"NNS"
52513,"."
52514,"''"
52515,"DT"
52516,"NNS"
52517,"VBP"
52518,"TO"
52519,"VB"
52520,"IN"
52521,"DT"
52522,"JJ"
52523,"NN"
52524,"VBZ"
52525,"JJR"
52526,"IN"
52527,"NN"
52528,"NNS"
52529,"IN"
52530,"PRP"
52531,"VBD"
52532,"WRB"
52533,"DT"
52534,"NN"
52535,"NN"
52536,"VBD"
52537,"JJR"
52538,"."
52539,"NNP"
52540,"NNP"
52541,"NNP"
52542,"NNP"
52543,","
52544,"NN"
52545,"IN"
52546,"DT"
52547,"NNP"
52548,"NNP"
52549,","
52550,"VBZ"
52551,"IN"
52552,"``"
52553,"CD"
52554,"CC"
52555,"CD"
52556,"VBP"
52557,"VBN"
52558,"CD"
52559,"IN"
52560,"DT"
52561,"JJS"
52562,"JJ"
52563,"NNS"
52564,"IN"
52565,"DT"
52566,"JJ"
52567,"CD"
52568,"CC"
52569,"CD"
52570,"NNS"
52571,"."
52572,"''"
52573,"CC"
52574,"DT"
52575,"JJ"
52576,"NN"
52577,"NN"
52578,"NNP"
52579,"NNP"
52580,"VBZ"
52581,"VBG"
52582,"RB"
52583,"VBZ"
52584,"RB"
52585,"DT"
52586,"NN"
52587,"IN"
52588,"DT"
52589,"NN"
52590,"IN"
52591,"JJ"
52592,"NN"
52593,"NNS"
52594,"IN"
52595,"DT"
52596,"JJ"
52597,"NN"
52598,"."
52599,"IN"
52600,"NN"
52601,","
52602,"NNP"
52603,"NNP"
52604,","
52605,"DT"
52606,"NNP"
52607,"NNP"
52608,"NN"
52609,"NN"
52610,","
52611,"VBZ"
52612,"JJ"
52613,"NNS"
52614,"IN"
52615,"NN"
52616,"NNS"
52617,"MD"
52618,"VB"
52619,"RB"
52620,"JJ"
52621,"IN"
52622,"NN"
52623,"VBZ"
52624,"JJ"
52625,"IN"
52626,"DT"
52627,"JJ"
52628,"NNS"
52629,"IN"
52630,"NNS"
52631,"``"
52632,"WP"
52633,"MD"
52634,"VB"
52635,"RP"
52636,"CC"
52637,"VB"
52638,"``"
52639,"PRP"
52640,"VBP"
52641,"DT"
52642,"CD"
52643,"NNS"
52644,"IN"
52645,"NNS"
52646,"TO"
52647,"VB"
52648,"."
52649,"''"
52650,"''"
52651,"DT"
52652,"NNS"
52653,"VBP"
52654,"DT"
52655,"NN"
52656,"IN"
52657,"NN"
52658,"VBZ"
52659,"JJ"
52660,"."
52661,"IN"
52662,"NNP"
52663,","
52664,"NNP"
52665,"NNP"
52666,"NNP"
52667,"VBD"
52668,"IN"
52669,"``"
52670,"IN"
52671,"DT"
52672,"NNS"
52673,"IN"
52674,"JJ"
52675,"NN"
52676,"NN"
52677,","
52678,"RB"
52679,","
52680,"VBZ"
52681,"RBR"
52682,"JJ"
52683,"IN"
52684,"DT"
52685,"NN"
52686,"IN"
52687,"NN"
52688,"."
52689,"''"
52690,"PRP"
52691,"VBZ"
52692,"NNS"
52693,"TO"
52694,"VB"
52695,"IN"
52696,"JJ"
52697,"NN"
52698,"NNS"
52699,":"
52700,"``"
52701,"DT"
52702,"NN"
52703,"IN"
52704,"JJ"
52705,"NNS"
52706,","
52707,"''"
52708,"PRP"
52709,"VBD"
52710,"PRP"
52711,":"
52712,"RB"
52713,"IN"
52714,"IN"
52715,"JJ"
52716,"JJ"
52717,"NN"
52718,"."
52719,"NNP"
52720,"NNP"
52721,"NNP"
52722,"VBD"
52723,"TO"
52724,"DT"
52725,"NN"
52726,"."
52727,"O"
52728,"NNP"
52729,"NNP"
52730,"NNP"
52731,"CC"
52732,"NNP"
52733,"NNP"
52734,"VBD"
52735,"DT"
52736,"NN"
52737,"NN"
52738,"VBZ"
52739,"VBN"
52740,"CD"
52741,"IN"
52742,"PRP$"
52743,"NNS"
52744,"CC"
52745,"VBZ"
52746,"VBG"
52747,"JJ"
52748,"NNS"
52749,"VBN"
52750,"TO"
52751,"PRP$"
52752,"JJ"
52753,"NN"
52754,"NN"
52755,","
52756,"WDT"
52757,"VBZ"
52758,"TO"
52759,"VB"
52760,"VBN"
52761,"NN"
52762,"."
52763,"NNP"
52764,"NNP"
52765,","
52766,"DT"
52767,"NNP"
52768,"NN"
52769,","
52770,"VBD"
52771,"DT"
52772,"NN"
52773,"VBD"
52774,"DT"
52775,"NN"
52776,"IN"
52777,"NNP"
52778,"IN"
52779,"DT"
52780,"NN"
52781,"IN"
52782,"NN"
52783,"NNS"
52784,"RB"
52785,"VBD"
52786,"JJ"
52787,"CC"
52788,"VBN"
52789,"CD"
52790,"NN"
52791,"NNS"
52792,"TO"
52793,"VB"
52794,"VBN"
52795,"IN"
52796,"NN"
52797,"."
52798,"IN"
52799,"DT"
52800,"NN"
52801,"VBZ"
52802,"RB"
52803,"VBN"
52804,"TO"
52805,"DT"
52806,"NN"
52807,"NNS"
52808,"WDT"
52809,"VBP"
52810,"RB"
52811,"JJ"
52812,"CC"
52813,"DT"
52814,"NN"
52815,","
52816,"NN"
52817,"IN"
52818,"DT"
52819,"NN"
52820,"MD"
52821,"VB"
52822,"NNS"
52823,"IN"
52824,"JJ"
52825,"NNS"
52826,"IN"
52827,"DT"
52828,"NN"
52829,"VBZ"
52830,"JJ"
52831,"."
52832,"NNP"
52833,"NNP"
52834,"VBD"
52835,"DT"
52836,"NN"
52837,"VBD"
52838,"RB"
52839,"RB"
52840,"VBN"
52841,"DT"
52842,"NN"
52843,"IN"
52844,"DT"
52845,"NN"
52846,"VBN"
52847,"``"
52848,"NN"
52849,"NNS"
52850,"MD"
52851,"VB"
52852,"VBN"
52853,"IN"
52854,"JJ"
52855,"NNS"
52856,"."
52857,"''"
52858,"PRP"
52859,"VBD"
52860,"PRP"
52861,"MD"
52862,"VB"
52863,"DT"
52864,"NN"
52865,"IN"
52866,"DT"
52867,"NN"
52868,"NN"
52869,"NN"
52870,"TO"
52871,"VB"
52872,"DT"
52873,"NN"
52874,"IN"
52875,"DT"
52876,"NN"
52877,"NN"
52878,"."
52879,"DT"
52880,"NN"
52881,","
52882,"IN"
52883,"DT"
52884,"JJS"
52885,"RB"
52886,"TO"
52887,"VB"
52888,"DT"
52889,"NN"
52890,"NN"
52891,","
52892,"VBD"
52893,"TO"
52894,"VB"
52895,"JJ"
52896,"NNP"
52897,"NNP"
52898,"NNP"
52899,"NN"
52900,"WDT"
52901,"VBZ"
52902,"NNP"
52903,"POS"
52904,"NN"
52905,"NN"
52906,"NN"
52907,"."
52908,"PRP"
52909,"VBZ"
52910,"JJ"
52911,"TO"
52912,"DT"
52913,"JJ"
52914,"NN"
52915,"IN"
52916,"JJ"
52917,"NN"
52918,"JJ"
52919,"NN"
52920,","
52921,"DT"
52922,"RB"
52923,"JJR"
52924,"NN"
52925,"VBN"
52926,"IN"
52927,"NNS"
52928,"IN"
52929,"NNS"
52930,","
52931,"NNS"
52932,"CC"
52933,"NN"
52934,"NNS"
52935,"IN"
52936,"DT"
52937,"NN"
52938,"."
52939,"IN"
52940,"DT"
52941,"NNP"
52942,"IN"
52943,"NN"
52944,"NN"
52945,","
52946,"DT"
52947,"NNP"
52948,"NNP"
52949,"VBZ"
52950,"RB"
52951,"DT"
52952,"NN"
52953,"NN"
52954,","
52955,"NNP"
52956,"NNP"
52957,"VBD"
52958,"."
52959,"DT"
52960,"NN"
52961,"VBZ"
52962,"IN"
52963,"DT"
52964,"NN"
52965,"NN"
52966,"IN"
52967,"DT"
52968,"NN"
52969,"CC"
52970,"NNS"
52971,"IN"
52972,"NN"
52973,"IN"
52974,"JJ"
52975,"NNS"
52976,"VBN"
52977,"IN"
52978,"NNS"
52979,"."
52980,"DT"
52981,"JJ"
52982,"NN"
52983,"RB"
52984,"VBD"
52985,"VBN"
52986,"IN"
52987,"DT"
52988,"NN"
52989,"IN"
52990,"NNP"
52991,"JJ"
52992,"RP"
52993,"TO"
52994,"NNP"
52995,"POS"
52996,"NNP"
52997,"NNP"
52998,"NNP"
52999,"NNP"
53000,","
53001,"NNP"
53002,"NNP"
53003,"VBD"
53004,"."
53005,"NNP"
53006,"VBD"
53007,"DT"
53008,"NN"
53009,"NN"
53010,"VBD"
53011,"RB"
53012,"VBN"
53013,"PRP$"
53014,"NNS"
53015,"CC"
53016,"DT"
53017,"NNS"
53018,"IN"
53019,"JJ"
53020,"NN"
53021,"NNS"
53022,"IN"
53023,"PRP"
53024,"VBD"
53025,"VBN"
53026,"PRP$"
53027,"NNS"
53028,"TO"
53029,"VB"
53030,"NNS"
53031,"."
53032,"CC"
53033,"NNP"
53034,"NNP"
53035,"VBD"
53036,"DT"
53037,"NN"
53038,"VBD"
53039,"NNS"
53040,"WDT"
53041,"VBD"
53042,"RB"
53043,"VBN"
53044,"TO"
53045,"VB"
53046,"DT"
53047,"NNS"
53048,"."
53049,"NNP"
53050,"NNP"
53051,","
53052,"DT"
53053,"JJ"
53054,"NN"
53055,"IN"
53056,"NNP"
53057,","
53058,"DT"
53059,"NN"
53060,"NN"
53061,","
53062,"VBD"
53063,"PRP"
53064,"VBD"
53065,"VBN"
53066,"IN"
53067,"DT"
53068,"NN"
53069,"VBZ"
53070,"IN"
53071,"DT"
53072,"NN"
53073,"NN"
53074,"IN"
53075,"VBG"
53076,"IN"
53077,"JJ"
53078,"NNS"
53079,":"
53080,"JJ"
53081,"IN"
53082,"NNS"
53083,"WDT"
53084,"VBP"
53085,"DT"
53086,"JJ"
53087,"IN"
53088,"DT"
53089,"NN"
53090,"POS"
53091,"NN"
53092,"."
53093,"IN"
53094,"PRP"
53095,"VBZ"
53096,"NN"
53097,"CC"
53098,"VBZ"
53099,"IN"
53100,"DT"
53101,"NN"
53102,","
53103,"PRP"
53104,"MD"
53105,"VB"
53106,"DT"
53107,"NN"
53108,"WRB"
53109,"DT"
53110,"NN"
53111,"VBZ"
53112,"IN"
53113,"DT"
53114,"VBZ"
53115,","
53116,"``"
53117,"NNS"
53118,"IN"
53119,"JJ"
53120,"NNS"
53121,":"
53122,"."
53123,"PRP"
53124,"VBP"
53125,"IN"
53126,"NNS"
53127,"IN"
53128,"NN"
53129,"IN"
53130,"NNP"
53131,","
53132,"CC"
53133,"RB"
53134,"VB"
53135,"IN"
53136,"NN"
53137,"."
53138,"''"
53139,"IN"
53140,"NN"
53141,","
53142,"NNP"
53143,"NNP"
53144,"VBD"
53145,","
53146,"DT"
53147,"NN"
53148,"VBZ"
53149,"JJ"
53150,"NNS"
53151,"TO"
53152,"JJ"
53153,"NNS"
53154,"IN"
53155,"DT"
53156,"NN"
53157,":"
53158,"PDT"
53159,"RB"
53160,","
53161,"``"
53162,"NNP"
53163,"NNP"
53164,"VBD"
53165,"DT"
53166,"NN"
53167,","
53168,"''"
53169,"CC"
53170,"``"
53171,"VBP"
53172,"RB"
53173,"VB"
53174,"DT"
53175,"NNS"
53176,"NN"
53177,"."
53178,"''"
53179,"DT"
53180,"NN"
53181,"RB"
53182,"VBZ"
53183,"IN"
53184,"JJ"
53185,"NNS"
53186,"IN"
53187,"NNP"
53188,"JJR"
53189,"NNS"
53190,"IN"
53191,"DT"
53192,"NN"
53193,"."
53194,"DT"
53195,"NNS"
53196,"VBP"
53197,"VBN"
53198,"IN"
53199,"DT"
53200,"NN"
53201,"NN"
53202,"WRB"
53203,"PRP"
53204,"VBZ"
53205,"VBN"
53206,"CC"
53207,"VBP"
53208,"VBN"
53209,"TO"
53210,"VB"
53211,"VBN"
53212,"RB"
53213,"RB"
53214,"IN"
53215,"DT"
53216,"NN"
53217,"VBZ"
53218,"RB"
53219,"CC"
53220,"VBG"
53221,"."
53222,"IN"
53223,"PRP"
53224,"VBZ"
53225,"NN"
53226,"IN"
53227,"DT"
53228,"NNP"
53229,","
53230,"NNP"
53231,"NNP"
53232,"VBD"
53233,","
53234,"DT"
53235,"NN"
53236,"MD"
53237,"VB"
53238,"JJ"
53239,"NNS"
53240,"IN"
53241,"NN"
53242,"NNS"
53243,"POS"
53244,"NNS"
53245,"TO"
53246,"DT"
53247,"NN"
53248,"IN"
53249,"JJ"
53250,"NNS"
53251,","
53252,"VBG"
53253,"PRP"
53254,"IN"
53255,"VBG"
53256,"RP"
53257,"TO"
53258,"DT"
53259,"NN"
53260,"."
53261,"NNP"
53262,"VBD"
53263,"IN"
53264,","
53265,"IN"
53266,"NNP"
53267,","
53268,"IN"
53269,"CD"
53270,"NN"
53271,"NNS"
53272,"VBD"
53273,"VBN"
53274,"."
53275,"NNP"
53276,","
53277,"DT"
53278,"NN"
53279,"VBD"
53280,"TO"
53281,"CD"
53282,":"
53283,"NN"
53284,"DT"
53285,"NN"
53286,"VBZ"
53287,"VBN"
53288,"TO"
53289,"VB"
53290,"TO"
53291,"CD"
53292,"."
53293,"NNP"
53294,"VBD"
53295,"PRP"
53296,"MD"
53297,"VB"
53298,"IN"
53299,"DT"
53300,"NN"
53301,"IN"
53302,"PRP"
53303,"VBZ"
53304,"RB"
53305,"WRB"
53306,"JJ"
53307,"NNS"
53308,"IN"
53309,"DT"
53310,"CD"
53311,"VBN"
53312,"TO"
53313,"NN"
53314,"VBD"
53315,"VBN"
53316,"CC"
53317,"DT"
53318,"NN"
53319,"IN"
53320,"DT"
53321,"NN"
53322,","
53323,"IN"
53324,"DT"
53325,"."
53326,"JJ"
53327,"NNS"
53328,"VBP"
53329,"VBN"
53330,"DT"
53331,"NN"
53332,"IN"
53333,"DT"
53334,"JJ"
53335,"NN"
53336,"NN"
53337,"TO"
53338,"VB"
53339,"IN"
53340,"PRP"
53341,"VBZ"
53342,"NN"
53343,"TO"
53344,"VB"
53345,"DT"
53346,"NN"
53347,"VBN"
53348,"TO"
53349,"VB"
53350,"DT"
53351,"NN"
53352,"."
53353,"NNS"
53354,"VBP"
53355,"IN"
53356,"IN"
53357,"DT"
53358,"NN"
53359,"VBG"
53360,"NN"
53361,"IN"
53362,"NN"
53363,"MD"
53364,"VB"
53365,","
53366,"CC"
53367,"IN"
53368,"NNP"
53369,"PRP"
53370,"VBZ"
53371,"IN"
53372,"DT"
53373,"NN"
53374,"IN"
53375,"DT"
53376,"CD"
53377,"NNS"
53378,"PRP"
53379,"VBZ"
53380,"RB"
53381,"TO"
53382,"DT"
53383,"NN"
53384,","
53385,"JJ"
53386,"NNS"
53387,"IN"
53388,"NN"
53389,"MD"
53390,"VB"
53391,"VBN"
53392,"IN"
53393,"DT"
53394,"NN"
53395,"."
53396,"RB"
53397,"RB"
53398,"CD"
53399,"VBZ"
53400,"VBN"
53401,"VBN"
53402,"RB"
53403,","
53404,"RB"
53405,"IN"
53406,"IN"
53407,"DT"
53408,"NN"
53409,"NN"
53410,"VBN"
53411,"IN"
53412,"DT"
53413,"JJ"
53414,"NN"
53415,","
53416,"CC"
53417,"NN"
53418,"IN"
53419,"IN"
53420,"DT"
53421,"NN"
53422,"."
53423,"NNP"
53424,"VBD"
53425,"DT"
53426,"NN"
53427,"NN"
53428,"VBD"
53429,"NN"
53430,"TO"
53431,"VB"
53432,"IN"
53433,"DT"
53434,"NN"
53435,"."
53436,"NNP"
53437,"NNP"
53438,"IN"
53439,"NNP"
53440,"VBD"
53441,"NNS"
53442,"VBP"
53443,"VBN"
53444,"IN"
53445,"NNP"
53446,"RB"
53447,"."
53448,"PRP"
53449,"VBD"
53450,"DT"
53451,"JJ"
53452,"NNP"
53453,"NNP"
53454,","
53455,"IN"
53456,"NNP"
53457,"NNP"
53458,","
53459,"RB"
53460,"VBN"
53461,"TO"
53462,"VB"
53463,"NNP"
53464,"CC"
53465,"VB"
53466,"PDT"
53467,"NNS"
53468,"RB"
53469,"VB"
53470,"DT"
53471,"NN"
53472,"IN"
53473,"NNP"
53474,","
53475,"VBG"
53476,"IN"
53477,"DT"
53478,"NNS"
53479,"."
53480,"O"
53481,"PRP"
53482,"VBZ"
53483,"RB"
53484,"DT"
53485,"NN"
53486,"IN"
53487,"NNS"
53488,"VBP"
53489,"VBG"
53490,"JJ"
53491,"NNS"
53492,"IN"
53493,"NNS"
53494,"WRB"
53495,"IN"
53496,"DT"
53497,"JJ"
53498,"NNS"
53499,"IN"
53500,"RB"
53501,"DT"
53502,"JJ"
53503,"NN"
53504,"IN"
53505,"RBS"
53506,"MD"
53507,"VBP"
53508,"VBN"
53509,"VBN"
53510,"."
53511,"CC"
53512,"PRP"
53513,"VBZ"
53514,"RB"
53515,"JJ"
53516,"IN"
53517,"DT"
53518,"NN"
53519,"TO"
53520,"VB"
53521,"JJ"
53522,"NNS"
53523,"VBZ"
53524,"JJ"
53525,"TO"
53526,"DT"
53527,"NN"
53528,","
53529,"CC"
53530,"RB"
53531,"TO"
53532,"NNS"
53533,"."
53534,"NN"
53535,"IN"
53536,"DT"
53537,"JJ"
53538,"JJ"
53539,"NN"
53540,","
53541,"IN"
53542,"NNP"
53543,"CC"
53544,"NNP"
53545,"CC"
53546,"NNP"
53547,","
53548,"DT"
53549,"NNP"
53550,"NNP"
53551,"VBZ"
53552,"RB"
53553,"VBN"
53554,"IN"
53555,"DT"
53556,"JJ"
53557,"NN"
53558,"TO"
53559,"VB"
53560,"NN"
53561,"TO"
53562,"VB"
53563,"IN"
53564,"DT"
53565,"JJ"
53566,"NN"
53567,"CC"
53568,"RB"
53569,"JJ"
53570,","
53571,"IN"
53572,"RB"
53573,"VBN"
53574,"IN"
53575,"JJ"
53576,"NN"
53577,","
53578,"MD"
53579,"VB"
53580,"JJ"
53581,"NN"
53582,"IN"
53583,"DT"
53584,"NN"
53585,"IN"
53586,"NN"
53587,"IN"
53588,"NNS"
53589,"."
53590,"DT"
53591,"VBZ"
53592,"DT"
53593,"JJ"
53594,"NN"
53595,"RB"
53596,"."
53597,"IN"
53598,"NN"
53599,","
53600,"RB"
53601,","
53602,"DT"
53603,"NN"
53604,"IN"
53605,"NN"
53606,"CC"
53607,"NN"
53608,"IN"
53609,"DT"
53610,"JJ"
53611,"NN"
53612,"RB"
53613,"RB"
53614,"VBD"
53615,"TO"
53616,"VB"
53617,"."
53618,"IN"
53619,"NN"
53620,","
53621,"DT"
53622,"JJ"
53623,"NN"
53624,"IN"
53625,"JJ"
53626,"NN"
53627,"VBZ"
53628,"VBN"
53629,"IN"
53630,"JJ"
53631,"NN"
53632,"IN"
53633,"DT"
53634,"JJ"
53635,"NN"
53636,"."
53637,"IN"
53638,"NN"
53639,","
53640,"IN"
53641,"NN"
53642,"NN"
53643,"VBZ"
53644,"RB"
53645,"VBN"
53646,"NN"
53647,","
53648,"PRP"
53649,"VBZ"
53650,"RB"
53651,"VBN"
53652,"RB"
53653,"VBN"
53654,"."
53655,"IN"
53656,"CD"
53657,","
53658,"DT"
53659,"NNP"
53660,"NNP"
53661,"VBD"
53662,"TO"
53663,"VB"
53664,"DT"
53665,"JJ"
53666,"NN"
53667,"IN"
53668,"DT"
53669,"NNP"
53670,"CC"
53671,"NNP"
53672,"NN"
53673,","
53674,"WDT"
53675,"VBD"
53676,"DT"
53677,"NN"
53678,"VBD"
53679,"IN"
53680,"IN"
53681,"DT"
53682,"NN"
53683,"VBD"
53684,"VBN"
53685,"PRP$"
53686,"JJ"
53687,"NN"
53688,"TO"
53689,"DT"
53690,"NN"
53691,"IN"
53692,"NN"
53693,"TO"
53694,"VB"
53695,"``"
53696,"DT"
53697,"JJ"
53698,"NN"
53699,"''"
53700,"CC"
53701,"IN"
53702,"DT"
53703,"NN"
53704,"VBD"
53705,"CC"
53706,"RB"
53707,"VBD"
53708,"DT"
53709,"NN"
53710,"."
53711,"RB"
53712,","
53713,"RB"
53714,","
53715,"JJR"
53716,"NNS"
53717,"CC"
53718,"NNS"
53719,"VBP"
53720,"VBN"
53721,"DT"
53722,"NN"
53723,"TO"
53724,"PRP$"
53725,"NN"
53726,"NN"
53727,"."
53728,"VB"
53729,"DT"
53730,"NNS"
53731,"VBG"
53732,"DT"
53733,"CD"
53734,"NN"
53735,"IN"
53736,"NNP"
53737,"NNP"
53738,"."
53739,"RB"
53740,"TO"
53741,"DT"
53742,"NN"
53743,"NN"
53744,"IN"
53745,"NNP"
53746,"IN"
53747,"NNP"
53748,"NNP"
53749,"IN"
53750,"CD"
53751,","
53752,"DT"
53753,"NN"
53754,"IN"
53755,"DT"
53756,"NNP"
53757,"POS"
53758,"NN"
53759,"NN"
53760,"VBD"
53761,"DT"
53762,"JJ"
53763,"JJ"
53764,"TO"
53765,"VB"
53766,"PRP"
53767,"TO"
53768,"VB"
53769,"PRP$"
53770,"NN"
53771,"NNS"
53772,"IN"
53773,"NN"
53774,"."
53775,"PRP"
53776,"VBD"
53777,"PRP$"
53778,"NN"
53779,"TO"
53780,"VB"
53781,"PRP"
53782,"TO"
53783,"DT"
53784,"NN"
53785,","
53786,"WP"
53787,","
53788,"IN"
53789,"NN"
53790,","
53791,"VBD"
53792,"PRP$"
53793,"NN"
53794,","
53795,"DT"
53796,"NNP"
53797,"NNP"
53798,","
53799,"TO"
53800,"VB"
53801,"DT"
53802,"NN"
53803,"."
53804,"VBG"
53805,"IN"
53806,"DT"
53807,"NN"
53808,","
53809,"DT"
53810,"NN"
53811,"VBD"
53812,"PRP"
53813,"IN"
53814,"PRP$"
53815,"NN"
53816,","
53817,"NNP"
53818,"NNP"
53819,","
53820,"CC"
53821,"NNP"
53822,"NNP"
53823,"RB"
53824,"VBD"
53825,"IN"
53826,"PRP$"
53827,"JJ"
53828,"NN"
53829,"CC"
53830,"JJ"
53831,"NNS"
53832,"."
53833,"RB"
53834,","
53835,"NNP"
53836,"NNP"
53837,"VBD"
53838,"DT"
53839,"JJ"
53840,"NN"
53841,"."
53842,"NNP"
53843,"NNP"
53844,"NNP"
53845,","
53846,"PRP$"
53847,"NN"
53848,","
53849,"VB"
53850,"DT"
53851,"JJ"
53852,"NN"
53853,"("
53854,"CC"
53855,","
53856,"IN"
53857,"RB"
53858,","
53859,"TO"
53860,"WP"
53861,")"
53862,"."
53863,"NNP"
53864,"NNP"
53865,"NNP"
53866,"VBP"
53867,"JJ"
53868,"NN"
53869,"("
53870,"CC"
53871,"IN"
53872,"RB"
53873,","
53874,"WRB"
53875,")"
53876,"."
53877,"CC"
53878,"VBD"
53879,"NNP"
53880,"NNP"
53881,"RB"
53882,"VB"
53883,"DT"
53884,"NN"
53885,"NN"
53886,"("
53887,"WDT"
53888,"PRP"
53889,"MD"
53890,"RB"
53891,"VB"
53892,"RP"
53893,")"
53894,"."
53895,"DT"
53896,"NN"
53897,"VBZ"
53898,"RB"
53899,"JJ"
53900,"IN"
53901,"NN"
53902,"NNS"
53903,"."
53904,"DT"
53905,"JJ"
53906,"NN"
53907,"VBZ"
53908,"VBN"
53909,"IN"
53910,"DT"
53911,"JJ"
53912,"JJ"
53913,"NN"
53914,"VBN"
53915,"IN"
53916,"NNP"
53917,"NNP"
53918,","
53919,"RB"
53920,"NN"
53921,"IN"
53922,"NN"
53923,"IN"
53924,"NNP"
53925,","
53926,"NNP"
53927,"CC"
53928,"NNP"
53929,"."
53930,"RB"
53931,","
53932,"NNP"
53933,"NNP"
53934,"VBD"
53935,"VBN"
53936,"RB"
53937,"IN"
53938,"DT"
53939,"NNP"
53940,"JJ"
53941,"NN"
53942,","
53943,"WRB"
53944,"PRP"
53945,"VBD"
53946,"VBN"
53947,"IN"
53948,"DT"
53949,"JJ"
53950,"NN"
53951,","
53952,"NNP"
53953,"``"
53954,"JJ"
53955,"''"
53956,"NN"
53957,","
53958,"WDT"
53959,"DT"
53960,"NN"
53961,"VBD"
53962,"IN"
53963,"NN"
53964,"."
53965,"IN"
53966,"NN"
53967,"NNS"
53968,"TO"
53969,"VB"
53970,","
53971,"NNP"
53972,"NNP"
53973,"VBD"
53974,"NNP"
53975,"NNP"
53976,","
53977,"DT"
53978,"NN"
53979,"NN"
53980,"IN"
53981,"NNP"
53982,","
53983,"NNP"
53984,"CC"
53985,"NNP"
53986,","
53987,"WP"
53988,"VBD"
53989,"VBG"
53990,"IN"
53991,"DT"
53992,"NN"
53993,","
53994,"TO"
53995,"VB"
53996,"DT"
53997,"NNS"
53998,"."
53999,"NNP"
54000,"NNP"
54001,"VBD"
54002,"NNP"
54003,"NNP"
54004,"WP"
54005,"PRP$"
54006,"NN"
54007,"VBD"
54008,"CC"
54009,","
54010,"IN"
54011,"NN"
54012,"IN"
54013,"PRP"
54014,"VBD"
54015,"NNP"
54016,"NNP"
54017,","
54018,"VBD"
54019,":"
54020,"``"
54021,"UH"
54022,","
54023,"PRP$"
54024,"NN"
54025,"VBZ"
54026,"DT"
54027,"JJ"
54028,"NN"
54029,"."
54030,"''"
54031,"DT"
54032,"JJ"
54033,"``"
54034,"NN"
54035,"''"
54036,"IN"
54037,"DT"
54038,"NN"
54039,"POS"
54040,"JJ"
54041,"NN"
54042,"VBD"
54043,"RB"
54044,"RB"
54045,"DT"
54046,"NN"
54047,"IN"
54048,"NNS"
54049,"RB"
54050,"VBN"
54051,"TO"
54052,"JJ"
54053,"IN"
54054,"DT"
54055,"NN"
54056,"."
54057,"VBD"
54058,"DT"
54059,"NN"
54060,"VBN"
54061,"TO"
54062,"NN"
54063,"DT"
54064,"JJ"
54065,"NNS"
54066,"MD"
54067,"VB"
54068,"VBN"
54069,":"
54070,"VBD"
54071,"EX"
54072,"DT"
54073,"PDT"
54074,"VB"
54075,"IN"
54076,"NN"
54077,"TO"
54078,"VB"
54079,"JJ"
54080,"NN"
54081,"."
54082,"NNP"
54083,"NNP"
54084,"NNP"
54085,"VBP"
54086,"NN"
54087,"IN"
54088,"DT"
54089,"."
54090,"RB"
54091,","
54092,"VBD"
54093,"DT"
54094,"NN"
54095,"NN"
54096,"."
54097,"RB"
54098,","
54099,"DT"
54100,"DT"
54101,"NNS"
54102,"VBP"
54103,"NN"
54104,"TO"
54105,"DT"
54106,"RBR"
54107,"JJ"
54108,"NN"
54109,":"
54110,"WP"
54111,"VBZ"
54112,"CC"
54113,"WP"
54114,"MD"
54115,"VB"
54116,"VBG"
54117,"DT"
54118,"JJ"
54119,"NN"
54120,"RB"
54121,"."
54122,"PRP"
54123,"VBZ"
54124,"RB"
54125,"JJ"
54126,"NN"
54127,"IN"
54128,"DT"
54129,"NNP"
54130,"NNP"
54131,"CC"
54132,"NNP"
54133,"NNP"
54134,"VBD"
54135,"DT"
54136,"JJ"
54137,"NN"
54138,"IN"
54139,"JJ"
54140,"NN"
54141,"."
54142,"RB"
54143,","
54144,"DT"
54145,"VBD"
54146,"IN"
54147,"NN"
54148,"IN"
54149,"PRP$"
54150,"NN"
54151,"VBD"
54152,"IN"
54153,"JJS"
54154,"JJ"
54155,"."
54156,"CC"
54157,"RB"
54158,"IN"
54159,"PRP"
54160,"VBD"
54161,"RB"
54162,","
54163,"NNS"
54164,"RB"
54165,"VBP"
54166,"TO"
54167,"VB"
54168,"CC"
54169,"VB"
54170,"DT"
54171,"JJ"
54172,"NN"
54173,"IN"
54174,"NNP"
54175,"JJ"
54176,"NN"
54177,"IN"
54178,"DT"
54179,"NN"
54180,"IN"
54181,"NN"
54182,"NN"
54183,"."
54184,"NNS"
54185,"CC"
54186,"NNS"
54187,"VBP"
54188,"NNS"
54189,"IN"
54190,"JJ"
54191,"JJ"
54192,"NNS"
54193,"CC"
54194,"VBP"
54195,"DT"
54196,"JJ"
54197,"TO"
54198,"JJ"
54199,"JJ"
54200,"NNS"
54201,"IN"
54202,"NNS"
54203,"."
54204,"JJ"
54205,"JJ"
54206,"NN"
54207,"IN"
54208,"DT"
54209,"NN"
54210,"POS"
54211,"NN"
54212,"VBZ"
54213,"RB"
54214,"VBN"
54215,"DT"
54216,"JJ"
54217,"NN"
54218,"POS"
54219,"NN"
54220,"."
54221,"WRB"
54222,"RB"
54223,"JJ"
54224,"NN"
54225,"VBZ"
54226,"VBN"
54227,","
54228,"DT"
54229,"NN"
54230,"VBZ"
54231,"DT"
54232,"JJ"
54233,"NNS"
54234,"IN"
54235,"JJ"
54236,"NN"
54237,"CC"
54238,"NN"
54239,"IN"
54240,"NN"
54241,"."
54242,"RB"
54243,","
54244,"JJ"
54245,"JJ"
54246,"NN"
54247,"NN"
54248,"IN"
54249,"DT"
54250,"NN"
54251,"VBZ"
54252,"JJ"
54253,"TO"
54254,"DT"
54255,"JJ"
54256,"NN"
54257,"VBN"
54258,"IN"
54259,"DT"
54260,"NN"
54261,"IN"
54262,"NN"
54263,"NN"
54264,"("
54265,"CC"
54266,"RB"
54267,"JJ"
54268,")"
54269,"NNS"
54270,"."
54271,"WRB"
54272,"DT"
54273,"NN"
54274,"VBZ"
54275,"IN"
54276,"DT"
54277,"JJ"
54278,"NN"
54279,"POS"
54280,"NN"
54281,"VBD"
54282,"JJ"
54283,"CC"
54284,"RB"
54285,"VBZ"
54286,"DT"
54287,"NN"
54288,"IN"
54289,"NN"
54290,"NN"
54291,"TO"
54292,"VB"
54293,"DT"
54294,"NN"
54295,","
54296,"PRP"
54297,"VBZ"
54298,"RB"
54299,"VB"
54300,"DT"
54301,"RB"
54302,"JJ"
54303,"NN"
54304,"IN"
54305,"JJ"
54306,"NNS"
54307,"WDT"
54308,"MD"
54309,"VB"
54310,"VBN"
54311,"IN"
54312,"DT"
54313,"JJ"
54314,"NN"
54315,"."
54316,"RB"
54317,","
54318,"DT"
54319,"NN"
54320,"VBZ"
54321,"RB"
54322,"VBN"
54323,"TO"
54324,"VB"
54325,"NNS"
54326,"IN"
54327,"DT"
54328,"JJ"
54329,"NN"
54330,"IN"
54331,"DT"
54332,"JJ"
54333,"NN"
54334,"."
54335,"IN"
54336,"NN"
54337,","
54338,"IN"
54339,"VBG"
54340,"IN"
54341,"NNP"
54342,"NNP"
54343,"POS"
54344,"NN"
54345,"TO"
54346,"VB"
54347,"JJ"
54348,"NN"
54349,"IN"
54350,"DT"
54351,"NN"
54352,"POS"
54353,"NN"
54354,","
54355,"PRP"
54356,"VBZ"
54357,"RB"
54358,"RB"
54359,"VB"
54360,"IN"
54361,"DT"
54362,"JJ"
54363,"NN"
54364,"IN"
54365,"DT"
54366,"NN"
54367,":"
54368,"WP"
54369,"IN"
54370,"DT"
54371,"NN"
54372,"VBD"
54373,"VBN"
54374,"JJ"
54375,"."
54376,"MD"
54377,"DT"
54378,"NN"
54379,"NN"
54380,"NN"
54381,"DT"
54382,"NN"
54383,"NN"
54384,"TO"
54385,"VB"
54386,"JJ"
54387,"IN"
54388,"DT"
54389,"RB"
54390,"JJ"
54391,"NN"
54392,"VBZ"
54393,"IN"
54394,"NN"
54395,"JJ"
54396,"."
54397,"IN"
54398,"DT"
54399,"NN"
54400,","
54401,"RB"
54402,"RB"
54403,"MD"
54404,"VB"
54405,"NNS"
54406,"VBP"
54407,"VBN"
54408,"TO"
54409,"VB"
54410,"IN"
54411,"JJ"
54412,"NNS"
54413,"IN"
54414,"DT"
54415,"NN"
54416,","
54417,"CC"
54418,"NNS"
54419,"VBN"
54420,"IN"
54421,"DT"
54422,"JJ"
54423,"NN"
54424,"NNS"
54425,"VBD"
54426,"VBN"
54427,"IN"
54428,"DT"
54429,"NNS"
54430,"TO"
54431,"VB"
54432,"RB"
54433,"TO"
54434,"JJ"
54435,"NNS"
54436,"IN"
54437,"NNS"
54438,"NNS"
54439,"."
54440,"NNP"
54441,","
54442,"IN"
54443,"NNP"
54444,"NNP"
54445,"POS"
54446,"NN"
54447,","
54448,"EX"
54449,"VBZ"
54450,"DT"
54451,"NN"
54452,"WDT"
54453,"VBZ"
54454,"DT"
54455,"JJ"
54456,"CC"
54457,"JJ"
54458,"."
54459,"IN"
54460,"DT"
54461,"NN"
54462,","
54463,"DT"
54464,"JJ"
54465,"NNS"
54466,"IN"
54467,"JJ"
54468,"NN"
54469,"VBN"
54470,"JJ"
54471,":"
54472,"("
54473,"LS"
54474,")"
54475,"IN"
54476,"PRP"
54477,"VBZ"
54478,","
54479,"DT"
54480,"NN"
54481,"RB"
54482,"MD"
54483,"VB"
54484,"DT"
54485,"NNS"
54486,"IN"
54487,"NNS"
54488,"IN"
54489,"DT"
54490,"DT"
54491,"JJ"
54492,"IN"
54493,"PRP$"
54494,"NN"
54495,","
54496,"RB"
54497,"RB"
54498,"DT"
54499,"JJ"
54500,"NNS"
54501,"IN"
54502,"DT"
54503,"NN"
54504,":"
54505,"CC"
54506,"("
54507,"LS"
54508,")"
54509,"DT"
54510,"NN"
54511,"MD"
54512,"NN"
54513,"``"
54514,"JJ"
54515,"NN"
54516,"''"
54517,"NNS"
54518,"WDT"
54519,"VBP"
54520,"JJR"
54521,"NN"
54522,"IN"
54523,"DT"
54524,"JJ"
54525,"NNS"
54526,"IN"
54527,"NNS"
54528,"."
54529,"IN"
54530,"JJ"
54531,"NNS"
54532,"MD"
54533,"VB"
54534,"IN"
54535,"NN"
54536,"("
54537,"WDT"
54538,"VBZ"
54539,"WRB"
54540,"DT"
54541,"NNP"
54542,"VBZ"
54543,"RB"
54544,"VBN"
54545,"DT"
54546,"JJ"
54547,"NN"
54548,"IN"
54549,"NN"
54550,"NN"
54551,")"
54552,","
54553,"JJ"
54554,"NN"
54555,"RB"
54556,"VBZ"
54557,"NN"
54558,"IN"
54559,"IN"
54560,"DT"
54561,"JJ"
54562,"NN"
54563,"NNS"
54564,"CC"
54565,"NNS"
54566,"IN"
54567,"JJS"
54568,"JJ"
54569,"NNS"
54570,"."
54571,"IN"
54572,"JJS"
54573,"WRB"
54574,"DT"
54575,"NNS"
54576,"VBP"
54577,"JJ"
54578,","
54579,"NN"
54580,"IN"
54581,"NN"
54582,"NNS"
54583,"IN"
54584,"NN"
54585,","
54586,"IN"
54587,"NNS"
54588,"VBP"
54589,"RB"
54590,"JJ"
54591,"TO"
54592,"VB"
54593,"DT"
54594,"JJ"
54595,"NN"
54596,"RB"
54597,"."
54598,"DT"
54599,"JJ"
54600,"NN"
54601,"CC"
54602,"NN"
54603,"NN"
54604,"NNS"
54605,"VBP"
54606,"RB"
54607,"JJR"
54608,"NNS"
54609,"IN"
54610,"DT"
54611,"JJ"
54612,"NN"
54613,"IN"
54614,"DT"
54615,"JJ"
54616,"JJ"
54617,"NN"
54618,"IN"
54619,"JJ"
54620,"NN"
54621,"."
54622,"IN"
54623,"CD"
54624,","
54625,"DT"
54626,"NNP"
54627,"NNP"
54628,"VBD"
54629,"IN"
54630,"NNP"
54631,"CC"
54632,"NNP"
54633,"TO"
54634,"VB"
54635,"DT"
54636,"JJ"
54637,"NN"
54638,"IN"
54639,"DT"
54640,"NNS"
54641,"IN"
54642,"VBG"
54643,"DT"
54644,"NN"
54645,"IN"
54646,"JJ"
54647,"NN"
54648,"IN"
54649,"JJ"
54650,"JJ"
54651,"NNS"
54652,"."
54653,"RB"
54654,","
54655,"JJ"
54656,"JJ"
54657,"NN"
54658,","
54659,"NNP"
54660,"RB"
54661,"VBD"
54662,"DT"
54663,"NN"
54664,"IN"
54665,"VBG"
54666,"DT"
54667,"JJ"
54668,"NN"
54669,"IN"
54670,"VBN"
54671,"NN"
54672,"TO"
54673,"VB"
54674,"DT"
54675,"NN"
54676,"TO"
54677,"VB"
54678,"DT"
54679,"IN"
54680,"``"
54681,"DT"
54682,"JJ"
54683,"NN"
54684,"IN"
54685,"JJ"
54686,"NNS"
54687,"."
54688,"''"
54689,"IN"
54690,"DT"
54691,"NN"
54692,","
54693,"DT"
54694,"MD"
54695,"VB"
54696,"DT"
54697,"JJ"
54698,"NN"
54699,"("
54700,"CC"
54701,"RB"
54702,"DT"
54703,"NNS"
54704,"IN"
54705,"DT"
54706,"NN"
54707,"CC"
54708,"NN"
54709,")"
54710,"."
54711,"PDT"
54712,"DT"
54713,"NN"
54714,"VBZ"
54715,"DT"
54716,"JJ"
54717,"NN"
54718,":"
54719,"NNP"
54720,"VBZ"
54721,"PRP"
54722,"VBZ"
54723,"JJR"
54724,"TO"
54725,"VB"
54726,"JJ"
54727,"JJ"
54728,"NNS"
54729,","
54730,"WDT"
54731,"DT"
54732,"NNS"
54733,"MD"
54734,"RB"
54735,"VB"
54736,","
54737,"IN"
54738,"TO"
54739,"VB"
54740,"IN"
54741,"DT"
54742,"JJ"
54743,"NN"
54744,"NNS"
54745,"WDT"
54746,"VBP"
54747,"RB"
54748,"PRP$"
54749,"NN"
54750,"."
54751,"PRP"
54752,"VBP"
54753,"VBN"
54754,"JJR"
54755,"IN"
54756,"DT"
54757,"JJ"
54758,"NN"
54759,"VBP"
54760,"IN"
54761,"IN"
54762,"DT"
54763,"JJ"
54764,"NN"
54765,"."
54766,"RB"
54767,","
54768,"WRB"
54769,"VBN"
54770,"IN"
54771,"RB"
54772,"JJ"
54773,"NN"
54774,","
54775,"NNS"
54776,"MD"
54777,"VB"
54778,"DT"
54779,"JJ"
54780,"JJ"
54781,"JJ"
54782,"NNS"
54783,"VBP"
54784,"PRP"
54785,"."
54786,"IN"
54787,"DT"
54788,"JJ"
54789,"NN"
54790,","
54791,"RB"
54792,","
54793,"JJ"
54794,"NNS"
54795,"MD"
54796,"VB"
54797,"JJ"
54798,"NN"
54799,"."
54800,"NNP"
54801,"NNP"
54802,"VBZ"
54803,"DT"
54804,"NN"
54805,"IN"
54806,"NNP"
54807,"NNP"
54808,"NNP"
54809,"."
54810,"O"
54811,"NNP"
54812,"NNP"
54813,"VBD"
54814,"DT"
54815,"CD"
54816,"NN"
54817,"NN"
54818,"IN"
54819,"JJ"
54820,"JJ"
54821,"NN"
54822,"TO"
54823,"$"
54824,"CD"
54825,"CD"
54826,","
54827,"CC"
54828,"CD"
54829,"NNS"
54830,"DT"
54831,"NN"
54832,","
54833,"IN"
54834,"$"
54835,"CD"
54836,"CD"
54837,","
54838,"CC"
54839,"$"
54840,"CD"
54841,"DT"
54842,"NN"
54843,","
54844,"DT"
54845,"NN"
54846,"RBR"
54847,"."
54848,"DT"
54849,"JJ"
54850,"NN"
54851,"VBD"
54852,"DT"
54853,"JJ"
54854,"NN"
54855,"IN"
54856,"$"
54857,"CD"
54858,"CD"
54859,"IN"
54860,"DT"
54861,"NN"
54862,"IN"
54863,"NNP"
54864,"POS"
54865,"NNS"
54866,"IN"
54867,"JJ"
54868,"NNS"
54869,"."
54870,"IN"
54871,"DT"
54872,"NN"
54873,","
54874,"NN"
54875,"NN"
54876,"VBD"
54877,"$"
54878,"CD"
54879,"CD"
54880,","
54881,"CC"
54882,"CD"
54883,"NNS"
54884,"DT"
54885,"NN"
54886,"."
54887,"DT"
54888,"NN"
54889,","
54890,"NN"
54891,"NN"
54892,","
54893,"JJ"
54894,"NNS"
54895,"CC"
54896,"JJ"
54897,"NN"
54898,"VBD"
54899,"DT"
54900,"JJS"
54901,"NN"
54902,"VBD"
54903,"DT"
54904,"JJ"
54905,"NN"
54906,"IN"
54907,"$"
54908,"CD"
54909,"."
54910,"DT"
54911,"NN"
54912,"RB"
54913,","
54914,"NN"
54915,"VBD"
54916,"DT"
54917,"$"
54918,"CD"
54919,"JJ"
54920,"NN"
54921,"."
54922,"NNS"
54923,"VBD"
54924,"CD"
54925,"NN"
54926,"TO"
54927,"$"
54928,"CD"
54929,"CD"
54930,"IN"
54931,"$"
54932,"CD"
54933,"CD"
54934,"."
54935,"NNP"
54936,"POS"
54937,"NN"
54938,"CC"
54939,"JJ"
54940,"NN"
54941,"NN"
54942,","
54943,"NNP"
54944,"NNP"
54945,"NNP"
54946,","
54947,"VBD"
54948,"NN"
54949,"NN"
54950,"VBD"
54951,"TO"
54952,"VB"
54953,"JJ"
54954,"IN"
54955,"DT"
54956,"NN"
54957,"CC"
54958,"NN"
54959,"CC"
54960,"NN"
54961,"NNS"
54962,"."
54963,"CC"
54964,"DT"
54965,"JJ"
54966,"NN"
54967,"VBD"
54968,"RB"
54969,"CC"
54970,"NN"
54971,"NNS"
54972,"VBN"
54973,"IN"
54974,"NNS"
54975,"."
54976,"IN"
54977,"IN"
54978,"JJ"
54979,"NNS"
54980,","
54981,"NNP"
54982,"NNP"
54983,"VBD"
54984,"NN"
54985,"VBD"
54986,"``"
54987,"RB"
54988,"JJ"
54989,"''"
54990,"JJ"
54991,"RB"
54992,"TO"
54993,"DT"
54994,"JJ"
54995,"NN"
54996,"IN"
54997,"VBG"
54998,"NNP"
54999,"IN"
55000,"NNP"
55001,"VBG"
55002,"DT"
55003,"NN"
55004,"IN"
55005,"DT"
55006,"JJ"
55007,"NN"
55008,"CC"
55009,"DT"
55010,"NN"
55011,"IN"
55012,"NNS"
55013,"TO"
55014,"NNP"
55015,"."
55016,"RB"
55017,","
55018,"NN"
55019,"VBD"
55020,"VBN"
55021,"IN"
55022,"DT"
55023,"NN"
55024,"IN"
55025,"DT"
55026,"NN"
55027,"NN"
55028,"WDT"
55029,"RB"
55030,"VBD"
55031,"DT"
55032,"NN"
55033,"POS"
55034,"JJ"
55035,"NN"
55036,"."
55037,"IN"
55038,"NNP"
55039,"NNP"
55040,"NNP"
55041,"NNP"
55042,"JJ"
55043,"NN"
55044,","
55045,"NNP"
55046,"VBD"
55047,"IN"
55048,"$"
55049,"CD"
55050,","
55051,"RB"
55052,"CD"
55053,"NNS"
55054,"."
55055,"O"
55056,"NNP"
55057,","
55058,"DT"
55059,"NN"
55060,"NN"
55061,"WDT"
55062,"VBD"
55063,"NNP"
55064,"POS"
55065,"NN"
55066,"NN"
55067,","
55068,"RB"
55069,"JJ"
55070,"NNS"
55071,"RB"
55072,"RB"
55073,"."
55074,"IN"
55075,"CD"
55076,"NNS"
55077,"IN"
55078,"DT"
55079,"JJ"
55080,"NN"
55081,"NN"
55082,"NN"
55083,"IN"
55084,"NNP"
55085,","
55086,"NN"
55087,"IN"
55088,"NNP"
55089,"NNP"
55090,","
55091,"DT"
55092,"NNP"
55093,"NNP"
55094,"NNP"
55095,"NNP"
55096,"VBD"
55097,"RB"
55098,"CD"
55099,"NNS"
55100,"TO"
55101,"DT"
55102,"JJ"
55103,"NN"
55104,"."
55105,"JJ"
55106,"NN"
55107,"RB"
55108,"VBD"
55109,"IN"
55110,","
55111,"CC"
55112,"DT"
55113,"NNS"
55114,"VBD"
55115,"CD"
55116,"NNS"
55117,"IN"
55118,"CD"
55119,"NNS"
55120,"."
55121,"DT"
55122,"JJ"
55123,"NNS"
55124,"VBP"
55125,"IN"
55126,"DT"
55127,"NN"
55128,"NN"
55129,"VBZ"
55130,"JJ"
55131,"CC"
55132,"JJ"
55133,":"
55134,"JJ"
55135,"TO"
55136,"VB"
55137,"IN"
55138,"DT"
55139,"JJ"
55140,"NN"
55141,":"
55142,"DT"
55143,"JJ"
55144,"NNS"
55145,"IN"
55146,"PRP$"
55147,"JJ"
55148,"NN"
55149,"NN"
55150,"."
55151,"JJ"
55152,"NNS"
55153,"VBD"
55154,"TO"
55155,"VB"
55156,"PRP$"
55157,"NN"
55158,"TO"
55159,"JJ"
55160,"NNS"
55161,"IN"
55162,"VBG"
55163,"JJ"
55164,"NNS"
55165,"."
55166,"DT"
55167,"JJ"
55168,"NN"
55169,"VBD"
55170,"IN"
55171,"CD"
55172,","
55173,"TO"
55174,"CD"
55175,"."
55176,"NNP"
55177,"NNP"
55178,"NNP"
55179,"NNP"
55180,"NN"
55181,"VBD"
55182,"DT"
55183,"JJ"
55184,"CD"
55185,"NNS"
55186,"."
55187,"NNS"
55188,"IN"
55189,"DT"
55190,"NNP"
55191,"NNP"
55192,"VBD"
55193,"NNS"
55194,","
55195,"CD"
55196,"TO"
55197,"CD"
55198,"."
55199,"NNP"
55200,"VBD"
55201,"VBN"
55202,"RB"
55203,"CC"
55204,"VBN"
55205,"RB"
55206,"."
55207,"DT"
55208,"NN"
55209,"VBD"
55210,"CD"
55211,"CD"
55212,"TO"
55213,"CD"
55214,"IN"
55215,"NN"
55216,"IN"
55217,"CD"
55218,"CD"
55219,"NNS"
55220,"."
55221,"DT"
55222,"NN"
55223,"VBZ"
55224,"RB"
55225,"RB"
55226,"JJ"
55227,"IN"
55228,"NNS"
55229,"CC"
55230,"NN"
55231,"IN"
55232,"JJ"
55233,"NNS"
55234,"."
55235,"NNP"
55236,","
55237,"WDT"
55238,"VBZ"
55239,"VBG"
55240,"TO"
55241,"VB"
55242,"DT"
55243,"JJ"
55244,"NN"
55245,"IN"
55246,"NNS"
55247,"MD"
55248,"RB"
55249,"VB"
55250,","
55251,"VBZ"
55252,"DT"
55253,"NN"
55254,"IN"
55255,"CD"
55256,"IN"
55257,"DT"
55258,"RBS"
55259,"JJ"
55260,"NNS"
55261,"IN"
55262,"DT"
55263,"NN"
55264,"NN"
55265,":"
55266,"JJ"
55267,"NN"
55268,"."
55269,"DT"
55270,"JJ"
55271,"NN"
55272,"IN"
55273,"DT"
55274,"NN"
55275,":"
55276,"DT"
55277,"JJ"
55278,"NN"
55279,"IN"
55280,"NN"
55281,"NNS"
55282,","
55283,"VBD"
55284,"RB"
55285,"TO"
55286,"VB"
55287,"NNS"
55288,"CC"
55289,"NNS"
55290,":"
55291,"VBD"
55292,"TO"
55293,"VBN"
55294,"DT"
55295,"NN"
55296,"IN"
55297,"NNS"
55298,"."
55299,"``"
55300,"PRP"
55301,"VBD"
55302,"DT"
55303,"JJ"
55304,"JJ"
55305,"NN"
55306,","
55307,"''"
55308,"VBD"
55309,"NNP"
55310,"NNP"
55311,","
55312,"NN"
55313,"IN"
55314,"DT"
55315,"NNP"
55316,"NNP"
55317,"NN"
55318,"NN"
55319,"NN"
55320,","
55321,"NNP"
55322,"."
55323,"DT"
55324,"NN"
55325,"MD"
55326,"RB"
55327,"VB"
55328,"RB"
55329,"."
55330,"DT"
55331,"NNP"
55332,"VBZ"
55333,"DT"
55334,"``"
55335,"JJ"
55336,"NN"
55337,"NN"
55338,","
55339,"''"
55340,"NNP"
55341,"NNP"
55342,"POS"
55343,"NN"
55344,"IN"
55345,"DT"
55346,"JJ"
55347,"JJ"
55348,"NN"
55349,"IN"
55350,"DT"
55351,"NN"
55352,"IN"
55353,"NN"
55354,"NN"
55355,"NNS"
55356,","
55357,"NN"
55358,"NNS"
55359,"CC"
55360,"NNS"
55361,"IN"
55362,"JJ"
55363,"NNS"
55364,"."
55365,"NNS"
55366,"VBP"
55367,"RB"
55368,"VBG"
55369,"PRP$"
55370,"NN"
55371,"NNS"
55372,"."
55373,"JJ"
55374,"JJ"
55375,"NNS"
55376,"IN"
55377,"DT"
55378,"NNP"
55379,"NNP"
55380,"NNP"
55381,"NNS"
55382,"CC"
55383,"NNP"
55384,"CC"
55385,"NNP"
55386,"POS"
55387,"JJ"
55388,"NN"
55389,"NNS"
55390,"VBP"
55391,"VBN"
55392,"JJ"
55393,"NN"
55394,"."
55395,"``"
55396,"PRP"
55397,"VBP"
55398,"IN"
55399,"NN"
55400,"IN"
55401,"DT"
55402,"NNS"
55403,"WRB"
55404,"PRP"
55405,"VBP"
55406,"VBG"
55407,"TO"
55408,"VB"
55409,"DT"
55410,"NN"
55411,"IN"
55412,"JJ"
55413,"NN"
55414,"NN"
55415,","
55416,"''"
55417,"VBD"
55418,"NNP"
55419,"NNP"
55420,","
55421,"NN"
55422,"IN"
55423,"JJ"
55424,"NN"
55425,"IN"
55426,"NNP"
55427,"NNP"
55428,"."
55429,"NNP"
55430,"VBD"
55431,"NN"
55432,"NN"
55433,","
55434,"CC"
55435,"PRP"
55436,"VBD"
55437,"VBG"
55438,"VBN"
55439,"TO"
55440,"JJ"
55441,"JJ"
55442,"NNS"
55443,"JJ"
55444,"IN"
55445,"NNP"
55446,"CC"
55447,"NNP"
55448,","
55449,"WDT"
55450,"VBD"
55451,"CD"
55452,"CD"
55453,"TO"
55454,"CD"
55455,"."
55456,"NNS"
55457,"``"
55458,"VBP"
55459,"VBG"
55460,"NNS"
55461,"WDT"
55462,"VBP"
55463,"JJ"
55464,"NNS"
55465,","
55466,"''"
55467,"VBD"
55468,"NNP"
55469,"NNP"
55470,"NNP"
55471,","
55472,"NN"
55473,"IN"
55474,"NN"
55475,"NN"
55476,"IN"
55477,"NNP"
55478,"NNP"
55479,"."
55480,"IN"
55481,"DT"
55482,"NN"
55483,","
55484,"NNS"
55485,"VBD"
55486,"NN"
55487,"NNS"
55488,"CC"
55489,"NNS"
55490,"IN"
55491,"NNS"
55492,"WDT"
55493,"VBP"
55494,"IN"
55495,"NN"
55496,"CC"
55497,"JJ"
55498,"JJ"
55499,"NN"
55500,"NNS"
55501,"IN"
55502,"PRP$"
55503,"NNS"
55504,"."
55505,"``"
55506,"DT"
55507,"NNS"
55508,"VBP"
55509,"JJR"
55510,"IN"
55511,"DT"
55512,"NN"
55513,"IN"
55514,"JJ"
55515,"NN"
55516,"RB"
55517,","
55518,"''"
55519,"VBD"
55520,"NNP"
55521,"NNP"
55522,","
55523,"JJ"
55524,"NN"
55525,"NN"
55526,"IN"
55527,"NNP"
55528,"NNP"
55529,"."
55530,"NNP"
55531,"NNP"
55532,","
55533,"WDT"
55534,"VBD"
55535,"CD"
55536,"CD"
55537,"JJ"
55538,"NNS"
55539,"IN"
55540,"CD"
55541,"CD"
55542,"NNP"
55543,"IN"
55544,"DT"
55545,"NN"
55546,"NN"
55547,"VBN"
55548,"IN"
55549,"NNP"
55550,"NNP"
55551,","
55552,"VBD"
55553,"RB"
55554,"CD"
55555,"TO"
55556,"CD"
55557,"."
55558,"NNP"
55559,"VBD"
55560,"CD"
55561,"TO"
55562,"CD"
55563,","
55564,"CC"
55565,"NNP"
55566,"NNP"
55567,"VBD"
55568,"CD"
55569,"TO"
55570,"CD"
55571,"CD"
55572,"."
55573,"NNP"
55574,"NNP"
55575,"NNP"
55576,"POS"
55577,"NN"
55578,"VBP"
55579,"VBN"
55580,"IN"
55581,"DT"
55582,"NNP"
55583,"NN"
55584,"NN"
55585,"."
55586,"DT"
55587,"NNP"
55588,"CC"
55589,"NNP"
55590,"NNP"
55591,"VBD"
55592,"NN"
55593,"NN"
55594,"."
55595,"IN"
55596,"DT"
55597,"JJ"
55598,"NN"
55599,"IN"
55600,"NN"
55601,","
55602,"IN"
55603,"CD"
55604,"CD"
55605,"NNS"
55606,"DT"
55607,"NN"
55608,"VBD"
55609,"NNS"
55610,"IN"
55611,"DT"
55612,"JJ"
55613,"NN"
55614,"IN"
55615,"JJ"
55616,"NN"
55617,"NN"
55618,"NN"
55619,"NNS"
55620,"VBD"
55621,"NNS"
55622,"RBR"
55623,"."
55624,"("
55625,"IN"
55626,"JJ"
55627,"NN"
55628,","
55629,"NNS"
55630,"VBP"
55631,"CC"
55632,"VBP"
55633,"JJ"
55634,"NNS"
55635,"IN"
55636,"NNS"
55637,"IN"
55638,"VBG"
55639,"NNS"
55640,"IN"
55641,"NNS"
55642,"."
55643,")"
55644,"NNS"
55645,"VBD"
55646,"JJ"
55647,"IN"
55648,"DT"
55649,"JJ"
55650,"NNS"
55651,"VBP"
55652,"NNS"
55653,"VBG"
55654,"VBN"
55655,"RB"
55656,"IN"
55657,"DT"
55658,"NNP"
55659,"POS"
55660,"NN"
55661,"."
55662,"RB"
55663,"IN"
55664,"JJ"
55665,"NN"
55666,","
55667,"NN"
55668,"NNS"
55669,"VBD"
55670,"DT"
55671,"NN"
55672,"IN"
55673,"NN"
55674,"."
55675,"DT"
55676,"NNP"
55677,"NNP"
55678,"NNP"
55679,"NNP"
55680,"VBD"
55681,"CD"
55682,"TO"
55683,"VB"
55684,"IN"
55685,"CD"
55686,"."
55687,"NNP"
55688,","
55689,"DT"
55690,"NN"
55691,"IN"
55692,"NNP"
55693,"NNP"
55694,","
55695,"VBD"
55696,"TO"
55697,"VB"
55698,"IN"
55699,"DT"
55700,"NN"
55701,"IN"
55702,"NNP"
55703,"NNP"
55704,"NN"
55705,"NNP"
55706,"NNP"
55707,"POS"
55708,"NN"
55709,"TO"
55710,"VB"
55711,"PRP$"
55712,"$"
55713,"JJ"
55714,"NN"
55715,"NN"
55716,"."
55717,"DT"
55718,"NN"
55719,"VBD"
55720,"CD"
55721,"CD"
55722,"TO"
55723,"CD"
55724,"CD"
55725,"IN"
55726,"CD"
55727,"CD"
55728,"NNS"
55729,"."
55730,"NNP"
55731,"NNP"
55732,"NNP"
55733,"VBD"
55734,"CD"
55735,"CD"
55736,"TO"
55737,"CD"
55738,"CD"
55739,","
55740,"NNP"
55741,"NNP"
55742,"VBD"
55743,"CD"
55744,"TO"
55745,"CD"
55746,"CD"
55747,","
55748,"NNP"
55749,"NNP"
55750,"VBD"
55751,"CD"
55752,"TO"
55753,"CD"
55754,"CC"
55755,"NNP"
55756,"NNP"
55757,"NNP"
55758,"VBD"
55759,"CD"
55760,"TO"
55761,"CD"
55762,"CD"
55763,"."
55764,"CC"
55765,"NNP"
55766,"NNP"
55767,","
55768,"DT"
55769,"NN"
55770,"IN"
55771,"NNP"
55772,"CC"
55773,"NNP"
55774,"NNS"
55775,","
55776,"VBD"
55777,"DT"
55778,"NN"
55779,"POS"
55780,"NN"
55781,"IN"
55782,"VBG"
55783,"CD"
55784,"TO"
55785,"CD"
55786,"CD"
55787,"IN"
55788,"NNP"
55789,"NNP"
55790,"NNP"
55791,"NN"
55792,"."
55793,"NNP"
55794,"VBD"
55795,"PRP"
55796,"VBZ"
55797,"RB"
55798,"IN"
55799,"NN"
55800,"IN"
55801,"VBG"
55802,"PRP$"
55803,"NNS"
55804,"IN"
55805,"NN"
55806,"RBR"
55807,"DT"
55808,"NN"
55809,"IN"
55810,"NNP"
55811,"NNP"
55812,"NN"
55813,"NN"
55814,","
55815,"IN"
55816,"WDT"
55817,"PRP"
55818,"VBZ"
55819,"TO"
55820,"VB"
55821,"JJ"
55822,"JJ"
55823,"NN"
55824,"."
55825,"NNP"
55826,"NNP"
55827,","
55828,"DT"
55829,"RBS"
55830,"JJ"
55831,"NNP"
55832,"NNP"
55833,"NN"
55834,"IN"
55835,"DT"
55836,"JJ"
55837,"JJ"
55838,"NN"
55839,","
55840,"VBD"
55841,"JJ"
55842,"IN"
55843,"CD"
55844,"CD"
55845,"IN"
55846,"CD"
55847,"CD"
55848,"NNS"
55849,"."
55850,"JJ"
55851,"JJ"
55852,"NN"
55853,"NNS"
55854,"RB"
55855,"VBD"
55856,"RB"
55857,"RB"
55858,":"
55859,"NNP"
55860,"VBD"
55861,"CD"
55862,"CD"
55863,"TO"
55864,"CD"
55865,"CD"
55866,":"
55867,"NNP"
55868,"NNP"
55869,"VBD"
55870,"JJ"
55871,"IN"
55872,"CD"
55873,"CD"
55874,":"
55875,"NNP"
55876,"VBZ"
55877,"RB"
55878,"VBN"
55879,"JJ"
55880,"IN"
55881,"CD"
55882,"CD"
55883,","
55884,"CC"
55885,"CD"
55886,"VBD"
55887,"CD"
55888,"TO"
55889,"CD"
55890,"CD"
55891,"."
55892,"NN"
55893,"NNS"
55894,"RB"
55895,"VBD"
55896,"."
55897,"NNP"
55898,"CC"
55899,"NNP"
55900,"POS"
55901,"JJ"
55902,"NN"
55903,"VBD"
55904,"CD"
55905,"TO"
55906,"CD"
55907,","
55908,"CC"
55909,"DT"
55910,"NNP"
55911,"NNP"
55912,"NNP"
55913,"NNP"
55914,"NNP"
55915,"NNP"
55916,"VBD"
55917,"CD"
55918,"TO"
55919,"CD"
55920,"."
55921,"IN"
55922,"DT"
55923,"JJ"
55924,"NNS"
55925,"WDT"
55926,"VBD"
55927,"RP"
55928,"NN"
55929,"VBD"
55930,"NNP"
55931,","
55932,"WDT"
55933,"VBD"
55934,"RP"
55935,"LS"
55936,"CD"
55937,"TO"
55938,"CD"
55939,"CD"
55940,"."
55941,"NNP"
55942,"NNP"
55943,"VBD"
55944,"CD"
55945,"TO"
55946,"CD"
55947,"CD"
55948,":"
55949,"NNP"
55950,"NNP"
55951,"VBD"
55952,"CD"
55953,"CD"
55954,"TO"
55955,"CD"
55956,"CC"
55957,"NNP"
55958,"NNP"
55959,"VBD"
55960,"CD"
55961,"CD"
55962,"TO"
55963,"CD"
55964,"CD"
55965,"."
55966,"IN"
55967,"JJ"
55968,"JJ"
55969,"NNS"
55970,","
55971,"NNP"
55972,"VBD"
55973,"CD"
55974,"TO"
55975,"CD"
55976,"CD"
55977,"."
55978,"NNP"
55979,"NNP"
55980,"VBD"
55981,"CD"
55982,"CD"
55983,"TO"
55984,"CD"
55985,"CD"
55986,","
55987,"NNP"
55988,"NNP"
55989,"VBD"
55990,"CD"
55991,"TO"
55992,"CD"
55993,","
55994,"NNP"
55995,"VBD"
55996,"CD"
55997,"TO"
55998,"CD"
55999,","
56000,"CC"
56001,"NNP"
56002,"NNP"
56003,"VBD"
56004,"RB"
56005,"CD"
56006,"TO"
56007,"CD"
56008,"CD"
56009,"."
56010,"DT"
56011,"JJ"
56012,"NN"
56013,"NN"
56014,"TO"
56015,"VB"
56016,"DT"
56017,"NN"
56018,"IN"
56019,"DT"
56020,"JJ"
56021,"NN"
56022,"POS"
56023,"NN"
56024,"NN"
56025,"IN"
56026,"NNP"
56027,"CD"
56028,"VBZ"
56029,"NNS"
56030,"."
56031,"IN"
56032,"DT"
56033,"CD"
56034,"JJ"
56035,"NNS"
56036,","
56037,"IN"
56038,"NNS"
56039,"IN"
56040,"CD"
56041,"NN"
56042,"TO"
56043,"CD"
56044,"NN"
56045,","
56046,"JJ"
56047,"NNS"
56048,","
56049,"NNS"
56050,"CC"
56051,"NNS"
56052,"NNS"
56053,"."
56054,"NNP"
56055,"RB"
56056,"VBD"
56057,"NN"
56058,"IN"
56059,"DT"
56060,"JJ"
56061,"NN"
56062,"."
56063,"DT"
56064,"NNP"
56065,"NN"
56066,"NN"
56067,"VBD"
56068,"RB"
56069,"CD"
56070,"TO"
56071,"CD"
56072,"IN"
56073,"NN"
56074,"IN"
56075,"CD"
56076,"CD"
56077,"NNS"
56078,"."
56079,"``"
56080,"DT"
56081,"NN"
56082,"VBZ"
56083,"DT"
56084,"NN"
56085,"RBR"
56086,"JJ"
56087,","
56088,"''"
56089,"VBD"
56090,"NNP"
56091,"NNP"
56092,","
56093,"NN"
56094,"IN"
56095,"NN"
56096,"NN"
56097,"IN"
56098,"DT"
56099,"NNP"
56100,"NN"
56101,"NN"
56102,"NNP"
56103,"CC"
56104,"NNP"
56105,"IN"
56106,"NNP"
56107,"NNP"
56108,"."
56109,"``"
56110,"IN"
56111,"EX"
56112,"VBZ"
56113,"DT"
56114,"NN"
56115,"JJR"
56116,"NN"
56117,"RB"
56118,","
56119,"IN"
56120,"NNS"
56121,"VBP"
56122,"IN"
56123,"PRP"
56124,"MD"
56125,"VB"
56126,"DT"
56127,"JJ"
56128,"CD"
56129,"NN"
56130,"CC"
56131,"CD"
56132,"NN"
56133,"NN"
56134,","
56135,"PRP"
56136,"MD"
56137,"VB"
56138,"PRP"
56139,"."
56140,"''"
56141,"NNP"
56142,"NNP"
56143,"VBD"
56144,"CD"
56145,"CD"
56146,"TO"
56147,"CD"
56148,"CD"
56149,"IN"
56150,"CD"
56151,"CD"
56152,"NNS"
56153,","
56154,"VBG"
56155,"NN"
56156,"NN"
56157,"IN"
56158,"DT"
56159,"NNS"
56160,"IN"
56161,"PRP$"
56162,"RB"
56163,"VBN"
56164,"JJ"
56165,"NN"
56166,"."
56167,"NNP"
56168,"NNP"
56169,"VBD"
56170,"CD"
56171,"CD"
56172,"TO"
56173,"CD"
56174,"CD"
56175,"."
56176,"DT"
56177,"NN"
56178,"POS"
56179,"JJ"
56180,"NNS"
56181,"VBD"
56182,"IN"
56183,"DT"
56184,"NNS"
56185,"POS"
56186,"NNS"
56187,"CC"
56188,"DT"
56189,"JJ"
56190,"NN"
56191,"."
56192,"NNP"
56193,"NNP"
56194,"VBD"
56195,"CD"
56196,"TO"
56197,"CD"
56198,"CD"
56199,"."
56200,"DT"
56201,"JJ"
56202,"NN"
56203,"VBZ"
56204,"TO"
56205,"VB"
56206,"PRP$"
56207,"NN"
56208,"TO"
56209,"NN"
56210,","
56211,"DT"
56212,"NN"
56213,"IN"
56214,"PRP$"
56215,"JJ"
56216,"NN"
56217,","
56218,"CC"
56219,"VB"
56220,"RP"
56221,"NN"
56222,"IN"
56223,"RB"
56224,"$"
56225,"CD"
56226,"CD"
56227,"IN"
56228,"JJ"
56229,"NN"
56230,"IN"
56231,"DT"
56232,"JJ"
56233,"NN"
56234,"TO"
56235,"NN"
56236,"IN"
56237,"DT"
56238,"NNP"
56239,"."
56240,"NNP"
56241,"VBD"
56242,"CD"
56243,"TO"
56244,"CD"
56245,"CD"
56246,"."
56247,"NNP"
56248,"NNP"
56249,"NNP"
56250,"VBD"
56251,"PRP$"
56252,"NN"
56253,"IN"
56254,"DT"
56255,"NN"
56256,"IN"
56257,"JJ"
56258,"NNS"
56259,"."
56260,"NNP"
56261,"VBD"
56262,"CD"
56263,"CD"
56264,"TO"
56265,"CD"
56266,"CD"
56267,"."
56268,"DT"
56269,"NN"
56270,"VBD"
56271,"DT"
56272,"NN"
56273,"IN"
56274,"NNS"
56275,"IN"
56276,"DT"
56277,"NNP"
56278,"NN"
56279,"VBD"
56280,"RB"
56281,"IN"
56282,"CD"
56283,"NN"
56284,"IN"
56285,"DT"
56286,"NN"
56287,"RBR"
56288,"."
56289,"NNP"
56290,"NNP"
56291,","
56292,"WDT"
56293,"VBD"
56294,"PRP"
56295,"MD"
56296,"VB"
56297,"VBN"
56298,"TO"
56299,"VB"
56300,"IN"
56301,"NNP"
56302,"NNP"
56303,"IN"
56304,"PRP"
56305,"MD"
56306,"RB"
56307,"VB"
56308,"DT"
56309,"NN"
56310,"IN"
56311,"PRP$"
56312,"NNS"
56313,"TO"
56314,"VB"
56315,"PRP$"
56316,"NN"
56317,"NN"
56318,","
56319,"VBD"
56320,"CD"
56321,"CD"
56322,"TO"
56323,"CD"
56324,"CD"
56325,"."
56326,"DT"
56327,"NNP"
56328,"NNP"
56329,"NNP"
56330,"NNP"
56331,"VBD"
56332,"CD"
56333,"TO"
56334,"CD"
56335,"."
56336,"NN"
56337,"VBD"
56338,"CD"
56339,"NNS"
56340,"."
56341,"IN"
56342,"JJ"
56343,"NNP"
56344,"NNS"
56345,","
56346,"DT"
56347,"JJ"
56348,"NN"
56349,"NNS"
56350,"IN"
56351,"NNP"
56352,"NNP"
56353,"VBD"
56354,"CD"
56355,"TO"
56356,"CD"
56357,"CD"
56358,"IN"
56359,"NN"
56360,"IN"
56361,"NNP"
56362,"."
56363,"NN"
56364,"NNS"
56365,"CC"
56366,"NNS"
56367,"VBD"
56368,"DT"
56369,"NN"
56370,"IN"
56371,"NNP"
56372,"NNP"
56373,"MD"
56374,"VB"
56375,"NNS"
56376,"WP"
56377,"VBP"
56378,"TO"
56379,"VB"
56380,"IN"
56381,"NNP"
56382,"NN"
56383,"NNS"
56384,"IN"
56385,"DT"
56386,"JJ"
56387,"NN"
56388,"IN"
56389,"NN"
56390,"NNS"
56391,"MD"
56392,"RB"
56393,"VB"
56394,"RB"
56395,"JJ"
56396,"IN"
56397,"IN"
56398,"DT"
56399,"JJ"
56400,"NN"
56401,"."
56402,"NN"
56403,"IN"
56404,"DT"
56405,"NN"
56406,"VBD"
56407,"CD"
56408,"TO"
56409,"CD"
56410,"CD"
56411,"IN"
56412,"CD"
56413,"NNS"
56414,"."
56415,"NNP"
56416,"NNP"
56417,"VBD"
56418,"CD"
56419,"CD"
56420,"TO"
56421,"CD"
56422,"IN"
56423,"CD"
56424,"NNS"
56425,"."
56426,"NNP"
56427,"NNP"
56428,"NNP"
56429,"NNP"
56430,"NNP"
56431,"VBD"
56432,"CD"
56433,"TO"
56434,"CD"
56435,"CD"
56436,"IN"
56437,"CD"
56438,"NNS"
56439,"."
56440,"NNP"
56441,"NNS"
56442,"IN"
56443,"JJ"
56444,"NN"
56445,"NN"
56446,"NNS"
56447,"VBD"
56448,"CD"
56449,"NNP"
56450,"NNP"
56451,"NNP"
56452,"JJ"
56453,"NNS"
56454,","
56455,"VBG"
56456,"TO"
56457,"DT"
56458,"NN"
56459,"IN"
56460,"JJ"
56461,"NN"
56462,"IN"
56463,"NN"
56464,"NNS"
56465,"IN"
56466,"DT"
56467,"NN"
56468,"VBN"
56469,"IN"
56470,"NN"
56471,"NN"
56472,"."
56473,"NNP"
56474,"POS"
56475,"NN"
56476,"NN"
56477,"JJ"
56478,"VBD"
56479,"CD"
56480,"NN"
56481,","
56482,"CC"
56483,"CD"
56484,"CD"
56485,","
56486,"TO"
56487,"CD"
56488,"CD"
56489,":"
56490,"DT"
56491,"NN"
56492,"NN"
56493,"VBD"
56494,"VBN"
56495,"CD"
56496,"NN"
56497,","
56498,"CC"
56499,"CD"
56500,","
56501,"TO"
56502,"CD"
56503,"CD"
56504,"."
56505,"DT"
56506,"JJS"
56507,"NN"
56508,"NN"
56509,"IN"
56510,"DT"
56511,"NNP"
56512,"VBD"
56513,"NNP"
56514,","
56515,"WDT"
56516,"VBD"
56517,"CD"
56518,"NN"
56519,","
56520,"CC"
56521,"CD"
56522,","
56523,"TO"
56524,"CD"
56525,"CD"
56526,"IN"
56527,"NN"
56528,"IN"
56529,"CD"
56530,"NNS"
56531,"."
56532,"IN"
56533,"NNP"
56534,","
56535,"DT"
56536,"NN"
56537,","
56538,"DT"
56539,"NN"
56540,"IN"
56541,"JJ"
56542,"NN"
56543,"NNS"
56544,","
56545,"VBD"
56546,"DT"
56547,"JJR"
56548,"JJ"
56549,"NN"
56550,"NN"
56551,"CC"
56552,"VBD"
56553,"DT"
56554,"NN"
56555,"IN"
56556,"PRP$"
56557,"JJ"
56558,"CD"
56559,"LS"
56560,"NN"
56561,","
56562,"CC"
56563,"VBD"
56564,"DT"
56565,"NN"
56566,"VBZ"
56567,"VBN"
56568,"IN"
56569,"DT"
56570,"IN"
56571,"JJ"
56572,"CD"
56573,"."
56574,"CC"
56575,"PRP$"
56576,"NN"
56577,","
56578,"NNP"
56579,"CC"
56580,"NNP"
56581,","
56582,"VBD"
56583,"NNP"
56584,"POS"
56585,"JJ"
56586,"NN"
56587,"VBZ"
56588,"``"
56589,"JJ"
56590,"NN"
56591,"IN"
56592,"PRP$"
56593,"NN"
56594,"TO"
56595,"VB"
56596,"IN"
56597,"DT"
56598,"JJ"
56599,"NN"
56600,"."
56601,"''"
56602,"NNP"
56603,"NNP"
56604,"NNP"
56605,"VBD"
56606,"CD"
56607,"NN"
56608,","
56609,"CC"
56610,"CD"
56611,"CD"
56612,","
56613,"TO"
56614,"CD"
56615,"CD"
56616,"."
56617,"NNP"
56618,"NNP"
56619,"CC"
56620,"NNP"
56621,"NNP"
56622,"VBD"
56623,"TO"
56624,"DT"
56625,"NN"
56626,"."
56627,"O"
56628,"NNP"
56629,"NNP"
56630,"NNS"
56631,"NNP"
56632,"VBD"
56633,"DT"
56634,"NN"
56635,"IN"
56636,"CD"
56637,"NNS"
56638,"DT"
56639,"NN"
56640,"IN"
56641,"PRP$"
56642,"$"
56643,"CD"
56644,"JJ"
56645,"JJ"
56646,"JJ"
56647,"NN"
56648,","
56649,"JJ"
56650,"NNP"
56651,"CD"
56652,"TO"
56653,"NN"
56654,"IN"
56655,"NN"
56656,"NNP"
56657,"CD"
56658,"."
56659,"CC"
56660,"NNS"
56661,"IN"
56662,"DT"
56663,"NNP"
56664,"NNP"
56665,","
56666,"NNP"
56667,","
56668,"JJ"
56669,"NN"
56670,"NN"
56671,"NN"
56672,"VBD"
56673,"RB"
56674,"VB"
56675,"IN"
56676,"DT"
56677,"JJ"
56678,"NN"
56679,"NN"
56680,"."
56681,"CC"
56682,"PRP"
56683,"MD"
56684,"RB"
56685,"VB"
56686,"JJ"
56687,"DT"
56688,"NN"
56689,","
56690,"DT"
56691,"NN"
56692,"VBD"
56693,","
56694,"IN"
56695,"NNS"
56696,"VBP"
56697,"JJ"
56698,"IN"
56699,"DT"
56700,"JJ"
56701,"NN"
56702,"IN"
56703,"CD"
56704,"."
56705,"IN"
56706,"NN"
56707,","
56708,"DT"
56709,"NN"
56710,"VBD"
56711,"DT"
56712,"NN"
56713,"TO"
56714,"VB"
56715,"NN"
56716,"IN"
56717,"JJ"
56718,"NNS"
56719,"."
56720,"VBG"
56721,"TO"
56722,"DT"
56723,"NN"
56724,","
56725,"NNP"
56726,"NNP"
56727,"MD"
56728,"VB"
56729,"VBN"
56730,"RP"
56731,"IN"
56732,"NNS"
56733,"DT"
56734,"JJ"
56735,"NN"
56736,"IN"
56737,"PRP$"
56738,"JJ"
56739,"NN"
56740,"TO"
56741,"VB"
56742,"PRP$"
56743,"JJ"
56744,"NN"
56745,"IN"
56746,"DT"
56747,"JJ"
56748,"NN"
56749,"NN"
56750,"NN"
56751,"."
56752,"O"
56753,"NNS"
56754,"VBP"
56755,"VBG"
56756,"TO"
56757,"VB"
56758,"IN"
56759,"JJ"
56760,"NNS"
56761,","
56762,"IN"
56763,"VBG"
56764,"NN"
56765,"NNS"
56766,"."
56767,"NNS"
56768,"IN"
56769,"JJ"
56770,"NNS"
56771,"IN"
56772,"NN"
56773,"VBD"
56774,"IN"
56775,"IN"
56776,"PDT"
56777,"DT"
56778,"NN"
56779,"IN"
56780,"JJ"
56781,"JJ"
56782,"NNS"
56783,"DT"
56784,"NN"
56785,","
56786,"VBG"
56787,"TO"
56788,"NNP"
56789,"NNP"
56790,"NNP"
56791,","
56792,"DT"
56793,"NN"
56794,"NN"
56795,"VBN"
56796,"RB"
56797,"."
56798,"NNP"
56799,"MD"
56800,"VB"
56801,"RB"
56802,"JJR"
56803,"NNS"
56804,"IN"
56805,"NNS"
56806,"IN"
56807,"$"
56808,"CD"
56809,"IN"
56810,"PRP"
56811,"MD"
56812,"IN"
56813,"NNS"
56814,"IN"
56815,"$"
56816,"CD"
56817,"CC"
56818,"RB"
56819,"."
56820,"``"
56821,"NNS"
56822,"VBP"
56823,"TO"
56824,"VB"
56825,"JJ"
56826,","
56827,"''"
56828,"VBD"
56829,"NNP"
56830,"NNP"
56831,","
56832,"NN"
56833,"IN"
56834,"NNP"
56835,"."
56836,"``"
56837,"NNP"
56838,"VBZ"
56839,"DT"
56840,"JJ"
56841,"NN"
56842,"NN"
56843,"CC"
56844,"RB"
56845,"PRP"
56846,"VBP"
56847,"JJR"
56848,"NN"
56849,":"
56850,"IN"
56851,"NNS"
56852,"VBG"
56853,"DT"
56854,"NN"
56855,"NN"
56856,"."
56857,"''"
56858,"DT"
56859,"NNS"
56860,"VBP"
56861,"VBG"
56862,"JJR"
56863,"NNS"
56864,"IN"
56865,"JJ"
56866,"IN"
56867,"NNS"
56868,"IN"
56869,"NNP"
56870,"."
56871,"``"
56872,"NNS"
56873,"IN"
56874,"NNS"
56875,"VBP"
56876,"IN"
56877,"EX"
56878,"VBZ"
56879,"VBN"
56880,"JJR"
56881,"NN"
56882,"IN"
56883,"DT"
56884,"JJ"
56885,"NN"
56886,"CC"
56887,"RB"
56888,","
56889,"''"
56890,"VBD"
56891,"NNP"
56892,"NNP"
56893,","
56894,"DT"
56895,"NN"
56896,"NN"
56897,"IN"
56898,"NNP"
56899,"NNP"
56900,"IN"
56901,"NNP"
56902,"NNP"
56903,"."
56904,"NNP"
56905,"VBD"
56906,"NNS"
56907,"NNP"
56908,"VBD"
56909,"IN"
56910,"$"
56911,"CD"
56912,"CD"
56913,"JJR"
56914,"IN"
56915,"JJ"
56916,"CC"
56917,"PRP"
56918,"VBZ"
56919,"JJR"
56920,"NN"
56921,"IN"
56922,"NNS"
56923,"VBP"
56924,"DT"
56925,"NNS"
56926,"IN"
56927,"NNS"
56928,"IN"
56929,"NN"
56930,"."
56931,"``"
56932,"DT"
56933,"VBZ"
56934,"DT"
56935,"NN"
56936,"TO"
56937,"VB"
56938,"NN"
56939,"IN"
56940,"DT"
56941,"NN"
56942,":"
56943,"DT"
56944,"NNP"
56945,"VBZ"
56946,"JJR"
56947,"NNS"
56948,"CC"
56949,"NNS"
56950,"IN"
56951,"DT"
56952,"NN"
56953,","
56954,"''"
56955,"VBD"
56956,"DT"
56957,"NNP"
56958,"NNP"
56959,"IN"
56960,"NNP"
56961,"NNP"
56962,"NNS"
56963,","
56964,"VBG"
56965,"NNP"
56966,"NNP"
56967,"NNP"
56968,"POS"
56969,"JJ"
56970,"NN"
56971,"."
56972,"NNP"
56973,"NNP"
56974,","
56975,"NNP"
56976,"POS"
56977,"JJ"
56978,"JJ"
56979,"NN"
56980,"NN"
56981,","
56982,"VBD"
56983,"EX"
56984,"VBZ"
56985,"RB"
56986,"RB"
56987,"VBN"
56988,"``"
56989,"DT"
56990,"JJ"
56991,"NN"
56992,","
56993,"''"
56994,"IN"
56995,"DT"
56996,"NN"
56997,"VBD"
56998,"DT"
56999,"NN"
57000,"WDT"
57001,"MD"
57002,"VB"
57003,"RB"
57004,"IN"
57005,"DT"
57006,"NN"
57007,"."
57008,"NNP"
57009,"POS"
57010,"NN"
57011,"NN"
57012,"VBD"
57013,"NN"
57014,"IN"
57015,"DT"
57016,"NN"
57017,"IN"
57018,"DT"
57019,"JJS"
57020,"NN"
57021,"IN"
57022,"NNP"
57023,"NNP"
57024,","
57025,"WRB"
57026,"DT"
57027,"NN"
57028,"IN"
57029,"NNS"
57030,"CC"
57031,"NNS"
57032,"RB"
57033,"VBP"
57034,"NNS"
57035,"IN"
57036,"NN"
57037,"."
57038,"NNP"
57039,"NNP"
57040,"NNP"
57041,"IN"
57042,"NNP"
57043,","
57044,"IN"
57045,"NN"
57046,","
57047,"VBZ"
57048,"VBG"
57049,"JJ"
57050,"JJ"
57051,"NNS"
57052,"DT"
57053,"JJ"
57054,"NN"
57055,"IN"
57056,"DT"
57057,"NN"
57058,"NN"
57059,"IN"
57060,"JJ"
57061,"CC"
57062,"JJ"
57063,"NNS"
57064,"."
57065,"DT"
57066,"NNS"
57067,"RB"
57068,"VBD"
57069,"NNS"
57070,"IN"
57071,"DT"
57072,"JJ"
57073,"NN"
57074,"NNS"
57075,"IN"
57076,"DT"
57077,"JJ"
57078,"NN"
57079,"."
57080,"NNP"
57081,"NNP"
57082,"POS"
57083,"NN"
57084,","
57085,"IN"
57086,"NN"
57087,","
57088,"VBD"
57089,"DT"
57090,"NN"
57091,"IN"
57092,"JJ"
57093,"JJ"
57094,"NNS"
57095,"TO"
57096,"CD"
57097,"NN"
57098,"IN"
57099,"CD"
57100,"NN"
57101,"."
57102,"IN"
57103,"NN"
57104,","
57105,"RB"
57106,","
57107,"JJ"
57108,"NNS"
57109,"IN"
57110,"JJ"
57111,"NNS"
57112,"VBP"
57113,"VBG"
57114,"DT"
57115,"NN"
57116,"IN"
57117,"DT"
57118,"NN"
57119,"NN"
57120,"CC"
57121,"IN"
57122,"PRP"
57123,"VBD"
57124,"DT"
57125,"NN"
57126,"RB"
57127,"."
57128,"JJ"
57129,"NNS"
57130,"IN"
57131,"NNS"
57132,"VBN"
57133,"IN"
57134,"JJ"
57135,"NNS"
57136,"VBD"
57137,"JJR"
57138,"IN"
57139,"PDT"
57140,"RB"
57141,"RB"
57142,"IN"
57143,"NNS"
57144,"IN"
57145,"NNP"
57146,"NNS"
57147,"VBN"
57148,"IN"
57149,"NNP"
57150,"POS"
57151,"NN"
57152,"."
57153,"JJ"
57154,"NNS"
57155,"IN"
57156,"$"
57157,"CD"
57158,"CC"
57159,"JJR"
57160,"VBD"
57161,"DT"
57162,"JJ"
57163,"CD"
57164,"NN"
57165,"IN"
57166,"DT"
57167,"NN"
57168,"VBN"
57169,"NNP"
57170,","
57171,"RB"
57172,"IN"
57173,"CD"
57174,"NN"
57175,","
57176,"VBG"
57177,"TO"
57178,"NNP"
57179,"."
57180,"DT"
57181,"NN"
57182,"IN"
57183,"JJ"
57184,"NNS"
57185,"VBD"
57186,"TO"
57187,"CD"
57188,"NN"
57189,"IN"
57190,"NNP"
57191,","
57192,"IN"
57193,"CD"
57194,"NN"
57195,"DT"
57196,"NN"
57197,"RB"
57198,"."
57199,"RB"
57200,","
57201,"DT"
57202,"JJ"
57203,"NN"
57204,"IN"
57205,"JJ"
57206,"NNS"
57207,"IN"
57208,"JJR"
57209,"IN"
57210,"$"
57211,"CD"
57212,"VBD"
57213,"TO"
57214,"CD"
57215,"NN"
57216,"IN"
57217,"DT"
57218,"JJ"
57219,"NN"
57220,","
57221,"VBG"
57222,"TO"
57223,"NNP"
57224,","
57225,"IN"
57226,"CD"
57227,"NN"
57228,"DT"
57229,"NN"
57230,"RB"
57231,"."
57232,"NNP"
57233,"NNP"
57234,"VBD"
57235,"DT"
57236,"JJ"
57237,"NNS"
57238,"VBP"
57239,"RB"
57240,"JJ"
57241,"IN"
57242,"JJ"
57243,"CC"
57244,"JJ"
57245,"NNS"
57246,","
57247,"CC"
57248,"NNS"
57249,"IN"
57250,"NNS"
57251,"VBN"
57252,"IN"
57253,"DT"
57254,"JJ"
57255,"NN"
57256,"VBP"
57257,"VBN"
57258,"IN"
57259,"RBR"
57260,"JJ"
57261,"VBG"
57262,"."
57263,"NNS"
57264,"VBN"
57265,"IN"
57266,"JJ"
57267,"NN"
57268,"NNS"
57269,","
57270,"WDT"
57271,"VBP"
57272,"JJ"
57273,"NNS"
57274,"VBP"
57275,"TO"
57276,"RB"
57277,"VB"
57278,"NN"
57279,"NN"
57280,"NNS"
57281,","
57282,"RB"
57283,"VBD"
57284,"JJR"
57285,"NNS"
57286,"IN"
57287,"NNS"
57288,"."
57289,"DT"
57290,"JJ"
57291,","
57292,"JJ"
57293,"NN"
57294,","
57295,"IN"
57296,"NN"
57297,","
57298,"VBD"
57299,"VBG"
57300,"DT"
57301,"JJ"
57302,"CD"
57303,"NN"
57304,"IN"
57305,"DT"
57306,"JJ"
57307,"NN"
57308,","
57309,"DT"
57310,"JJ"
57311,"IN"
57312,"DT"
57313,"NN"
57314,"NN"
57315,"JJR"
57316,"IN"
57317,"DT"
57318,"NN"
57319,"IN"
57320,"."
57321,"IN"
57322,"JJ"
57323,"NNP"
57324,","
57325,"WRB"
57326,"NN"
57327,"NNS"
57328,"VBD"
57329,"IN"
57330,"PRP$"
57331,"JJ"
57332,"NNS"
57333,","
57334,"JJ"
57335,"NNS"
57336,"VBN"
57337,"IN"
57338,"NNS"
57339,"VBD"
57340,"VBG"
57341,"NNS"
57342,"PDT"
57343,"DT"
57344,"NN"
57345,"NN"
57346,"CC"
57347,"JJR"
57348,"JJR"
57349,"IN"
57350,"NNS"
57351,"."
57352,"NN"
57353,"NNS"
57354,"VBP"
57355,"RB"
57356,"VBN"
57357,"TO"
57358,"VB"
57359,"JJ"
57360,"IN"
57361,"VBG"
57362,"NNS"
57363,"."
57364,"``"
57365,"WP"
57366,"VBD"
57367,"IN"
57368,"DT"
57369,"NN"
57370,"NN"
57371,"CC"
57372,"DT"
57373,"JJR"
57374,"NN"
57375,"NN"
57376,"''"
57377,"VBD"
57378,"NN"
57379,"``"
57380,"VB"
57381,"PRP"
57382,"JJ"
57383,"IN"
57384,"JJ"
57385,"NN"
57386,"NNS"
57387,"MD"
57388,"VB"
57389,"''"
57390,"DT"
57391,"NN"
57392,"RB"
57393,","
57394,"VBD"
57395,"NNP"
57396,"NNP"
57397,"IN"
57398,"NNP"
57399,"."
57400,"``"
57401,"RB"
57402,"IN"
57403,"DT"
57404,"NN"
57405,"NN"
57406,","
57407,"NNS"
57408,"VBD"
57409,"RB"
57410,"IN"
57411,"PDT"
57412,"DT"
57413,"NN"
57414,"NN"
57415,","
57416,"''"
57417,"VBD"
57418,"NNP"
57419,"NNP"
57420,"NNP"
57421,","
57422,"JJ"
57423,"NN"
57424,"NN"
57425,"IN"
57426,"JJ"
57427,"NN"
57428,"IN"
57429,"NNP"
57430,"NNP"
57431,"NNP"
57432,"NNP"
57433,"IN"
57434,"NNP"
57435,"NNP"
57436,"."
57437,"``"
57438,"DT"
57439,"VBZ"
57440,"NN"
57441,"IN"
57442,"NN"
57443,"NNS"
57444,"."
57445,"O"
57446,"NNS"
57447,"VBP"
57448,"DT"
57449,"JJ"
57450,"NN"
57451,"TO"
57452,"VB"
57453,"DT"
57454,"NN"
57455,"."
57456,"IN"
57457,"DT"
57458,"JJ"
57459,"NNS"
57460,"IN"
57461,"DT"
57462,"NNP"
57463,"NNP"
57464,"CC"
57465,"NNP"
57466,"NNP"
57467,"NNP"
57468,","
57469,"DT"
57470,"NNP"
57471,"NN"
57472,"VBD"
57473,"PRP$"
57474,"NN"
57475,"TO"
57476,"VB"
57477,"IN"
57478,"NN"
57479,"DT"
57480,"NN"
57481,"IN"
57482,"DT"
57483,"JJ"
57484,"NN"
57485,"IN"
57486,"DT"
57487,"NN"
57488,"POS"
57489,"NN"
57490,"NN"
57491,"."
57492,"IN"
57493,"DT"
57494,"JJ"
57495,"NN"
57496,"IN"
57497,"DT"
57498,"NN"
57499,"RB"
57500,"MD"
57501,"RB"
57502,"VB"
57503,"DT"
57504,"$"
57505,"CD"
57506,"CD"
57507,"CC"
57508,"RBR"
57509,"JJ"
57510,"IN"
57511,"DT"
57512,"NN"
57513,"POS"
57514,"NN"
57515,"IN"
57516,"DT"
57517,"NN"
57518,"IN"
57519,"PRP$"
57520,"$"
57521,"CD"
57522,"CD"
57523,"NN"
57524,","
57525,"DT"
57526,"NN"
57527,"RB"
57528,"MD"
57529,"VB"
57530,"TO"
57531,"DT"
57532,"JJ"
57533,"NN"
57534,"."
57535,"DT"
57536,"MD"
57537,"VB"
57538,"JJ"
57539,"IN"
57540,"PRP$"
57541,"JJ"
57542,"NN"
57543,"IN"
57544,"DT"
57545,"NNP"
57546,"NNP"
57547,"CC"
57548,"NNP"
57549,"NN"
57550,"NN"
57551,","
57552,"CC"
57553,"IN"
57554,"PRP$"
57555,"JJ"
57556,"NN"
57557,"TO"
57558,"NNP"
57559,","
57560,"NNP"
57561,"CC"
57562,"NNS"
57563,"."
57564,"DT"
57565,"NN"
57566,"VBZ"
57567,"JJ"
57568,"NNS"
57569,"IN"
57570,"VBG"
57571,"DT"
57572,"NN"
57573,"."
57574,"PRP$"
57575,"NN"
57576,"IN"
57577,"DT"
57578,"NNS"
57579,"IN"
57580,"JJ"
57581,"NNS"
57582,"VBZ"
57583,"VBN"
57584,"RB"
57585,"IN"
57586,"DT"
57587,"NNS"
57588,"."
57589,"DT"
57590,"NN"
57591,"CC"
57592,"NN"
57593,"IN"
57594,"NNS"
57595,"MD"
57596,"VB"
57597,"JJ"
57598,"IN"
57599,"DT"
57600,"NNP"
57601,"NNP"
57602,","
57603,"WDT"
57604,"VBZ"
57605,"JJR"
57606,"CC"
57607,"JJR"
57608,"NNS"
57609,"TO"
57610,"VBN"
57611,"NNS"
57612,"."
57613,"IN"
57614,"JJS"
57615,"CD"
57616,"JJ"
57617,"NNS"
57618,"VBP"
57619,"VBN"
57620,"DT"
57621,"NN"
57622,"TO"
57623,"VB"
57624,"IN"
57625,"JJ"
57626,"NN"
57627,"."
57628,"RB"
57629,","
57630,"PRP"
57631,"VBZ"
57632,"IN"
57633,"PRP$"
57634,"NN"
57635,"NN"
57636,"MD"
57637,"VB"
57638,"VBN"
57639,"IN"
57640,"NN"
57641,"TO"
57642,"VB"
57643,"PRP$"
57644,"NN"
57645,"JJ"
57646,"TO"
57647,"NN"
57648,"JJ"
57649,"NNS"
57650,","
57651,"IN"
57652,"WDT"
57653,"PRP"
57654,"VBZ"
57655,"DT"
57656,"NN"
57657,"."
57658,"NNP"
57659,","
57660,"DT"
57661,"NNP"
57662,"NNP"
57663,"POS"
57664,"JJ"
57665,"$"
57666,"CD"
57667,"CD"
57668,"NN"
57669,"NN"
57670,":"
57671,"$"
57672,"CD"
57673,"CD"
57674,"IN"
57675,"DT"
57676,"NNP"
57677,":"
57678,"VBZ"
57679,"VBN"
57680,"DT"
57681,"JJ"
57682,"NN"
57683,"CC"
57684,"IN"
57685,"JJ"
57686,"NN"
57687,"IN"
57688,"JJ"
57689,"JJ"
57690,"NNS"
57691,"."
57692,"NNP"
57693,","
57694,"DT"
57695,"NN"
57696,"MD"
57697,"VB"
57698,"TO"
57699,"VB"
57700,"NNP"
57701,"POS"
57702,"NN"
57703,"IN"
57704,"JJ"
57705,"NN"
57706,"("
57707,"RB"
57708,"CD"
57709,"NN"
57710,")"
57711,"."
57712,"NNP"
57713,"VBZ"
57714,"VBN"
57715,"DT"
57716,"JJR"
57717,"NN"
57718,"IN"
57719,"DT"
57720,"NN"
57721,"IN"
57722,"JJ"
57723,"NN"
57724,"NNS"
57725,","
57726,"CC"
57727,"VBZ"
57728,"DT"
57729,"JJ"
57730,"JJ"
57731,"NN"
57732,"IN"
57733,"JJ"
57734,"NNS"
57735,"IN"
57736,"JJ"
57737,"NNS"
57738,"."
57739,"IN"
57740,"JJ"
57741,"NNS"
57742,"MD"
57743,"VB"
57744,"IN"
57745,"DT"
57746,"NN"
57747,"NN"
57748,","
57749,"EX"
57750,"VBZ"
57751,"DT"
57752,"JJ"
57753,"JJ"
57754,"NN"
57755,"IN"
57756,"PRP"
57757,"."
57758,"NNS"
57759,"IN"
57760,"DT"
57761,"NN"
57762,"VBP"
57763,"IN"
57764,"DT"
57765,"JJ"
57766,"NNS"
57767,"JJ"
57768,"NN"
57769,"IN"
57770,"JJ"
57771,"JJ"
57772,"NNS"
57773,"."
57774,"PRP"
57775,"VBP"
57776,"IN"
57777,"DT"
57778,"NN"
57779,"VBZ"
57780,"DT"
57781,"NN"
57782,"IN"
57783,"JJ"
57784,"NNS"
57785,","
57786,"VBN"
57787,"PRP$"
57788,"JJ"
57789,"NN"
57790,"TO"
57791,"VB"
57792,"JJ"
57793,"NNS"
57794,"IN"
57795,"JJ"
57796,"NNS"
57797,"."
57798,"NNS"
57799,"VBP"
57800,"IN"
57801,"EX"
57802,"VBP"
57803,"RB"
57804,"JJR"
57805,"NNS"
57806,"JJ"
57807,"IN"
57808,"JJ"
57809,"NN"
57810,"NNS"
57811,"."
57812,"PRP"
57813,"VBP"
57814,"DT"
57815,"JJ"
57816,"NN"
57817,"NN"
57818,"IN"
57819,"JJ"
57820,"NNS"
57821,"MD"
57822,"RB"
57823,"VB"
57824,"RP"
57825,"VBG"
57826,"FW"
57827,"NN"
57828,"IN"
57829,"JJ"
57830,"JJ"
57831,"NN"
57832,"NN"
57833,","
57834,"DT"
57835,"JJ"
57836,"NN"
57837,"DT"
57838,"RP"
57839,"."
57840,"PRP"
57841,"VBP"
57842,"NNS"
57843,","
57844,"WDT"
57845,"VBZ"
57846,"DT"
57847,"NNS"
57848,"IN"
57849,"NNS"
57850,","
57851,"NN"
57852,"NN"
57853,"CC"
57854,"NN"
57855,"NNS"
57856,","
57857,"VBZ"
57858,"DT"
57859,"NN"
57860,"TO"
57861,"VB"
57862,"NN"
57863,","
57864,"RB"
57865,"DT"
57866,"NN"
57867,"POS"
57868,"JJ"
57869,"NN"
57870,"IN"
57871,"NN"
57872,"NNS"
57873,","
57874,"JJ"
57875,"NNS"
57876,"CC"
57877,"NN"
57878,"NN"
57879,"."
57880,"PRP"
57881,"VBP"
57882,"IN"
57883,"DT"
57884,"JJ"
57885,"NN"
57886,"NNS"
57887,"WDT"
57888,"VBP"
57889,"VBN"
57890,","
57891,"VBN"
57892,"CC"
57893,"VBN"
57894,"PRP"
57895,"IN"
57896,"NN"
57897,"IN"
57898,"JJ"
57899,"NN"
57900,"NNS"
57901,"."
57902,"NNS"
57903,"IN"
57904,"NNS"
57905,"IN"
57906,"DT"
57907,"NN"
57908,"POS"
57909,"NN"
57910,"NN"
57911,"RB"
57912,"VBP"
57913,"VBN"
57914,"IN"
57915,"DT"
57916,"NN"
57917,","
57918,"IN"
57919,"JJ"
57920,"NN"
57921,"IN"
57922,"NNP"
57923,"."
57924,"DT"
57925,"JJ"
57926,"NNP"
57927,"JJ"
57928,"NN"
57929,","
57930,"IN"
57931,"CD"
57932,","
57933,"VBD"
57934,"DT"
57935,"JJ"
57936,"NN"
57937,"CC"
57938,"VBD"
57939,"DT"
57940,"$"
57941,"CD"
57942,"CD"
57943,"NN"
57944,"NN"
57945,"IN"
57946,"IN"
57947,"PRP"
57948,"TO"
57949,"VB"
57950,"JJ"
57951,"NNS"
57952,"."
57953,"DT"
57954,"NN"
57955,"IN"
57956,"DT"
57957,"CD"
57958,"JJ"
57959,"NN"
57960,"VBP"
57961,"JJ"
57962,"TO"
57963,"VB"
57964,"JJ"
57965,"TO"
57966,"DT"
57967,"IN"
57968,"JJ"
57969,"NNS"
57970,"."
57971,"NNS"
57972,"MD"
57973,"VB"
57974,"DT"
57975,"VBG"
57976,","
57977,"JJ"
57978,"NN"
57979,"IN"
57980,"DT"
57981,"NN"
57982,"IN"
57983,"CD"
57984,"NNS"
57985,":"
57986,"IN"
57987,"DT"
57988,"NN"
57989,"VBP"
57990,"NNS"
57991,"WDT"
57992,"JJ"
57993,"NNPS"
57994,"POS"
57995,"NN"
57996,"MD"
57997,"RB"
57998,"VB"
57999,"VBN"
58000,"IN"
58001,"PRP"
58002,"IN"
58003,"JJ"
58004,"NN"
58005,"NNS"
58006,":"
58007,"CC"
58008,"IN"
58009,"DT"
58010,"NN"
58011,"NN"
58012,":"
58013,"IN"
58014,"NNS"
58015,":"
58016,"JJ"
58017,"CC"
58018,"JJ"
58019,"NNS"
58020,"."
58021,"NNP"
58022,"NNP"
58023,"MD"
58024,"VB"
58025,"VBN"
58026,"DT"
58027,"NN"
58028,"IN"
58029,"VBG"
58030,"CC"
58031,"VBG"
58032,"PRP$"
58033,"NN"
58034,"POS"
58035,"JJ"
58036,"NN"
58037,"IN"
58038,"DT"
58039,"NN"
58040,"NN"
58041,"."
58042,"DT"
58043,"NNP"
58044,"NN"
58045,"TO"
58046,"VB"
58047,"DT"
58048,"NN"
58049,"PRP$"
58050,"NN"
58051,"NN"
58052,","
58053,"CC"
58054,"VB"
58055,"PRP"
58056,"TO"
58057,"CD"
58058,"NN"
58059,","
58060,"MD"
58061,"VB"
58062,"DT"
58063,"JJ"
58064,"NN"
58065,"IN"
58066,"JJ"
58067,"JJ"
58068,"NN"
58069,","
58070,"CC"
58071,"MD"
58072,"RB"
58073,"VB"
58074,"VBN"
58075,"RB"
58076,"."
58077,"NNS"
58078,"MD"
58079,"VBP"
58080,"IN"
58081,"DT"
58082,"NNS"
58083,"IN"
58084,"DT"
58085,"NNP"
58086,"NN"
58087,"NN"
58088,"CC"
58089,"DT"
58090,"NN"
58091,"IN"
58092,"NN"
58093,"JJ"
58094,"NNS"
58095,"."
58096,"IN"
58097,"JJ"
58098,"NNS"
58099,"CC"
58100,"DT"
58101,"JJ"
58102,"NNS"
58103,"VBP"
58104,"PRP"
58105,"MD"
58106,"VB"
58107,"DT"
58108,"NN"
58109,"IN"
58110,"DT"
58111,"NN"
58112,"NN"
58113,","
58114,"DT"
58115,"JJ"
58116,"NN"
58117,"NN"
58118,"MD"
58119,"VB"
58120,"DT"
58121,"NN"
58122,"JJ"
58123,"."
58124,"RB"
58125,","
58126,"DT"
58127,"JJ"
58128,"NN"
58129,"IN"
58130,"DT"
58131,"NN"
58132,"NN"
58133,"("
58134,"CC"
58135,"VB"
58136,"IN"
58137,"NNS"
58138,"TO"
58139,"NNP"
58140,")"
58141,"MD"
58142,"VB"
58143,"NNP"
58144,"DT"
58145,"NN"
58146,"IN"
58147,"JJ"
58148,"NNS"
58149,"IN"
58150,"JJ"
58151,"NN"
58152,"."
58153,"IN"
58154,"DT"
58155,"JJ"
58156,"NN"
58157,","
58158,"DT"
58159,"NN"
58160,"TO"
58161,"VB"
58162,"DT"
58163,"NN"
58164,"POS"
58165,"NN"
58166,"MD"
58167,"VB"
58168,"DT"
58169,"JJ"
58170,"JJ"
58171,"NN"
58172,"IN"
58173,"JJ"
58174,"NNS"
58175,"IN"
58176,"JJ"
58177,"NNS"
58178,"."
58179,"IN"
58180,"DT"
58181,"NN"
58182,","
58183,"RB"
58184,"JJR"
58185,"VB"
58186,"NN"
58187,"CC"
58188,"NN"
58189,"MD"
58190,"VB"
58191,"VBN"
58192,"IN"
58193,"VBG"
58194,"JJ"
58195,"JJ"
58196,"NNS"
58197,"TO"
58198,"VBG"
58199,"RP"
58200,"JJ"
58201,"NN"
58202,"NNS"
58203,"WDT"
58204,"VBP"
58205,"JJ"
58206,"JJ"
58207,"NNS"
58208,"."
58209,"VBG"
58210,"DT"
58211,"NN"
58212,"MD"
58213,"VB"
58214,"JJ"
58215,"NN"
58216,"RB"
58217,"RB"
58218,","
58219,"IN"
58220,"NNS"
58221,"VBP"
58222,"JJ"
58223,"NNS"
58224,"IN"
58225,"NN"
58226,"IN"
58227,"JJR"
58228,"JJ"
58229,"NN"
58230,"."
58231,"NNS"
58232,"MD"
58233,"VB"
58234,"DT"
58235,"NN"
58236,"RB"
58237,"TO"
58238,"DT"
58239,"NN"
58240,"POS"
58241,"JJ"
58242,"NN"
58243,"."
58244,"DT"
58245,"NNS"
58246,"VBP"
58247,"RB"
58248,"JJ"
58249,"TO"
58250,"VB"
58251,"VBN"
58252,"TO"
58253,"DT"
58254,"JJ"
58255,"NN"
58256,"NN"
58257,"NNS"
58258,"VBG"
58259,"IN"
58260,"DT"
58261,"NN"
58262,"IN"
58263,"DT"
58264,"NN"
58265,"NN"
58266,","
58267,"RB"
58268,"IN"
58269,"PRP$"
58270,"NN"
58271,"."
58272,"IN"
58273,"NNS"
58274,"VBP"
58275,"RB"
58276,"VB"
58277,"DT"
58278,"NN"
58279,"IN"
58280,"DT"
58281,"NN"
58282,"POS"
58283,"NN"
58284,","
58285,"IN"
58286,"PRP"
58287,"VBZ"
58288,"JJ"
58289,"IN"
58290,"PRP"
58291,"TO"
58292,"VB"
58293,"RB"
58294,"RB"
58295,"CC"
58296,"VB"
58297,"DT"
58298,"NN"
58299,"."
58300,"NNP"
58301,"NNP"
58302,"VBZ"
58303,"DT"
58304,"JJ"
58305,"NN"
58306,"IN"
58307,"DT"
58308,"NNP"
58309,"NNP"
58310,"NNP"
58311,"IN"
58312,"NNP"
58313,"."
58314,"O"
58315,"NNP"
58316,"NNP"
58317,"NNP"
58318,"NNP"
58319,"VBN"
58320,"CC"
58321,"VBD"
58322,"CD"
58323,"NNS"
58324,"NNS"
58325,"VBN"
58326,"IN"
58327,"VBG"
58328,"JJ"
58329,"NNS"
58330,"IN"
58331,"DT"
58332,"JJ"
58333,"IN"
58334,"RB"
58335,"VBN"
58336,"DT"
58337,"NN"
58338,"."
58339,"NNP"
58340,"NNS"
58341,"VBD"
58342,"NNP"
58343,"NNP"
58344,"NNP"
58345,"VBD"
58346,"VBN"
58347,"VBG"
58348,"DT"
58349,"NN"
58350,"POS"
58351,"NN"
58352,"IN"
58353,"PRP$"
58354,"NN"
58355,"IN"
58356,"JJ"
58357,"NNS"
58358,"NNS"
58359,"IN"
58360,"NNP"
58361,"TO"
58362,"NNP"
58363,"CD"
58364,"."
58365,"NNP"
58366,"NNP"
58367,"VBD"
58368,"NNP"
58369,"NNP"
58370,"VBD"
58371,"IN"
58372,"DT"
58373,"NN"
58374,"JJ"
58375,"NNS"
58376,"IN"
58377,"NN"
58378,"IN"
58379,"DT"
58380,"NN"
58381,","
58382,"NNP"
58383,"NNP"
58384,"."
58385,"DT"
58386,"NNP"
58387,"VBN"
58388,"NNP"
58389,"NNP"
58390,"$"
58391,"CD"
58392,"CC"
58393,"VBD"
58394,"PRP$"
58395,"NN"
58396,"NN"
58397,"IN"
58398,"CD"
58399,"NNS"
58400,"."
58401,"RB"
58402,","
58403,"PRP"
58404,"CC"
58405,"NNP"
58406,"NNP"
58407,"VBD"
58408,"VBN"
58409,"TO"
58410,"VB"
58411,"NN"
58412,"IN"
58413,"$"
58414,"CD"
58415,"TO"
58416,"DT"
58417,"NN"
58418,"."
58419,"NNP"
58420,"NNP"
58421,"VBD"
58422,"VBN"
58423,"$"
58424,"CD"
58425,"CC"
58426,"VBN"
58427,"IN"
58428,"CD"
58429,"NNS"
58430,"."
58431,"NNP"
58432,"NNP"
58433,"CC"
58434,"NNP"
58435,"MD"
58436,"RB"
58437,"VB"
58438,"VBN"
58439,"IN"
58440,"NN"
58441,"."
58442,"NNP"
58443,"NNP"
58444,"VBD"
58445,"IN"
58446,"IN"
58447,"NN"
58448,"IN"
58449,"DT"
58450,"JJ"
58451,"NN"
58452,","
58453,"DT"
58454,"NN"
58455,"VBD"
58456,","
58457,"CC"
58458,"VBD"
58459,"DT"
58460,"JJ"
58461,"NNS"
58462,"."
58463,"DT"
58464,"VBD"
58465,"IN"
58466,"DT"
58467,"CD"
58468,"NNS"
58469,"VBD"
58470,"JJ"
58471,"NNP"
58472,"IN"
58473,"DT"
58474,"JJ"
58475,"NN"
58476,"IN"
58477,"NNS"
58478,"IN"
58479,"DT"
58480,"DT"
58481,"NNP"
58482,"CC"
58483,"DT"
58484,"NNP"
58485,"NNP"
58486,"IN"
58487,"NNP"
58488,"."
58489,"O"
58490,"IN"
58491,"DT"
58492,"NN"
58493,"WDT"
58494,"MD"
58495,"VB"
58496,"DT"
58497,"JJ"
58498,"JJ"
58499,"NN"
58500,"TO"
58501,"NNP"
58502,"NNP"
58503,"NNP"
58504,"POS"
58505,"JJ"
58506,"NNP"
58507,"NNP"
58508,"NNP"
58509,","
58510,"NN"
58511,"NN"
58512,"NNP"
58513,"NNP"
58514,"VBD"
58515,"TO"
58516,"VB"
58517,"NN"
58518,"IN"
58519,"NNP"
58520,"NNP"
58521,"NNP"
58522,"IN"
58523,"NNP"
58524,"NNP"
58525,"IN"
58526,"$"
58527,"CD"
58528,"CD"
58529,"."
58530,"DT"
58531,"NN"
58532,"VBZ"
58533,"IN"
58534,"RB"
58535,"CD"
58536,"NNS"
58537,"IN"
58538,"JJ"
58539,"JJ"
58540,"NNS"
58541,"IN"
58542,"NNP"
58543,"CC"
58544,"NNP"
58545,","
58546,"WDT"
58547,"VBZ"
58548,"RB"
58549,"VBN"
58550,"DT"
58551,"NN"
58552,"IN"
58553,"DT"
58554,"NN"
58555,"IN"
58556,"NNP"
58557,"IN"
58558,"JJ"
58559,"NN"
58560,"NNS"
58561,"."
58562,"NNP"
58563,"VBZ"
58564,"DT"
58565,"JJ"
58566,"NN"
58567,","
58568,"TO"
58569,"NNP"
58570,"NNP"
58571,"NNP"
58572,","
58573,"CC"
58574,"IN"
58575,"NNP"
58576,"VBD"
58577,"DT"
58578,"$"
58579,"CD"
58580,"CD"
58581,"JJ"
58582,"NN"
58583,"IN"
58584,"NNP"
58585,"NNP"
58586,","
58587,"VBG"
58588,"DT"
58589,"NN"
58590,"CC"
58591,"PRP$"
58592,"NNP"
58593,"CC"
58594,"NNP"
58595,"NNP"
58596,"NN"
58597,"NNS"
58598,"IN"
58599,"VBG"
58600,"TO"
58601,"VB"
58602,"DT"
58603,"NN"
58604,"NN"
58605,"NN"
58606,"."
58607,"NNP"
58608,"VBZ"
58609,"JJ"
58610,"TO"
58611,"CD"
58612,"CD"
58613,"NNS"
58614,"TO"
58615,"PRP$"
58616,"NNP"
58617,"CC"
58618,"NNP"
58619,"NNS"
58620,","
58621,"IN"
58622,"NNP"
58623,"CC"
58624,"PRP$"
58625,"JJ"
58626,"NN"
58627,","
58628,"DT"
58629,"NNP"
58630,"NNP"
58631,","
58632,"VBP"
58633,"RB"
58634,"IN"
58635,"CD"
58636,"CD"
58637,","
58638,"VBG"
58639,"TO"
58640,"NNP"
58641,"NNP"
58642,"NNP"
58643,","
58644,"DT"
58645,"NNP"
58646,","
58647,"NNP"
58648,","
58649,"NN"
58650,"NN"
58651,"."
58652,"IN"
58653,"NNP"
58654,","
58655,"DT"
58656,"NN"
58657,"IN"
58658,"NNP"
58659,"VBZ"
58660,"PRP"
58661,"IN"
58662,"DT"
58663,"JJ"
58664,"NN"
58665,":"
58666,"IN"
58667,"DT"
58668,"JJS"
58669,"NN"
58670,"NN"
58671,","
58672,"IN"
58673,"NN"
58674,"IN"
58675,"NN"
58676,"TO"
58677,"CD"
58678,"CD"
58679,"IN"
58680,"DT"
58681,"NN"
58682,"POS"
58683,"CD"
58684,"CD"
58685,"NN"
58686,"NNS"
58687,","
58688,"NNP"
58689,"VBZ"
58690,"NNP"
58691,"POS"
58692,"JJS"
58693,"NN"
58694,"."
58695,"CC"
58696,"NNP"
58697,"NNP"
58698,"NNP"
58699,"NNP"
58700,"VBZ"
58701,"RB"
58702,"VBN"
58703,"VBN"
58704,"IN"
58705,"NNP"
58706,"POS"
58707,"NN"
58708,"IN"
58709,"DT"
58710,"NN"
58711,"NN"
58712,"NN"
58713,","
58714,"CC"
58715,"VBZ"
58716,"VBN"
58717,"JJ"
58718,"TO"
58719,"VB"
58720,"NNP"
58721,"IN"
58722,"DT"
58723,"JJ"
58724,"NN"
58725,"."
58726,"``"
58727,"PRP"
58728,"VBZ"
58729,"JJ"
58730,"TO"
58731,"DT"
58732,"NN"
58733,"NN"
58734,"IN"
58735,"PRP"
58736,"VBP"
58737,"DT"
58738,"NN"
58739,"CC"
58740,"JJ"
58741,"NN"
58742,"NN"
58743,","
58744,"''"
58745,"NNP"
58746,"NNP"
58747,"VBD"
58748,"IN"
58749,"DT"
58750,"NN"
58751,"."
58752,"IN"
58753,"DT"
58754,"NN"
58755,"NN"
58756,","
58757,"NNP"
58758,"NNP"
58759,","
58760,"NNP"
58761,"JJ"
58762,"NN"
58763,"NN"
58764,","
58765,"VBD"
58766,"NNP"
58767,"POS"
58768,"NN"
58769,"IN"
58770,"NNP"
58771,"``"
58772,"VBZ"
58773,"RB"
58774,"VB"
58775,"PRP"
58776,","
58777,"CC"
58778,"NN"
58779,"PRP"
58780,"VBP"
58781,"VBG"
58782,"RB"
58783,"VBZ"
58784,"DT"
58785,"NN"
58786,"TO"
58787,"DT"
58788,"."
58789,"''"
58790,"PRP"
58791,"VBD"
58792,","
58793,"``"
58794,"PRP"
58795,"VBP"
58796,"RB"
58797,"VB"
58798,"TO"
58799,"VB"
58800,"VBN"
58801,"IN"
58802,"PRP"
58803,","
58804,"''"
58805,"VBG"
58806,"WDT"
58807,"FW"
58808,"MD"
58809,"RB"
58810,"VB"
58811,"DT"
58812,"JJ"
58813,"NN"
58814,"IN"
58815,"DT"
58816,"NN"
58817,"IN"
58818,"NNP"
58819,"."
58820,"VBG"
58821,"RP"
58822,"NNP"
58823,"IN"
58824,"DT"
58825,"JJS"
58826,"NN"
58827,"NN"
58828,"IN"
58829,"DT"
58830,"NNP"
58831,"MD"
58832,"RB"
58833,"VB"
58834,"PRP$"
58835,"NNS"
58836,"."
58837,"NNP"
58838,"VBD"
58839,"PRP"
58840,"MD"
58841,"VB"
58842,"IN"
58843,"JJ"
58844,"NN"
58845,"NNS"
58846,"IN"
58847,"NNS"
58848,","
58849,"DT"
58850,"NN"
58851,"PRP"
58852,"VBZ"
58853,"VBN"
58854,"IN"
58855,"DT"
58856,"NN"
58857,"IN"
58858,"NNS"
58859,"IN"
58860,"JJ"
58861,"NN"
58862,"NNS"
58863,","
58864,"JJ"
58865,"IN"
58866,"DT"
58867,"NNP"
58868,"NNP"
58869,"."
58870,"JJ"
58871,"NN"
58872,"NNS"
58873,"MD"
58874,"VB"
58875,"NNS"
58876,"RB"
58877,"JJ"
58878,"."
58879,"NNP"
58880,"NNP"
58881,"VBD"
58882,"NN"
58883,"."
58884,"IN"
58885,"NN"
58886,"TO"
58887,"VBG"
58888,"NNP"
58889,","
58890,"NNP"
58891,"NNP"
58892,"VBZ"
58893,"NNP"
58894,"NNP"
58895,"CC"
58896,"NNP"
58897,"NNP"
58898,","
58899,"DT"
58900,"NN"
58901,"POS"
58902,"JJ"
58903,"JJS"
58904,"NN"
58905,"NN"
58906,"IN"
58907,"NNP"
58908,"."
58909,"NNP"
58910,"RB"
58911,"VBZ"
58912,"NN"
58913,"NNS"
58914,","
58915,"CC"
58916,"PRP"
58917,"VBZ"
58918,"DT"
58919,"JJ"
58920,"JJS"
58921,"NN"
58922,"IN"
58923,"JJ"
58924,"NNS"
58925,","
58926,"IN"
58927,"JJR"
58928,"IN"
58929,"CD"
58930,"CD"
58931,"NNS"
58932,"."
58933,"DT"
58934,"JJ"
58935,"NN"
58936,"VBZ"
58937,"DT"
58938,"JJ"
58939,"NN"
58940,"IN"
58941,"NNP"
58942,"POS"
58943,"JJ"
58944,"NN"
58945,"NN"
58946,","
58947,"NNP"
58948,"NNP"
58949,","
58950,"CC"
58951,"NNP"
58952,"NNP"
58953,"NNP"
58954,","
58955,"NN"
58956,"IN"
58957,"DT"
58958,"NNP"
58959,"NN"
58960,"."
58961,"``"
58962,"DT"
58963,"VBZ"
58964,"DT"
58965,"NN"
58966,"IN"
58967,"NNP"
58968,"POS"
58969,"NN"
58970,"CC"
58971,"VBZ"
58972,"PRP"
58973,"RP"
58974,"RB"
58975,"CC"
58976,"IN"
58977,"PDT"
58978,","
58979,"''"
58980,"NNP"
58981,"NNP"
58982,"VBD"
58983,"IN"
58984,"DT"
58985,"NN"
58986,"NN"
58987,"."
58988,"DT"
58989,"NN"
58990,"IN"
58991,"NNP"
58992,"NNP"
58993,"NNP"
58994,"VBZ"
58995,"RB"
58996,"JJ"
58997,"IN"
58998,"NNP"
58999,"NNP"
59000,"VBZ"
59001,"DT"
59002,"JJ"
59003,"NN"
59004,"NN"
59005,"IN"
59006,"NNP"
59007,","
59008,"CC"
59009,"NNP"
59010,"NNP"
59011,"VBD"
59012,"IN"
59013,"NN"
59014,"IN"
59015,"NN"
59016,"IN"
59017,"DT"
59018,"NN"
59019,"."
59020,"PRP"
59021,"VBD"
59022,"DT"
59023,"VBN"
59024,"IN"
59025,"NNP"
59026,"NNP"
59027,","
59028,"DT"
59029,"NNP"
59030,"NN"
59031,"WP"
59032,"VBD"
59033,"NN"
59034,"IN"
59035,"NNP"
59036,"CD"
59037,"NNS"
59038,"RB"
59039,"IN"
59040,"DT"
59041,"JJ"
59042,"NN"
59043,"."
59044,"NNP"
59045,"NNP"
59046,"VBZ"
59047,"RB"
59048,"VBN"
59049,"DT"
59050,"IN"
59051,"NNP"
59052,"POS"
59053,"NNS"
59054,"."
59055,"O"
59056,"NNP"
59057,"NNP"
59058,","
59059,"RB"
59060,"VBN"
59061,"IN"
59062,"PRP$"
59063,"NNS"
59064,"NN"
59065,","
59066,"RB"
59067,"VBN"
59068,"IN"
59069,"NN"
59070,"NNS"
59071,"IN"
59072,"PRP$"
59073,"NNS"
59074,"CC"
59075,"VBN"
59076,"PRP$"
59077,"VBZ"
59078,"``"
59079,"RB"
59080,"JJ"
59081,"."
59082,"''"
59083,"RB"
59084,","
59085,"RB"
59086,","
59087,"DT"
59088,"NN"
59089,"VBD"
59090,"TO"
59091,"VB"
59092,"IN"
59093,"NNP"
59094,"IN"
59095,"DT"
59096,"NNP"
59097,"NNP"
59098,"NNP"
59099,"NNP"
59100,"NNP"
59101,"IN"
59102,"DT"
59103,"JJ"
59104,"NN"
59105,"VBD"
59106,","
59107,"VBG"
59108,"TO"
59109,"DT"
59110,"NN"
59111,"."
59112,"DT"
59113,"NN"
59114,"IN"
59115,"DT"
59116,"NNS"
59117,"VBD"
59118,"DT"
59119,"NN"
59120,"VBD"
59121,"DT"
59122,"NN"
59123,"TO"
59124,"VB"
59125,"PRP$"
59126,"NNS"
59127,","
59128,"WDT"
59129,"VBD"
59130,"DT"
59131,"CD"
59132,"NN"
59133,"NN"
59134,"NN"
59135,"IN"
59136,"DT"
59137,"JJ"
59138,"NN"
59139,"CC"
59140,"CD"
59141,"NN"
59142,"IN"
59143,"DT"
59144,"JJ"
59145,"CC"
59146,"JJ"
59147,"NNS"
59148,"."
59149,"DT"
59150,"NN"
59151,"VBZ"
59152,"IN"
59153,"CD"
59154,"NNS"
59155,"CC"
59156,"JJ"
59157,"NNS"
59158,"."
59159,"PRP$"
59160,"NN"
59161,"VBZ"
59162,"NNP"
59163,"CD"
59164,"."
59165,"RB"
59166,","
59167,"DT"
59168,"JJ"
59169,"NN"
59170,"VBZ"
59171,"VBN"
59172,"TO"
59173,"VB"
59174,"NN"
59175,"IN"
59176,"NNP"
59177,"NNS"
59178,"CC"
59179,"NNS"
59180,"IN"
59181,"CD"
59182,"JJ"
59183,"NNS"
59184,"."
59185,"``"
59186,"PRP"
59187,"MD"
59188,"VB"
59189,"JJ"
59190,"NNS"
59191,"TO"
59192,"VB"
59193,"DT"
59194,","
59195,"''"
59196,"VBD"
59197,"DT"
59198,"NN"
59199,"IN"
59200,"DT"
59201,"NNP"
59202,"NN"
59203,"."
59204,"``"
59205,"PRP"
59206,"VBP"
59207,"RB"
59208,"VB"
59209,"TO"
59210,"VB"
59211,"JJ"
59212,"NN"
59213,"DT"
59214,"NN"
59215,"MD"
59216,"VB"
59217,"."
59218,"''"
59219,"NNS"
59220,"RB"
59221,"VBP"
59222,"VBN"
59223,"DT"
59224,"NN"
59225,"WDT"
59226,"MD"
59227,"VB"
59228,"VBN"
59229,"DT"
59230,"CD"
59231,"NN"
59232,"NN"
59233,"NN"
59234,"IN"
59235,"NNS"
59236,"IN"
59237,"DT"
59238,"JJ"
59239,"NN"
59240,"IN"
59241,"DT"
59242,"NN"
59243,"."
59244,"PRP"
59245,"RB"
59246,"MD"
59247,"VB"
59248,"JJ"
59249,"JJ"
59250,"NN"
59251,"."
59252,"O"
59253,"NNP"
59254,"NNP"
59255,"NNP"
59256,"VBD"
59257,"PRP$"
59258,"NN"
59259,"IN"
59260,"NNP"
59261,"NNP"
59262,"NNP"
59263,"NNP"
59264,"VBD"
59265,"DT"
59266,"NN"
59267,"IN"
59268,"JJ"
59269,"NNS"
59270,"."
59271,"PRP"
59272,"VBD"
59273,"RB"
59274,"JJ"
59275,","
59276,"RB"
59277,","
59278,"IN"
59279,"DT"
59280,"NNS"
59281,"VBD"
59282,"VBN"
59283,"TO"
59284,"DT"
59285,"NN"
59286,"IN"
59287,"DT"
59288,"JJ"
59289,"NN"
59290,"CC"
59291,"NNP"
59292,"NNP"
59293,"NN"
59294,"NNP"
59295,"NNP"
59296,"IN"
59297,"NN"
59298,"IN"
59299,"NNP"
59300,"NNP"
59301,","
59302,"DT"
59303,"NNP"
59304,"NNP"
59305,","
59306,"JJ"
59307,"NN"
59308,"NNS"
59309,"NN"
59310,"."
59311,"NNP"
59312,"NNP"
59313,","
59314,"DT"
59315,"NN"
59316,"NNS"
59317,"NN"
59318,","
59319,"VBD"
59320,"VBN"
59321,"RP"
59322,"TO"
59323,"NNP"
59324,"NNS"
59325,"IN"
59326,"CD"
59327,","
59328,"IN"
59329,"NNP"
59330,"NNP"
59331,"VBD"
59332,"NN"
59333,"."
59334,"IN"
59335,"NNP"
59336,"NNP"
59337,"VBD"
59338,"PRP"
59339,"VBD"
59340,"VBG"
59341,"NNS"
59342,"IN"
59343,"NNS"
59344,"IN"
59345,"NN"
59346,"TO"
59347,"VB"
59348,"NN"
59349,"IN"
59350,"NNP"
59351,"IN"
59352,"NNP"
59353,"NNP"
59354,","
59355,"DT"
59356,"JJ"
59357,"NN"
59358,"VBD"
59359,"CD"
59360,"NN"
59361,"IN"
59362,"NNP"
59363,"POS"
59364,"NNS"
59365,"."
59366,"IN"
59367,"DT"
59368,"NNP"
59369,"CC"
59370,"NNP"
59371,"NNP"
59372,"NN"
59373,","
59374,"NNP"
59375,"NNP"
59376,"VBD"
59377,"IN"
59378,"NNP"
59379,"CD"
59380,"TO"
59381,"NNP"
59382,"CD"
59383,","
59384,"PRP"
59385,"VBD"
59386,"CD"
59387,"NNS"
59388,"IN"
59389,"NNP"
59390,"JJ"
59391,"NNS"
59392,"IN"
59393,"$"
59394,"CD"
59395,"TO"
59396,"$"
59397,"CD"
59398,"DT"
59399,"."
59400,"DT"
59401,"NNS"
59402,"VBD"
59403,"PRP$"
59404,"NN"
59405,"TO"
59406,"CD"
59407,"NN"
59408,"IN"
59409,"DT"
59410,"NNS"
59411,"JJ"
59412,"."
59413,"DT"
59414,"NN"
59415,"RB"
59416,"VBD"
59417,"JJ"
59418,"NNS"
59419,"WDT"
59420,"VBP"
59421,"TO"
59422,"NNS"
59423,"VBG"
59424,"CD"
59425,"NN"
59426,"CC"
59427,"JJR"
59428,"IN"
59429,"NNP"
59430,"JJ"
59431,"NN"
59432,","
59433,"VBD"
59434,"VBN"
59435,"IN"
59436,"NNP"
59437,"IN"
59438,"NNP"
59439,"NNP"
59440,","
59441,"WP"
59442,"VBZ"
59443,"NN"
59444,"IN"
59445,"DT"
59446,"NN"
59447,"."
59448,"NNP"
59449,"NNP"
59450,"MD"
59451,"RB"
59452,"VB"
59453,"VBN"
59454,"IN"
59455,"NN"
59456,"."
59457,"O"
59458,"DT"
59459,"JJ"
59460,"NN"
59461,"MD"
59462,"VB"
59463,"JJ"
59464,","
59465,"JJ"
59466,"NN"
59467,"IN"
59468,"DT"
59469,"NNP"
59470,"NN"
59471,"DT"
59472,"NN"
59473,"IN"
59474,"DT"
59475,"JJ"
59476,"NN"
59477,"TO"
59478,"VB"
59479,"DT"
59480,"NN"
59481,"IN"
59482,"VBN"
59483,"JJ"
59484,"NN"
59485,"NN"
59486,","
59487,"DT"
59488,"NNP"
59489,"NNP"
59490,"VBD"
59491,"."
59492,"``"
59493,"IN"
59494,"VBG"
59495,"JJ"
59496,","
59497,"JJ"
59498,","
59499,"JJ"
59500,"NN"
59501,"PRP"
59502,"MD"
59503,"VB"
59504,"NN"
59505,"TO"
59506,"RB"
59507,"VB"
59508,"PRP"
59509,"RB"
59510,"IN"
59511,"CD"
59512,"NNS"
59513,":"
59514,"DT"
59515,"WP"
59516,"VBP"
59517,"DT"
59518,"NN"
59519,"CC"
59520,"DT"
59521,"WP"
59522,"VBP"
59523,"RB"
59524,","
59525,"''"
59526,"DT"
59527,"NNP"
59528,"NN"
59529,"NN"
59530,"VBD"
59531,"IN"
59532,"DT"
59533,"JJ"
59534,"NN"
59535,"."
59536,"DT"
59537,"NN"
59538,"VBZ"
59539,"DT"
59540,"RBR"
59541,"JJ"
59542,"NN"
59543,"IN"
59544,"NNP"
59545,"NNP"
59546,"VBZ"
59547,"DT"
59548,"RBR"
59549,"JJ"
59550,"NN"
59551,"IN"
59552,"JJ"
59553,"JJ"
59554,"NNS"
59555,"."
59556,"PRP"
59557,"VBZ"
59558,"IN"
59559,"DT"
59560,"NNP"
59561,"NNP"
59562,"``"
59563,"MD"
59564,"VB"
59565,"DT"
59566,"NN"
59567,"IN"
59568,"NN"
59569,"IN"
59570,"DT"
59571,"NN"
59572,"NN"
59573,","
59574,"NN"
59575,"NN"
59576,"NNS"
59577,"CC"
59578,"JJ"
59579,"JJ"
59580,"NN"
59581,"."
59582,"''"
59583,"PRP"
59584,"VBZ"
59585,"DT"
59586,"JJ"
59587,"NN"
59588,"NN"
59589,"VBZ"
59590,"VBG"
59591,"TO"
59592,"VB"
59593,"DT"
59594,"NNP"
59595,"NNP"
59596,"IN"
59597,"PRP"
59598,"VBZ"
59599,"DT"
59600,"NN"
59601,"IN"
59602,"NNS"
59603,"MD"
59604,"VB"
59605,"NN"
59606,"``"
59607,"JJ"
59608,"."
59609,"''"
59610,"CC"
59611,"DT"
59612,"NN"
59613,"VBZ"
59614,":"
59615,"``"
59616,"DT"
59617,"JJ"
59618,"JJ"
59619,"NN"
59620,"VBZ"
59621,"NN"
59622,"IN"
59623,"JJ"
59624,"NNS"
59625,","
59626,"''"
59627,"CC"
59628,"NN"
59629,"VBZ"
59630,"DT"
59631,"JJ"
59632,"NN"
59633,"TO"
59634,"VB"
59635,"IN"
59636,"NN"
59637,"."
59638,"NNP"
59639,"POS"
59640,"NNS"
59641,"VBD"
59642,"IN"
59643,"PRP"
59644,"MD"
59645,"VB"
59646,"JJR"
59647,"IN"
59648,"$"
59649,"CD"
59650,"CD"
59651,"DT"
59652,"NN"
59653,"TO"
59654,"VB"
59655,"DT"
59656,"JJ"
59657,"NN"
59658,"IN"
59659,"DT"
59660,"NNS"
59661,"IN"
59662,"CD"
59663,"CC"
59664,"CD"
59665,"NNS"
59666,"JJ"
59667,"."
59668,"IN"
59669,"NN"
59670,","
59671,"DT"
59672,"NN"
59673,"VBZ"
59674,"DT"
59675,"JJ"
59676,"NN"
59677,"NN"
59678,"NNS"
59679,"VBP"
59680,"JJ"
59681,"NN"
59682,"TO"
59683,"DT"
59684,"WP"
59685,"VBP"
59686,"JJ"
59687,"."
59688,"O"
59689,"DT"
59690,"RB"
59691,"JJ"
59692,"NN"
59693,"IN"
59694,"DT"
59695,"NNP"
59696,"NN"
59697,"NN"
59698,"IN"
59699,"NNP"
59700,"VBD"
59701,"DT"
59702,"NN"
59703,"JJR"
59704,"NNP"
59705,","
59706,"CC"
59707,"NN"
59708,"IN"
59709,"JJ"
59710,"NNS"
59711,"VBD"
59712,"DT"
59713,"NN"
59714,"NN"
59715,"TO"
59716,"VB"
59717,"VBN"
59718,"IN"
59719,"JJ"
59720,"NNS"
59721,"."
59722,"IN"
59723,"DT"
59724,"NN"
59725,"VBD"
59726,"JJ"
59727,"NN"
59728,"IN"
59729,"NNP"
59730,"NNP"
59731,"POS"
59732,"NNS"
59733,","
59734,"PRP"
59735,"VBD"
59736,"IN"
59737,"DT"
59738,"JJ"
59739,"NN"
59740,"IN"
59741,"NNS"
59742,"TO"
59743,"VB"
59744,"DT"
59745,"NN"
59746,"NN"
59747,"IN"
59748,"DT"
59749,"NN"
59750,"POS"
59751,"NNS"
59752,"."
59753,"RB"
59754,"IN"
59755,"DT"
59756,"NN"
59757,"IN"
59758,"DT"
59759,"NNP"
59760,"NN"
59761,"NNS"
59762,","
59763,"DT"
59764,"NN"
59765,"VBD"
59766,"TO"
59767,"DT"
59768,"NN"
59769,"JJ"
59770,"IN"
59771,"CD"
59772,"NNS"
59773,"."
59774,"PRP"
59775,"RB"
59776,"VBD"
59777,"IN"
59778,"DT"
59779,"NN"
59780,"CC"
59781,"VBD"
59782,"RB"
59783,"VB"
59784,"PRP$"
59785,"JJ"
59786,"NN"
59787,"IN"
59788,"CD"
59789,"NNS"
59790,"IN"
59791,"CD"
59792,"NNS"
59793,"RB"
59794,"."
59795,"DT"
59796,"NN"
59797,"VBD"
59798,"IN"
59799,"NN"
59800,"NNP"
59801,"NNP"
59802,"NN"
59803,"IN"
59804,"IN"
59805,"CD"
59806,"NNS"
59807,"CC"
59808,"CD"
59809,"NNS"
59810,","
59811,"VBG"
59812,"JJ"
59813,"NNS"
59814,"IN"
59815,"DT"
59816,"NNP"
59817,"NNP"
59818,"NNP"
59819,"VBD"
59820,"VBN"
59821,"TO"
59822,"VB"
59823,"DT"
59824,"NN"
59825,"POS"
59826,"NN"
59827,"."
59828,"DT"
59829,"NN"
59830,"VBD"
59831,"IN"
59832,"PRP$"
59833,"JJ"
59834,"NNS"
59835,"."
59836,"NNS"
59837,"VBD"
59838,"IN"
59839,"DT"
59840,"JJ"
59841,"NN"
59842,"NN"
59843,"POS"
59844,"JJ"
59845,"JJ"
59846,"NN"
59847,"TO"
59848,"DT"
59849,"NNP"
59850,"NN"
59851,"NNS"
59852,"VBD"
59853,"VBN"
59854,"RB"
59855,"IN"
59856,"DT"
59857,"``"
59858,"NN"
59859,"NN"
59860,"IN"
59861,"DT"
59862,"NN"
59863,"."
59864,"''"
59865,"DT"
59866,"NNP"
59867,"NNP"
59868,"NNP"
59869,"VBD"
59870,"DT"
59871,"$"
59872,"CD"
59873,"CD"
59874,"NN"
59875,"IN"
59876,"NNP"
59877,","
59878,"VBN"
59879,"IN"
59880,"DT"
59881,"JJ"
59882,"NNP"
59883,"NN"
59884,"IN"
59885,"$"
59886,"CD"
59887,"CD"
59888,"."
59889,"NNP"
59890,"VBD"
59891,"VBN"
59892,"DT"
59893,"$"
59894,"CD"
59895,"CD"
59896,"NN"
59897,"."
59898,"DT"
59899,"NNP"
59900,"NN"
59901,"VBD"
59902,"DT"
59903,"CD"
59904,"NN"
59905,"NN"
59906,"IN"
59907,"NNS"
59908,"CC"
59909,"DT"
59910,"CD"
59911,"NN"
59912,"NN"
59913,"IN"
59914,"NNS"
59915,"."
59916,"NNP"
59917,"NNP"
59918,"NNP"
59919,","
59920,"DT"
59921,"NN"
59922,"IN"
59923,"NNP"
59924,"NNP"
59925,"NNP"
59926,"IN"
59927,"NNP"
59928,"NNP"
59929,","
59930,"VBD"
59931,"IN"
59932,"IN"
59933,"DT"
59934,"NNS"
59935,"VBP"
59936,"TO"
59937,"VB"
59938,"DT"
59939,"JJ"
59940,"JJ"
59941,"NNP"
59942,"NN"
59943,"NN"
59944,","
59945,"EX"
59946,"VBZ"
59947,"RB"
59948,"RB"
59949,"JJ"
59950,"NN"
59951,"IN"
59952,"DT"
59953,"NN"
59954,"TO"
59955,"VB"
59956,"NN"
59957,"NNS"
59958,"."
59959,"PRP"
59960,"VBD"
59961,"IN"
59962,"IN"
59963,"DT"
59964,"JJ"
59965,"NN"
59966,"NN"
59967,"IN"
59968,"NNP"
59969,"VBZ"
59970,"VBN"
59971,"RB"
59972,","
59973,"DT"
59974,"NN"
59975,"NN"
59976,"IN"
59977,"NNP"
59978,"NNP"
59979,"CC"
59980,"NNP"
59981,"VBZ"
59982,"TO"
59983,"VB"
59984,"."
59985,"CC"
59986,"PRP"
59987,"VBD"
59988,"DT"
59989,"JJ"
59990,"NNS"
59991,"NNS"
59992,"VBP"
59993,"RB"
59994,"VBG"
59995,"."
59996,"DT"
59997,"NN"
59998,"POS"
59999,"JJ"
60000,"NN"
60001,"VBZ"
60002,"JJ"
60003,","
60004,"VBG"
60005,"TO"
60006,"NNP"
60007,"NNS"
60008,","
60009,"WP"
60010,"VBP"
60011,"DT"
60012,"NN"
60013,"IN"
60014,"``"
60015,"JJ"
60016,"."
60017,"''"
60018,"IN"
60019,"JJ"
60020,"NNP"
60021,"NNP"
60022,"NN"
60023,"NN"
60024,","
60025,"DT"
60026,"NN"
60027,"VBD"
60028,"VBN"
60029,"IN"
60030,"JJ"
60031,"NNS"
60032,","
60033,"RB"
60034,"IN"
60035,"CD"
60036,"NNS"
60037,"JJ"
60038,"NNP"
60039,","
60040,"CC"
60041,"IN"
60042,"CD"
60043,"NNS"
60044,","
60045,"RB"
60046,"IN"
60047,"CD"
60048,"NNS"
60049,"JJ"
60050,"NNP"
60051,"."
60052,"NNP"
60053,"VBD"
60054,"JJ"
60055,"IN"
60056,"$"
60057,"CD"
60058,"."
60059,"IN"
60060,"NNP"
60061,"NNP"
60062,","
60063,"DT"
60064,"NNP"
60065,"NN"
60066,"VBD"
60067,"IN"
60068,"NN"
60069,"IN"
60070,"JJ"
60071,"NNS"
60072,","
60073,"JJ"
60074,"IN"
60075,"NNP"
60076,"POS"
60077,"NNP"
60078,"NN"
60079,"."
60080,"RB"
60081,","
60082,"DT"
60083,"NNP"
60084,"NN"
60085,"VBD"
60086,"TO"
60087,"IN"
60088,"CD"
60089,"NNS"
60090,"IN"
60091,"NN"
60092,"NNS"
60093,"IN"
60094,"DT"
60095,"NNP"
60096,"NNP"
60097,"NN"
60098,"."
60099,"DT"
60100,"NNS"
60101,"VBP"
60102,"JJ"
60103,"CC"
60104,"VBP"
60105,"RP"
60106,"WDT"
60107,"DT"
60108,"NN"
60109,"VBZ"
60110,"TO"
60111,"VB"
60112,"RB"
60113,"VBN"
60114,"IN"
60115,"JJ"
60116,"NN"
60117,"NNS"
60118,"IN"
60119,"NNP"
60120,"NNP"
60121,"NNP"
60122,","
60123,"JJ"
60124,"NNS"
60125,"IN"
60126,"JJ"
60127,"NN"
60128,"NNS"
60129,"IN"
60130,"DT"
60131,"NN"
60132,"JJ"
60133,"NNS"
60134,":"
60135,"DT"
60136,"NNS"
60137,"VBP"
60138,"IN"
60139,"DT"
60140,"NN"
60141,"IN"
60142,"NNS"
60143,"VBD"
60144,"$"
60145,"CD"
60146,"CD"
60147,":"
60148,"CC"
60149,"DT"
60150,"JJ"
60151,"NN"
60152,"IN"
60153,"DT"
60154,"NNP"
60155,"NNP"
60156,"NNP"
60157,"NNP"
60158,"."
60159,"PRP"
60160,"VBP"
60161,"IN"
60162,"DT"
60163,"NNP"
60164,"NN"
60165,"VBZ"
60166,"NN"
60167,"IN"
60168,"DT"
60169,"JJ"
60170,"NN"
60171,"IN"
60172,"DT"
60173,"JJ"
60174,"NN"
60175,"VBZ"
60176,"VBN"
60177,"IN"
60178,"DT"
60179,"NNP"
60180,"IN"
60181,"NNP"
60182,"NN"
60183,"NNS"
60184,"."
60185,"NNP"
60186,"NNP"
60187,"VBZ"
60188,"NNP"
60189,"NNP"
60190,","
60191,"DT"
60192,"NNP"
60193,","
60194,"NNP"
60195,","
60196,"DT"
60197,"NNP"
60198,","
60199,"NNP"
60200,","
60201,"NNP"
60202,"CC"
60203,"NNP"
60204,"."
60205,"DT"
60206,"JJ"
60207,"NN"
60208,"NN"
60209,"VBD"
60210,"VBN"
60211,"TO"
60212,"VB"
60213,"JJ"
60214,"NNS"
60215,"IN"
60216,"CD"
60217,"NNS"
60218,"TO"
60219,"CD"
60220,"NNS"
60221,"CC"
60222,"CD"
60223,"NN"
60224,"TO"
60225,"CD"
60226,"NNS"
60227,"."
60228,"PRP"
60229,"VBP"
60230,"IN"
60231,"DT"
60232,"JJ"
60233,"NN"
60234,"IN"
60235,"NN"
60236,"IN"
60237,"DT"
60238,"NNP"
60239,"NN"
60240,"NN"
60241,"VBZ"
60242,"VBN"
60243,"JJ"
60244,","
60245,"CC"
60246,"PRP"
60247,"VBP"
60248,"RB"
60249,"VB"
60250,"JJ"
60251,"NN"
60252,"IN"
60253,"DT"
60254,"NNP"
60255,"NNP"
60256,"NNP"
60257,"."
60258,"DT"
60259,"NNP"
60260,"VBD"
60261,"$"
60262,"CD"
60263,"CD"
60264,"IN"
60265,"NN"
60266,"NN"
60267,"NNS"
60268,"NNP"
60269,","
60270,"DT"
60271,"JJ"
60272,"NN"
60273,"NN"
60274,"IN"
60275,"CD"
60276,"NNS"
60277,"."
60278,"DT"
60279,"NN"
60280,","
60281,"WDT"
60282,"VBZ"
60283,"NN"
60284,"IN"
60285,"DT"
60286,"NN"
60287,","
60288,"VBZ"
60289,"VBN"
60290,"IN"
60291,"DT"
60292,"NN"
60293,"TO"
60294,"VB"
60295,"DT"
60296,"JJ"
60297,"NNS"
60298,"IN"
60299,"DT"
60300,"NNP"
60301,"JJ"
60302,"NN"
60303,"VBZ"
60304,"JJ"
60305,"TO"
60306,"VB"
60307,"DT"
60308,"JJ"
60309,"NN"
60310,"."
60311,"CC"
60312,"JJ"
60313,"NNS"
60314,"VBP"
60315,"IN"
60316,"IN"
60317,"DT"
60318,"NNP"
60319,"POS"
60320,"NN"
60321,"TO"
60322,"VB"
60323,"NN"
60324,"VBZ"
60325,"RB"
60326,"VBN"
60327,"JJ"
60328,","
60329,"PRP"
60330,"RB"
60331,"VBZ"
60332,"DT"
60333,"JJ"
60334,"NN"
60335,"IN"
60336,","
60337,"IN"
60338,"JJS"
60339,"IN"
60340,"RB"
60341,","
60342,"DT"
60343,"NNP"
60344,"VBZ"
60345,"CD"
60346,"PRP$"
60347,"NN"
60348,"IN"
60349,"NN"
60350,"."
60351,"PRP"
60352,"VBP"
60353,"IN"
60354,"DT"
60355,"NNP"
60356,"VBZ"
60357,"VBN"
60358,"DT"
60359,"JJ"
60360,"JJ"
60361,"NNS"
60362,"NN"
60363,"NN"
60364,"TO"
60365,"NNP"
60366,"TO"
60367,"IN"
60368,"CD"
60369,"CD"
60370,"NN"
60371,"IN"
60372,"PRP$"
60373,"NNS"
60374,"IN"
60375,"RB"
60376,"IN"
60377,"CD"
60378,"NN"
60379,"JJ"
60380,"NN"
60381,"."
60382,"DT"
60383,"JJ"
60384,"NNS"
60385,"NN"
60386,"VBZ"
60387,"DT"
60388,"JJ"
60389,"NN"
60390,"NN"
60391,"IN"
60392,"NNS"
60393,"VBP"
60394,"DT"
60395,"JJ"
60396,"."
60397,"NNP"
60398,"NNS"
60399,"VBD"
60400,"IN"
60401,"DT"
60402,"NN"
60403,"VBZ"
60404,"TO"
60405,"VB"
60406,"DT"
60407,"RBS"
60408,"JJ"
60409,"NNS"
60410,"IN"
60411,"DT"
60412,"NN"
60413,"."
60414,"IN"
60415,"DT"
60416,"NNP"
60417,"NNP"
60418,"IN"
60419,"NNP"
60420,"NNP"
60421,","
60422,"NN"
60423,"IN"
60424,"JJ"
60425,"NN"
60426,"VBN"
60427,"IN"
60428,"$"
60429,"CD"
60430,"DT"
60431,"NN"
60432,","
60433,"RB"
60434,"CD"
60435,"NNS"
60436,"."
60437,"JJ"
60438,"NN"
60439,"VBD"
60440,"DT"
60441,"JJ"
60442,"CD"
60443,"CD"
60444,"NNS"
60445,"."
60446,"IN"
60447,"JJ"
60448,"NN"
60449,"IN"
60450,"NNP"
60451,"NNP"
60452,"NNP"
60453,","
60454,"NN"
60455,"VBD"
60456,"IN"
60457,"$"
60458,"CD"
60459,"DT"
60460,"NN"
60461,"."
60462,"O"
60463,"NNP"
60464,"NNP"
60465,"NNP"
60466,"VBD"
60467,"PRP"
60468,"VBD"
60469,"DT"
60470,"JJ"
60471,"NN"
60472,"NN"
60473,"NN"
60474,"IN"
60475,"NNP"
60476,"NNP"
60477,"NNP"
60478,"IN"
60479,"VBG"
60480,"DT"
60481,"$"
60482,"CD"
60483,"CD"
60484,"NN"
60485,"IN"
60486,"NN"
60487,"IN"
60488,"NN"
60489,"IN"
60490,"VBG"
60491,"JJ"
60492,"JJ"
60493,"NNS"
60494,"IN"
60495,"DT"
60496,"NNS"
60497,"VBD"
60498,"."
60499,"DT"
60500,"CD"
60501,"NNS"
60502,"RB"
60503,"VBD"
60504,"TO"
60505,"VB"
60506,"DT"
60507,"JJ"
60508,"NN"
60509,"NNS"
60510,"NNS"
60511,"IN"
60512,"DT"
60513,"JJ"
60514,"CD"
60515,"NNS"
60516,"IN"
60517,"JJ"
60518,"NN"
60519,","
60520,"DT"
60521,"NNS"
60522,"VBD"
60523,"."
60524,"DT"
60525,"NNS"
60526,"VBP"
60527,"JJ"
60528,"NN"
60529,"JJ"
60530,"NNS"
60531,"WDT"
60532,"VBP"
60533,"NNS"
60534,"IN"
60535,"DT"
60536,"NN"
60537,"NN"
60538,","
60539,"NN"
60540,"CC"
60541,"JJ"
60542,"NN"
60543,"NNS"
60544,"."
60545,"NNP"
60546,"NNP"
60547,","
60548,"NNP"
60549,","
60550,"NNP"
60551,","
60552,"VBD"
60553,"DT"
60554,"NN"
60555,"``"
60556,"JJ"
60557,","
60558,"''"
60559,"IN"
60560,"NNS"
60561,"VBN"
60562,"IN"
60563,"DT"
60564,"JJ"
60565,"NNS"
60566,"VBP"
60567,"IN"
60568,"IN"
60569,"CD"
60570,"NN"
60571,"IN"
60572,"PRP$"
60573,"JJ"
60574,"NNS"
60575,"."
60576,"DT"
60577,"NN"
60578,"NN"
60579,"VBD"
60580,"PRP"
60581,"RB"
60582,"VBZ"
60583,"VBN"
60584,"$"
60585,"CD"
60586,"CD"
60587,"IN"
60588,"DT"
60589,"NN"
60590,"TO"
60591,"NNP"
60592,"NNP"
60593,","
60594,"NNP"
60595,"NNP"
60596,","
60597,"NNP"
60598,","
60599,"CC"
60600,"MD"
60601,"VB"
60602,"DT"
60603,"JJ"
60604,"$"
60605,"CD"
60606,"CD"
60607,"IN"
60608,"JJ"
60609,"NNS"
60610,"IN"
60611,"DT"
60612,"JJ"
60613,"CD"
60614,"NNS"
60615,"."
60616,"DT"
60617,"NNS"
60618,"VBP"
60619,"RB"
60620,"VBN"
60621,"TO"
60622,"VB"
60623,"DT"
60624,"NN"
60625,"IN"
60626,"JJ"
60627,"NN"
60628,"NNS"
60629,","
60630,"NNP"
60631,"VBD"
60632,"."
60633,"O"
60634,"NNP"
60635,"POS"
60636,"JJ"
60637,"NN"
60638,"VBZ"
60639,"VBN"
60640,"VBN"
60641,"."
60642,"DT"
60643,"NNP"
60644,"NNP"
60645,"NNP"
60646,","
60647,"DT"
60648,"NN"
60649,"IN"
60650,"NNP"
60651,"NNP"
60652,"NNP"
60653,","
60654,"VBD"
60655,"PRP$"
60656,"JJ"
60657,"JJ"
60658,"NN"
60659,"IN"
60660,"DT"
60661,"JJ"
60662,"NNS"
60663,"NN"
60664,"VBD"
60665,"NN"
60666,"IN"
60667,"NNP"
60668,","
60669,"DT"
60670,"NN"
60671,"IN"
60672,"NNP"
60673,"NNP"
60674,"NNP"
60675,"."
60676,"IN"
60677,"DT"
60678,"NNS"
60679,"VBN"
60680,"IN"
60681,"DT"
60682,"NNP"
60683,"NNP"
60684,"NNP"
60685,","
60686,"NNP"
60687,","
60688,"WDT"
60689,"VB"
60690,"DT"
60691,"NNP"
60692,"NNP"
60693,","
60694,"VBD"
60695,"DT"
60696,"NN"
60697,"IN"
60698,"DT"
60699,"CD"
60700,"NN"
60701,"CC"
60702,"CD"
60703,"NN"
60704,"."
60705,"NNP"
60706,"VBD"
60707,"JJ"
60708,"IN"
60709,"DT"
60710,"JJ"
60711,"NN"
60712,"CC"
60713,"CD"
60714,"NN"
60715,"VBN"
60716,"IN"
60717,"NNP"
60718,"NNP"
60719,"POS"
60720,"NN"
60721,"NN"
60722,"IN"
60723,"DT"
60724,"CD"
60725,"NN"
60726,"CC"
60727,"CD"
60728,"NN"
60729,"."
60730,"("
60731,"DT"
60732,"NNS"
60733,"NN"
60734,"VBZ"
60735,"CD"
60736,"NN"
60737,"NNS"
60738,":"
60739,"NNS"
60740,"VBP"
60741,"DT"
60742,"NN"
60743,"IN"
60744,"NNS"
60745,"IN"
60746,"NN"
60747,"."
60748,")"
60749,"DT"
60750,"JJ"
60751,"CD"
60752,"NNS"
60753,"IN"
60754,"DT"
60755,"NN"
60756,"NN"
60757,"IN"
60758,"DT"
60759,"NNP"
60760,"NNP"
60761,"CC"
60762,"NNP"
60763,"NNP"
60764,"NNP"
60765,"VBD"
60766,"RB"
60767,"VB"
60768,"IN"
60769,"DT"
60770,"JJ"
60771,"CD"
60772,":"
60773,"RB"
60774,"PRP"
60775,"VBD"
60776,"IN"
60777,"NN"
60778,"CC"
60779,"JJ"
60780,"NN"
60781,"."
60782,"DT"
60783,"JJ"
60784,"NN"
60785,"VBZ"
60786,"TO"
60787,"VB"
60788,"NNP"
60789,"POS"
60790,"``"
60791,"NNP"
60792,"."
60793,"''"
60794,"NNP"
60795,"VBD"
60796,"CD"
60797,"IN"
60798,"DT"
60799,"JJ"
60800,"CD"
60801,"NNS"
60802,":"
60803,"NNP"
60804,"VBD"
60805,"CD"
60806,"CC"
60807,"NNP"
60808,"VBD"
60809,"CD"
60810,"."
60811,"NNP"
60812,"VBD"
60813,"DT"
60814,"JJ"
60815,"NN"
60816,"IN"
60817,"JJ"
60818,"NN"
60819,"CD"
60820,"NNS"
60821,":"
60822,"CD"
60823,"NNS"
60824,":"
60825,"IN"
60826,"DT"
60827,"JJ"
60828,"NN"
60829,"."
60830,"O"
60831,"NNP"
60832,"CC"
60833,"NNP"
60834,"NNP"
60835,","
60836,"NNP"
60837,","
60838,"VBG"
60839,"PRP$"
60840,"NN"
60841,"IN"
60842,"DT"
60843,"NN"
60844,"NN"
60845,"NN"
60846,","
60847,"VBD"
60848,"PRP"
60849,"VBD"
60850,"NNP"
60851,"NNP"
60852,"NNP"
60853,","
60854,"DT"
60855,"NN"
60856,"NN"
60857,","
60858,"IN"
60859,"DT"
60860,"NN"
60861,"NN"
60862,"VBN"
60863,"IN"
60864,"NNP"
60865,"NNP"
60866,"NNP"
60867,"IN"
60868,"NNP"
60869,"NNP"
60870,","
60871,"NNP"
60872,"."
60873,"NNS"
60874,"VBD"
60875,"RB"
60876,"VBN"
60877,"."
60878,"NNP"
60879,"NNP"
60880,"NNP"
60881,"NNP"
60882,","
60883,"WDT"
60884,"VBD"
60885,"NNS"
60886,"IN"
60887,"IN"
60888,"$"
60889,"CD"
60890,"CD"
60891,"JJ"
60892,"NN"
60893,","
60894,"VBZ"
60895,"NN"
60896,"IN"
60897,"DT"
60898,"NNP"
60899,"NNP"
60900,"CC"
60901,"NNP"
60902,"NNS"
60903,"TO"
60904,"NNS"
60905,","
60906,"NNS"
60907,","
60908,"NNS"
60909,"CC"
60910,"NNS"
60911,"."
60912,"DT"
60913,"NN"
60914,"``"
60915,"VBZ"
60916,"PRP"
60917,"JJ"
60918,"NN"
60919,"NN"
60920,"IN"
60921,"DT"
60922,"NN"
60923,"NN"
60924,"NN"
60925,"NN"
60926,"CC"
60927,"DT"
60928,"JJR"
60929,"NN"
60930,"NN"
60931,","
60932,"''"
60933,"DT"
60934,"NNP"
60935,"NN"
60936,"VBD"
60937,"."
60938,"NNP"
60939,"RB"
60940,"VBZ"
60941,"PRP$"
60942,"NNS"
60943,"NN"
60944,"NN"
60945,"NN"
60946,"TO"
60947,"NN"
60948,"NN"
60949,"NNS"
60950,","
60951,"CC"
60952,"RB"
60953,"TO"
60954,"RB"
60955,"JJ"
60956,"NNS"
60957,"IN"
60958,"NNP"
60959,"NNP"
60960,"."
60961,"IN"
60962,"NN"
60963,","
60964,"NNP"
60965,"RB"
60966,"IN"
60967,"RB"
60968,"VBZ"
60969,"RB"
60970,"VBN"
60971,"NN"
60972,"TO"
60973,"NNS"
60974,"CC"
60975,"VBZ"
60976,"RB"
60977,"JJ"
60978,"NN"
60979,"IN"
60980,"NNS"
60981,"CC"
60982,"JJ"
60983,"NN"
60984,"NNS"
60985,"."
60986,"NNP"
60987,"NNP"
60988,"RB"
60989,"VBZ"
60990,"NN"
60991,","
60992,"WDT"
60993,"VBZ"
60994,"RB"
60995,"IN"
60996,"NNP"
60997,"POS"
60998,"NN"
60999,"NN"
61000,"NN"
61001,","
61002,"CC"
61003,"JJ"
61004,"NN"
61005,"NNS"
61006,"."
61007,"DT"
61008,"NN"
61009,"VBD"
61010,"DT"
61011,"NN"
61012,"VBZ"
61013,"VBN"
61014,"VBN"
61015,"CC"
61016,"VBN"
61017,"IN"
61018,"DT"
61019,"NNP"
61020,"NNP"
61021,"NNP"
61022,"."
61023,"DT"
61024,"NN"
61025,"VBZ"
61026,"DT"
61027,"JJ"
61028,"NN"
61029,"IN"
61030,"NNP"
61031,","
61032,"NNP"
61033,","
61034,"CC"
61035,"DT"
61036,"VBN"
61037,"NN"
61038,"IN"
61039,"NNP"
61040,"."
61041,"O"
61042,"NNP"
61043,"NNP"
61044,"NNP"
61045,"VBD"
61046,"PRP"
61047,"VBD"
61048,"CD"
61049,"CD"
61050,"JJ"
61051,"NNS"
61052,"("
61053,"$"
61054,"CD"
61055,"CD"
61056,")"
61057,"IN"
61058,"DT"
61059,"NN"
61060,"IN"
61061,"JJ"
61062,"JJ"
61063,"NNS"
61064,"."
61065,"NNP"
61066,"NNP"
61067,","
61068,"DT"
61069,"NNP"
61070,","
61071,"NNP"
61072,"NNP"
61073,","
61074,"NN"
61075,"NNS"
61076,"NN"
61077,","
61078,"VBD"
61079,"DT"
61080,"CD"
61081,"NN"
61082,"NN"
61083,"VBZ"
61084,"JJ"
61085,"NNP"
61086,"CD"
61087,","
61088,"CD"
61089,"."
61090,"NNS"
61091,"MD"
61092,"VB"
61093,"VBN"
61094,"TO"
61095,"VB"
61096,"JJ"
61097,"JJ"
61098,"NN"
61099,"CC"
61100,"TO"
61101,"VB"
61102,"NN"
61103,"NN"
61104,","
61105,"PRP"
61106,"VBD"
61107,"."
61108,"O"
61109,"NNP"
61110,"NNP"
61111,"MD"
61112,"VB"
61113,"DT"
61114,"NN"
61115,"VBG"
61116,"DT"
61117,"NNS"
61118,"IN"
61119,"NNP"
61120,","
61121,"NNP"
61122,"CC"
61123,"NNP"
61124,"CC"
61125,"NNP"
61126,"NNP"
61127,"IN"
61128,"PRP"
61129,"MD"
61130,"VB"
61131,"JJ"
61132,"NN"
61133,"IN"
61134,"NNS"
61135,"IN"
61136,"NNS"
61137,"IN"
61138,"NN"
61139,"CC"
61140,"NN"
61141,","
61142,"DT"
61143,"NNP"
61144,"NNP"
61145,"VBD"
61146,"."
61147,"NNP"
61148,"NNP"
61149,"VBD"
61150,"VBN"
61151,"DT"
61152,"NN"
61153,"RB"
61154,"."
61155,"CC"
61156,"PRP"
61157,"VBD"
61158,"RP"
61159,"DT"
61160,"JJ"
61161,"NN"
61162,"IN"
61163,"PRP$"
61164,"NNS"
61165,"CC"
61166,"NNS"
61167,"VBN"
61168,"IN"
61169,"DT"
61170,"NN"
61171,"WDT"
61172,"MD"
61173,"VB"
61174,"NNS"
61175,"IN"
61176,"JJ"
61177,"NNS"
61178,"IN"
61179,"DT"
61180,"NN"
61181,"JJ"
61182,"TO"
61183,"DT"
61184,"NN"
61185,"."
61186,"NNP"
61187,"NNP"
61188,"NNP"
61189,"NNP"
61190,"NNP"
61191,"NNP"
61192,"VBD"
61193,"NNS"
61194,"IN"
61195,"NNP"
61196,"NNS"
61197,"CC"
61198,"NNS"
61199,"VBD"
61200,"NNP"
61201,"IN"
61202,"NN"
61203,"."
61204,"NNP"
61205,"NNS"
61206,"VBP"
61207,"PRP"
61208,"MD"
61209,"VB"
61210,"RB"
61211,"JJ"
61212,"IN"
61213,"NNP"
61214,"NNP"
61215,"POS"
61216,"NNS"
61217,"IN"
61218,"DT"
61219,"NN"
61220,"NN"
61221,"TO"
61222,"NN"
61223,"IN"
61224,"DT"
61225,"NNS"
61226,"VBD"
61227,"TO"
61228,"VB"
61229,"DT"
61230,"NN"
61231,"."
61232,"CC"
61233,"EX"
61234,"RB"
61235,"MD"
61236,"VB"
61237,"JJ"
61238,"NN"
61239,"CC"
61240,"JJ"
61241,"NN"
61242,"WDT"
61243,"VBZ"
61244,"IN"
61245,"DT"
61246,"$"
61247,"CD"
61248,"CD"
61249,"NN"
61250,"NN"
61251,"IN"
61252,"DT"
61253,"JJ"
61254,"NN"
61255,"WDT"
61256,"VBD"
61257,"NNP"
61258,"CD"
61259,"."
61260,"NNP"
61261,"NNP"
61262,"VBZ"
61263,"VBD"
61264,"PRP"
61265,"RB"
61266,"VBZ"
61267,"IN"
61268,"NNS"
61269,"IN"
61270,"DT"
61271,"NNS"
61272,"IN"
61273,"NN"
61274,","
61275,"NN"
61276,"CC"
61277,"NN"
61278,"TO"
61279,"DT"
61280,"NN"
61281,"IN"
61282,"DT"
61283,"NN"
61284,"."
61285,"CC"
61286,"PRP"
61287,"VBZ"
61288,"VBN"
61289,"NNP"
61290,"NN"
61291,"IN"
61292,"NNS"
61293,"IN"
61294,"JJ"
61295,"NNS"
61296,"WP"
61297,"VBP"
61298,"PRP"
61299,"VBP"
61300,"NNS"
61301,"IN"
61302,"NN"
61303,"CC"
61304,"NN"
61305,","
61306,"VBG"
61307,"IN"
61308,"DT"
61309,"NNS"
61310,"VBP"
61311,"VBN"
61312,"RB"
61313,"RB"
61314,"IN"
61315,"PRP"
61316,"VBP"
61317,"DT"
61318,"NN"
61319,"IN"
61320,"NNS"
61321,"IN"
61322,"JJ"
61323,"NNS"
61324,"."
61325,"O"
61326,"NNP"
61327,":"
61328,"NNP"
61329,"NNP"
61330,"NNP"
61331,"VBZ"
61332,"TO"
61333,"VB"
61334,"CD"
61335,"IN"
61336,"PRP$"
61337,"NNP"
61338,"NNP"
61339,"JJ"
61340,"NN"
61341,"NNS"
61342,","
61343,"NNP"
61344,"NNP"
61345,"NNP"
61346,"NNP"
61347,"CC"
61348,"NNP"
61349,"NNP"
61350,","
61351,"WDT"
61352,"RB"
61353,"VBP"
61354,"CD"
61355,"NNS"
61356,"."
61357,"NNP"
61358,"NNP"
61359,"VBD"
61360,"PRP"
61361,"VBZ"
61362,"VBN"
61363,"NNS"
61364,"IN"
61365,"JJ"
61366,"NNS"
61367,"CC"
61368,"VBZ"
61369,"TO"
61370,"VB"
61371,"DT"
61372,"NN"
61373,"IN"
61374,"CD"
61375,"."
61376,"PRP"
61377,"MD"
61378,"RB"
61379,"VB"
61380,"DT"
61381,"NN"
61382,"."
61383,"NNP"
61384,"NNP"
61385,"CC"
61386,"NNP"
61387,"VBZ"
61388,"TO"
61389,"VB"
61390,"DT"
61391,"NNS"
61392,"."
61393,"O"
61394,"NNP"
61395,"NNP"
61396,"CC"
61397,"NNP"
61398,","
61399,"NNP"
61400,"NNP"
61401,","
61402,"MD"
61403,"VB"
61404,"DT"
61405,"JJ"
61406,"NNS"
61407,"IN"
61408,"NNP"
61409,"NNP"
61410,"NNP"
61411,"NNP"
61412,"TO"
61413,"VB"
61414,"DT"
61415,"JJ"
61416,"NN"
61417,"NN"
61418,"POS"
61419,"NN"
61420,"."
61421,"RB"
61422,"DT"
61423,"NN"
61424,","
61425,"DT"
61426,"NNP"
61427,"NNP"
61428,"IN"
61429,"NNP"
61430,"NNP"
61431,","
61432,"DT"
61433,"NN"
61434,"POS"
61435,"JJ"
61436,"NN"
61437,","
61438,"VBD"
61439,"DT"
61440,"NNS"
61441,"TO"
61442,"VB"
61443,"DT"
61444,"NN"
61445,"NN"
61446,"CC"
61447,"NN"
61448,"NNS"
61449,"."
61450,"NNP"
61451,"VBD"
61452,"DT"
61453,"JJ"
61454,"NN"
61455,"TO"
61456,"VB"
61457,"NNS"
61458,"IN"
61459,"PRP"
61460,"VBD"
61461,"JJ"
61462,"NNS"
61463,"TO"
61464,"IN"
61465,"DT"
61466,"JJ"
61467,"NN"
61468,"IN"
61469,"NNS"
61470,"POS"
61471,"NNS"
61472,"IN"
61473,"CD"
61474,"CD"
61475,"NNP"
61476,"NNP"
61477,"NNS"
61478,"("
61479,"$"
61480,"CD"
61481,"CD"
61482,")"
61483,"."
61484,"NNP"
61485,"VBZ"
61486,"VBN"
61487,"CD"
61488,"NN"
61489,"IN"
61490,"NNP"
61491,"NNP"
61492,"NNP"
61493,","
61494,"NNP"
61495,"NNP"
61496,"POS"
61497,"JJS"
61498,"NN"
61499,"NN"
61500,","
61501,"CC"
61502,"CD"
61503,"NN"
61504,"IN"
61505,"NNP"
61506,"NNP"
61507,"NNP"
61508,","
61509,"DT"
61510,"NN"
61511,"CC"
61512,"NN"
61513,"NN"
61514,"IN"
61515,"NNP"
61516,"NNP"
61517,"IN"
61518,"NNP"
61519,"NNP"
61520,"."
61521,"DT"
61522,"NN"
61523,"IN"
61524,"NNP"
61525,"NNP"
61526,","
61527,"NN"
61528,"IN"
61529,"DT"
61530,"NN"
61531,"NNP"
61532,"NNP"
61533,"NNP"
61534,"NNP"
61535,","
61536,"VBD"
61537,"PRP$"
61538,"NN"
61539,"TO"
61540,"VB"
61541,"DT"
61542,"NNS"
61543,"CC"
61544,"VBD"
61545,"TO"
61546,"VB"
61547,"."
61548,"DT"
61549,"NNS"
61550,"VBD"
61551,"IN"
61552,"DT"
61553,"JJ"
61554,"NN"
61555,"NN"
61556,"IN"
61557,"NNP"
61558,"MD"
61559,"VB"
61560,"VB"
61561,"NNP"
61562,"POS"
61563,"NN"
61564,"CC"
61565,"VB"
61566,"VB"
61567,"NNS"
61568,"."
61569,"DT"
61570,"NNS"
61571,"VBP"
61572,"RB"
61573,"VB"
61574,"TO"
61575,"VB"
61576,"DT"
61577,"NN"
61578,"IN"
61579,"NNP"
61580,"CD"
61581,"."
61582,"O"
61583,"DT"
61584,"JJ"
61585,"NN"
61586,"MD"
61587,"VB"
61588,"DT"
61589,"JJ"
61590,"NN"
61591,"IN"
61592,"NNS"
61593,"VBN"
61594,"IN"
61595,"DT"
61596,"NNP"
61597,"NN"
61598,","
61599,"DT"
61600,"JJ"
61601,"NNP"
61602,"NN"
61603,"VBD"
61604,"."
61605,"RB"
61606,","
61607,"DT"
61608,"VBZ"
61609,"RB"
61610,"VB"
61611,"PRP"
61612,"MD"
61613,"VB"
61614,"IN"
61615,"DT"
61616,"NN"
61617,"."
61618,"PRP$"
61619,"NN"
61620,"MD"
61621,"RB"
61622,"VB"
61623,"VBN"
61624,"IN"
61625,"DT"
61626,"JJ"
61627,"JJ"
61628,"NN"
61629,"VBZ"
61630,"VBN"
61631,"IN"
61632,"DT"
61633,"NNP"
61634,"IN"
61635,"NNP"
61636,","
61637,"VBG"
61638,"TO"
61639,"NNP"
61640,"NNP"
61641,","
61642,"NN"
61643,"IN"
61644,"VBN"
61645,"JJ"
61646,"NN"
61647,"NN"
61648,"NN"
61649,"IN"
61650,"NNP"
61651,"NNP"
61652,"NNP"
61653,"NNP"
61654,"IN"
61655,"NNP"
61656,"."
61657,"NNP"
61658,"NNP"
61659,"POS"
61660,"NN"
61661,"IN"
61662,"JJ"
61663,"NNS"
61664,"VBG"
61665,"DT"
61666,"NNP"
61667,"NN"
61668,"VBD"
61669,"IN"
61670,"NNP"
61671,"NNP"
61672,"IN"
61673,"NNP"
61674,"NNP"
61675,","
61676,"NNP"
61677,","
61678,"VBD"
61679,"IN"
61680,"DT"
61681,"NN"
61682,"IN"
61683,"NNP"
61684,"NN"
61685,"NNS"
61686,"IN"
61687,"NNP"
61688,"JJ"
61689,"NNP"
61690,"."
61691,"DT"
61692,"NN"
61693,","
61694,"NNP"
61695,"NNP"
61696,","
61697,"VBZ"
61698,"VBN"
61699,"RB"
61700,"VBN"
61701,"TO"
61702,"CD"
61703,"NNS"
61704,","
61705,"DT"
61706,"IN"
61707,"WP"
61708,"VBP"
61709,"VBG"
61710,"JJ"
61711,"NNS"
61712,"IN"
61713,"JJ"
61714,"NNS"
61715,"."
61716,"``"
61717,"DT"
61718,"JJ"
61719,"NN"
61720,"VBD"
61721,"TO"
61722,"VB"
61723,"IN"
61724,"PRP"
61725,"MD"
61726,"RB"
61727,"VB"
61728,"DT"
61729,"JJ"
61730,"NN"
61731,"IN"
61732,"DT"
61733,"JJ"
61734,"NN"
61735,"''"
61736,"IN"
61737,"VBG"
61738,"PRP"
61739,"IN"
61740,"JJ"
61741,"JJ"
61742,"NNS"
61743,","
61744,"NNP"
61745,"NNP"
61746,"VBD"
61747,"."
61748,"``"
61749,"PRP"
61750,"VBP"
61751,"VBN"
61752,"IN"
61753,"PRP"
61754,"MD"
61755,"."
61756,"''"
61757,"PRP"
61758,"VBD"
61759,"JJ"
61760,"NNS"
61761,"VBD"
61762,"NNS"
61763,"IN"
61764,"NNS"
61765,"VBN"
61766,"IN"
61767,"JJ"
61768,"NNP"
61769,"."
61770,"JJ"
61771,"NNS"
61772,"VBN"
61773,"IN"
61774,"DT"
61775,"NN"
61776,"NN"
61777,"IN"
61778,"DT"
61779,"NN"
61780,"RB"
61781,"RB"
61782,"IN"
61783,"JJ"
61784,"NNS"
61785,"IN"
61786,"JJ"
61787,"CC"
61788,"JJ"
61789,"NNS"
61790,","
61791,"PRP"
61792,"VBD"
61793,"."
61794,"CD"
61795,"IN"
61796,"DT"
61797,"NN"
61798,"IN"
61799,"NNP"
61800,"VBZ"
61801,"WRB"
61802,"JJ"
61803,"NNS"
61804,"VBP"
61805,"JJ"
61806,"NNS"
61807,"IN"
61808,"NNS"
61809,","
61810,"CC"
61811,"VB"
61812,"RB"
61813,"."
61814,"O"
61815,"NNP"
61816,"CC"
61817,"NNP"
61818,"NNP"
61819,"VBD"
61820,"PRP"
61821,"VBD"
61822,"DT"
61823,"NN"
61824,"TO"
61825,"VB"
61826,"PRP$"
61827,"NNP"
61828,"NN"
61829,"TO"
61830,"RB"
61831,"VBD"
61832,"NNP"
61833,"NNP"
61834,"NNP"
61835,","
61836,"DT"
61837,"NNP"
61838,"NN"
61839,"IN"
61840,"NNP"
61841,"NNP"
61842,"NNP"
61843,"IN"
61844,"NNP"
61845,","
61846,"NNP"
61847,"."
61848,"DT"
61849,"NN"
61850,"RB"
61851,"VBZ"
61852,"DT"
61853,"NN"
61854,"IN"
61855,"NNP"
61856,"CC"
61857,"NNP"
61858,"POS"
61859,"NNP"
61860,"CC"
61861,"NNP"
61862,"("
61863,"NNP"
61864,")"
61865,"NNP"
61866,"NN"
61867,"IN"
61868,"DT"
61869,"JJ"
61870,"NN"
61871,"IN"
61872,"NNP"
61873,"NNP"
61874,"."
61875,"NNP"
61876,"CC"
61877,"NNP"
61878,"VBZ"
61879,"RB"
61880,"VBG"
61881,"PRP$"
61882,"NN"
61883,"NN"
61884,"IN"
61885,"DT"
61886,"JJ"
61887,"JJ"
61888,"NN"
61889,","
61890,"NNP"
61891,"NNP"
61892,"NNP"
61893,","
61894,"TO"
61895,"NNP"
61896,"NNP"
61897,"."
61898,"NNP"
61899,"CC"
61900,"NNP"
61901,","
61902,"DT"
61903,"NNP"
61904,"NNP"
61905,","
61906,"NNP"
61907,","
61908,"NN"
61909,"NN"
61910,","
61911,"VBD"
61912,"DT"
61913,"JJ"
61914,"NNS"
61915,"NN"
61916,"IN"
61917,"DT"
61918,"JJ"
61919,"NN"
61920,"VBZ"
61921,"$"
61922,"CD"
61923,"CD"
61924,"."
61925,"DT"
61926,"NNP"
61927,"NN"
61928,"VBD"
61929,"NN"
61930,"IN"
61931,"CD"
61932,"NNS"
61933,"VBD"
61934,"RP"
61935,"IN"
61936,"NN"
61937,"IN"
61938,"NNP"
61939,"CC"
61940,"NNP"
61941,"POS"
61942,"NN"
61943,"NN"
61944,"VBD"
61945,"IN"
61946,"NNP"
61947,"."
61948,"NNP"
61949,"CC"
61950,"NNP"
61951,"VBD"
61952,"NNS"
61953,"VBP"
61954,"IN"
61955,"NN"
61956,"IN"
61957,"DT"
61958,"NN"
61959,"IN"
61960,"DT"
61961,"NN"
61962,","
61963,"NNP"
61964,"."
61965,"O"
61966,"DT"
61967,"JJ"
61968,"NN"
61969,"NN"
61970,"VBD"
61971,"TO"
61972,"CD"
61973,"NN"
61974,"IN"
61975,"NNP"
61976,"POS"
61977,"$"
61978,"CD"
61979,"CD"
61980,"JJ"
61981,"NN"
61982,"IN"
61983,"JJ"
61984,"JJ"
61985,"NN"
61986,","
61987,"CC"
61988,"JJ"
61989,"NNS"
61990,","
61991,"IN"
61992,"JJ"
61993,"NN"
61994,"IN"
61995,"JJ"
61996,"NN"
61997,"POS"
61998,"NN"
61999,"."
62000,"NNS"
62001,"VBG"
62002,"$"
62003,"CD"
62004,"CD"
62005,"VBD"
62006,"VBN"
62007,","
62008,"CC"
62009,"JJ"
62010,"NNS"
62011,"VBD"
62012,"IN"
62013,"JJ"
62014,"NN"
62015,"."
62016,"NNP"
62017,"RB"
62018,"VBD"
62019,"IN"
62020,"DT"
62021,"JJ"
62022,"NN"
62023,"VBD"
62024,"TO"
62025,"CD"
62026,"NN"
62027,"IN"
62028,"PRP$"
62029,"$"
62030,"CD"
62031,"CD"
62032,"NN"
62033,"IN"
62034,"JJ"
62035,"JJ"
62036,"NN"
62037,"IN"
62038,"JJ"
62039,"NN"
62040,"IN"
62041,"JJ"
62042,"NN"
62043,"POS"
62044,"NN"
62045,"."
62046,"NNS"
62047,"VBG"
62048,"$"
62049,"CD"
62050,"CD"
62051,"VBD"
62052,"VBN"
62053,","
62054,"CC"
62055,"JJ"
62056,"NNS"
62057,"VBD"
62058,"IN"
62059,"CD"
62060,"NN"
62061,"."
62062,"DT"
62063,"NN"
62064,"NN"
62065,"NN"
62066,"MD"
62067,"VB"
62068,"DT"
62069,"$"
62070,"CD"
62071,"CD"
62072,"IN"
62073,"JJ"
62074,"NN"
62075,"IN"
62076,"DT"
62077,"NN"
62078,"IN"
62079,"NNP"
62080,"."
62081,"O"
62082,"NNP"
62083,"NNP"
62084,"VBD"
62085,"PRP$"
62086,"CD"
62087,"JJ"
62088,"NN"
62089,"VBD"
62090,"CD"
62091,"NN"
62092,","
62093,"CC"
62094,"VBD"
62095,"IN"
62096,"PRP$"
62097,"JJ"
62098,"NN"
62099,"IN"
62100,"DT"
62101,"CD"
62102,"NN"
62103,"NN"
62104,"IN"
62105,"NNS"
62106,"IN"
62107,"DT"
62108,"IN"
62109,"CD"
62110,"MD"
62111,"VB"
62112,"VBN"
62113,"IN"
62114,"DT"
62115,"JJ"
62116,"NN"
62117,"."
62118,"DT"
62119,"JJ"
62120,"NN"
62121,"CC"
62122,"NN"
62123,"NN"
62124,"VBD"
62125,"JJ"
62126,"JJ"
62127,"NN"
62128,"NN"
62129,"IN"
62130,"DT"
62131,"JJ"
62132,"CD"
62133,"NNS"
62134,"IN"
62135,"CD"
62136,"VBD"
62137,"CD"
62138,"CD"
62139,"NNS"
62140,"("
62141,"$"
62142,"CD"
62143,"CD"
62144,")"
62145,","
62146,"VBN"
62147,"IN"
62148,"CD"
62149,"CD"
62150,"NNS"
62151,"("
62152,"$"
62153,"CD"
62154,"CD"
62155,")"
62156,"IN"
62157,"DT"
62158,"JJ"
62159,"NN"
62160,"IN"
62161,"NN"
62162,"NN"
62163,"VBD"
62164,"CD"
62165,"NN"
62166,","
62167,"TO"
62168,"CD"
62169,"CD"
62170,"NNS"
62171,"IN"
62172,"CD"
62173,"CD"
62174,"IN"
62175,"DT"
62176,"JJ"
62177,"NN"
62178,"IN"
62179,"CD"
62180,"."
62181,"NNP"
62182,"VBD"
62183,"DT"
62184,"JJ"
62185,"NN"
62186,"IN"
62187,"JJ"
62188,"NN"
62189,"RB"
62190,"VBD"
62191,"DT"
62192,"NN"
62193,"IN"
62194,"CD"
62195,"CD"
62196,"NNS"
62197,"IN"
62198,"DT"
62199,"NN"
62200,"POS"
62201,"JJ"
62202,"NN"
62203,"IN"
62204,"JJ"
62205,"NNS"
62206,"IN"
62207,"DT"
62208,"JJ"
62209,"NN"
62210,"IN"
62211,"DT"
62212,"NN"
62213,"TO"
62214,"CD"
62215,"CD"
62216,"NNS"
62217,"IN"
62218,"CD"
62219,"CD"
62220,"DT"
62221,"NN"
62222,"RBR"
62223,"."
62224,"EX"
62225,"VBD"
62226,"RB"
62227,"DT"
62228,"NN"
62229,"IN"
62230,"DT"
62231,"NN"
62232,"POS"
62233,"JJ"
62234,"JJ"
62235,"NNS"
62236,"TO"
62237,"CD"
62238,"CD"
62239,"NNS"
62240,"IN"
62241,"CD"
62242,"CD"
62243,"DT"
62244,"NN"
62245,"RB"
62246,"."
62247,"DT"
62248,"NNS"
62249,"VBD"
62250,"VBN"
62251,","
62252,"RB"
62253,","
62254,"IN"
62255,"DT"
62256,"JJ"
62257,"NN"
62258,"IN"
62259,"JJ"
62260,"NN"
62261,"NN"
62262,"NNS"
62263,"TO"
62264,"CD"
62265,"CD"
62266,"NNS"
62267,"IN"
62268,"CD"
62269,"CD"
62270,"IN"
62271,"DT"
62272,"JJ"
62273,"CD"
62274,"NNS"
62275,"IN"
62276,"CD"
62277,"."
62278,"NNP"
62279,"VBD"
62280,"DT"
62281,"JJ"
62282,"NN"
62283,"IN"
62284,"PRP$"
62285,"JJ"
62286,"NNS"
62287,"VBD"
62288,"VBN"
62289,"IN"
62290,"DT"
62291,"CD"
62292,"NN"
62293,"NN"
62294,"IN"
62295,"JJ"
62296,"NN"
62297,"TO"
62298,"CD"
62299,"CD"
62300,"NNS"
62301,"IN"
62302,"CD"
62303,"CD"
62304,"DT"
62305,"NN"
62306,"RBR"
62307,"."
62308,"O"
62309,"NNP"
62310,"NNP"
62311,"NNP"
62312,"("
62313,"NNP"
62314,","
62315,"NNP"
62316,"."
62317,")"
62318,"VBD"
62319,"PRP"
62320,"CC"
62321,"NNP"
62322,"NNP"
62323,"NNP"
62324,"("
62325,"NNP"
62326,","
62327,"NNP"
62328,"."
62329,")"
62330,"VBP"
62331,"VBG"
62332,"RB"
62333,"IN"
62334,"PRP$"
62335,"NN"
62336,"TO"
62337,"VB"
62338,"DT"
62339,"NNP"
62340,"NNP"
62341,"DT"
62342,"NN"
62343,"NN"
62344,"IN"
62345,"DT"
62346,"NNP"
62347,"NNP"
62348,"NN"
62349,"WDT"
62350,"VBZ"
62351,"JJ"
62352,"NN"
62353,"."
62354,"NNP"
62355,"NNP"
62356,"VBD"
62357,"DT"
62358,"NN"
62359,"MD"
62360,"VB"
62361,"VBN"
62362,"RB"
62363,"TO"
62364,"VB"
62365,"IN"
62366,"CD"
62367,"NNS"
62368,"DT"
62369,"NN"
62370,"IN"
62371,"DT"
62372,"NNP"
62373,"POS"
62374,"JJ"
62375,"NN"
62376,"NN"
62377,"CC"
62378,"DT"
62379,"NNP"
62380,"NNP"
62381,","
62382,"DT"
62383,"NN"
62384,"IN"
62385,"DT"
62386,"NN"
62387,"IN"
62388,"NNP"
62389,"NNP"
62390,"CC"
62391,"DT"
62392,"NN"
62393,"IN"
62394,"DT"
62395,"NN"
62396,"IN"
62397,"NNP"
62398,"CC"
62399,"NNP"
62400,"."
62401,"DT"
62402,"JJ"
62403,"NN"
62404,"VBD"
62405,"RB"
62406,"VBN"
62407,"IN"
62408,"DT"
62409,"NNP"
62410,"CC"
62411,"RB"
62412,"VBN"
62413,"IN"
62414,"NNS"
62415,"IN"
62416,"DT"
62417,"NNP"
62418,"IN"
62419,"DT"
62420,"NN"
62421,"TO"
62422,"VB"
62423,"DT"
62424,"JJ"
62425,"NN"
62426,"POS"
62427,"NN"
62428,"."
62429,"NNP"
62430,"NNS"
62431,","
62432,"RB"
62433,","
62434,"VBD"
62435,"PRP"
62436,"IN"
62437,"DT"
62438,"JJ"
62439,"JJ"
62440,"NN"
62441,"TO"
62442,"VB"
62443,"DT"
62444,"NN"
62445,"IN"
62446,"NN"
62447,"CC"
62448,"NN"
62449,"TO"
62450,"DT"
62451,"NN"
62452,"IN"
62453,"JJ"
62454,"NN"
62455,"."
62456,"NNP"
62457,"NNP"
62458,"VBD"
62459,"DT"
62460,"NN"
62461,"IN"
62462,"DT"
62463,"NNS"
62464,"MD"
62465,"VB"
62466,"TO"
62467,"``"
62468,"VB"
62469,"NNS"
62470,"CC"
62471,"RB"
62472,"NN"
62473,"IN"
62474,"DT"
62475,"JJ"
62476,"NN"
62477,"CC"
62478,"DT"
62479,"NNP"
62480,"."
62481,"''"
62482,"NNP"
62483,"NNP"
62484,"NNP"
62485,"NNP"
62486,"VBZ"
62487,"RB"
62488,"IN"
62489,"NN"
62490,"IN"
62491,"NNP"
62492,"NNP"
62493,"NNP"
62494,"NNP"
62495,"CC"
62496,"NNS"
62497,"RB"
62498,"IN"
62499,"NNP"
62500,"NNP"
62501,"NNP"
62502,"NNP"
62503,"CC"
62504,"NNP"
62505,"NNP"
62506,","
62507,"NN"
62508,"IN"
62509,"DT"
62510,"NN"
62511,"IN"
62512,"NNP"
62513,"NNP"
62514,"."
62515,"DT"
62516,"NN"
62517,"NNS"
62518,"VBP"
62519,"RB"
62520,"RB"
62521,"VB"
62522,"IN"
62523,"DT"
62524,"JJ"
62525,"NN"
62526,"IN"
62527,"DT"
62528,"JJ"
62529,"NN"
62530,"NN"
62531,"."
62532,"O"
62533,"NNP"
62534,"NNP"
62535,"NNP"
62536,"VBD"
62537,"JJ"
62538,"NNS"
62539,"VBD"
62540,"CD"
62541,"NN"
62542,"IN"
62543,"IN"
62544,"JJR"
62545,"NNS"
62546,"IN"
62547,"JJ"
62548,"NN"
62549,"NNS"
62550,","
62551,"DT"
62552,"NN"
62553,"POS"
62554,"JJS"
62555,"NN"
62556,"NN"
62557,"."
62558,"NN"
62559,"VBD"
62560,"TO"
62561,"$"
62562,"CD"
62563,"CD"
62564,","
62565,"CC"
62566,"$"
62567,"CD"
62568,"DT"
62569,"NN"
62570,","
62571,"IN"
62572,"$"
62573,"CD"
62574,"CD"
62575,","
62576,"CC"
62577,"$"
62578,"CD"
62579,"DT"
62580,"NN"
62581,","
62582,"DT"
62583,"NN"
62584,"RBR"
62585,"."
62586,"NNS"
62587,"IN"
62588,"DT"
62589,"NN"
62590,"VBD"
62591,"CD"
62592,"NN"
62593,"TO"
62594,"$"
62595,"CD"
62596,"CD"
62597,"IN"
62598,"$"
62599,"CD"
62600,"CD"
62601,"."
62602,"NNP"
62603,"NNP"
62604,"NN"
62605,"``"
62606,"VBZ"
62607,"JJ"
62608,"NN"
62609,"CC"
62610,"PRP"
62611,"VBP"
62612,"VBG"
62613,"JJ"
62614,"NN"
62615,"NNS"
62616,"IN"
62617,"DT"
62618,"NN"
62619,","
62620,"''"
62621,"VBD"
62622,"NNP"
62623,"NNP"
62624,"NNP"
62625,","
62626,"NN"
62627,"CC"
62628,"JJ"
62629,"NN"
62630,"."
62631,"NNS"
62632,"IN"
62633,"JJ"
62634,"NN"
62635,"NN"
62636,"VBP"
62637,"VBN"
62638,"JJR"
62639,"IN"
62640,"CD"
62641,"NN"
62642,"IN"
62643,"JJ"
62644,"NNP"
62645,","
62646,"PRP"
62647,"VBD"
62648,"."
62649,"DT"
62650,"JJ"
62651,"NN"
62652,"VBZ"
62653,"VBN"
62654,"IN"
62655,"DT"
62656,"JJ"
62657,"NN"
62658,"IN"
62659,"NNS"
62660,","
62661,"VBG"
62662,"JJ"
62663,","
62664,"NN"
62665,"CC"
62666,"JJ"
62667,"NN"
62668,"NN"
62669,"."
62670,"NNP"
62671,"POS"
62672,"NNS"
62673,"NN"
62674,"VBD"
62675,"NN"
62676,"NN"
62677,"IN"
62678,"DT"
62679,"NN"
62680,"IN"
62681,"$"
62682,"CD"
62683,"CD"
62684,","
62685,"CC"
62686,"IN"
62687,"PDT"
62688,"DT"
62689,"$"
62690,"CD"
62691,"CD"
62692,"IN"
62693,"DT"
62694,"JJ"
62695,"NN"
62696,"."
62697,"JJ"
62698,"NN"
62699,"NN"
62700,"IN"
62701,"DT"
62702,"NNP"
62703,"NN"
62704,"VBD"
62705,"RB"
62706,"TO"
62707,"$"
62708,"CD"
62709,"CD"
62710,"IN"
62711,"$"
62712,"CD"
62713,"CD"
62714,"."
62715,"CC"
62716,"NN"
62717,"NN"
62718,"IN"
62719,"JJ"
62720,"NNS"
62721,"VBD"
62722,"RB"
62723,"CD"
62724,"NN"
62725,"TO"
62726,"$"
62727,"CD"
62728,"CD"
62729,"IN"
62730,"$"
62731,"CD"
62732,"CD"
62733,"."
62734,"IN"
62735,"NNP"
62736,"NNP"
62737,"NNP"
62738,"NNP"
62739,"JJ"
62740,"NN"
62741,","
62742,"NNS"
62743,"IN"
62744,"DT"
62745,"NN"
62746,","
62747,"JJ"
62748,"NN"
62749,"VBD"
62750,"$"
62751,"CD"
62752,"TO"
62753,"$"
62754,"CD"
62755,"."
62756,"O"
62757,"NNP"
62758,"NNP"
62759,"."
62760,"NNP"
62761,","
62762,"NNP"
62763,"POS"
62764,"JJ"
62765,"JJ"
62766,"NN"
62767,","
62768,"VBZ"
62769,"VBG"
62770,"``"
62771,"JJ"
62772,"''"
62773,"NNS"
62774,"IN"
62775,"NNP"
62776,"NNP"
62777,"POS"
62778,"NNP"
62779,"NNP"
62780,"IN"
62781,"DT"
62782,"NN"
62783,"IN"
62784,"NNS"
62785,"IN"
62786,"DT"
62787,"JJ"
62788,"NN"
62789,","
62790,"NNP"
62791,"NNS"
62792,"VBD"
62793,"."
62794,"RB"
62795,","
62796,"DT"
62797,"NNS"
62798,"VBD"
62799,"PRP"
62800,"VBD"
62801,"RB"
62802,"JJ"
62803,"TO"
62804,"VB"
62805,"DT"
62806,"NN"
62807,"IN"
62808,"DT"
62809,"JJ"
62810,"NNS"
62811,"CC"
62812,"VB"
62813,"WRB"
62814,"DT"
62815,"NNS"
62816,"MD"
62817,"VB"
62818,"VBN"
62819,"."
62820,"NNP"
62821,"NNP"
62822,"NNP"
62823,"NNP"
62824,"VBD"
62825,"NNP"
62826,"POS"
62827,"JJ"
62828,"JJ"
62829,"NN"
62830,"VBD"
62831,"CD"
62832,"NN"
62833,"IN"
62834,"NNS"
62835,"VBP"
62836,"VBG"
62837,"NN"
62838,"IN"
62839,"DT"
62840,"NNS"
62841,"POS"
62842,"NN"
62843,"NNS"
62844,"."
62845,"``"
62846,"IN"
62847,"NNP"
62848,"NN"
62849,"POS"
62850,"NNS"
62851,"VB"
62852,"PRP"
62853,"RB"
62854,"RB"
62855,","
62856,"EX"
62857,"RB"
62858,"VBP"
62859,"UH"
62860,"NNS"
62861,"IN"
62862,"NN"
62863,"VBG"
62864,"DT"
62865,"JJ"
62866,"NN"
62867,","
62868,"''"
62869,"DT"
62870,"NNP"
62871,"NN"
62872,"VBD"
62873,"."
62874,"IN"
62875,"DT"
62876,"NN"
62877,","
62878,"NNP"
62879,"NNP"
62880,"VBD"
62881,"PRP"
62882,"VBZ"
62883,"VBG"
62884,"RB"
62885,"IN"
62886,"NN"
62887,"IN"
62888,"DT"
62889,"NN"
62890,"NN"
62891,","
62892,"CC"
62893,"``"
62894,"IN"
62895,"DT"
62896,"JJ"
62897,"NN"
62898,","
62899,"PRP"
62900,"VBP"
62901,"RB"
62902,"VB"
62903,"TO"
62904,"VB"
62905,"RP"
62906,"IN"
62907,"PRP"
62908,"MD"
62909,"RB"
62910,"VB"
62911,"DT"
62912,"NN"
62913,"JJR"
62914,"IN"
62915,"JJ"
62916,"NNS"
62917,"."
62918,"''"
62919,"NNP"
62920,"NNP"
62921,","
62922,"NNP"
62923,"NN"
62924,"IN"
62925,"NNP"
62926,"NNP"
62927,"NNP"
62928,"IN"
62929,"NNP"
62930,","
62931,"VBD"
62932,"DT"
62933,"NN"
62934,"RB"
62935,"``"
62936,"DT"
62937,"NN"
62938,"VBZ"
62939,"RB"
62940,"VBG"
62941,"VBN"
62942,"IN"
62943,"DT"
62944,"NN"
62945,"IN"
62946,"NN"
62947,","
62948,"''"
62949,"VBG"
62950,"TO"
62951,"DT"
62952,"JJ"
62953,"NN"
62954,"IN"
62955,"DT"
62956,"NNS"
62957,"VBN"
62958,"IN"
62959,"NNP"
62960,"NNP"
62961,"NNP"
62962,"IN"
62963,"DT"
62964,"NN"
62965,"VBG"
62966,"NN"
62967,"NN"
62968,"NNS"
62969,"DT"
62970,"NN"
62971,"."
62972,"O"
62973,"NNP"
62974,"NNP"
62975,"VBD"
62976,"VBN"
62977,"NN"
62978,","
62979,"JJ"
62980,"NN"
62981,"NN"
62982,"CC"
62983,"NN"
62984,"IN"
62985,"DT"
62986,"NN"
62987,"CC"
62988,"JJ"
62989,"NN"
62990,"NN"
62991,"."
62992,"PRP"
62993,"VBZ"
62994,"NNP"
62995,"NNP"
62996,"NNP"
62997,","
62998,"WP"
62999,"VBD"
63000,"IN"
63001,"JJ"
63002,"NNS"
63003,"."
63004,"NNP"
63005,"NNP"
63006,"VBD"
63007,"VBN"
63008,"NN"
63009,"IN"
63010,"NNP"
63011,"NNP"
63012,"POS"
63013,"NNP"
63014,"NNP"
63015,"NNP"
63016,"NNP"
63017,"NN"
63018,"."
63019,"NNP"
63020,"NNP"
63021,"MD"
63022,"VB"
63023,"IN"
63024,"NNP"
63025,"NNP"
63026,"IN"
63027,"DT"
63028,"NN"
63029,"CC"
63030,"DT"
63031,"NN"
63032,"IN"
63033,"DT"
63034,"JJ"
63035,"NN"
63036,"."
63037,"PRP"
63038,"VBZ"
63039,"RB"
63040,"VBN"
63041,"TO"
63042,"VB"
63043,"NN"
63044,"IN"
63045,"DT"
63046,"JJ"
63047,"NN"
63048,"TO"
63049,"VB"
63050,"VBN"
63051,"TO"
63052,"VB"
63053,"JJ"
63054,"NNS"
63055,","
63056,"DT"
63057,"NN"
63058,"VBD"
63059,"."
63060,"O"
63061,"JJ"
63062,"NNS"
63063,","
63064,"IN"
63065,"PRP$"
63066,"NN"
63067,"TO"
63068,"VB"
63069,"NN"
63070,"NNS"
63071,","
63072,"MD"
63073,"VB"
63074,"IN"
63075,"JJ"
63076,"TO"
63077,"PRP$"
63078,"NN"
63079,"NNS"
63080,"."
63081,"DT"
63082,"VBZ"
63083,"DT"
63084,"NN"
63085,"IN"
63086,"DT"
63087,"NNS"
63088,"RB"
63089,"WP"
63090,"VBP"
63091,"IN"
63092,"NNP"
63093,"POS"
63094,"JJ"
63095,"NN"
63096,"IN"
63097,"NN"
63098,"NNS"
63099,"RB"
63100,"MD"
63101,"VB"
63102,"CD"
63103,"NNP"
63104,"NN"
63105,"NNS"
63106,"VBG"
63107,"IN"
63108,"PRP"
63109,"."
63110,"NN"
63111,","
63112,"NNP"
63113,"NNP"
63114,"VBD"
63115,"IN"
63116,"PRP"
63117,"VBZ"
63118,"VBN"
63119,"PRP$"
63120,"NN"
63121,"IN"
63122,"NNP"
63123,"TO"
63124,"CD"
63125,"NN"
63126,"IN"
63127,"CD"
63128,"NN"
63129,"."
63130,"DT"
63131,"NNP"
63132,"CC"
63133,"PRP$"
63134,"JJ"
63135,"NNP"
63136,"NNP"
63137,"RB"
63138,"VBD"
63139,"PRP$"
63140,"NNS"
63141,"IN"
63142,"JJ"
63143,"JJ"
63144,"NN"
63145,"NNS"
63146,"IN"
63147,"DT"
63148,"JJ"
63149,"NN"
63150,"."
63151,"NNP"
63152,"POS"
63153,"JJS"
63154,"NN"
63155,"VBZ"
63156,"DT"
63157,"NN"
63158,"IN"
63159,"NNP"
63160,"TO"
63161,"VB"
63162,"PRP$"
63163,"JJ"
63164,"NNS"
63165,"IN"
63166,"NNP"
63167,"RB"
63168,"."
63169,"NNP"
63170,"VBZ"
63171,"JJ"
63172,"TO"
63173,"VB"
63174,"DT"
63175,"JJ"
63176,"NN"
63177,"NN"
63178,"PRP"
63179,"VBZ"
63180,"VBN"
63181,"VBG"
63182,"IN"
63183,"IN"
63184,"CD"
63185,"NNS"
63186,","
63187,"JJ"
63188,"NNS"
63189,"VBP"
63190,"."
63191,"IN"
63192,"DT"
63193,"NN"
63194,"NNS"
63195,"MD"
63196,"VB"
63197,"DT"
63198,"JJ"
63199,","
63200,"JJ"
63201,"NN"
63202,"."
63203,"DT"
63204,"NN"
63205,"IN"
63206,"DT"
63207,"NN"
63208,"IN"
63209,"NNP"
63210,"MD"
63211,"RB"
63212,"VB"
63213,"IN"
63214,"IN"
63215,"DT"
63216,"NN"
63217,"JJ"
63218,"JJ"
63219,"NN"
63220,"IN"
63221,"JJ"
63222,"NN"
63223,"NN"
63224,"NNS"
63225,"."
63226,"DT"
63227,"NNS"
63228,"VBP"
63229,"DT"
63230,"NN"
63231,"IN"
63232,"VBG"
63233,"JJR"
63234,"IN"
63235,"CD"
63236,"NN"
63237,"IN"
63238,"NNP"
63239,"NNS"
63240,"IN"
63241,"NN"
63242,"."
63243,"``"
63244,"DT"
63245,"VBZ"
63246,"DT"
63247,"RB"
63248,"JJ"
63249,"NN"
63250,"NN"
63251,","
63252,"''"
63253,"VBZ"
63254,"NNP"
63255,"NN"
63256,"NNP"
63257,"NNP"
63258,"IN"
63259,"NNP"
63260,"NNP"
63261,"NNP"
63262,"."
63263,"NNP"
63264,"POS"
63265,"JJ"
63266,"NN"
63267,"NNS"
63268,"VBD"
63269,"RB"
63270,"CD"
63271,"NN"
63272,"IN"
63273,"DT"
63274,"JJ"
63275,"NN"
63276,","
63277,"VBG"
63278,"IN"
63279,"CD"
63280,"CD"
63281,"."
63282,"("
63283,"NNP"
63284,"POS"
63285,"NNS"
63286,"VBP"
63287,"DT"
63288,"NN"
63289,"NN"
63290,"IN"
63291,"DT"
63292,"JJS"
63293,"RB"
63294,"VBN"
63295,"NNP"
63296,"NNP"
63297,"NNS"
63298,"IN"
63299,"DT"
63300,"NNP"
63301,","
63302,"IN"
63303,"JJR"
63304,"IN"
63305,"NN"
63306,"IN"
63307,"PRP$"
63308,"NNS"
63309,"VBD"
63310,"RB"
63311,"."
63312,")"
63313,"NNP"
63314,"VBD"
63315,"DT"
63316,"JJ"
63317,"NN"
63318,"IN"
63319,"DT"
63320,"NNP"
63321,"JJ"
63322,"NN"
63323,"NNP"
63324,"."
63325,"CC"
63326,"IN"
63327,"NNP"
63328,"POS"
63329,"NNP"
63330,"NNP"
63331,"NNP"
63332,","
63333,"CD"
63334,"CD"
63335,"NNS"
63336,"VBD"
63337,"VBN"
63338,","
63339,"RB"
63340,"IN"
63341,"DT"
63342,"JJ"
63343,"NN"
63344,"."
63345,"NNP"
63346,"POS"
63347,"NN"
63348,"VBZ"
63349,"RB"
63350,"VBN"
63351,"IN"
63352,"JJ"
63353,"IN"
63354,"NNP"
63355,"POS"
63356,"JJ"
63357,"NN"
63358,"."
63359,"JJ"
63360,"NN"
63361,","
63362,"JJ"
63363,"NN"
63364,"NNS"
63365,"VBD"
63366,"PRP$"
63367,"NN"
63368,"CC"
63369,"VBD"
63370,"."
63371,"NNS"
63372,"IN"
63373,"NNP"
63374,"POS"
63375,"NN"
63376,"MD"
63377,"VB"
63378,"VBG"
63379,"VB"
63380,"NNP"
63381,"NNS"
63382,"IN"
63383,"NN"
63384,"IN"
63385,"NNP"
63386,"VBD"
63387,"PRP$"
63388,"JJ"
63389,"NNS"
63390,"IN"
63391,"NNP"
63392,"."
63393,"CC"
63394,"NN"
63395,"POS"
63396,"NN"
63397,"VBZ"
63398,"IN"
63399,"NNP"
63400,"VBZ"
63401,"RB"
63402,"VBN"
63403,"NN"
63404,"."
63405,"DT"
63406,"NNP"
63407,"POS"
63408,"NNP"
63409,"."
63410,"NNP"
63411,"NNP"
63412,"NNP"
63413,"NNP"
63414,","
63415,"JJ"
63416,"NN"
63417,"NN"
63418,"IN"
63419,"DT"
63420,"NNP"
63421,"NN"
63422,"NN"
63423,"NNP"
63424,"CC"
63425,"NNP"
63426,","
63427,"RB"
63428,"VBD"
63429,"PRP$"
63430,"NNP"
63431,"NNS"
63432,"TO"
63433,"VB"
63434,"IN"
63435,"NN"
63436,"."
63437,"``"
63438,"NNP"
63439,"JJ"
63440,"''"
63441,"IN"
63442,"DT"
63443,"JJ"
63444,"NN"
63445,","
63446,"NNP"
63447,"NNP"
63448,"VBZ"
63449,","
63450,"IN"
63451,"PRP"
63452,"VBZ"
63453,"DT"
63454,"JJ"
63455,"JJ"
63456,"NNS"
63457,"MD"
63458,"VB"
63459,"NNP"
63460,"POS"
63461,"NNS"
63462,"``"
63463,"RB"
63464,"JJ"
63465,"TO"
63466,"VB"
63467,"."
63468,"''"
63469,"CC"
63470,"DT"
63471,"JJ"
63472,"NN"
63473,"VBZ"
63474,"WRB"
63475,"NNP"
63476,"VBZ"
63477,"WRB"
63478,"NNP"
63479,","
63480,"DT"
63481,"NN"
63482,"POS"
63483,"JJS"
63484,"NN"
63485,"NN"
63486,","
63487,"NNS"
63488,"IN"
63489,"PRP$"
63490,"JJ"
63491,"NN"
63492,"IN"
63493,"NNP"
63494,"."
63495,"IN"
63496,"DT"
63497,"NN"
63498,","
63499,"NNP"
63500,"NNS"
63501,"MD"
63502,"VB"
63503,"JJ"
63504,"IN"
63505,"VBG"
63506,"PRP$"
63507,"NN"
63508,"TO"
63509,"VB"
63510,"NNP"
63511,"POS"
63512,"NN"
63513,"NN"
63514,"TO"
63515,"IN"
63516,"CD"
63517,"NN"
63518,"."
63519,"NNP"
63520,"VBZ"
63521,"VBN"
63522,"TO"
63523,"VB"
63524,"RB"
63525,"#"
63526,"CD"
63527,"CD"
63528,"("
63529,"$"
63530,"CD"
63531,"CD"
63532,")"
63533,"IN"
63534,"VBG"
63535,"DT"
63536,"NN"
63537,"NNS"
63538,","
63539,"CC"
63540,"RB"
63541,"VB"
63542,"NNP"
63543,"NN"
63544,"POS"
63545,"NN"
63546,"IN"
63547,"DT"
63548,"JJ"
63549,"CD"
63550,"NN"
63551,"NN"
63552,"."
63553,"NNS"
63554,"VBP"
63555,"DT"
63556,"NN"
63557,"NNS"
63558,"RB"
63559,"MD"
63560,"VB"
63561,"JJ"
63562,"NNS"
63563,"TO"
63564,"VB"
63565,"JJ"
63566,"NN"
63567,"NNS"
63568,","
63569,"VBG"
63570,"NNP"
63571,"POS"
63572,"JJ"
63573,"NN"
63574,"IN"
63575,"CD"
63576,"NNS"
63577,"."
63578,"NNP"
63579,"NNS"
63580,"MD"
63581,"VB"
63582,"TO"
63583,"VB"
63584,"PDT"
63585,"DT"
63586,"JJ"
63587,"NN"
63588,"."
63589,"NNP"
63590,"MD"
63591,"VB"
63592,"DT"
63593,"NN"
63594,"IN"
63595,"VBG"
63596,"DT"
63597,"JJ"
63598,"NN"
63599,"IN"
63600,"NNS"
63601,"CC"
63602,"DT"
63603,"NNP"
63604,"NN"
63605,"VBD"
63606,"TO"
63607,"VB"
63608,"DT"
63609,"JJ"
63610,"NN"
63611,"RB"
63612,"."
63613,"``"
63614,"PRP"
63615,"VBP"
63616,"NNP"
63617,"VBZ"
63618,"VBG"
63619,"TO"
63620,"VB"
63621,"RP"
63622,"IN"
63623,"JJ"
63624,"NNS"
63625,"JJ"
63626,","
63627,"''"
63628,"NNP"
63629,"NNP"
63630,"VBZ"
63631,"."
63632,"``"
63633,"NNP"
63634,"VBZ"
63635,"("
63636,"NNP"
63637,")"
63638,"RB"
63639,"RB"
63640,"."
63641,"''"
63642,"NNP"
63643,"NN"
63644,"NNS"
63645,","
63646,"WP"
63647,"MD"
63648,"VB"
63649,"IN"
63650,"CD"
63651,"NN"
63652,"CC"
63653,"CD"
63654,"NN"
63655,"IN"
63656,"NNP"
63657,","
63658,"MD"
63659,"VB"
63660,"NNP"
63661,"JJ"
63662,"NNS"
63663,"TO"
63664,"VB"
63665,"DT"
63666,"NNP"
63667,"NN"
63668,"."
63669,"NNP"
63670,"MD"
63671,"VB"
63672,"."
63673,"RB"
63674,","
63675,"NNP"
63676,"."
63677,"NNP"
63678,"VBZ"
63679,","
63680,"``"
63681,"PRP"
63682,"VBP"
63683,"DT"
63684,"JJ"
63685,"NN"
63686,"IN"
63687,"CD"
63688,"RB"
63689,"JJ"
63690,","
63691,"RB"
63692,"VBN"
63693,"JJ"
63694,"NNS"
63695,"."
63696,"''"
63697,"PRP"
63698,"VBZ"
63699,"NNP"
63700,"POS"
63701,"NN"
63702,"NN"
63703,"MD"
63704,"VB"
63705,"TO"
63706,"IN"
63707,"#"
63708,"CD"
63709,"CC"
63710,"#"
63711,"CD"
63712,"("
63713,"$"
63714,"CD"
63715,"TO"
63716,"$"
63717,"CD"
63718,")"
63719,"."
63720,"``"
63721,"EX"
63722,"VBZ"
63723,"RB"
63724,"DT"
63725,"NN"
63726,"IN"
63727,"NN"
63728,"NN"
63729,"IN"
63730,"DT"
63731,"("
63732,"NNP"
63733,")"
63734,"NNS"
63735,"RB"
63736,"RB"
63737,"IN"
63738,"PRP"
63739,"VBP"
63740,"VBN"
63741,"RP"
63742,"''"
63743,"RB"
63744,","
63745,"VBZ"
63746,"NNP"
63747,"NNP"
63748,","
63749,"DT"
63750,"NN"
63751,"NN"
63752,"IN"
63753,"JJ"
63754,"NNP"
63755,"NNP"
63756,"NNP"
63757,"."
63758,"IN"
63759,"DT"
63760,"NN"
63761,","
63762,"PRP"
63763,"VBZ"
63764,"TO"
63765,"VB"
63766,"DT"
63767,"NN"
63768,"POS"
63769,"CD"
63770,"NN"
63771,"NNS"
63772,"."
63773,"DT"
63774,"NN"
63775,"VBZ"
63776,"IN"
63777,"NNP"
63778,"POS"
63779,"NN"
63780,"NN"
63781,"MD"
63782,"NN"
63783,"IN"
63784,"NNP"
63785,"POS"
63786,"NN"
63787,"IN"
63788,"NNP"
63789,"RB"
63790,"VBZ"
63791,"IN"
63792,"PRP$"
63793,"NNP"
63794,"NN"
63795,"."
63796,"``"
63797,"NNP"
63798,"POS"
63799,"NN"
63800,"TO"
63801,"VB"
63802,"("
63803,"NNP"
63804,")"
63805,"MD"
63806,"RB"
63807,"NNP"
63808,"RP"
63809,"NN"
63810,","
63811,"RB"
63812,"IN"
63813,"NNP"
63814,"VBZ"
63815,"DT"
63816,"RB"
63817,"JJ"
63818,"NN"
63819,","
63820,"''"
63821,"VBZ"
63822,"NNP"
63823,"NNP"
63824,","
63825,"DT"
63826,"NN"
63827,"NN"
63828,"IN"
63829,"NNP"
63830,"POS"
63831,"NNP"
63832,"NNP"
63833,"NNP"
63834,"."
63835,"PRP"
63836,"VBZ"
63837,"NNP"
63838,"NNP"
63839,"IN"
63840,"NNP"
63841,"MD"
63842,"VB"
63843,"DT"
63844,"NN"
63845,"IN"
63846,"CD"
63847,"NN"
63848,"IN"
63849,"PRP$"
63850,"NN"
63851,"NN"
63852,"TO"
63853,"NNP"
63854,":"
63855,"DT"
63856,"NNS"
63857,"VBP"
63858,"VBN"
63859,"VBG"
63860,"JJR"
63861,"NN"
63862,"IN"
63863,"NNS"
63864,"."
63865,"NNP"
63866,"NNP"
63867,","
63868,"NN"
63869,"CC"
63870,"JJ"
63871,"NN"
63872,"NN"
63873,"IN"
63874,"NNP"
63875,"NNP"
63876,"NNP"
63877,"NNP"
63878,","
63879,"CD"
63880,"NNS"
63881,"RB"
63882,"VBD"
63883,"PRP$"
63884,"NNP"
63885,"NN"
63886,"VBZ"
63887,"CD"
63888,"NNP"
63889,"NNS"
63890,"IN"
63891,"IN"
63892,"CD"
63893,"DT"
63894,","
63895,"VBG"
63896,"DT"
63897,"JJ"
63898,"NN"
63899,"IN"
63900,"DT"
63901,"NN"
63902,"VBN"
63903,"IN"
63904,"CD"
63905,"CD"
63906,"IN"
63907,"JJ"
63908,"NNP"
63909,"."
63910,"``"
63911,"PRP"
63912,"VBD"
63913,"DT"
63914,"NNS"
63915,"IN"
63916,"("
63917,"DT"
63918,"NN"
63919,"NN"
63920,")"
63921,"VBG"
63922,"VBD"
63923,"RBR"
63924,","
63925,"''"
63926,"PRP"
63927,"VBZ"
63928,"."
63929,"IN"
63930,"NN"
63931,","
63932,"WDT"
63933,"VBD"
63934,"IN"
63935,"NNP"
63936,"POS"
63937,"JJ"
63938,"NN"
63939,"."
63940,"NNP"
63941,"("
63942,"NNP"
63943,":"
63944,"NN"
63945,":"
63946,"NNP"
63947,")"
63948,"NN"
63949,":"
63950,"JJ"
63951,"NNS"
63952,"NN"
63953,"VBD"
63954,"NNP"
63955,"CD"
63956,","
63957,"CD"
63958,":"
63959,"NN"
63960,":"
63961,"$"
63962,"CD"
63963,"CD"
63964,"JJ"
63965,"NN"
63966,":"
63967,"$"
63968,"CD"
63969,"CD"
63970,":"
63971,"CC"
63972,"CD"
63973,"NNS"
63974,"DT"
63975,"NN"
63976,"LS"
63977,"PDT"
63978,"VBN"
63979,","
63980,"NNP"
63981,"CD"
63982,","
63983,"CD"
63984,":"
63985,"JJ"
63986,"NN"
63987,":"
63988,"$"
63989,"CD"
63990,"CD"
63991,"IN"
63992,"JJ"
63993,"NN"
63994,":"
63995,"$"
63996,"CD"
63997,"CD"
63998,":"
63999,"CC"
64000,"CD"
64001,"NNS"
64002,"DT"
64003,"NN"
64004,"FW"
64005,"JJ"
64006,"NN"
64007,"NN"
64008,":"
64009,"JJ"
64010,"NNS"
64011,"JJ"
64012,":"
64013,"CD"
64014,"CD"
64015,"NN"
64016,":"
64017,"DT"
64018,"NNS"
64019,"VBP"
64020,"VBN"
64021,"IN"
64022,"JJ"
64023,"NNS"
64024,"VBN"
64025,"IN"
64026,"JJ"
64027,"NN"
64028,"NNS"
64029,"."
64030,"O"
64031,"NNP"
64032,"NNP"
64033,","
64034,"CD"
64035,"NNS"
64036,"JJ"
64037,","
64038,"VBD"
64039,"IN"
64040,"PRP"
64041,"MD"
64042,"VB"
64043,"IN"
64044,"NNP"
64045,"IN"
64046,"NN"
64047,"CC"
64048,"JJ"
64049,"NN"
64050,"NN"
64051,"IN"
64052,"DT"
64053,"JJ"
64054,"NN"
64055,"CC"
64056,"NN"
64057,"NNS"
64058,"NN"
64059,"."
64060,"DT"
64061,"NN"
64062,"VBD"
64063,"RB"
64064,"VBN"
64065,"."
64066,"NNP"
64067,"NNP"
64068,"VBZ"
64069,"TO"
64070,"VB"
64071,"IN"
64072,"DT"
64073,"NN"
64074,"IN"
64075,"PRP$"
64076,"JJ"
64077,"NN"
64078,"VBZ"
64079,"IN"
64080,"NNP"
64081,"CD"
64082,","
64083,"DT"
64084,"NN"
64085,"NN"
64086,"VBD"
64087,"."
64088,"O"
64089,"NNP"
64090,"NNP"
64091,"NNP"
64092,"IN"
64093,"NNP"
64094,"NNP"
64095,","
64096,"NNP"
64097,","
64098,"VBD"
64099,"NNP"
64100,"NNP"
64101,"NNP"
64102,","
64103,"WP"
64104,"VBZ"
64105,"DT"
64106,"CD"
64107,"NN"
64108,"NN"
64109,","
64110,"VBD"
64111,"DT"
64112,"JJ"
64113,"NNS"
64114,"POS"
64115,"NN"
64116,"IN"
64117,"NNP"
64118,"TO"
64119,"VB"
64120,"CD"
64121,"JJ"
64122,"NNS"
64123,"CC"
64124,"VB"
64125,"DT"
64126,"JJ"
64127,"NN"
64128,"."
64129,"NNP"
64130,"NNP"
64131,"POS"
64132,"NNP"
64133,"NNP"
64134,"NNP"
64135,"NNP"
64136,"IN"
64137,"NNP"
64138,","
64139,"NNP"
64140,","
64141,"VBD"
64142,"JJS"
64143,"IN"
64144,"PRP$"
64145,"NN"
64146,"JJ"
64147,"NNP"
64148,"IN"
64149,"DT"
64150,"$"
64151,"JJ"
64152,"NN"
64153,"NN"
64154,"IN"
64155,"NNP"
64156,","
64157,"DT"
64158,"NN"
64159,"IN"
64160,"JJ"
64161,"NNS"
64162,"."
64163,"NNP"
64164,"VBD"
64165,"NNP"
64166,"NNP"
64167,"VBZ"
64168,"VBG"
64169,"NNS"
64170,"TO"
64171,"VB"
64172,"JJ"
64173,"NN"
64174,"NN"
64175,","
64176,"NNP"
64177,"NNP"
64178,"NNP"
64179,","
64180,"DT"
64181,"NNP"
64182,"NN"
64183,"NN"
64184,"."
64185,"DT"
64186,"NN"
64187,"VBZ"
64188,"RB"
64189,"VBG"
64190,"DT"
64191,"NN"
64192,"IN"
64193,"PRP$"
64194,"NN"
64195,"CC"
64196,"DT"
64197,"JJ"
64198,"CD"
64199,"JJ"
64200,"NNS"
64201,"VBP"
64202,"RB"
64203,"VB"
64204,"TO"
64205,"VB"
64206,"IN"
64207,"DT"
64208,"JJ"
64209,"NN"
64210,"NN"
64211,","
64212,"NNP"
64213,"VBD"
64214,"."
64215,"NNP"
64216,"NNP"
64217,"``"
64218,"VBZ"
64219,"DT"
64220,"JJ"
64221,"NN"
64222,"CC"
64223,"VBZ"
64224,"TO"
64225,"VB"
64226,"NN"
64227,","
64228,"''"
64229,"VBD"
64230,"NNP"
64231,"NNP"
64232,"NNP"
64233,","
64234,"NNP"
64235,"POS"
64236,"NN"
64237,"."
64238,"O"
64239,"NNP"
64240,"NNP"
64241,","
64242,"DT"
64243,"JJ"
64244,"JJ"
64245,"NN"
64246,"CC"
64247,"JJ"
64248,"NN"
64249,","
64250,"VBD"
64251,"IN"
64252,"PRP$"
64253,"NN"
64254,"NNS"
64255,"VBD"
64256,"CD"
64257,"NN"
64258,"TO"
64259,"CD"
64260,"CD"
64261,"NNS"
64262,"("
64263,"$"
64264,"CD"
64265,"CD"
64266,")"
64267,"IN"
64268,"DT"
64269,"JJ"
64270,"CD"
64271,"NNS"
64272,"IN"
64273,"DT"
64274,"NN"
64275,","
64276,"IN"
64277,"JJ"
64278,"NNS"
64279,"IN"
64280,"DT"
64281,"NNS"
64282,"."
64283,"DT"
64284,"NN"
64285,"RBR"
64286,"NNS"
64287,"VBD"
64288,"FW"
64289,"CD"
64290,"NNS"
64291,"."
64292,"JJ"
64293,"NN"
64294,"NNS"
64295,"CC"
64296,"JJ"
64297,"NNS"
64298,"NN"
64299,"VBD"
64300,"TO"
64301,"DT"
64302,"JJ"
64303,"NN"
64304,"IN"
64305,"JJ"
64306,"NN"
64307,"IN"
64308,"DT"
64309,"NN"
64310,","
64311,"IN"
64312,"DT"
64313,"NN"
64314,"VBD"
64315,"RB"
64316,"VB"
64317,"NNS"
64318,","
64319,"RB"
64320,"VBZ"
64321,"JJ"
64322,"IN"
64323,"JJ"
64324,"NNS"
64325,"."
64326,"NNP"
64327,"VBD"
64328,"PRP"
64329,"VBZ"
64330,"DT"
64331,"``"
64332,"JJ"
64333,"NN"
64334,"''"
64335,"IN"
64336,"JJ"
64337,"NN"
64338,"IN"
64339,"DT"
64340,"JJ"
64341,"NN"
64342,","
64343,"VBG"
64344,"JJ"
64345,"NN"
64346,"NN"
64347,"NNS"
64348,"."
64349,"O"
64350,"NNP"
64351,"NNP"
64352,","
64353,"DT"
64354,"JJ"
64355,"NN"
64356,"IN"
64357,"NN"
64358,"NN"
64359,"CC"
64360,"NN"
64361,"NN"
64362,","
64363,"VBD"
64364,"DT"
64365,"CD"
64366,"NN"
64367,"NN"
64368,"IN"
64369,"JJ"
64370,"NN"
64371,"IN"
64372,"DT"
64373,"JJS"
64374,"NN"
64375,"."
64376,"DT"
64377,"#"
64378,"CD"
64379,"CD"
64380,"("
64381,"$"
64382,"CD"
64383,"CD"
64384,")"
64385,"IN"
64386,"JJ"
64387,"NN"
64388,"IN"
64389,"DT"
64390,"CD"
64391,"NNS"
64392,"IN"
64393,"NNP"
64394,"CD"
64395,"VBD"
64396,"RB"
64397,"IN"
64398,"#"
64399,"CD"
64400,"CD"
64401,"("
64402,"$"
64403,"CD"
64404,"CD"
64405,")"
64406,"DT"
64407,"NN"
64408,"RBR"
64409,"CC"
64410,"IN"
64411,"NN"
64412,"NNS"
64413,"IN"
64414,"#"
64415,"CD"
64416,"CD"
64417,"CC"
64418,"#"
64419,"CD"
64420,"CD"
64421,"."
64422,"DT"
64423,"NN"
64424,"IN"
64425,"NN"
64426,","
64427,"WDT"
64428,"VBD"
64429,"IN"
64430,"JJ"
64431,"NNS"
64432,","
64433,"VBD"
64434,"VBN"
64435,"TO"
64436,"JJ"
64437,"NNS"
64438,"IN"
64439,"NNS"
64440,"CC"
64441,"NNS"
64442,"IN"
64443,"NN"
64444,"NNS"
64445,"."
64446,"NNP"
64447,"POS"
64448,"NN"
64449,"IN"
64450,"NNS"
64451,"VBD"
64452,"DT"
64453,"RB"
64454,"JJ"
64455,"CD"
64456,"NN"
64457,","
64458,"TO"
64459,"#"
64460,"CD"
64461,"CD"
64462,"IN"
64463,"#"
64464,"CD"
64465,"CD"
64466,"DT"
64467,"NN"
64468,"RBR"
64469,"."
64470,"NNS"
64471,"VBD"
64472,"RB"
64473,"RB"
64474,"TO"
64475,"#"
64476,"CD"
64477,"CD"
64478,"IN"
64479,"#"
64480,"CD"
64481,"CD"
64482,"DT"
64483,"NN"
64484,"RBR"
64485,"."
64486,"O"
64487,"NNP"
64488,"NNP"
64489,"POS"
64490,"NN"
64491,"NN"
64492,"VBD"
64493,"TO"
64494,"NN"
64495,"IN"
64496,"IN"
64497,"JJS"
64498,"IN"
64499,"PRP$"
64500,"NNS"
64501,"CC"
64502,"NNS"
64503,"IN"
64504,"DT"
64505,"JJ"
64506,"NN"
64507,","
64508,"IN"
64509,"PRP"
64510,"VBD"
64511,"DT"
64512,"CD"
64513,"NN"
64514,"NN"
64515,"IN"
64516,"JJ"
64517,"JJ"
64518,"NNS"
64519,"IN"
64520,"DT"
64521,"CD"
64522,"NN"
64523,"NN"
64524,"NN"
64525,"."
64526,"DT"
64527,"NN"
64528,","
64529,"NNP"
64530,"NN"
64531,","
64532,"DT"
64533,"JJ"
64534,"NN"
64535,"IN"
64536,"NN"
64537,"NNS"
64538,"CC"
64539,"NN"
64540,"IN"
64541,"JJ"
64542,"NNS"
64543,"CC"
64544,"NNS"
64545,","
64546,"VBD"
64547,"JJ"
64548,"NN"
64549,"IN"
64550,"DT"
64551,"NN"
64552,"VBD"
64553,"NNP"
64554,"CD"
64555,"IN"
64556,"$"
64557,"CD"
64558,"CD"
64559,","
64560,"CC"
64561,"CD"
64562,"NNS"
64563,"DT"
64564,"NN"
64565,","
64566,"RB"
64567,"IN"
64568,"$"
64569,"CD"
64570,"CD"
64571,","
64572,"CC"
64573,"CD"
64574,"NNS"
64575,"DT"
64576,"NN"
64577,","
64578,"IN"
64579,"DT"
64580,"JJ"
64581,"NN"
64582,"."
64583,"NNP"
64584,"VBD"
64585,"TO"
64586,"$"
64587,"CD"
64588,"CD"
64589,","
64590,"IN"
64591,"$"
64592,"CD"
64593,"CD"
64594,"."
64595,"NNP"
64596,"RB"
64597,"VBD"
64598,"PRP"
64599,"MD"
64600,"VB"
64601,"DT"
64602,"JJ"
64603,"NN"
64604,"IN"
64605,"VBG"
64606,"PRP$"
64607,"NN"
64608,"NN"
64609,"IN"
64610,"NNP"
64611,"CD"
64612,","
64613,"VBG"
64614,"DT"
64615,"$"
64616,"CD"
64617,"DT"
64618,"NN"
64619,"NN"
64620,"IN"
64621,"PRP$"
64622,"NN"
64623,"."
64624,"CC"
64625,"PRP$"
64626,"NN"
64627,"VBD"
64628,"RB"
64629,"RB"
64630,"IN"
64631,"PRP"
64632,"VBD"
64633,"RB"
64634,"JJ"
64635,"NNS"
64636,"IN"
64637,"DT"
64638,"NNS"
64639,"."
64640,"NNP"
64641,"POS"
64642,"NN"
64643,"VBD"
64644,"$"
64645,"CD"
64646,"DT"
64647,"NN"
64648,"IN"
64649,"JJ"
64650,"JJ"
64651,"NN"
64652,"TO"
64653,"$"
64654,"CD"
64655,"."
64656,"DT"
64657,"NN"
64658,"VBD"
64659,"VBN"
64660,"DT"
64661,"NN"
64662,"IN"
64663,"$"
64664,"CD"
64665,"DT"
64666,"NN"
64667,"RB"
64668,"JJ"
64669,"NN"
64670,"CC"
64671,"VBD"
64672,"TO"
64673,"$"
64674,"CD"
64675,"IN"
64676,"DT"
64677,"NNP"
64678,"NN"
64679,"NN"
64680,"."
64681,"DT"
64682,"NN"
64683,"VBD"
64684,"VBN"
64685,"VBG"
64686,"NN"
64687,"NNS"
64688,"IN"
64689,"IN"
64690,"JJ"
64691,"NNS"
64692,"IN"
64693,"NN"
64694,"NNS"
64695,","
64696,"WDT"
64697,"VBP"
64698,"JJR"
64699,"NNS"
64700,"IN"
64701,"VBP"
64702,"NN"
64703,"NNS"
64704,"."
64705,"CC"
64706,"DT"
64707,"NN"
64708,"VBD"
64709,"DT"
64710,"NN"
64711,"VBD"
64712,"VBN"
64713,"IN"
64714,"DT"
64715,"JJ"
64716,"NN"
64717,"IN"
64718,"JJR"
64719,"NNS"
64720,"IN"
64721,"NN"
64722,"CC"
64723,"NNS"
64724,"IN"
64725,"NN"
64726,"."
64727,"IN"
64728,"DT"
64729,"NN"
64730,","
64731,"NNP"
64732,"POS"
64733,"NN"
64734,"IN"
64735,"NNS"
64736,","
64737,"IN"
64738,"DT"
64739,"NN"
64740,"IN"
64741,"NNS"
64742,","
64743,"VBD"
64744,"CD"
64745,"NN"
64746,"IN"
64747,"DT"
64748,"JJ"
64749,"NN"
64750,"CC"
64751,"CD"
64752,"NN"
64753,"IN"
64754,"DT"
64755,"JJ"
64756,"NN"
64757,"."
64758,"DT"
64759,"NN"
64760,"VBD"
64761,"IN"
64762,"DT"
64763,"NN"
64764,"NN"
64765,":"
64766,"JJ"
64767,"NN"
64768,"IN"
64769,"DT"
64770,"NN"
64771,"IN"
64772,"NNS"
64773,":"
64774,"TO"
64775,"CD"
64776,"NN"
64777,"IN"
64778,"DT"
64779,"NN"
64780,","
64781,"VBN"
64782,"IN"
64783,"CD"
64784,"NN"
64785,"DT"
64786,"NN"
64787,"RBR"
64788,"."
64789,"NNP"
64790,"NNS"
64791,"VBD"
64792,"DT"
64793,"JJ"
64794,"NNS"
64795,"RB"
64796,"VBD"
64797,"JJ"
64798,"JJ"
64799,"NN"
64800,"IN"
64801,"PRP$"
64802,"NN"
64803,"NNS"
64804,"CC"
64805,"NN"
64806,"NNS"
64807,"."
64808,"IN"
64809,"PRP"
64810,"VBZ"
64811,"VBN"
64812,"DT"
64813,"JJ"
64814,"NN"
64815,"IN"
64816,"NN"
64817,"NNS"
64818,"IN"
64819,"JJ"
64820,"NNS"
64821,"VBZ"
64822,"VBG"
64823,"TO"
64824,"IN"
64825,"DT"
64826,"CD"
64827,"NN"
64828,"JJ"
64829,"NN"
64830,","
64831,"PRP$"
64832,"JJ"
64833,"NNS"
64834,"VBP"
64835,"VBG"
64836,"IN"
64837,"DT"
64838,"RB"
64839,"JJR"
64840,"NN"
64841,"IN"
64842,"JJ"
64843,"NN"
64844,"VBN"
64845,"TO"
64846,"DT"
64847,"JJ"
64848,"NN"
64849,"IN"
64850,"DT"
64851,"NN"
64852,"."
64853,"DT"
64854,"NN"
64855,"VBZ"
64856,"TO"
64857,"VB"
64858,"JJ"
64859,"NN"
64860,"NNS"
64861,","
64862,"IN"
64863,"DT"
64864,"NN"
64865,","
64866,"CC"
64867,"NN"
64868,"NN"
64869,","
64870,"IN"
64871,"DT"
64872,"NN"
64873,"VBZ"
64874,"VBG"
64875,"JJ"
64876,"NN"
64877,"CC"
64878,"JJ"
64879,"NNS"
64880,"NNS"
64881,"."
64882,"VBN"
64883,"IN"
64884,"PRP$"
64885,"JJ"
64886,"NN"
64887,","
64888,"DT"
64889,"JJ"
64890,"NN"
64891,"IN"
64892,"PRP$"
64893,"CD"
64894,"JJ"
64895,"NN"
64896,","
64897,"NNP"
64898,"VBD"
64899,"CD"
64900,"NN"
64901,","
64902,"CC"
64903,"NNS"
64904,"VBD"
64905,"CD"
64906,"NN"
64907,"."
64908,"O"
64909,"NNP"
64910,"NNP"
64911,"NNP"
64912,","
64913,"NNP"
64914,","
64915,"VBD"
64916,"DT"
64917,"JJ"
64918,"NN"
64919,"NN"
64920,"IN"
64921,"NNP"
64922,"NNP"
64923,"NNP"
64924,"NNP"
64925,"TO"
64926,"VB"
64927,"DT"
64928,"VBG"
64929,"NN"
64930,"NN"
64931,"IN"
64932,"JJ"
64933,"NNS"
64934,"."
64935,"NNP"
64936,"VBZ"
64937,"DT"
64938,"NN"
64939,"IN"
64940,"WP"
64941,"VBZ"
64942,"VBN"
64943,"IN"
64944,"JJ"
64945,"NN"
64946,"NN"
64947,","
64948,"CC"
64949,"NNP"
64950,","
64951,"DT"
64952,"NN"
64953,"VBG"
64954,"NNS"
64955,"CC"
64956,"JJ"
64957,"NN"
64958,"."
64959,"IN"
64960,"VBG"
64961,"NNP"
64962,","
64963,"NNP"
64964,"NNP"
64965,"VBZ"
64966,"JJ"
64967,"NNS"
64968,"IN"
64969,"JJ"
64970,"NNP"
64971,"IN"
64972,"DT"
64973,"JJ"
64974,"NN"
64975,"NN"
64976,"."
64977,"NNP"
64978,"NNP"
64979,"NNP"
64980,","
64981,"NNP"
64982,"NNPS"
64983,"NNP"
64984,","
64985,"NNP"
64986,"NNP"
64987,"CC"
64988,"NNP"
64989,"NNP"
64990,","
64991,"IN"
64992,"NNS"
64993,","
64994,"VBP"
64995,"JJ"
64996,"NNS"
64997,"IN"
64998,"NNP"
64999,","
65000,"VBN"
65001,"IN"
65002,"NNP"
65003,","
65004,"NNP"
65005,"."
65006,"NNP"
65007,"NNP"
65008,"VBD"
65009,"PRP"
65010,"VBZ"
65011,"PRP$"
65012,"JJ"
65013,"JJ"
65014,"NN"
65015,"NN"
65016,"TO"
65017,"VB"
65018,"VBN"
65019,"IN"
65020,"NN"
65021,"."
65022,"DT"
65023,"NN"
65024,"IN"
65025,"NNP"
65026,"NNS"
65027,"IN"
65028,"NNP"
65029,"NNP"
65030,"TO"
65031,"VB"
65032,"PRP$"
65033,"NN"
65034,"IN"
65035,"NN"
65036,"NN"
65037,","
65038,"DT"
65039,"NNS"
65040,"VBD"
65041,"."
65042,"NNP"
65043,"NNP"
65044,"RB"
65045,"VBD"
65046,"PRP"
65047,"VBZ"
65048,"VBG"
65049,"WP"
65050,"PRP"
65051,"VBD"
65052,"DT"
65053,"``"
65054,"JJ"
65055,"''"
65056,"NN"
65057,","
65058,"DT"
65059,"JJ"
65060,"CD"
65061,","
65062,"VBN"
65063,"IN"
65064,"NNS"
65065,","
65066,"NNS"
65067,"CC"
65068,"JJ"
65069,"NNS"
65070,"IN"
65071,"JJ"
65072,"NN"
65073,"NNS"
65074,"."
65075,"O"
65076,"NNP"
65077,"NNP"
65078,"VBD"
65079,"DT"
65080,"JJ"
65081,"$"
65082,"CD"
65083,","
65084,"TO"
65085,"$"
65086,"CD"
65087,","
65088,"IN"
65089,"NNP"
65090,"NNP"
65091,"VBD"
65092,"PRP"
65093,"MD"
65094,"VB"
65095,"IN"
65096,"DT"
65097,"RB"
65098,"JJ"
65099,"NN"
65100,"IN"
65101,"DT"
65102,"JJ"
65103,"$"
65104,"CD"
65105,"CD"
65106,"NN"
65107,"IN"
65108,"NNP"
65109,"NNP"
65110,"POS"
65111,"NN"
65112,"."
65113,"NNP"
65114,"VBZ"
65115,"VBN"
65116,"$"
65117,"CD"
65118,","
65119,"CC"
65120,"CD"
65121,"NN"
65122,","
65123,"IN"
65124,"DT"
65125,"CD"
65126,"NN"
65127,"NNS"
65128,"IN"
65129,"NN"
65130,"IN"
65131,"DT"
65132,"NN"
65133,"POS"
65134,"NN"
65135,"VBD"
65136,"DT"
65137,"NN"
65138,"NN"
65139,"."
65140,"RB"
65141,","
65142,"NN"
65143,"NNP"
65144,"NNP"
65145,"VBD"
65146,"PRP"
65147,"VBZ"
65148,"VBN"
65149,"IN"
65150,"NNP"
65151,","
65152,"CC"
65153,"PRP"
65154,"VBD"
65155,"PRP$"
65156,"RBR"
65157,"$"
65158,"JJ"
65159,"JJ"
65160,"NN"
65161,"."
65162,"NNP"
65163,"NNS"
65164,"VBD"
65165,"RB"
65166,"IN"
65167,"JJ"
65168,"NN"
65169,","
65170,"VBN"
65171,"IN"
65172,"JJ"
65173,"NN"
65174,"NN"
65175,"CC"
65176,"JJ"
65177,"NNS"
65178,"IN"
65179,"NNP"
65180,"CC"
65181,"JJ"
65182,"NN"
65183,"NNS"
65184,"."
65185,"DT"
65186,"NNP"
65187,"NNP"
65188,"NNS"
65189,"VBD"
65190,"IN"
65191,"CD"
65192,"NNS"
65193,","
65194,"IN"
65195,"NNP"
65196,","
65197,"IN"
65198,"VBG"
65199,"IN"
65200,"CD"
65201,"NNS"
65202,"IN"
65203,"DT"
65204,"NN"
65205,"."
65206,"NNP"
65207,"NNS"
65208,"VBD"
65209,"JJR"
65210,"IN"
65211,"DT"
65212,"JJ"
65213,"NN"
65214,","
65215,"IN"
65216,"DT"
65217,"NN"
65218,"VBD"
65219,"VBN"
65220,"."
65221,"DT"
65222,"NNP"
65223,"NN"
65224,"NN"
65225,"VBD"
65226,"TO"
65227,"$"
65228,"CD"
65229,"CD"
65230,"IN"
65231,"NNP"
65232,","
65233,"VBG"
65234,"NNS"
65235,"IN"
65236,"DT"
65237,"NN"
65238,"POS"
65239,"NN"
65240,"NN"
65241,"VBD"
65242,"VBN"
65243,"."
65244,"NNS"
65245,"VBD"
65246,"IN"
65247,"DT"
65248,"JJ"
65249,"NN"
65250,"IN"
65251,"DT"
65252,"NN"
65253,","
65254,"IN"
65255,"NNS"
65256,"VBD"
65257,"TO"
65258,"DT"
65259,"NN"
65260,"."
65261,"DT"
65262,"NN"
65263,"VBD"
65264,"PRP"
65265,"CD"
65266,"IN"
65267,"DT"
65268,"JJS"
65269,"NN"
65270,"NNS"
65271,"IN"
65272,"DT"
65273,"NN"
65274,"VBD"
65275,"RP"
65276,"IN"
65277,"NNP"
65278,"NN"
65279,"VBD"
65280,"CD"
65281,"NN"
65282,"IN"
65283,"NNP"
65284,","
65285,"DT"
65286,"JJS"
65287,"NN"
65288,"NN"
65289,"VBZ"
65290,"VBG"
65291,"."
65292,"DT"
65293,"NN"
65294,"VBD"
65295,"JJR"
65296,"NN"
65297,"NN"
65298,"CC"
65299,"NNS"
65300,"."
65301,"NNP"
65302,"NNP"
65303,"VBD"
65304,"$"
65305,"CD"
65306,"CD"
65307,"TO"
65308,"NNS"
65309,"IN"
65310,"NNP"
65311,"NNP"
65312,"NNS"
65313,","
65314,"DT"
65315,"JJ"
65316,"JJ"
65317,"NN"
65318,"TO"
65319,"VB"
65320,"PDT"
65321,"DT"
65322,"NN"
65323,"."
65324,"PRP"
65325,"VBZ"
65326,"DT"
65327,"$"
65328,"CD"
65329,"CD"
65330,"JJ"
65331,"NN"
65332,"."
65333,"NNP"
65334,"VBD"
65335,"DT"
65336,"CD"
65337,"NN"
65338,"NN"
65339,"IN"
65340,"JJ"
65341,"NN"
65342,"."
65343,"NNP"
65344,"NNP"
65345,"VBD"
65346,"DT"
65347,"NN"
65348,"JJ"
65349,"TO"
65350,"DT"
65351,"JJ"
65352,"NN"
65353,"NN"
65354,"."
65355,"NNP"
65356,"IN"
65357,"NNP"
65358,"NNP"
65359,"VBZ"
65360,"TO"
65361,"VB"
65362,"DT"
65363,"NNS"
65364,"CC"
65365,"VBD"
65366,"RP"
65367,"LS"
65368,"NN"
65369,"IN"
65370,"PRP$"
65371,"NN"
65372,"NN"
65373,"IN"
65374,"DT"
65375,"NN"
65376,"IN"
65377,"JJ"
65378,"NNS"
65379,"CC"
65380,"VBG"
65381,"NN"
65382,"NNS"
65383,"."
65384,"NNP"
65385,"NNP"
65386,"POS"
65387,"NNS"
65388,"VBP"
65389,"VBN"
65390,"VBG"
65391,"JJ"
65392,"NNS"
65393,"TO"
65394,"DT"
65395,"NNP"
65396,"CD"
65397,"NN"
65398,"IN"
65399,"PRP"
65400,"VBP"
65401,"JJ"
65402,"IN"
65403,"DT"
65404,"NN"
65405,"POS"
65406,"JJS"
65407,"NN"
65408,"."
65409,"NNP"
65410,"VBD"
65411,"TO"
65412,"VB"
65413,"NN"
65414,"IN"
65415,"NNP"
65416,"NNP"
65417,"IN"
65418,"NNP"
65419,"IN"
65420,"$"
65421,"CD"
65422,"CD"
65423,"."
65424,"DT"
65425,"NN"
65426,"MD"
65427,"VB"
65428,"DT"
65429,"JJ"
65430,"NN"
65431,"TO"
65432,"NNP"
65433,"NNP"
65434,"POS"
65435,"NNP"
65436,"NNP"
65437,"NNP"
65438,"."
65439,"DT"
65440,"NNP"
65441,"VBZ"
65442,"TO"
65443,"VB"
65444,"JJ"
65445,"NN"
65446,"IN"
65447,"NNS"
65448,"NNS"
65449,","
65450,"IN"
65451,"WDT"
65452,"NNS"
65453,"VBP"
65454,"CC"
65455,"VBP"
65456,"PDT"
65457,"IN"
65458,"PRP$"
65459,"JJ"
65460,"NN"
65461,"CC"
65462,"IN"
65463,"NNS"
65464,"."
65465,"DT"
65466,"NN"
65467,"VBZ"
65468,"JJ"
65469,"TO"
65470,"NN"
65471,"NNS"
65472,"."
65473,"NNP"
65474,"NNP"
65475,"NNP"
65476,"VBD"
65477,"IN"
65478,"NNP"
65479,"NNP"
65480,"CC"
65481,"NNP"
65482,"IN"
65483,"NNP"
65484,"MD"
65485,"VB"
65486,"VBN"
65487,"VBN"
65488,"IN"
65489,"CD"
65490,"TO"
65491,"VB"
65492,"NNS"
65493,"PRP"
65494,"VBN"
65495,"MD"
65496,"VB"
65497,"NNS"
65498,"IN"
65499,"JJ"
65500,"IN"
65501,"$"
65502,"CD"
65503,"CD"
65504,"."
65505,"DT"
65506,"$"
65507,"CD"
65508,"CD"
65509,"NN"
65510,"NN"
65511,"VBD"
65512,"VBN"
65513,"IN"
65514,"JJ"
65515,"NNS"
65516,"WDT"
65517,"VBZ"
65518,"JJ"
65519,"NNS"
65520,"VBG"
65521,"DT"
65522,"JJ"
65523,"NN"
65524,"NN"
65525,"."
65526,"NNP"
65527,"POS"
65528,"NNP"
65529,"NN"
65530,"VBZ"
65531,"VBN"
65532,"TO"
65533,"VB"
65534,"IN"
65535,"NN"
65536,"DT"
65537,"NN"
65538,"TO"
65539,"VB"
65540,"PRP$"
65541,"NNP"
65542,"NNPS"
65543,"NN"
65544,"TO"
65545,"NN"
65546,","
65547,"VBG"
65548,"TO"
65549,"NNS"
65550,"."
65551,"DT"
65552,"JJ"
65553,"NN"
65554,"VBD"
65555,"VBN"
65556,"IN"
65557,"NNS"
65558,"TO"
65559,"VB"
65560,"DT"
65561,"NN"
65562,"NN"
65563,"IN"
65564,"DT"
65565,"NN"
65566,"IN"
65567,"NN"
65568,"IN"
65569,"DT"
65570,"JJ"
65571,"NN"
65572,"."
65573,"NNP"
65574,"NNP"
65575,"VBD"
65576,"NNS"
65577,"VBP"
65578,"VBN"
65579,"IN"
65580,"DT"
65581,"JJ"
65582,"NN"
65583,"IN"
65584,"PRP$"
65585,"JJ"
65586,"NNS"
65587,"."
65588,"CD"
65589,"JJ"
65590,"NN"
65591,"NNS"
65592,"VBD"
65593,"JJ"
65594,"JJ"
65595,"NNS"
65596,"."
65597,"NNP"
65598,"POS"
65599,"NN"
65600,"VBD"
65601,"CD"
65602,"NN"
65603,","
65604,"NNP"
65605,"POS"
65606,"CD"
65607,"NN"
65608,"CC"
65609,"NNP"
65610,"NNP"
65611,"POS"
65612,"CD"
65613,"NN"
65614,"."
65615,"NNS"
65616,":"
65617,"NNS"
65618,":"
65619,"NN"
65620,"CD"
65621,"NNS"
65622,"."
65623,"NNP"
65624,"NNP"
65625,"NNS"
65626,"CD"
65627,","
65628,"RB"
65629,"CD"
65630,":"
65631,"NN"
65632,"CD"
65633,","
65634,"RB"
65635,"CD"
65636,":"
65637,"NNS"
65638,"CD"
65639,","
65640,"RB"
65641,"CD"
65642,"."
65643,"NNS"
65644,":"
65645,"NNP"
65646,"NNP"
65647,"NNP"
65648,"NNP"
65649,"NN"
65650,"CD"
65651,","
65652,"RB"
65653,"NNS"
65654,":"
65655,"NNP"
65656,"NNP"
65657,"NNS"
65658,"NN"
65659,"CD"
65660,","
65661,"JJ"
65662,":"
65663,"NN"
65664,"NN"
65665,"CD"
65666,","
65667,"RB"
65668,"CD"
65669,"."
65670,"NN"
65671,":"
65672,"CD"
65673,"NN"
65674,","
65675,"RB"
65676,"CD"
65677,":"
65678,"CD"
65679,"NNS"
65680,","
65681,"IN"
65682,"CD"
65683,"."
65684,"O"
65685,"NNP"
65686,"NNP"
65687,","
65688,"JJ"
65689,"NN"
65690,"IN"
65691,"NNP"
65692,"NNP"
65693,","
65694,"DT"
65695,"JJ"
65696,"NN"
65697,"VBN"
65698,"IN"
65699,"NNP"
65700,"NNP"
65701,","
65702,"NNP"
65703,","
65704,"VBD"
65705,"VBN"
65706,"DT"
65707,"NN"
65708,"IN"
65709,"DT"
65710,"NN"
65711,"NN"
65712,"."
65713,"NNP"
65714,"NNP"
65715,","
65716,"CD"
65717,"NNS"
65718,"JJ"
65719,","
65720,"RB"
65721,"VBZ"
65722,"DT"
65723,"NN"
65724,"TO"
65725,"CD"
65726,"NNS"
65727,"."
65728,"RB"
65729,","
65730,"NN"
65731,"NNP"
65732,"NNP"
65733,"VBZ"
65734,"VBD"
65735,"PRP"
65736,"MD"
65737,"RB"
65738,"VB"
65739,"NN"
65740,"IN"
65741,"DT"
65742,"NN"
65743,"POS"
65744,"JJ"
65745,"NN"
65746,"IN"
65747,"NN"
65748,"."
65749,"O"
65750,"NNP"
65751,"NNP"
65752,"NNP"
65753,","
65754,"DT"
65755,"NNP"
65756,"NNP"
65757,"NN"
65758,"NN"
65759,"WP$"
65760,"$"
65761,"VBP"
65762,"NN"
65763,"IN"
65764,"NNP"
65765,"NNP"
65766,"NNP"
65767,"VBD"
65768,"VBN"
65769,"RB"
65770,"IN"
65771,"DT"
65772,"JJ"
65773,"NN"
65774,"IN"
65775,"DT"
65776,"JJ"
65777,"NN"
65778,","
65779,"VBD"
65780,"IN"
65781,"PRP"
65782,"VBD"
65783,"PRP$"
65784,"JJ"
65785,"CD"
65786,"NN"
65787,"NN"
65788,"NN"
65789,"."
65790,"NNP"
65791,","
65792,"DT"
65793,"NN"
65794,","
65795,"NNP"
65796,","
65797,"NN"
65798,"NN"
65799,","
65800,"VBD"
65801,"VBN"
65802,"NNP"
65803,"POS"
65804,"NN"
65805,"."
65806,"PRP"
65807,"VBZ"
65808,"RB"
65809,"VBN"
65810,"NNS"
65811,"RB"
65812,"TO"
65813,"RB"
65814,"VB"
65815,"PRP$"
65816,"NNS"
65817,"IN"
65818,"DT"
65819,"JJ"
65820,"$"
65821,"VBP"
65822,","
65823,"CC"
65824,"$"
65825,"CD"
65826,"CD"
65827,","
65828,"NN"
65829,"IN"
65830,"NNP"
65831,"NNP"
65832,"IN"
65833,"NNP"
65834,","
65835,"IN"
65836,"NN"
65837,"NNS"
65838,"VBP"
65839,"VBN"
65840,"PRP$"
65841,"NN"
65842,"."
65843,"IN"
65844,"DT"
65845,"NNP"
65846,"CC"
65847,"NNP"
65848,"NNP"
65849,"NN"
65850,","
65851,"NNP"
65852,"VBD"
65853,"PRP"
65854,"VBD"
65855,"DT"
65856,"CD"
65857,"NN"
65858,"NNS"
65859,"IN"
65860,"$"
65861,"CD"
65862,"CD"
65863,"IN"
65864,"DT"
65865,"JJ"
65866,"NN"
65867,"IN"
65868,"NNP"
65869,"CD"
65870,"."
65871,"NNP"
65872,"VBD"
65873,"RB"
65874,"VB"
65875,"DT"
65876,"NN"
65877,"IN"
65878,"DT"
65879,"NNS"
65880,","
65881,"CC"
65882,"DT"
65883,"NN"
65884,"IN"
65885,"DT"
65886,"NN"
65887,"VBD"
65888,"IN"
65889,"CD"
65890,"NN"
65891,"DT"
65892,"JJ"
65893,"NN"
65894,"POS"
65895,"NN"
65896,"NN"
65897,","
65898,"CC"
65899,"DT"
65900,"JJ"
65901,"NN"
65902,"IN"
65903,"DT"
65904,"NNS"
65905,"VBD"
65906,"NNS"
65907,"NNP"
65908,"POS"
65909,"$"
65910,"VBP"
65911,"NN"
65912,"NN"
65913,"NN"
65914,"."
65915,"DT"
65916,"NN"
65917,"NN"
65918,"VBD"
65919,"DT"
65920,"NN"
65921,"VBD"
65922,"DT"
65923,"NN"
65924,"IN"
65925,"DT"
65926,"JJ"
65927,"NN"
65928,"CC"
65929,"RB"
65930,"MD"
65931,"RB"
65932,"VB"
65933,"DT"
65934,"NN"
65935,"CC"
65936,"NNS"
65937,"."
65938,"O"
65939,"NNP"
65940,"NNP"
65941,","
65942,"CD"
65943,"NNS"
65944,"JJ"
65945,","
65946,"VBZ"
65947,"VBN"
65948,"VBN"
65949,"TO"
65950,"DT"
65951,"NN"
65952,"IN"
65953,"DT"
65954,"NN"
65955,"."
65956,"NNP"
65957,"NNP"
65958,","
65959,"JJ"
65960,"NN"
65961,"IN"
65962,"NNP"
65963,"NNP"
65964,"NNP"
65965,"CC"
65966,"DT"
65967,"JJ"
65968,"NN"
65969,"NN"
65970,","
65971,"RBS"
65972,"RB"
65973,"VBD"
65974,"FW"
65975,"NNP"
65976,"NNPS"
65977,","
65978,"DT"
65979,"JJ"
65980,"NNS"
65981,"NN"
65982,"NN"
65983,"."
65984,"NNP"
65985,"NNP"
65986,","
65987,"DT"
65988,"JJ"
65989,"JJ"
65990,"NN"
65991,"TO"
65992,"VB"
65993,"IN"
65994,"DT"
65995,"NNP"
65996,"NN"
65997,","
65998,"VBZ"
65999,"DT"
66000,"NN"
66001,"TO"
66002,"DT"
66003,"NN"
66004,","
66005,"VBG"
66006,"PRP$"
66007,"NN"
66008,"TO"
66009,"CD"
66010,"."
66011,"O"
66012,"NNP"
66013,"NNP"
66014,","
66015,"DT"
66016,"JJ"
66017,"NN"
66018,"CC"
66019,"NN"
66020,"NN"
66021,","
66022,"VBD"
66023,"DT"
66024,"JJ"
66025,"NN"
66026,"IN"
66027,"PRP$"
66028,"JJ"
66029,"JJ"
66030,"NN"
66031,"NN"
66032,","
66033,"VBG"
66034,"JJ"
66035,"NNS"
66036,","
66037,"TO"
66038,"CD"
66039,"CD"
66040,"NNS"
66041,"("
66042,"$"
66043,"CD"
66044,"CD"
66045,")"
66046,"IN"
66047,"CD"
66048,"CD"
66049,"NNS"
66050,"DT"
66051,"NN"
66052,"RBR"
66053,"."
66054,"DT"
66055,"JJ"
66056,"NN"
66057,"VBD"
66058,"PRP$"
66059,"RBR"
66060,"NN"
66061,":"
66062,"IN"
66063,"NN"
66064,"NN"
66065,"IN"
66066,"DT"
66067,"IN"
66068,"CD"
66069,"MD"
66070,"VB"
66071,"RB"
66072,"TO"
66073,"DT"
66074,"CD"
66075,"CD"
66076,"NNS"
66077,"VBD"
66078,"IN"
66079,"CD"
66080,":"
66081,"VBZ"
66082,"JJ"
66083,"."
66084,"VBG"
66085,"IN"
66086,"NN"
66087,"NN"
66088,"NNS"
66089,"CC"
66090,"NNS"
66091,","
66092,"NNP"
66093,"POS"
66094,"NN"
66095,"NN"
66096,"NN"
66097,"IN"
66098,"DT"
66099,"JJ"
66100,"CD"
66101,"NNS"
66102,"IN"
66103,"DT"
66104,"NN"
66105,"VBD"
66106,"CD"
66107,"CD"
66108,"NNS"
66109,","
66110,"RB"
66111,"VB"
66112,"DT"
66113,"JJ"
66114,"NN"
66115,"IN"
66116,"CD"
66117,"CD"
66118,"NNS"
66119,"."
66120,"NNS"
66121,"VBD"
66122,"NNP"
66123,"POS"
66124,"NNS"
66125,"IN"
66126,"DT"
66127,"JJ"
66128,"NN"
66129,"MD"
66130,"VB"
66131,"VBN"
66132,"IN"
66133,"DT"
66134,"NN"
66135,"NN"
66136,"IN"
66137,"DT"
66138,"NN"
66139,"IN"
66140,"DT"
66141,"NNP"
66142,"NN"
66143,"IN"
66144,"DT"
66145,"NN"
66146,"NN"
66147,"WDT"
66148,"VBZ"
66149,"CD"
66150,"NN"
66151,"VBN"
66152,"IN"
66153,"NNP"
66154,"."
66155,"O"
66156,"NNP"
66157,"NNP"
66158,","
66159,"NNP"
66160,","
66161,"NNP"
66162,","
66163,"VBD"
66164,"PRP"
66165,"VBD"
66166,"NN"
66167,"IN"
66168,"DT"
66169,"NNP"
66170,"NNP"
66171,"CC"
66172,"NNP"
66173,"NNP"
66174,"TO"
66175,"VB"
66176,"DT"
66177,"JJ"
66178,"NN"
66179,"WDT"
66180,"MD"
66181,"VB"
66182,"IN"
66183,"NN"
66184,"CC"
66185,"NN"
66186,"IN"
66187,"NN"
66188,"CC"
66189,"NN"
66190,"NN"
66191,"."
66192,"DT"
66193,"JJ"
66194,"NN"
66195,"NN"
66196,"NN"
66197,"VBZ"
66198,"RBR"
66199,"JJ"
66200,"IN"
66201,"JJ"
66202,"NNS"
66203,"IN"
66204,"VBG"
66205,"DT"
66206,"NN"
66207,"IN"
66208,"NN"
66209,","
66210,"IN"
66211,"PRP"
66212,"VBZ"
66213,"VBN"
66214,"CC"
66215,"IN"
66216,"EX"
66217,"VBZ"
66218,"DT"
66219,"NN"
66220,"NN"
66221,"NN"
66222,","
66223,"VBD"
66224,"NNP"
66225,"NNP"
66226,"NNP"
66227,"NNP"
66228,"."
66229,"NNP"
66230,"NNP"
66231,"VBD"
66232,"DT"
66233,"NN"
66234,"RB"
66235,"MD"
66236,"VB"
66237,"VBN"
66238,"IN"
66239,"NN"
66240,"IN"
66241,"NNS"
66242,"CC"
66243,"JJ"
66244,"NNS"
66245,","
66246,"CC"
66247,"RB"
66248,"MD"
66249,"VB"
66250,"DT"
66251,"NN"
66252,"IN"
66253,"NN"
66254,"NN"
66255,"."
66256,"NNP"
66257,"NNP"
66258,"VBD"
66259,"DT"
66260,"NN"
66261,"MD"
66262,"VB"
66263,"VBN"
66264,"IN"
66265,"CD"
66266,"NNS"
66267,"TO"
66268,"NNS"
66269,"CC"
66270,"JJ"
66271,"NNS"
66272,"."
66273,"NNP"
66274,"NNP"
66275,"NNP"
66276,","
66277,"DT"
66278,"NN"
66279,"NN"
66280,"NN"
66281,"IN"
66282,"DT"
66283,"NNP"
66284,"NNP"
66285,"NNP"
66286,","
66287,"VBD"
66288,"DT"
66289,"NN"
66290,"VBZ"
66291,"RB"
66292,"VBN"
66293,"IN"
66294,"NN"
66295,"NNS"
66296,"CC"
66297,"VBZ"
66298,"RB"
66299,"VBG"
66300,"DT"
66301,"JJ"
66302,"NN"
66303,"IN"
66304,"PRP"
66305,"VBZ"
66306,"RB"
66307,"RB"
66308,"JJ"
66309,"IN"
66310,"VBG"
66311,"DT"
66312,"JJS"
66313,"JJ"
66314,"NN"
66315,"."
66316,"CC"
66317,"DT"
66318,"NN"
66319,"MD"
66320,"VB"
66321,"TO"
66322,"VB"
66323,"RBR"
66324,"JJ"
66325,"IN"
66326,"VBG"
66327,"IN"
66328,"DT"
66329,"NN"
66330,"VBZ"
66331,"VBN"
66332,"CC"
66333,"VBN"
66334,"JJ"
66335,"NN"
66336,","
66337,"NNP"
66338,"NNP"
66339,"VBD"
66340,"."
66341,"``"
66342,"PRP"
66343,"VBP"
66344,"RB"
66345,"VB"
66346,"RB"
66347,"WRB"
66348,"JJ"
66349,"PRP"
66350,"VBZ"
66351,"VBG"
66352,"TO"
66353,"VB"
66354,","
66355,"''"
66356,"PRP"
66357,"VBD"
66358,"."
66359,"NNP"
66360,","
66361,"DT"
66362,"JJ"
66363,"NN"
66364,"IN"
66365,"JJ"
66366,"JJ"
66367,"NNS"
66368,","
66369,"NNS"
66370,"IN"
66371,"DT"
66372,"NN"
66373,"NN"
66374,"MD"
66375,"VB"
66376,"PRP"
66377,"TO"
66378,"VB"
66379,"PRP$"
66380,"JJ"
66381,"NN"
66382,"IN"
66383,"DT"
66384,"JJ"
66385,"NN"
66386,"IN"
66387,"CD"
66388,","
66389,"NNP"
66390,"NNP"
66391,"VBD"
66392,"."
66393,"DT"
66394,"NN"
66395,"MD"
66396,"VB"
66397,"$"
66398,"CD"
66399,"IN"
66400,"DT"
66401,"NN"
66402,"CC"
66403,"NNS"
66404,"IN"
66405,"$"
66406,"CD"
66407,"CD"
66408,"IN"
66409,"NN"
66410,"IN"
66411,"DT"
66412,"NN"
66413,"IN"
66414,"DT"
66415,"JJ"
66416,"CD"
66417,"NNS"
66418,"IN"
66419,"NN"
66420,","
66421,"PRP"
66422,"VBD"
66423,"."
66424,"O"
66425,"NNP"
66426,"NNP"
66427,","
66428,"NNP"
66429,","
66430,"NNP"
66431,","
66432,"VBD"
66433,"PRP"
66434,"VBD"
66435,"DT"
66436,"JJ"
66437,"NNS"
66438,"IN"
66439,"RB"
66440,"VBN"
66441,"NNP"
66442,"NNP"
66443,"NNP"
66444,"NNP"
66445,"IN"
66446,"DT"
66447,"NN"
66448,"CC"
66449,"NNS"
66450,"NN"
66451,"VBN"
66452,"IN"
66453,"$"
66454,"CD"
66455,"CD"
66456,"."
66457,"NNP"
66458,"VBD"
66459,"PRP$"
66460,"RB"
66461,"VBN"
66462,"JJ"
66463,"NNP"
66464,"NN"
66465,"VBD"
66466,"$"
66467,"CD"
66468,"CD"
66469,"IN"
66470,"NN"
66471,","
66472,"VBD"
66473,"$"
66474,"CD"
66475,"CD"
66476,"IN"
66477,"NNS"
66478,"CC"
66479,"$"
66480,"CD"
66481,"CD"
66482,"IN"
66483,"JJ"
66484,"NN"
66485,"TO"
66486,"VB"
66487,"NNP"
66488,"POS"
66489,"NNS"
66490,"IN"
66491,"DT"
66492,"NNP"
66493,"NNP"
66494,"."
66495,"NNP"
66496,","
66497,"WDT"
66498,"VBZ"
66499,"JJ"
66500,"NN"
66501,"NNS"
66502,","
66503,"VBN"
66504,"IN"
66505,"NNP"
66506,","
66507,"VBN"
66508,"IN"
66509,"NNP"
66510,","
66511,"NNP"
66512,","
66513,"IN"
66514,"DT"
66515,"NN"
66516,"IN"
66517,"NNS"
66518,"."
66519,"IN"
66520,"VBG"
66521,"DT"
66522,"NN"
66523,","
66524,"DT"
66525,"NN"
66526,"MD"
66527,"VB"
66528,"``"
66529,"NNS"
66530,","
66531,"''"
66532,"VBD"
66533,"NNP"
66534,"NNP"
66535,","
66536,"NNP"
66537,"POS"
66538,"JJ"
66539,"JJ"
66540,"NN"
66541,"."
66542,"PRP"
66543,"RB"
66544,"MD"
66545,"VB"
66546,"JJ"
66547,"JJ"
66548,"NNS"
66549,"."
66550,"IN"
66551,"NNP"
66552,"NNP"
66553,","
66554,"IN"
66555,"NN"
66556,","
66557,"NNP"
66558,"VBZ"
66559,"VBN"
66560,"DT"
66561,"JJ"
66562,"NN"
66563,"NN"
66564,"IN"
66565,"NNP"
66566,"POS"
66567,"NN"
66568,"VBZ"
66569,"VBN"
66570,"RBR"
66571,"JJ"
66572,","
66573,"VBG"
66574,"TO"
66575,"NNP"
66576,"NNP"
66577,"."
66578,"O"
66579,"NNS"
66580,"MD"
66581,"VB"
66582,"TO"
66583,"VB"
66584,"PRP$"
66585,"NNS"
66586,"DT"
66587,"RB"
66588,"JJR"
66589,"TO"
66590,"DT"
66591,"NN"
66592,"VBN"
66593,"."
66594,"NNP"
66595,"VBZ"
66596,"VBG"
66597,"NNP"
66598,"POS"
66599,"``"
66600,"NNP"
66601,"NNP"
66602,"NNP"
66603,"''"
66604,"MD"
66605,"RB"
66606,"VB"
66607,"IN"
66608,"NN"
66609,"IN"
66610,"DT"
66611,"JJS"
66612,"NN"
66613,"IN"
66614,"CD"
66615,"NNS"
66616,"IN"
66617,"IN"
66618,"CD"
66619,"CC"
66620,"CD"
66621,"JJ"
66622,"NNS"
66623,"."
66624,"CD"
66625,"NNS"
66626,"RB"
66627,","
66628,"NNS"
66629,"IN"
66630,"JJ"
66631,"NNP"
66632,"NNP"
66633,"NN"
66634,"NNS"
66635,"VBD"
66636,"VBG"
66637,"DT"
66638,"CD"
66639,"NN"
66640,"IN"
66641,"NN"
66642,"IN"
66643,"JJ"
66644,"JJ"
66645,"NNS"
66646,"."
66647,"CC"
66648,"DT"
66649,"JJ"
66650,"JJ"
66651,"``"
66652,"NN"
66653,"''"
66654,"NN"
66655,"``"
66656,"NNP"
66657,"NNP"
66658,"''"
66659,"NNS"
66660,"NNS"
66661,"POS"
66662,"NNS"
66663,"IN"
66664,"JJ"
66665,"NN"
66666,"IN"
66667,"DT"
66668,"JJ"
66669,"NN"
66670,"POS"
66671,"NN"
66672,"."
66673,"JJ"
66674,"NN"
66675,"NN"
66676,"VBZ"
66677,"VBN"
66678,"DT"
66679,"JJ"
66680,"NN"
66681,"IN"
66682,"NN"
66683,","
66684,"CC"
66685,"NN"
66686,"NNS"
66687,"VBP"
66688,"VBG"
66689,"TO"
66690,"VB"
66691,"DT"
66692,"NNS"
66693,"."
66694,"RB"
66695,"NNS"
66696,"MD"
66697,"VB"
66698,"VBN"
66699,"IN"
66700,"DT"
66701,"NN"
66702,"CC"
66703,"NN"
66704,"DT"
66705,"NN"
66706,"."
66707,"CC"
66708,"RB"
66709,"RB"
66710,"NNS"
66711,"VBP"
66712,"VBG"
66713,"IN"
66714,"NNS"
66715,"WP"
66716,"VBP"
66717,"JJ"
66718,"VBG"
66719,"RP"
66720,"DT"
66721,"NN"
66722,"IN"
66723,"NNS"
66724,"MD"
66725,"VB"
66726,"IN"
66727,"PRP$"
66728,"JJ"
66729,"NN"
66730,"NNS"
66731,"CC"
66732,"VB"
66733,"JJ"
66734,"."
66735,"``"
66736,"PRP"
66737,"VBP"
66738,"VBN"
66739,"VBG"
66740,"DT"
66741,"NN"
66742,"IN"
66743,"NN"
66744,"IN"
66745,"NNP"
66746,"NNP"
66747,"VBG"
66748,"TO"
66749,"NN"
66750,"NN"
66751,"NNS"
66752,","
66753,"''"
66754,"VBZ"
66755,"NNP"
66756,"NNP"
66757,","
66758,"NN"
66759,"IN"
66760,"NN"
66761,"NN"
66762,","
66763,"WDT"
66764,"VBD"
66765,"NN"
66766,"IN"
66767,"DT"
66768,"NNP"
66769,"NNP"
66770,"CC"
66771,"NNP"
66772,"POS"
66773,"NN"
66774,"NNS"
66775,"."
66776,"``"
66777,"IN"
66778,"DT"
66779,"NN"
66780,"IN"
66781,"DT"
66782,"NN"
66783,"NN"
66784,"DT"
66785,"NN"
66786,","
66787,"NN"
66788,"VBZ"
66789,"VBG"
66790,"IN"
66791,"DT"
66792,"NN"
66793,"TO"
66794,"VB"
66795,"NNS"
66796,"RBR"
66797,"JJ"
66798,"."
66799,"''"
66800,"CD"
66801,"IN"
66802,"DT"
66803,"NNS"
66804,"IN"
66805,"DT"
66806,"JJ"
66807,"NN"
66808,"IN"
66809,"CD"
66810,"NNS"
66811,"VBZ"
66812,"VB"
66813,"JJ"
66814,","
66815,"DT"
66816,"JJ"
66817,"NN"
66818,"IN"
66819,"NNS"
66820,"NNP"
66821,"NNP"
66822,"NNP"
66823,"CC"
66824,"NNP"
66825,"NNP"
66826,"CC"
66827,"NNP"
66828,"NNP"
66829,"."
66830,"VBN"
66831,"IN"
66832,"NNP"
66833,","
66834,"DT"
66835,"NN"
66836,"NNS"
66837,"NNP"
66838,"POS"
66839,"RB"
66840,"VBD"
66841,"CD"
66842,"NN"
66843,"IN"
66844,"CD"
66845,"JJ"
66846,"NNS"
66847,"IN"
66848,"NNP"
66849,"NNP"
66850,"POS"
66851,"NNP"
66852,","
66853,"NNP"
66854,","
66855,"NN"
66856,"NN"
66857,"."
66858,"JJ"
66859,"NN"
66860,"NNS"
66861,"VBP"
66862,"RB"
66863,"VBN"
66864,"NN"
66865,"VBN"
66866,"CD"
66867,"NN"
66868,","
66869,"CC"
66870,"JJ"
66871,"NNS"
66872,"VBP"
66873,"VBG"
66874,"RB"
66875,"TO"
66876,"VB"
66877,"DT"
66878,"JJ"
66879,"NN"
66880,"."
66881,"NNP"
66882,"NNP"
66883,","
66884,"DT"
66885,"NNP"
66886,"NNP"
66887,"NN"
66888,"WDT"
66889,"VBZ"
66890,"NN"
66891,"NNS"
66892,"CC"
66893,"VBZ"
66894,"NNS"
66895,"IN"
66896,"PRP"
66897,","
66898,"VBZ"
66899,"RB"
66900,"VBN"
66901,"DT"
66902,"NN"
66903,":"
66904,"CD"
66905,"NNP"
66906,":"
66907,"TO"
66908,"VB"
66909,"DT"
66910,"NN"
66911,"TO"
66912,"NN"
66913,"."
66914,"DT"
66915,"NN"
66916,"IN"
66917,"CD"
66918,"NN"
66919,"NNS"
66920,"VBZ"
66921,"VBN"
66922,"VBG"
66923,"RB"
66924,"IN"
66925,"JJ"
66926,"NNS"
66927,"."
66928,"IN"
66929,"DT"
66930,"NN"
66931,","
66932,"JJ"
66933,"NN"
66934,"NNS"
66935,"CC"
66936,"NNS"
66937,"IN"
66938,"JJ"
66939,"NNS"
66940,"TO"
66941,"NN"
66942,"("
66943,"CC"
66944,"JJ"
66945,")"
66946,"NN"
66947,"CC"
66948,"NN"
66949,"NN"
66950,"VBD"
66951,"DT"
66952,"NN"
66953,"DT"
66954,"RB"
66955,"JJ"
66956,"NN"
66957,","
66958,"CC"
66959,"JJ"
66960,"JJ"
66961,"NNS"
66962,"VBP"
66963,"VBN"
66964,"IN"
66965,"VBG"
66966,"NNS"
66967,"."
66968,"DT"
66969,"NN"
66970,"IN"
66971,"DT"
66972,"CD"
66973,"NN"
66974,"VBZ"
66975,"VBN"
66976,"IN"
66977,"DT"
66978,"NN"
66979,":"
66980,"NNP"
66981,"NNP"
66982,","
66983,"IN"
66984,"NN"
66985,":"
66986,"IN"
66987,"DT"
66988,"JJS"
66989,"NN"
66990,"IN"
66991,"CD"
66992,"NNS"
66993,"."
66994,"NNP"
66995,"VBZ"
66996,"VBN"
66997,"IN"
66998,"DT"
66999,"NN"
67000,"POS"
67001,"JJ"
67002,"NN"
67003,"NN"
67004,"."
67005,"IN"
67006,"DT"
67007,"NN"
67008,","
67009,"DT"
67010,"JJ"
67011,"NN"
67012,"NN"
67013,"CC"
67014,"DT"
67015,"JJ"
67016,"NN"
67017,"NN"
67018,"PRP$"
67019,"NNS"
67020,"TO"
67021,"VB"
67022,"DT"
67023,"NN"
67024,","
67025,"VBG"
67026,"DT"
67027,"NN"
67028,"IN"
67029,"DT"
67030,"NN"
67031,"TO"
67032,"DT"
67033,"NN"
67034,","
67035,"WDT"
67036,"MD"
67037,"VB"
67038,"NN"
67039,"CC"
67040,"JJ"
67041,"NNS"
67042,"."
67043,"IN"
67044,"JJ"
67045,"NNS"
67046,","
67047,"DT"
67048,"NN"
67049,"VBZ"
67050,"VBN"
67051,"RBR"
67052,"JJ"
67053,"CC"
67054,"JJ"
67055,"TO"
67056,"VB"
67057,"RB"
67058,"JJR"
67059,"NN"
67060,"."
67061,"IN"
67062,","
67063,"NNS"
67064,"IN"
67065,"CD"
67066,"NNS"
67067,"MD"
67068,"RB"
67069,"VB"
67070,"CC"
67071,"RB"
67072,"VB"
67073,","
67074,"CC"
67075,"PRP"
67076,"MD"
67077,"VB"
67078,"``"
67079,"UH"
67080,"''"
67081,"CC"
67082,"``"
67083,"UH"
67084,"''"
67085,"IN"
67086,"VBG"
67087,"CD"
67088,"IN"
67089,"CD"
67090,"NNS"
67091,"."
67092,"("
67093,"NNS"
67094,"IN"
67095,"DT"
67096,"NN"
67097,"NN"
67098,"NN"
67099,"DT"
67100,"NN"
67101,"``"
67102,"CD"
67103,"NNP"
67104,"."
67105,"''"
67106,")"
67107,"RB"
67108,","
67109,"NNS"
67110,"VBP"
67111,"VBN"
67112,"IN"
67113,"JJ"
67114,"NN"
67115,"IN"
67116,"NNS"
67117,"TO"
67118,"VB"
67119,"NN"
67120,"PRP"
67121,"VBP"
67122,","
67123,"CC"
67124,"DT"
67125,"NN"
67126,"MD"
67127,"VB"
67128,"CD"
67129,"NNS"
67130,"IN"
67131,"CD"
67132,"NNS"
67133,"."
67134,"IN"
67135,"TO"
67136,"RB"
67137,","
67138,"CD"
67139,"NNS"
67140,"VBP"
67141,"RB"
67142,"VBN"
67143,"VBN"
67144,"IN"
67145,"JJ"
67146,"NN"
67147,"NNS"
67148,"CC"
67149,"NN"
67150,"NNS"
67151,"."
67152,"NNP"
67153,"VBD"
67154,"CD"
67155,"TO"
67156,"VB"
67157,"RP"
67158,"DT"
67159,"NN"
67160,"IN"
67161,"NN"
67162,"NN"
67163,"NNP"
67164,"NNP"
67165,"NNP"
67166,"VBD"
67167,"RB"
67168,"IN"
67169,"."
67170,"IN"
67171,"JJ"
67172,"NNS"
67173,","
67174,"NNP"
67175,"NNP"
67176,"NNP"
67177,"POS"
67178,"NNP"
67179,"NNP"
67180,"NNP"
67181,"VBZ"
67182,"VBN"
67183,"NNS"
67184,"TO"
67185,"VB"
67186,"RB"
67187,"TO"
67188,"JJ"
67189,"NNS"
67190,"("
67191,"``"
67192,"MD"
67193,"DT"
67194,"NNP"
67195,"NN"
67196,"VB"
67197,"IN"
67198,"NNP"
67199,"."
67200,"''"
67201,")"
67202,","
67203,"CC"
67204,"RB"
67205,"DT"
67206,"JJS"
67207,"NNS"
67208,"IN"
67209,"NNP"
67210,"NNP"
67211,"RB"
67212,"IN"
67213,"CD"
67214,"NNS"
67215,"."
67216,"DT"
67217,"JJS"
67218,"NNS"
67219,"IN"
67220,"DT"
67221,"JJ"
67222,"NN"
67223,"VB"
67224,"DT"
67225,"JJ"
67226,"NN"
67227,"IN"
67228,"NNS"
67229,"."
67230,"NNP"
67231,"NNP"
67232,"NNP"
67233,","
67234,"NNP"
67235,"NNP"
67236,"CC"
67237,"NNP"
67238,"NNP"
67239,"NNP"
67240,"POS"
67241,"NNP"
67242,"NNP"
67243,"NNP"
67244,"NN"
67245,"VBP"
67246,"VBN"
67247,"TO"
67248,"VB"
67249,"RB"
67250,"DT"
67251,"JJ"
67252,"NN"
67253,"TO"
67254,"VB"
67255,"NN"
67256,"IN"
67257,"NNP"
67258,"."
67259,"DT"
67260,"NN"
67261,"MD"
67262,"VB"
67263,"VBN"
67264,"IN"
67265,"DT"
67266,"NNS"
67267,"IN"
67268,"JJ"
67269,"NNS"
67270,","
67271,"CC"
67272,"NNS"
67273,"MD"
67274,"VB"
67275,"VBN"
67276,"DT"
67277,"CD"
67278,"NN"
67279,"TO"
67280,"VB"
67281,"."
67282,"NNS"
67283,"MD"
67284,"VB"
67285,"VBN"
67286,"JJ"
67287,"NNS"
67288,","
67289,"CC"
67290,"DT"
67291,"NN"
67292,"POS"
67293,"JJ"
67294,"NN"
67295,"MD"
67296,"VB"
67297,"DT"
67298,"JJ"
67299,"NN"
67300,"IN"
67301,"NN"
67302,"NN"
67303,"."
67304,"JJ"
67305,"NN"
67306,"NNS"
67307,"VBP"
67308,"RB"
67309,"JJ"
67310,"NNS"
67311,"."
67312,"NNP"
67313,"NNP"
67314,"VBD"
67315,"VBG"
67316,"IN"
67317,"NNS"
67318,"TO"
67319,"VB"
67320,"JJ"
67321,"JJ"
67322,"NNS"
67323,"IN"
67324,"``"
67325,"NNP"
67326,"NNP"
67327,"NNP"
67328,"."
67329,"''"
67330,"NNP"
67331,"NNP"
67332,","
67333,"NNP"
67334,"NNP"
67335,"POS"
67336,"NN"
67337,"NN"
67338,","
67339,"VBZ"
67340,"IN"
67341,"RB"
67342,"``"
67343,"NNS"
67344,"IN"
67345,"NNS"
67346,"''"
67347,"IN"
67348,"NNS"
67349,"VBP"
67350,"PRP$"
67351,"CD"
67352,"NN"
67353,"DT"
67354,"NN"
67355,"TO"
67356,"VB"
67357,"IN"
67358,"DT"
67359,"JJS"
67360,"NN"
67361,"NN"
67362,","
67363,"NN"
67364,"NN"
67365,","
67366,"FW"
67367,"."
67368,"NN"
67369,"IN"
67370,"DT"
67371,"NNS"
67372,"VBZ"
67373,"TO"
67374,"NN"
67375,","
67376,"CC"
67377,"NNP"
67378,"NNP"
67379,"RB"
67380,"VBZ"
67381,"DT"
67382,"NNS"
67383,"IN"
67384,"DT"
67385,"JJ"
67386,"NN"
67387,":"
67388,"IN"
67389,"JJ"
67390,"NNS"
67391,"IN"
67392,"NN"
67393,","
67394,"NNP"
67395,"NNP"
67396,"VBZ"
67397,"DT"
67398,"NN"
67399,"NN"
67400,"IN"
67401,"$"
67402,"CD"
67403,","
67404,"CC"
67405,"CD"
67406,"NN"
67407,"IN"
67408,"NNS"
67409,"VBP"
67410,"IN"
67411,"DT"
67412,"NN"
67413,"TO"
67414,"VB"
67415,"PRP"
67416,"."
67417,"NNS"
67418,"MD"
67419,"VB"
67420,"VBN"
67421,"JJ"
67422,"."
67423,"RB"
67424,","
67425,"NNP"
67426,"NNP"
67427,"RB"
67428,"VBD"
67429,"``"
67430,"VBZ"
67431,"NNP"
67432,","
67433,"''"
67434,"DT"
67435,"NN"
67436,","
67437,"JJ"
67438,"CD"
67439,"NN"
67440,"VBG"
67441,"DT"
67442,"JJ"
67443,"NN"
67444,"IN"
67445,"NNS"
67446,","
67447,"NN"
67448,"CC"
67449,"NN"
67450,"NN"
67451,"."
67452,"DT"
67453,"NN"
67454,"VBD"
67455,"PRP$"
67456,"NN"
67457,"VBZ"
67458,"``"
67459,"TO"
67460,"VB"
67461,"DT"
67462,"NN"
67463,"IN"
67464,"NNP"
67465,"NNP"
67466,"VBZ"
67467,"RB"
67468,"RB"
67469,"IN"
67470,"NNS"
67471,"."
67472,"''"
67473,"NNP"
67474,"POS"
67475,"``"
67476,"JJ"
67477,"''"
67478,"NN"
67479,"NNS"
67480,"VBP"
67481,"VBN"
67482,"NNP"
67483,"NN"
67484,"IN"
67485,"DT"
67486,"NN"
67487,","
67488,"DT"
67489,"NN"
67490,"POS"
67491,"JJS"
67492,"NN"
67493,"."
67494,"DT"
67495,"NN"
67496,"VBZ"
67497,"DT"
67498,"NN"
67499,"IN"
67500,"DT"
67501,"NN"
67502,":"
67503,"IN"
67504,"NNS"
67505,","
67506,"NNP"
67507,"NNP"
67508,"POS"
67509,"NNP"
67510,"NNP"
67511,"VBZ"
67512,"NNS"
67513,"IN"
67514,"JJ"
67515,"CC"
67516,"NN"
67517,","
67518,"VBN"
67519,"IN"
67520,"DT"
67521,"JJ"
67522,"NN"
67523,"NNP"
67524,"JJ"
67525,"."
67526,"NNS"
67527,"MD"
67528,"VB"
67529,"DT"
67530,"CD"
67531,"NN"
67532,"IN"
67533,"JJ"
67534,"NN"
67535,","
67536,"WDT"
67537,"MD"
67538,"VB"
67539,"VBN"
67540,"TO"
67541,"PRP$"
67542,"NNS"
67543,"VBN"
67544,"IN"
67545,"DT"
67546,"NNS"
67547,"PRP"
67548,"JJ"
67549,"("
67550,"``"
67551,"NNP"
67552,"CD"
67553,"IN"
67554,"PRP"
67555,"VBP"
67556,"JJ"
67557,","
67558,"''"
67559,"FW"
67560,"."
67561,")"
67562,"."
67563,"IN"
67564,"DT"
67565,"NN"
67566,"NNS"
67567,"IN"
67568,"DT"
67569,"NN"
67570,"CC"
67571,"VBZ"
67572,"DT"
67573,"NN"
67574,"CC"
67575,"NN"
67576,"IN"
67577,"DT"
67578,"NN"
67579,","
67580,"NNS"
67581,"CC"
67582,"DT"
67583,"NN"
67584,"MD"
67585,"VB"
67586,"VBN"
67587,","
67588,"CC"
67589,"DT"
67590,"NN"
67591,"MD"
67592,"VB"
67593,"JJ"
67594,"TO"
67595,"VB"
67596,"DT"
67597,"NN"
67598,"IN"
67599,"JJ"
67600,"JJ"
67601,"NNS"
67602,"."
67603,"NNP"
67604,"NNP"
67605,","
67606,"DT"
67607,"NN"
67608,"NN"
67609,"NN"
67610,","
67611,"VBZ"
67612,"NNP"
67613,"VBZ"
67614,"VBN"
67615,"JJ"
67616,"TO"
67617,"VB"
67618,"JJ"
67619,"NNS"
67620,"IN"
67621,"DT"
67622,"NN"
67623,"NN"
67624,"."
67625,"PRP"
67626,"MD"
67627,"RB"
67628,"VB"
67629,"WP"
67630,"DT"
67631,"NN"
67632,"VBZ"
67633,","
67634,"CC"
67635,"PRP"
67636,"VBZ"
67637,"VBN"
67638,"TO"
67639,"VB"
67640,"IN"
67641,"CD"
67642,"NN"
67643,"IN"
67644,"JJ"
67645,"NN"
67646,"NNS"
67647,"."
67648,"``"
67649,"PRP"
67650,"VBD"
67651,"JJ"
67652,"TO"
67653,"VB"
67654,"NNS"
67655,"TO"
67656,"VB"
67657,"PRP$"
67658,"NN"
67659,"NN"
67660,"IN"
67661,"DT"
67662,","
67663,"IN"
67664,"PRP"
67665,"VBP"
67666,"DT"
67667,"NN"
67668,"TO"
67669,"VB"
67670,"NN"
67671,","
67672,"''"
67673,"VBZ"
67674,"NNP"
67675,"NNP"
67676,"."
67677,"``"
67678,"CC"
67679,"PRP"
67680,"VBD"
67681,"JJ"
67682,"TO"
67683,"VB"
67684,"DT"
67685,"JJ"
67686,"NNS"
67687,"IN"
67688,"DT"
67689,"VBZ"
67690,"NN"
67691,"JJ"
67692,"."
67693,"''"
67694,"NNP"
67695,"NNP"
67696,"IN"
67697,"NN"
67698,"NN"
67699,"VBZ"
67700,"NN"
67701,"NNS"
67702,"VBP"
67703,"VBG"
67704,"DT"
67705,"NN"
67706,"IN"
67707,"CD"
67708,"NNS"
67709,"IN"
67710,"``"
67711,"NN"
67712,"NNS"
67713,","
67714,"NN"
67715,"NNS"
67716,","
67717,"NN"
67718,"CC"
67719,"NN"
67720,"NNS"
67721,"."
67722,"''"
67723,"NNS"
67724,"VBP"
67725,"VBG"
67726,"DT"
67727,"JJ"
67728,"NN"
67729,"IN"
67730,"JJ"
67731,"NNS"
67732,"IN"
67733,"CD"
67734,","
67735,"WRB"
67736,"DT"
67737,"NN"
67738,"VBD"
67739,"``"
67740,"JJ"
67741,"NN"
67742,"NN"
67743,"''"
67744,"MD"
67745,"VB"
67746,"RB"
67747,"JJ"
67748,"."
67749,"DT"
67750,"NN"
67751,"VBZ"
67752,"DT"
67753,"NN"
67754,"POS"
67755,"NN"
67756,"NN"
67757,","
67758,"CC"
67759,"PRP"
67760,"MD"
67761,"VB"
67762,"VBN"
67763,"TO"
67764,"VB"
67765,"JJ"
67766,"NN"
67767,"NNS"
67768,"."
67769,"``"
67770,"NNP"
67771,"NNP"
67772,","
67773,"''"
67774,"DT"
67775,"JJ"
67776,"JJ"
67777,"NN"
67778,"NN"
67779,"IN"
67780,"NNP"
67781,"NNP"
67782,","
67783,"MD"
67784,"VB"
67785,"PRP$"
67786,"CD"
67787,"NN"
67788,"IN"
67789,"JJ"
67790,"NNS"
67791,"WDT"
67792,"VBP"
67793,"NN"
67794,","
67795,"VBZ"
67796,"JJ"
67797,"NN"
67798,"NNP"
67799,"NNP"
67800,"NNP"
67801,"NNP"
67802,"NNP"
67803,"."
67804,"``"
67805,"IN"
67806,"DT"
67807,"NN"
67808,"IN"
67809,"JJ"
67810,"NNS"
67811,"IN"
67812,"NNP"
67813,"NNP"
67814,"NNP"
67815,","
67816,"PRP"
67817,"MD"
67818,"VB"
67819,"NNS"
67820,"TO"
67821,"VB"
67822,"DT"
67823,"NN"
67824,"CC"
67825,"NN"
67826,"IN"
67827,"NN"
67828,"PRP"
67829,"VBP"
67830,"WP"
67831,"VBD"
67832,"DT"
67833,"JJ"
67834,","
67835,"''"
67836,"PRP"
67837,"VBZ"
67838,"."
67839,"``"
67840,"DT"
67841,"MD"
67842,"VB"
67843,"PRP"
67844,"NN"
67845,"CC"
67846,"VB"
67847,"NNS"
67848,"VBN"
67849,"."
67850,"''"
67851,"CC"
67852,"NNP"
67853,"NNP"
67854,"VBZ"
67855,"RB"
67856,"JJR"
67857,"NNS"
67858,"RB"
67859,"."
67860,"``"
67861,"DT"
67862,"VBP"
67863,"RB"
67864,"NN"
67865,"NNS"
67866,"IN"
67867,"JJ"
67868,"JJ"
67869,"NN"
67870,","
67871,"WDT"
67872,"PRP"
67873,"VBP"
67874,"MD"
67875,"VB"
67876,"DT"
67877,"JJS"
67878,"NN"
67879,"RB"
67880,"TO"
67881,"VB"
67882,"NN"
67883,","
67884,"''"
67885,"PRP"
67886,"VBZ"
67887,"."
67888,"IN"
67889,"PRP"
67890,"MD"
67891,"VB"
67892,"JJ"
67893,"TO"
67894,"VB"
67895,"JJ"
67896,"NNS"
67897,","
67898,"NN"
67899,"NNS"
67900,"MD"
67901,"VB"
67902,"NNS"
67903,"VB"
67904,"IN"
67905,"JJ"
67906,"NNS"
67907,"IN"
67908,"DT"
67909,"NN"
67910,"."
67911,"NNP"
67912,"NNP"
67913,"VBD"
67914,"IN"
67915,"DT"
67916,"NN"
67917,"JJ"
67918,"NN"
67919,"WRB"
67920,"NNS"
67921,"IN"
67922,"``"
67923,"JJ"
67924,":"
67925,"IN"
67926,"NNS"
67927,"''"
67928,"VBD"
67929,"IN"
67930,"IN"
67931,"NNP"
67932,"MD"
67933,"VB"
67934,"``"
67935,"PRP"
67936,"VBP"
67937,"PRP"
67938,"''"
67939,"TO"
67940,"FW"
67941,"IN"
67942,"NNP"
67943,"POS"
67944,"NNP"
67945,"."
67946,"NN"
67947,","
67948,"NNS"
67949,"MD"
67950,"RB"
67951,"VB"
67952,"JJ"
67953,"NNS"
67954,"IN"
67955,"NN"
67956,"NN"
67957,"."
67958,"``"
67959,"DT"
67960,"NN"
67961,"IN"
67962,"NN"
67963,"MD"
67964,"VB"
67965,"PRP"
67966,"VB"
67967,","
67968,"``"
67969,"PRP"
67970,"VBP"
67971,"VBN"
67972,"IN"
67973,"RB"
67974,"DT"
67975,"NN"
67976,"IN"
67977,"NN"
67978,"NN"
67979,"CD"
67980,","
67981,"CC"
67982,"PRP"
67983,"VBP"
67984,"NN"
67985,"NN"
67986,"LS"
67987,"IN"
67988,"NN"
67989,","
67990,"''"
67991,"NNP"
67992,"NNP"
67993,"VBZ"
67994,"."
67995,"``"
67996,"PRP"
67997,"MD"
67998,"VB"
67999,"TO"
68000,"VB"
68001,"NNS"
68002,"WRB"
68003,"NNS"
68004,"NN"
68005,"DT"
68006,"NN"
68007,"."
68008,"O"
68009,"NNP"
68010,"NNP"
68011,"NNP"
68012,","
68013,"DT"
68014,"JJ"
68015,"JJ"
68016,"NN"
68017,"WDT"
68018,"VBZ"
68019,"VBN"
68020,"VBG"
68021,"TO"
68022,"VB"
68023,"PRP$"
68024,"JJ"
68025,"NNS"
68026,"TO"
68027,"VB"
68028,"NN"
68029,","
68030,"VBD"
68031,"NNS"
68032,"IN"
68033,"DT"
68034,"JJ"
68035,"NN"
68036,"VBD"
68037,"."
68038,"NNP"
68039,"VBD"
68040,"RB"
68041,"VB"
68042,"DT"
68043,"NN"
68044,"CC"
68045,"VB"
68046,"WRB"
68047,"DT"
68048,"NNS"
68049,"VBD"
68050,"."
68051,"JJ"
68052,"NN"
68053,"DT"
68054,"JJ"
68055,"NN"
68056,","
68057,"DT"
68058,"NNP"
68059,"NNP"
68060,":"
68061,"WDT"
68062,"VBD"
68063,"VBN"
68064,"IN"
68065,"NNP"
68066,"TO"
68067,"VB"
68068,"JJS"
68069,"IN"
68070,"NNP"
68071,"POS"
68072,"JJ"
68073,"NNS"
68074,"IN"
68075,"$"
68076,"CD"
68077,"CD"
68078,":"
68079,"VBN"
68080,"NNS"
68081,"IN"
68082,"NNP"
68083,"."
68084,"NNP"
68085,"VBD"
68086,"IN"
68087,"PRP"
68088,"MD"
68089,"VB"
68090,"TO"
68091,"VB"
68092,"``"
68093,"JJ"
68094,"NNS"
68095,"''"
68096,"TO"
68097,"VB"
68098,"DT"
68099,"CD"
68100,"NN"
68101,"NNS"
68102,"CC"
68103,"IN"
68104,"DT"
68105,"NN"
68106,"IN"
68107,"JJ"
68108,"NNS"
68109,"VBP"
68110,"TO"
68111,"VB"
68112,"DT"
68113,"NN"
68114,"TO"
68115,"VB"
68116,"CD"
68117,"IN"
68118,"DT"
68119,"NNS"
68120,":"
68121,"NNP"
68122,"NNPS"
68123,"NNP"
68124,"NNP"
68125,","
68126,"NNP"
68127,"NNP"
68128,"NNP"
68129,"CC"
68130,"NNP"
68131,"NNP"
68132,"NNP"
68133,"NNP"
68134,"NNP"
68135,"."
68136,"DT"
68137,"NN"
68138,"VBD"
68139,"RB"
68140,"VBN"
68141,"."
68142,"NNP"
68143,"RB"
68144,"VBD"
68145,"PRP"
68146,"VBZ"
68147,"TO"
68148,"VB"
68149,"DT"
68150,"JJ"
68151,"NN"
68152,"JJR"
68153,"IN"
68154,"DT"
68155,"JJR"
68156,"NN"
68157,"IN"
68158,"IN"
68159,"$"
68160,"CD"
68161,"CD"
68162,"."
68163,"DT"
68164,"NN"
68165,"VBD"
68166,"RB"
68167,"VB"
68168,"DT"
68169,"JJ"
68170,"NN"
68171,"CC"
68172,"VBD"
68173,"DT"
68174,"NN"
68175,"VBD"
68176,"VBN"
68177,"TO"
68178,"NNP"
68179,"POS"
68180,"NN"
68181,"TO"
68182,"VB"
68183,"PRP$"
68184,"JJ"
68185,"NNS"
68186,","
68187,"RB"
68188,"RB"
68189,"IN"
68190,"``"
68191,"JJ"
68192,"NNS"
68193,","
68194,"''"
68195,"WDT"
68196,"PRP"
68197,"VBD"
68198,"RB"
68199,"NN"
68200,","
68201,"WDT"
68202,"VBD"
68203,"IN"
68204,"PRP$"
68205,"NN"
68206,"JJ"
68207,"NN"
68208,"IN"
68209,"PRP"
68210,"VBD"
68211,"IN"
68212,"NNS"
68213,"IN"
68214,"DT"
68215,"JJ"
68216,"JJ"
68217,"NN"
68218,"."
68219,"RB"
68220,","
68221,"DT"
68222,"NN"
68223,"IN"
68224,"JJ"
68225,"JJ"
68226,"NNS"
68227,"IN"
68228,"NNP"
68229,"NNP"
68230,"NNP"
68231,"MD"
68232,"VB"
68233,"DT"
68234,"NN"
68235,"IN"
68236,"NNP"
68237,"TO"
68238,"VB"
68239,"PRP$"
68240,"NNS"
68241,"."
68242,"DT"
68243,"NN"
68244,"VBZ"
68245,"DT"
68246,"RB"
68247,"VBN"
68248,"NN"
68249,"IN"
68250,"IN"
68251,"CD"
68252,"JJ"
68253,"NNS"
68254,"CC"
68255,"JJ"
68256,"NNS"
68257,"WP"
68258,"VBP"
68259,"NN"
68260,","
68261,"NNS"
68262,","
68263,"JJ"
68264,"NNS"
68265,","
68266,"JJ"
68267,"NNS"
68268,"CC"
68269,"JJ"
68270,"NNS"
68271,"IN"
68272,"NNP"
68273,"CC"
68274,"JJ"
68275,"NNS"
68276,"."
68277,"DT"
68278,"JJ"
68279,"NN"
68280,"VBZ"
68281,"VBN"
68282,"IN"
68283,"DT"
68284,"JJ"
68285,"NN"
68286,"IN"
68287,"NNP"
68288,"POS"
68289,"NN"
68290,"TO"
68291,"VB"
68292,"PRP$"
68293,"JJ"
68294,"NNS"
68295,"."
68296,"DT"
68297,"VBN"
68298,"NNS"
68299,"IN"
68300,"WRB"
68301,"JJ"
68302,"NNP"
68303,"MD"
68304,"VB"
68305,"JJ"
68306,"TO"
68307,"VB"
68308,"RP"
68309,"DT"
68310,"NNS"
68311,"NN"
68312,"IN"
68313,"CD"
68314,"NN"
68315,"PRP$"
68316,"NNS"
68317,"IN"
68318,"NNP"
68319,"VBD"
68320,"."
68321,"IN"
68322,"JJ"
68323,"NN"
68324,"IN"
68325,"DT"
68326,"NNP"
68327,"NNP"
68328,"NNP"
68329,"NNP"
68330,"NN"
68331,","
68332,"NNP"
68333,"VBD"
68334,"IN"
68335,"$"
68336,"CD"
68337,"DT"
68338,"NN"
68339,","
68340,"RB"
68341,"CD"
68342,"NNS"
68343,"."
68344,"NNP"
68345,"VBZ"
68346,"VBN"
68347,"VBG"
68348,"TO"
68349,"VB"
68350,"DT"
68351,"NN"
68352,"NN"
68353,"IN"
68354,"NNP"
68355,","
68356,"WRB"
68357,"PRP"
68358,"VBD"
68359,"TO"
68360,"VB"
68361,"NN"
68362,"NNS"
68363,"IN"
68364,"RB"
68365,"$"
68366,"CD"
68367,"CD"
68368,"IN"
68369,"NN"
68370,"."
68371,"NNP"
68372,"JJ"
68373,"CC"
68374,"JJ"
68375,"NNS"
68376,"VBP"
68377,"VBN"
68378,"DT"
68379,"NN"
68380,"IN"
68381,"IN"
68382,"$"
68383,"CD"
68384,"CD"
68385,"."
68386,"O"
68387,"DT"
68388,"JJ"
68389,"NN"
68390,"NNP"
68391,"NNP"
68392,","
68393,"VBG"
68394,"JJR"
68395,"IN"
68396,"CD"
68397,"NNS"
68398,"."
68399,"DT"
68400,"JJ"
68401,"NN"
68402,","
68403,"WDT"
68404,"VBD"
68405,"IN"
68406,"CD"
68407,"NNS"
68408,"CC"
68409,"VBD"
68410,"CD"
68411,"IN"
68412,"DT"
68413,"NNP"
68414,"NN"
68415,","
68416,"RB"
68417,"VBD"
68418,"DT"
68419,"NN"
68420,"IN"
68421,"DT"
68422,"JJ"
68423,"NN"
68424,"IN"
68425,"DT"
68426,"NNP"
68427,"CC"
68428,"NNP"
68429,"NNP"
68430,"CC"
68431,"VBD"
68432,"NNP"
68433,"NNP"
68434,"."
68435,"DT"
68436,"NN"
68437,"VBD"
68438,"VBN"
68439,"IN"
68440,"NNP"
68441,","
68442,"NNP"
68443,"IN"
68444,"NNP"
68445,"NNP"
68446,","
68447,"CC"
68448,"VBD"
68449,"VBN"
68450,"RB"
68451,"RB"
68452,"IN"
68453,"CD"
68454,"NNS"
68455,"RB"
68456,"."
68457,"JJ"
68458,"NNS"
68459,"VBD"
68460,"VBN"
68461,"."
68462,"DT"
68463,"NNS"
68464,"VBD"
68465,","
68466,"NN"
68467,"CC"
68468,"NN"
68469,"NNS"
68470,"VBD"
68471,"CC"
68472,"NNS"
68473,"VBD"
68474,"."
68475,"DT"
68476,"NN"
68477,","
68478,"WDT"
68479,"RB"
68480,"VBD"
68481,"NN"
68482,"IN"
68483,"NNP"
68484,"NNP"
68485,"CC"
68486,"NNP"
68487,","
68488,"VBD"
68489,"IN"
68490,"NN"
68491,"CC"
68492,"NNS"
68493,","
68494,"JJ"
68495,"NNS"
68496,"CC"
68497,"VBN"
68498,"NN"
68499,"NN"
68500,"IN"
68501,"DT"
68502,"NNP"
68503,"NNP"
68504,"."
68505,"NNP"
68506,"NNS"
68507,"VBD"
68508,"RB"
68509,"VBN"
68510,"IN"
68511,"NNP"
68512,"NNP"
68513,","
68514,"WRB"
68515,"DT"
68516,"JJ"
68517,"NN"
68518,"IN"
68519,"NN"
68520,"POS"
68521,"NNP"
68522,"NNP"
68523,"VBD"
68524,"VBN"
68525,"CC"
68526,"NNS"
68527,"VBN"
68528,"IN"
68529,"DT"
68530,"NN"
68531,"."
68532,"NNP"
68533,"VBD"
68534,"TO"
68535,"VB"
68536,"DT"
68537,"NN"
68538,"VBG"
68539,"JJ"
68540,"NN"
68541,"IN"
68542,"NNS"
68543,"IN"
68544,"NNS"
68545,"IN"
68546,"NN"
68547,"CC"
68548,"NN"
68549,","
68550,"VBG"
68551,"NN"
68552,"NNS"
68553,"MD"
68554,"RB"
68555,"VB"
68556,"VBN"
68557,"TO"
68558,"``"
68559,"VB"
68560,"DT"
68561,"JJ"
68562,"NN"
68563,"IN"
68564,"DT"
68565,"NN"
68566,"IN"
68567,"DT"
68568,"JJ"
68569,"NN"
68570,"."
68571,"''"
68572,"PRP$"
68573,"NN"
68574,","
68575,"IN"
68576,"DT"
68577,"NN"
68578,"TO"
68579,"NNP"
68580,"NNP"
68581,"NNP"
68582,","
68583,"VBD"
68584,"RB"
68585,"IN"
68586,"DT"
68587,"JJ"
68588,"NNP"
68589,"NN"
68590,"IN"
68591,"NN"
68592,"NN"
68593,"VBG"
68594,"DT"
68595,"NN"
68596,"."
68597,"NNP"
68598,"NNP"
68599,"NNP"
68600,"NNP"
68601,"VBD"
68602,"IN"
68603,"NN"
68604,"IN"
68605,"DT"
68606,"NN"
68607,"NN"
68608,"MD"
68609,"VB"
68610,"JJ"
68611,"NN"
68612,"NN"
68613,","
68614,"WP$"
68615,"NN"
68616,"VBZ"
68617,"VBN"
68618,"VBN"
68619,"IN"
68620,"NN"
68621,"NN"
68622,"CC"
68623,"NNS"
68624,"IN"
68625,"JJ"
68626,"NNS"
68627,"."
68628,"RB"
68629,","
68630,"IN"
68631,"CD"
68632,"NNS"
68633,"VBD"
68634,"TO"
68635,"NNP"
68636,","
68637,"NNP"
68638,"NNP"
68639,","
68640,"IN"
68641,"NNP"
68642,","
68643,"DT"
68644,"JJ"
68645,"NN"
68646,"IN"
68647,"NNP"
68648,"NNP"
68649,"POS"
68650,"JJ"
68651,"NN"
68652,"."
68653,"DT"
68654,"NNP"
68655,"NNP"
68656,"NNP"
68657,"VBD"
68658,"IN"
68659,"DT"
68660,"JJ"
68661,"NN"
68662,"TO"
68663,"NNP"
68664,"NNP"
68665,"DT"
68666,"NNP"
68667,"NNP"
68668,"."
68669,"NNP"
68670,","
68671,"WDT"
68672,"VBD"
68673,"DT"
68674,"NN"
68675,"IN"
68676,"CD"
68677,"TO"
68678,"VB"
68679,"NN"
68680,"IN"
68681,"NNS"
68682,"IN"
68683,"JJ"
68684,"NNS"
68685,"VBD"
68686,"VBG"
68687,"VBN"
68688,"IN"
68689,"NNP"
68690,","
68691,"MD"
68692,"VB"
68693,"VBN"
68694,"IN"
68695,"DT"
68696,"NN"
68697,"IN"
68698,"NN"
68699,"IN"
68700,"NNP"
68701,"VBZ"
68702,"VBN"
68703,"IN"
68704,"DT"
68705,"NN"
68706,"IN"
68707,"DT"
68708,"NN"
68709,"."
68710,"NNP"
68711,"VBD"
68712,"DT"
68713,"NN"
68714,"IN"
68715,"DT"
68716,"NN"
68717,"NN"
68718,"NN"
68719,"IN"
68720,"IN"
68721,"NN"
68722,"IN"
68723,"DT"
68724,"NN"
68725,"IN"
68726,"DT"
68727,"NN"
68728,"NN"
68729,"IN"
68730,"NNP"
68731,"NNP"
68732,","
68733,"NNP"
68734,"."
68735,"DT"
68736,"NN"
68737,"VBD"
68738,"VBN"
68739,"IN"
68740,"NN"
68741,"."
68742,"DT"
68743,"NN"
68744,"POS"
68745,"CD"
68746,"NNS"
68747,"VBP"
68748,"TO"
68749,"VB"
68750,"DT"
68751,"JJ"
68752,"NN"
68753,"NN"
68754,"NN"
68755,"IN"
68756,"DT"
68757,"JJ"
68758,"NN"
68759,"TO"
68760,"VB"
68761,"."
68762,"NNP"
68763,"NNP"
68764,"NNS"
68765,"VBD"
68766,"PRP"
68767,"VBD"
68768,"JJ"
68769,"NNS"
68770,"TO"
68771,"VB"
68772,"DT"
68773,"JJ"
68774,"JJ"
68775,"NN"
68776,"TO"
68777,"VB"
68778,"NN"
68779,"NN"
68780,"."
68781,"DT"
68782,"NN"
68783,"VBZ"
68784,"VBN"
68785,"IN"
68786,"VBG"
68787,"DT"
68788,"NNP"
68789,"NNP"
68790,"NN"
68791,"WDT"
68792,"VBD"
68793,"IN"
68794,"DT"
68795,"NN"
68796,"IN"
68797,"DT"
68798,"NNP"
68799,"NN"
68800,"IN"
68801,"NNS"
68802,"IN"
68803,"PRP$"
68804,"NN"
68805,"IN"
68806,"NN"
68807,"VBD"
68808,"VBN"
68809,"."
68810,"NNP"
68811,"NNS"
68812,"VBD"
68813,"JJ"
68814,"NN"
68815,"NNS"
68816,"IN"
68817,"NNS"
68818,"IN"
68819,"CD"
68820,"NNS"
68821,"IN"
68822,"NN"
68823,"VBP"
68824,"VBN"
68825,"TO"
68826,"VB"
68827,","
68828,"RB"
68829,"IN"
68830,"JJ"
68831,"NNS"
68832,"."
68833,"DT"
68834,"NNP"
68835,"NNP"
68836,"NNP"
68837,"RB"
68838,"VBD"
68839,"DT"
68840,"JJ"
68841,"NNP"
68842,"NN"
68843,"NNS"
68844,"IN"
68845,"NN"
68846,"NN"
68847,"MD"
68848,"VB"
68849,"TO"
68850,"VB"
68851,"IN"
68852,"JJ"
68853,"NNS"
68854,"IN"
68855,"NN"
68856,"NN"
68857,"VBZ"
68858,"TO"
68859,"VB"
68860,"."
68861,"NNP"
68862,"VBD"
68863,"IN"
68864,"NNP"
68865,"NNP"
68866,"NNP"
68867,"NNP"
68868,","
68869,"WP"
68870,"VBD"
68871,"IN"
68872,"NNP"
68873,"VBZ"
68874,"TO"
68875,"VB"
68876,"VB"
68877,"NN"
68878,"NNS"
68879,"TO"
68880,"VB"
68881,"IN"
68882,"PRP$"
68883,"NN"
68884,"VBZ"
68885,"RB"
68886,"JJ"
68887,"IN"
68888,"DT"
68889,"JJ"
68890,"JJ"
68891,"NNS"
68892,"IN"
68893,"DT"
68894,"NNS"
68895,"."
68896,"NNP"
68897,"VBD"
68898,"NNP"
68899,"IN"
68900,"DT"
68901,"NNP"
68902,"MD"
68903,"VB"
68904,"IN"
68905,"PRP$"
68906,"NN"
68907,"NNS"
68908,"``"
68909,"RB"
68910,"RB"
68911,"IN"
68912,"EX"
68913,"VBZ"
68914,"DT"
68915,"NN"
68916,"''"
68917,"IN"
68918,"NNP"
68919,"NNP"
68920,"NNP"
68921,"."
68922,"DT"
68923,"NNP"
68924,"NN"
68925,"VBZ"
68926,"VBG"
68927,"DT"
68928,"NN"
68929,"IN"
68930,"NNP"
68931,"TO"
68932,"VB"
68933,"NNS"
68934,"IN"
68935,"JJ"
68936,"NN"
68937,"IN"
68938,"JJ"
68939,"NNS"
68940,"IN"
68941,"NN"
68942,"NN"
68943,"IN"
68944,"DT"
68945,"NN"
68946,"IN"
68947,"DT"
68948,"NN"
68949,"POS"
68950,"NN"
68951,"."
68952,"DT"
68953,"NNP"
68954,"NNP"
68955,"NN"
68956,"VBD"
68957,"IN"
68958,"IN"
68959,"NNP"
68960,"MD"
68961,"RB"
68962,"VB"
68963,"DT"
68964,"JJ"
68965,"NN"
68966,"IN"
68967,"JJ"
68968,"NN"
68969,","
68970,"``"
68971,"EX"
68972,"VBZ"
68973,"DT"
68974,"NN"
68975,"VBN"
68976,"''"
68977,"IN"
68978,"PRP$"
68979,"NN"
68980,"."
68981,"NNP"
68982,"NNP"
68983,"NNP"
68984,"VBD"
68985,"IN"
68986,"JJ"
68987,"NNS"
68988,"IN"
68989,"NN"
68990,"."
68991,"DT"
68992,"NN"
68993,","
68994,"VBD"
68995,"DT"
68996,"NN"
68997,"IN"
68998,"DT"
68999,"JJ"
69000,"NN"
69001,"CC"
69002,"DT"
69003,"NN"
69004,"NNP"
69005,"("
69006,"PRP"
69007,")"
69008,"NNP"
69009,","
69010,"VBZ"
69011,"IN"
69012,"NNS"
69013,"IN"
69014,"JJ"
69015,"NN"
69016,"CC"
69017,"NN"
69018,"NN"
69019,"."
69020,"NNP"
69021,"POS"
69022,"NN"
69023,"VBZ"
69024,"VBN"
69025,"JJ"
69026,"NNP"
69027,"IN"
69028,"NNP"
69029,"CC"
69030,"CD"
69031,"NNS"
69032,"IN"
69033,"PRP$"
69034,"JJ"
69035,"NN"
69036,"."
69037,"DT"
69038,"NNP"
69039,"NNP"
69040,"VBD"
69041,"IN"
69042,"DT"
69043,"NNP"
69044,"NNP"
69045,"NNP"
69046,"NN"
69047,"TO"
69048,"VB"
69049,"NNP"
69050,"POS"
69051,"NNS"
69052,"."
69053,"PRP"
69054,"VBD"
69055,"DT"
69056,"JJ"
69057,"NN"
69058,"IN"
69059,"CD"
69060,"NNS"
69061,"IN"
69062,"NNP"
69063,"VBZ"
69064,"RB"
69065,"VBN"
69066,"NNS"
69067,","
69068,"VBN"
69069,"IN"
69070,"NNP"
69071,"NNS"
69072,","
69073,"TO"
69074,"NNP"
69075,"NNP"
69076,"IN"
69077,"DT"
69078,"NN"
69079,"NN"
69080,","
69081,"CC"
69082,"VBD"
69083,"VBN"
69084,"IN"
69085,"DT"
69086,"NN"
69087,"IN"
69088,"VBG"
69089,"JJ"
69090,"NNS"
69091,"."
69092,"NNP"
69093,"VBD"
69094,"VBN"
69095,"IN"
69096,"DT"
69097,"NN"
69098,"IN"
69099,"NNP"
69100,","
69101,"IN"
69102,"CD"
69103,"NNS"
69104,"."
69105,"NNP"
69106,"NN"
69107,"NNP"
69108,"NNP"
69109,"VBD"
69110,"DT"
69111,"NNP"
69112,"NNP"
69113,"NNP"
69114,"MD"
69115,"RB"
69116,"VB"
69117,"NN"
69118,"IN"
69119,"DT"
69120,"NN"
69121,"TO"
69122,"VB"
69123,"DT"
69124,"JJ"
69125,"JJ"
69126,"NN"
69127,"IN"
69128,"NNS"
69129,"WDT"
69130,"MD"
69131,"VB"
69132,"TO"
69133,"NNS"
69134,"IN"
69135,"NN"
69136,"."
69137,"DT"
69138,"NNP"
69139,"NNP"
69140,"VBD"
69141,"IN"
69142,"CD"
69143,"JJ"
69144,"JJ"
69145,"NNS"
69146,"VBD"
69147,"NNP"
69148,"IN"
69149,"NN"
69150,"."
69151,"NNP"
69152,"VBZ"
69153,"VBN"
69154,"IN"
69155,"NNP"
69156,"NNP"
69157,"NNP"
69158,"VBD"
69159,"RB"
69160,"JJ"
69161,"IN"
69162,"DT"
69163,"NN"
69164,"IN"
69165,"CD"
69166,"JJ"
69167,"NN"
69168,"IN"
69169,"NNP"
69170,"NNP"
69171,"NNP"
69172,","
69173,"IN"
69174,"PRP"
69175,"RB"
69176,"VBD"
69177,"JJ"
69178,"IN"
69179,"DT"
69180,"NNS"
69181,"."
69182,"DT"
69183,"NN"
69184,"IN"
69185,"DT"
69186,"NNP"
69187,"NNP"
69188,"RB"
69189,"VBD"
69190,"NNS"
69191,"IN"
69192,"NNP"
69193,"VBD"
69194,"IN"
69195,"NN"
69196,"IN"
69197,"NNP"
69198,"POS"
69199,"NNS"
69200,"IN"
69201,"DT"
69202,"JJ"
69203,"NN"
69204,"NN"
69205,"."
69206,"DT"
69207,"JJ"
69208,"NN"
69209,"VBD"
69210,"DT"
69211,"JJ"
69212,"NN"
69213,"IN"
69214,"NN"
69215,"NN"
69216,"IN"
69217,"NNS"
69218,"IN"
69219,"JJ"
69220,"JJ"
69221,"NNS"
69222,","
69223,"WDT"
69224,"VBD"
69225,"TO"
69226,"VB"
69227,"JJ"
69228,"NNS"
69229,"IN"
69230,"VBG"
69231,"JJ"
69232,"NNS"
69233,"."
69234,"DT"
69235,"NN"
69236,"IN"
69237,"DT"
69238,"NNP"
69239,"IN"
69240,"NNP"
69241,"IN"
69242,"NNP"
69243,"NNP"
69244,","
69245,"NN"
69246,"IN"
69247,"NNP"
69248,","
69249,"VBZ"
69250,"DT"
69251,"NN"
69252,"IN"
69253,"DT"
69254,"NN"
69255,"NN"
69256,"."
69257,"DT"
69258,"NN"
69259,"IN"
69260,"NNP"
69261,"VBD"
69262,"DT"
69263,"JJ"
69264,"NN"
69265,"IN"
69266,"DT"
69267,"NNP"
69268,"NN"
69269,"."
69270,"DT"
69271,"JJ"
69272,"NN"
69273,"TO"
69274,"DT"
69275,"JJ"
69276,"NN"
69277,"NN"
69278,"VBD"
69279,"NN"
69280,"NNS"
69281,"VBD"
69282,"VBN"
69283,"DT"
69284,"NN"
69285,"IN"
69286,"NN"
69287,"IN"
69288,"DT"
69289,"NNS"
69290,"IN"
69291,"NNS"
69292,"VBN"
69293,"IN"
69294,"NN"
69295,"NNS"
69296,"IN"
69297,"DT"
69298,"NNP"
69299,"."
69300,"JJ"
69301,"NN"
69302,"NNP"
69303,"VBD"
69304,"IN"
69305,"NNP"
69306,"POS"
69307,"NNP"
69308,"NNP"
69309,","
69310,"CC"
69311,"DT"
69312,"CD"
69313,"NNS"
69314,"VBD"
69315,"TO"
69316,"VB"
69317,"DT"
69318,"JJ"
69319,"POS"
69320,"NNS"
69321,","
69322,"NN"
69323,"CC"
69324,"NN"
69325,"."
69326,"PRP"
69327,"VBD"
69328,"RB"
69329,"IN"
69330,"JJ"
69331,"JJ"
69332,"NNS"
69333,","
69334,"VBN"
69335,"IN"
69336,"CD"
69337,"."
69338,"DT"
69339,"JJ"
69340,"NNS"
69341,"IN"
69342,"DT"
69343,"JJ"
69344,"NN"
69345,"NN"
69346,"IN"
69347,"NNP"
69348,"VBD"
69349,"DT"
69350,"NN"
69351,"NNP"
69352,"IN"
69353,"DT"
69354,"JJ"
69355,"NN"
69356,"IN"
69357,"NNP"
69358,"NNP"
69359,"."
69360,"O"
69361,"NNP"
69362,"NNP"
69363,"NNP"
69364,"VBD"
69365,"PRP$"
69366,"NN"
69367,"NN"
69368,"IN"
69369,"$"
69370,"CD"
69371,"CD"
69372,"NN"
69373,"NN"
69374,"IN"
69375,"CD"
69376,"NN"
69377,"JJ"
69378,"JJ"
69379,"NN"
69380,"JJ"
69381,"CD"
69382,"CC"
69383,"VBD"
69384,"DT"
69385,"NN"
69386,"TO"
69387,"NNP"
69388,"CD"
69389,"IN"
69390,"NNP"
69391,"CD"
69392,"."
69393,"DT"
69394,"NN"
69395,","
69396,"NNP"
69397,","
69398,"NN"
69399,"VBD"
69400,"NNS"
69401,"MD"
69402,"VB"
69403,"IN"
69404,"DT"
69405,"$"
69406,"CD"
69407,"NN"
69408,"NN"
69409,","
69410,"$"
69411,"CD"
69412,"NN"
69413,"NN"
69414,"IN"
69415,"DT"
69416,"JJ"
69417,"NN"
69418,"IN"
69419,"JJ"
69420,"JJ"
69421,"JJ"
69422,"NNS"
69423,","
69424,"JJ"
69425,"IN"
69426,"JJ"
69427,"NN"
69428,"IN"
69429,"DT"
69430,"JJ"
69431,"NN"
69432,"IN"
69433,"$"
69434,"CD"
69435,"DT"
69436,"NN"
69437,","
69438,"CC"
69439,"CD"
69440,"JJ"
69441,"NNS"
69442,"."
69443,"DT"
69444,"JJ"
69445,"NNS"
69446,"MD"
69447,"VB"
69448,"NN"
69449,"IN"
69450,"CD"
69451,"NN"
69452,"IN"
69453,"NNP"
69454,"CD"
69455,","
69456,"CD"
69457,","
69458,"CC"
69459,"RB"
69460,"IN"
69461,"CD"
69462,"NN"
69463,"."
69464,"IN"
69465,"DT"
69466,"JJ"
69467,"NN"
69468,","
69469,"DT"
69470,"NN"
69471,"IN"
69472,"NN"
69473,"NNS"
69474,"CC"
69475,"DT"
69476,"NN"
69477,"IN"
69478,"NN"
69479,"NNS"
69480,"VBD"
69481,"$"
69482,"CD"
69483,"IN"
69484,"NNS"
69485,"JJ"
69486,"CD"
69487,","
69488,"CD"
69489,"JJ"
69490,"NNS"
69491,"CC"
69492,"$"
69493,"CD"
69494,"IN"
69495,"NN"
69496,"IN"
69497,"DT"
69498,"$"
69499,"CD"
69500,"NN"
69501,"NN"
69502,"."
69503,"NN"
69504,"IN"
69505,"DT"
69506,"NN"
69507,"NN"
69508,"VBZ"
69509,"JJ"
69510,"TO"
69511,"DT"
69512,"NN"
69513,"IN"
69514,"IN"
69515,"JJS"
69516,"CD"
69517,"NN"
69518,"IN"
69519,"DT"
69520,"NN"
69521,","
69522,"IN"
69523,"JJ"
69524,"NNS"
69525,"."
69526,"NNP"
69527,","
69528,"WDT"
69529,"VBD"
69530,"PRP"
69531,"VBZ"
69532,"RB"
69533,"VB"
69534,"TO"
69535,"RBR"
69536,"VB"
69537,"DT"
69538,"NN"
69539,","
69540,"VBD"
69541,"PRP"
69542,"VBD"
69543,"$"
69544,"CD"
69545,"NN"
69546,"NN"
69547,"IN"
69548,"NN"
69549,"IN"
69550,"DT"
69551,"JJ"
69552,"NN"
69553,"."
69554,"O"
69555,"DT"
69556,"NN"
69557,"IN"
69558,"NNP"
69559,"NNP"
69560,"VBD"
69561,"TO"
69562,"VB"
69563,"VBN"
69564,"IN"
69565,"NNS"
69566,"IN"
69567,"NNP"
69568,"NNP"
69569,"MD"
69570,"VB"
69571,"IN"
69572,"DT"
69573,"JJ"
69574,"NN"
69575,"IN"
69576,"DT"
69577,"JJ"
69578,"$"
69579,"CD"
69580,"CD"
69581,"NN"
69582,"IN"
69583,"NNP"
69584,"NNP"
69585,"POS"
69586,"NN"
69587,"."
69588,"NNP"
69589,"NN"
69590,"VBD"
69591,"DT"
69592,"JJ"
69593,"$"
69594,"CD"
69595,"TO"
69596,"$"
69597,"CD"
69598,"IN"
69599,"NN"
69600,"IN"
69601,"JJR"
69602,"IN"
69603,"CD"
69604,"CD"
69605,"NNS"
69606,"IN"
69607,"NNP"
69608,"NNP"
69609,"NNP"
69610,"NNP"
69611,"JJ"
69612,"NN"
69613,"."
69614,"DT"
69615,"NN"
69616,"VBD"
69617,"DT"
69618,"NN"
69619,"IN"
69620,"$"
69621,"CD"
69622,"NNP"
69623,","
69624,"IN"
69625,"NNS"
69626,"DT"
69627,"NN"
69628,"MD"
69629,"VB"
69630,"NNS"
69631,"TO"
69632,"VB"
69633,"VBN"
69634,"."
69635,"DT"
69636,"NN"
69637,"VBZ"
69638,"VBN"
69639,"$"
69640,"CD"
69641,","
69642,"CC"
69643,"CD"
69644,"NN"
69645,","
69646,"IN"
69647,"DT"
69648,"CD"
69649,"NN"
69650,"NNS"
69651,"IN"
69652,"NN"
69653,"IN"
69654,"DT"
69655,"NN"
69656,"IN"
69657,"DT"
69658,"$"
69659,"JJ"
69660,"NN"
69661,"VBD"
69662,"DT"
69663,"JJ"
69664,"NN"
69665,"NN"
69666,"IN"
69667,"PRP$"
69668,"NN"
69669,"NN"
69670,"RB"
69671,"."
69672,"``"
69673,"DT"
69674,"VBZ"
69675,"DT"
69676,"JJ"
69677,"NN"
69678,"''"
69679,"IN"
69680,"JJ"
69681,"NNS"
69682,","
69683,"NN"
69684,"NN"
69685,"NN"
69686,"VBD"
69687,"."
69688,"NNP"
69689,"NNP"
69690,"NN"
69691,"NNP"
69692,"NNP"
69693,","
69694,"WP"
69695,"VBD"
69696,"NNP"
69697,"IN"
69698,"NN"
69699,"IN"
69700,"DT"
69701,"$"
69702,"CD"
69703,"CD"
69704,"NN"
69705,"CD"
69706,"NNS"
69707,"RB"
69708,","
69709,"JJ"
69710,"NN"
69711,"NN"
69712,"CC"
69713,"DT"
69714,"NN"
69715,"IN"
69716,"NN"
69717,"CC"
69718,"DT"
69719,"JJ"
69720,"NN"
69721,"IN"
69722,"NN"
69723,"IN"
69724,"VBG"
69725,"PRP"
69726,"VBZ"
69727,"VBN"
69728,"IN"
69729,"VBG"
69730,"NNP"
69731,"."
69732,"CC"
69733,"PRP"
69734,"VBD"
69735,"PRP$"
69736,"RBR"
69737,"$"
69738,"JJ"
69739,"NN"
69740,"NN"
69741,","
69742,"VBG"
69743,"PRP"
69744,"MD"
69745,"LS"
69746,"VB"
69747,"NN"
69748,"NN"
69749,"."
69750,"RB"
69751,"IN"
69752,"NNP"
69753,"CC"
69754,"NNP"
69755,"NNP"
69756,"NNP"
69757,"VBD"
69758,"TO"
69759,"VB"
69760,"RP"
69761,"NN"
69762,"NN"
69763,"IN"
69764,"DT"
69765,"JJ"
69766,"NN"
69767,"IN"
69768,"DT"
69769,"JJ"
69770,"NN"
69771,"NN"
69772,","
69773,"NNP"
69774,"NNP"
69775,","
69776,"DT"
69777,"CD"
69778,"NN"
69779,"NN"
69780,"IN"
69781,"DT"
69782,"NN"
69783,"NN"
69784,","
69785,"VBD"
69786,"PRP"
69787,"VBZ"
69788,"TO"
69789,"VB"
69790,"IN"
69791,"NN"
69792,"."
69793,"PRP$"
69794,"NNS"
69795,"VBP"
69796,"NNP"
69797,"POS"
69798,"NNS"
69799,","
69800,"WP"
69801,"VBD"
69802,"TO"
69803,"VB"
69804,"CD"
69805,"NN"
69806,","
69807,"CC"
69808,"NNP"
69809,"NN"
69810,"IN"
69811,"CD"
69812,"NN"
69813,"."
69814,"JJ"
69815,"NN"
69816,"TO"
69817,"NN"
69818,","
69819,"NNP"
69820,"POS"
69821,"JJ"
69822,"NNS"
69823,"POS"
69824,"NN"
69825,","
69826,"WDT"
69827,"VBD"
69828,"VB"
69829,"NN"
69830,"IN"
69831,"DT"
69832,"JJ"
69833,"NN"
69834,","
69835,"NN"
69836,"VBD"
69837,"NNP"
69838,"NNP"
69839,"NNP"
69840,"NNP"
69841,"CC"
69842,"JJ"
69843,"NNP"
69844,"NNS"
69845,"TO"
69846,"VB"
69847,"."
69848,"DT"
69849,"JJ"
69850,"NN"
69851,"VBD"
69852,"VBN"
69853,"IN"
69854,"DT"
69855,"NN"
69856,"WDT"
69857,"VBZ"
69858,"DT"
69859,"IN"
69860,"NNP"
69861,"POS"
69862,"CD"
69863,"NN"
69864,"NNS"
69865,"."
69866,"NNP"
69867,"NNP"
69868,","
69869,"NNP"
69870,"NN"
69871,"NN"
69872,"NN"
69873,"NN"
69874,","
69875,"VBD"
69876,"NNP"
69877,"NNP"
69878,"IN"
69879,"``"
69880,"JJ"
69881,"CC"
69882,"JJ"
69883,"''"
69884,"IN"
69885,"VBG"
69886,"DT"
69887,"NN"
69888,"."
69889,"IN"
69890,"NNP"
69891,"NNP"
69892,"CC"
69893,"NNP"
69894,"NNP"
69895,","
69896,"NNP"
69897,"POS"
69898,"JJ"
69899,"JJ"
69900,"NN"
69901,","
69902,"VBD"
69903,"TO"
69904,"NN"
69905,"$"
69906,"CD"
69907,"CD"
69908,"IN"
69909,"NN"
69910,"CC"
69911,"NNS"
69912,"IN"
69913,"DT"
69914,"NN"
69915,","
69916,"NNP"
69917,"NNS"
69918,"VBD"
69919,"TO"
69920,"VB"
69921,"RB"
69922,"$"
69923,"CD"
69924,"CD"
69925,"IN"
69926,"DT"
69927,"JJ"
69928,"NN"
69929,"."
69930,"DT"
69931,"JJ"
69932,"NNS"
69933,","
69934,"JJ"
69935,"NNS"
69936,"IN"
69937,"DT"
69938,"JJ"
69939,"NNS"
69940,","
69941,"VBP"
69942,"DT"
69943,"NN"
69944,"MD"
69945,"VB"
69946,"DT"
69947,"NN"
69948,"IN"
69949,"NN"
69950,"CC"
69951,"VB"
69952,"PRP$"
69953,"NNS"
69954,"."
69955,"NN"
69956,"IN"
69957,"DT"
69958,"CD"
69959,"NNS"
69960,"POS"
69961,"JJ"
69962,"NNS"
69963,"TO"
69964,"NN"
69965,"IN"
69966,"NN"
69967,"IN"
69968,"DT"
69969,"JJ"
69970,"NN"
69971,"IN"
69972,"DT"
69973,"NNP"
69974,"NN"
69975,"VBZ"
69976,"RB"
69977,"RB"
69978,"VBN"
69979,"RB"
69980,"VBN"
69981,"VB"
69982,"NNP"
69983,"NN"
69984,"VBG"
69985,"RB"
69986,"."
69987,"CC"
69988,"NNS"
69989,"IN"
69990,"JJ"
69991,"NN"
69992,"IN"
69993,"JJ"
69994,"NNS"
69995,"VBD"
69996,"DT"
69997,"JJ"
69998,"NN"
69999,"IN"
70000,"DT"
70001,"NNP"
70002,"NNP"
70003,"NNP"
70004,"NNP"
70005,"IN"
70006,"NNP"
70007,"NN"
70008,"NNP"
70009,"NN"
70010,"."
70011,"NNP"
70012,"POS"
70013,"NN"
70014,"VBD"
70015,"IN"
70016,"DT"
70017,"JJ"
70018,"NN"
70019,"NN"
70020,"VBN"
70021,"IN"
70022,"JJ"
70023,"NNS"
70024,","
70025,"WDT"
70026,"VBD"
70027,"IN"
70028,"DT"
70029,"JJ"
70030,"NN"
70031,","
70032,"VBD"
70033,"JJ"
70034,"TO"
70035,"VB"
70036,"DT"
70037,"JJ"
70038,"NN"
70039,"IN"
70040,"IN"
70041,"$"
70042,"CD"
70043,"DT"
70044,"NN"
70045,","
70046,"CC"
70047,"$"
70048,"CD"
70049,"CD"
70050,"."
70051,"JJ"
70052,"NNS"
70053,"IN"
70054,"DT"
70055,"NN"
70056,"VBD"
70057,"VBD"
70058,"JJ"
70059,"CC"
70060,"JJ"
70061,"NNS"
70062,"IN"
70063,"IN"
70064,"NNS"
70065,"MD"
70066,"VB"
70067,"RB"
70068,"."
70069,"NNP"
70070,","
70071,"IN"
70072,"NN"
70073,","
70074,"VBD"
70075,"RB"
70076,"IN"
70077,"PRP"
70078,"VBD"
70079,"``"
70080,"NNS"
70081,"IN"
70082,"NN"
70083,"IN"
70084,"DT"
70085,"NN"
70086,"IN"
70087,"DT"
70088,"JJ"
70089,"NNS"
70090,"CC"
70091,"DT"
70092,"NNS"
70093,","
70094,"''"
70095,"CC"
70096,"VBD"
70097,"RB"
70098,"VB"
70099,"DT"
70100,"NN"
70101,"."
70102,"RB"
70103,"IN"
70104,"DT"
70105,"NN"
70106,","
70107,"NNP"
70108,"NNP"
70109,"VBD"
70110,"DT"
70111,"JJ"
70112,"NN"
70113,"VBG"
70114,"NNP"
70115,"NNP"
70116,"POS"
70117,"NN"
70118,"``"
70119,"JJ"
70120,"CC"
70121,"JJ"
70122,"IN"
70123,"."
70124,"''"
70125,"CC"
70126,"PRP"
70127,"VBD"
70128,"JJ"
70129,"NNS"
70130,"IN"
70131,"DT"
70132,"NN"
70133,"IN"
70134,"DT"
70135,"JJ"
70136,"NN"
70137,","
70138,"VBG"
70139,"RB"
70140,","
70141,"``"
70142,"PRP"
70143,"VBP"
70144,"VBG"
70145,"IN"
70146,"DT"
70147,"JJ"
70148,"NN"
70149,"IN"
70150,"NN"
70151,"NN"
70152,"NN"
70153,"."
70154,"''"
70155,"RB"
70156,","
70157,"IN"
70158,"DT"
70159,"NN"
70160,"IN"
70161,"DT"
70162,"JJ"
70163,"NN"
70164,"VBZ"
70165,"RB"
70166,"JJ"
70167,","
70168,"PRP"
70169,"VBD"
70170,"VBN"
70171,"IN"
70172,"DT"
70173,"NNP"
70174,"NN"
70175,"VBD"
70176,"DT"
70177,"NN"
70178,"NN"
70179,"NNP"
70180,"TO"
70181,"VB"
70182,"DT"
70183,"NN"
70184,"IN"
70185,"DT"
70186,"NN"
70187,","
70188,"CC"
70189,"IN"
70190,"DT"
70191,"JJ"
70192,"NN"
70193,"NN"
70194,"VBZ"
70195,"RB"
70196,"JJ"
70197,"TO"
70198,"VB"
70199,"VBN"
70200,"IN"
70201,"JJ"
70202,"JJ"
70203,"NN"
70204,"."
70205,"IN"
70206,"NNP"
70207,","
70208,"NNP"
70209,"NNP"
70210,"NNP"
70211,"NNP"
70212,"NNP"
70213,"VBD"
70214,"VBN"
70215,"IN"
70216,"DT"
70217,"NNP"
70218,"IN"
70219,"VBG"
70220,"PRP"
70221,"VBZ"
70222,"``"
70223,"RB"
70224,"JJ"
70225,"TO"
70226,"VB"
70227,"PRP$"
70228,"NNS"
70229,"IN"
70230,"DT"
70231,"JJ"
70232,"NN"
70233,"."
70234,"''"
70235,"NNP"
70236,"VBD"
70237,"PRP"
70238,"VBD"
70239,"DT"
70240,"JJ"
70241,"NN"
70242,"VBD"
70243,"VBN"
70244,"IN"
70245,"DT"
70246,"NN"
70247,"DT"
70248,"NN"
70249,"VBZ"
70250,"VBN"
70251,"IN"
70252,"NN"
70253,","
70254,"RB"
70255,"RB"
70256,"IN"
70257,"IN"
70258,"DT"
70259,"NNS"
70260,"POS"
70261,"NN"
70262,"TO"
70263,"NN"
70264,"IN"
70265,"NN"
70266,"IN"
70267,"WP"
70268,"PRP"
70269,"VBD"
70270,"``"
70271,"DT"
70272,"NN"
70273,"WDT"
70274,"VBZ"
70275,"RB"
70276,"DT"
70277,"NN"
70278,"."
70279,"''"
70280,"DT"
70281,"NN"
70282,"TO"
70283,"VB"
70284,"DT"
70285,"NN"
70286,"VBD"
70287,"VBN"
70288,"IN"
70289,"DT"
70290,"JJ"
70291,"NN"
70292,"IN"
70293,"DT"
70294,"JJ"
70295,"NN"
70296,"NN"
70297,"."
70298,"DT"
70299,"NNS"
70300,"VBD"
70301,"NN"
70302,"IN"
70303,"NNP"
70304,"NN"
70305,"."
70306,"CC"
70307,"NNP"
70308,"NNP"
70309,","
70310,"WDT"
70311,"VBD"
70312,"TO"
70313,"VB"
70314,"VBN"
70315,"$"
70316,"CD"
70317,"CD"
70318,"NN"
70319,"IN"
70320,"$"
70321,"CD"
70322,"CD"
70323,"IN"
70324,"NN"
70325,"NN"
70326,","
70327,"RB"
70328,"VBD"
70329,"RB"
70330,"VBN"
70331,"IN"
70332,"DT"
70333,"JJ"
70334,"NN"
70335,"CC"
70336,"MD"
70337,"RB"
70338,"VB"
70339,"PRP"
70340,"RB"
70341,"IN"
70342,"NNS"
70343,"VB"
70344,"NN"
70345,"."
70346,"DT"
70347,"NN"
70348,"IN"
70349,"NNP"
70350,"POS"
70351,"NN"
70352,"NNS"
70353,"VBD"
70354,"IN"
70355,"DT"
70356,"NN"
70357,","
70358,"``"
70359,"DT"
70360,"NN"
70361,"IN"
70362,"NNP"
70363,"CC"
70364,"JJ"
70365,"NNS"
70366,"VBD"
70367,"VBG"
70368,"TO"
70369,"VB"
70370,"PRP$"
70371,"NNS"
70372,"IN"
70373,"RB"
70374,"NNS"
70375,"IN"
70376,"NNS"
70377,"IN"
70378,"JJ"
70379,"JJ"
70380,"NN"
70381,"NNS"
70382,"IN"
70383,"DT"
70384,"JJ"
70385,"NNS"
70386,"IN"
70387,"NNP"
70388,"VBZ"
70389,"RB"
70390,"RB"
70391,"JJ"
70392,"CC"
70393,"JJ"
70394,"."
70395,"''"
70396,"DT"
70397,"NNS"
70398,"RB"
70399,"VBN"
70400,"IN"
70401,"DT"
70402,"NN"
70403,"IN"
70404,"DT"
70405,"NNP"
70406,"CC"
70407,"NNP"
70408,"NNP"
70409,"IN"
70410,"JJ"
70411,"NN"
70412,"NNS"
70413,"IN"
70414,"DT"
70415,"JJ"
70416,"NN"
70417,"IN"
70418,"NNP"
70419,"IN"
70420,"NNP"
70421,"NNP"
70422,","
70423,"RB"
70424,"RB"
70425,"IN"
70426,"IN"
70427,"DT"
70428,"NN"
70429,"IN"
70430,"NNP"
70431,"."
70432,"JJ"
70433,"NN"
70434,","
70435,"RB"
70436,"IN"
70437,"DT"
70438,"NN"
70439,"NNS"
70440,"VBD"
70441,"JJ"
70442,","
70443,"DT"
70444,"NN"
70445,"VBD"
70446,"DT"
70447,"NNP"
70448,"NNP"
70449,"NNP"
70450,"TO"
70451,"VB"
70452,"IN"
70453,"DT"
70454,"NN"
70455,"VBD"
70456,"JJ"
70457,"NNS"
70458,"IN"
70459,"NN"
70460,"NN"
70461,"NN"
70462,"NN"
70463,"NNS"
70464,"."
70465,"IN"
70466,"PRP$"
70467,"NN"
70468,","
70469,"NNP"
70470,"NNP"
70471,"VBD"
70472,","
70473,"``"
70474,"PRP"
70475,"VBP"
70476,"TO"
70477,"VB"
70478,"PRP$"
70479,"NN"
70480,"VBZ"
70481,"JJ"
70482,","
70483,"CC"
70484,"IN"
70485,"PRP"
70486,"VBZ"
70487,"RB"
70488,"RB"
70489,"IN"
70490,"DT"
70491,"NNS"
70492,"IN"
70493,"DT"
70494,"NN"
70495,"IN"
70496,"VBG"
70497,"DT"
70498,"NN"
70499,"NN"
70500,"DT"
70501,"NN"
70502,"IN"
70503,"NNS"
70504,"VBG"
70505,"IN"
70506,"PRP"
70507,"RB"
70508,"DT"
70509,"JJ"
70510,"."
70511,"''"
70512,"NNP"
70513,"NNP"
70514,"VBZ"
70515,"JJ"
70516,"NN"
70517,"NN"
70518,"IN"
70519,"DT"
70520,"JJ"
70521,"NNP"
70522,"NNP"
70523,"NNS"
70524,"NN"
70525,","
70526,"VBG"
70527,"RB"
70528,"RB"
70529,"IN"
70530,"DT"
70531,"NN"
70532,"NN"
70533,","
70534,"NNP"
70535,"NNP"
70536,"IN"
70537,"NNP"
70538,"NNP"
70539,"NNP"
70540,"NNP"
70541,"CC"
70542,"NNP"
70543,"."
70544,"DT"
70545,"JJ"
70546,"NN"
70547,"IN"
70548,"NNP"
70549,"NN"
70550,"VBD"
70551,"CD"
70552,"NN"
70553,"NN"
70554,"NN"
70555,","
70556,"NNP"
70557,"NNP"
70558,","
70559,"NN"
70560,"NN"
70561,"IN"
70562,"NNP"
70563,","
70564,"NNP"
70565,"CC"
70566,"NNP"
70567,","
70568,"TO"
70569,"VB"
70570,"RB"
70571,"NNS"
70572,"IN"
70573,"PRP$"
70574,"NN"
70575,"VBD"
70576,"VBG"
70577,"RP"
70578,"IN"
70579,"NN"
70580,"."
70581,"NNP"
70582,"NNP"
70583,"VBD"
70584,"IN"
70585,"IN"
70586,"NNS"
70587,"IN"
70588,"NNP"
70589,"NN"
70590,","
70591,"PRP$"
70592,"NN"
70593,"POS"
70594,"NN"
70595,"VBZ"
70596,"``"
70597,"JJ"
70598,"."
70599,"''"
70600,"DT"
70601,"NN"
70602,"POS"
70603,"NN"
70604,"RB"
70605,"VBZ"
70606,"VBN"
70607,"DT"
70608,"NNP"
70609,"NN"
70610,"IN"
70611,"DT"
70612,"NN"
70613,"."
70614,"IN"
70615,"PRP"
70616,"MD"
70617,"RB"
70618,"VB"
70619,"RB"
70620,"VBN"
70621,"TO"
70622,"VB"
70623,"DT"
70624,"NN"
70625,"IN"
70626,"DT"
70627,"NN"
70628,"NN"
70629,"MD"
70630,"RB"
70631,"VB"
70632,"PRP$"
70633,"NN"
70634,","
70635,"PRP"
70636,"MD"
70637,"VB"
70638,"TO"
70639,"VB"
70640,"NNS"
70641,"IN"
70642,"DT"
70643,"NNS"
70644,"VBP"
70645,"RB"
70646,"IN"
70647,"DT"
70648,"NN"
70649,"RB"
70650,"JJR"
70651,"IN"
70652,"DT"
70653,"NN"
70654,"POS"
70655,"JJ"
70656,"$"
70657,"JJ"
70658,"NN"
70659,"."
70660,"IN"
70661,"DT"
70662,"NN"
70663,"NNP"
70664,"CD"
70665,"TO"
70666,"VB"
70667,"DT"
70668,"JJ"
70669,"NN"
70670,","
70671,"DT"
70672,"NN"
70673,"RB"
70674,"VBD"
70675,"VBN"
70676,"IN"
70677,"PRP$"
70678,"NN"
70679,"NN"
70680,","
70681,"NNP"
70682,"NNP"
70683,"NNP"
70684,","
70685,"IN"
70686,"NN"
70687,"VBN"
70688,"IN"
70689,"JJ"
70690,"NNS"
70691,"VBG"
70692,"NNP"
70693,"NNP"
70694,"NNP"
70695,"CC"
70696,"NNP"
70697,"CC"
70698,"NNP"
70699,"NNP"
70700,"CC"
70701,"NNP"
70702,","
70703,"RB"
70704,"RB"
70705,"RB"
70706,"IN"
70707,"NNP"
70708,"NNP"
70709,","
70710,"NNP"
70711,"NNP"
70712,"POS"
70713,"NN"
70714,"NN"
70715,","
70716,"CC"
70717,"NNP"
70718,"NNP"
70719,"NNP"
70720,"."
70721,"DT"
70722,"JJ"
70723,"NNS"
70724,"VBD"
70725,"VBG"
70726,"IN"
70727,"NNP"
70728,"NNP"
70729,"CC"
70730,"NNP"
70731,"IN"
70732,"DT"
70733,"JJ"
70734,"JJ"
70735,"NNS"
70736,"MD"
70737,"VB"
70738,"IN"
70739,"DT"
70740,"NN"
70741,"IN"
70742,"NN"
70743,","
70744,"CC"
70745,"IN"
70746,"DT"
70747,"NN"
70748,"MD"
70749,"VB"
70750,"DT"
70751,"NN"
70752,"."
70753,"RB"
70754,","
70755,"JJ"
70756,"NNS"
70757,"VBD"
70758,"PRP"
70759,"VBD"
70760,"RB"
70761,"JJ"
70762,"IN"
70763,"VBG"
70764,"NNP"
70765,"POS"
70766,"JJS"
70767,"NN"
70768,"."
70769,"O"
70770,"NNP"
70771,"NNP"
70772,"VBD"
70773,"PRP"
70774,"VBZ"
70775,"DT"
70776,"JJ"
70777,"NN"
70778,"IN"
70779,"CD"
70780,"CD"
70781,"NNS"
70782,"IN"
70783,"PRP$"
70784,"NNP"
70785,"NNP"
70786,"NNP"
70787,"NN"
70788,"IN"
70789,"$"
70790,"CD"
70791,"TO"
70792,"$"
70793,"CD"
70794,"DT"
70795,"NN"
70796,"."
70797,"DT"
70798,"NN"
70799,"IN"
70800,"DT"
70801,"NN"
70802,"NN"
70803,"NN"
70804,"VBD"
70805,"VBN"
70806,"IN"
70807,"NNP"
70808,"NNP"
70809,","
70810,"NN"
70811,"CC"
70812,"JJ"
70813,"NN"
70814,"NN"
70815,"IN"
70816,"JJ"
70817,"NNP"
70818,"NNP"
70819,"NNP"
70820,","
70821,"WDT"
70822,"VBZ"
70823,"NNP"
70824,"."
70825,"IN"
70826,"DT"
70827,"NN"
70828,"VBZ"
70829,"VBN"
70830,","
70831,"NNP"
70832,"MD"
70833,"VB"
70834,"IN"
70835,"CD"
70836,"NN"
70837,"IN"
70838,"DT"
70839,"NN"
70840,"JJ"
70841,"NN"
70842,"JJ"
70843,"."
70844,"CD"
70845,"CD"
70846,"NNS"
70847,"MD"
70848,"VB"
70849,"VBN"
70850,"IN"
70851,"DT"
70852,"NNP"
70853,","
70854,"CC"
70855,"CD"
70856,"CD"
70857,"JJ"
70858,"NNS"
70859,"MD"
70860,"VB"
70861,"VBN"
70862,"IN"
70863,"JJ"
70864,"JJ"
70865,"NNS"
70866,"IN"
70867,"DT"
70868,"NNP"
70869,"."
70870,"NNP"
70871,","
70872,"NNP"
70873,"CC"
70874,"NNP"
70875,"MD"
70876,"VB"
70877,"DT"
70878,"NN"
70879,"."
70880,"NNP"
70881,"VBD"
70882,"NNP"
70883,"VBZ"
70884,"TO"
70885,"VB"
70886,"JJ"
70887,"NNS"
70888,"IN"
70889,"DT"
70890,"NN"
70891,"."
70892,"DT"
70893,"NN"
70894,"VBD"
70895,"PRP"
70896,"VBZ"
70897,"TO"
70898,"VB"
70899,"DT"
70900,"JJ"
70901,"NN"
70902,","
70903,"IN"
70904,"CD"
70905,"NNS"
70906,"DT"
70907,"NN"
70908,","
70909,"IN"
70910,"DT"
70911,"CD"
70912,"JJ"
70913,"NN"
70914,"."
70915,"NNP"
70916,"MD"
70917,"VB"
70918,"DT"
70919,"NN"
70920,"JJ"
70921,"TO"
70922,"PRP$"
70923,"JJ"
70924,"JJ"
70925,"NNS"
70926,"IN"
70927,"DT"
70928,"NNS"
70929,","
70930,"CC"
70931,"$"
70932,"CD"
70933,"CD"
70934,","
70935,"IN"
70936,"NN"
70937,"IN"
70938,"DT"
70939,"NN"
70940,"NN"
70941,"IN"
70942,"NNS"
70943,"."
70944,"DT"
70945,"JJ"
70946,"NN"
70947,"MD"
70948,"VB"
70949,"IN"
70950,"$"
70951,"CD"
70952,"CD"
70953,","
70954,"DT"
70955,"NN"
70956,"VBD"
70957,"."
70958,"NNS"
70959,"IN"
70960,"DT"
70961,"NNS"
70962,"IN"
70963,"DT"
70964,"NN"
70965,"NN"
70966,"MD"
70967,"VB"
70968,"VBN"
70969,"TO"
70970,"VB"
70971,"DT"
70972,"$"
70973,"CD"
70974,"CD"
70975,"NN"
70976,"NN"
70977,"TO"
70978,"NNP"
70979,"NNP"
70980,"TO"
70981,"VB"
70982,"DT"
70983,"NN"
70984,"IN"
70985,"IN"
70986,"$"
70987,"CD"
70988,"CD"
70989,"TO"
70990,"NNP"
70991,"NNP"
70992,"IN"
70993,"NN"
70994,"IN"
70995,"DT"
70996,"JJ"
70997,"NN"
70998,"."
70999,"NNS"
71000,"IN"
71001,"DT"
71002,"NN"
71003,"MD"
71004,"VB"
71005,"VBN"
71006,"TO"
71007,"VB"
71008,"NNS"
71009,"IN"
71010,"DT"
71011,"JJ"
71012,"NNS"
71013,"IN"
71014,"DT"
71015,"NN"
71016,"NN"
71017,"."
71018,"NNP"
71019,","
71020,"WDT"
71021,"VBZ"
71022,"VBN"
71023,"IN"
71024,"NNP"
71025,","
71026,"NNP"
71027,","
71028,"VBZ"
71029,"NN"
71030,"NN"
71031,"CC"
71032,"NN"
71033,"NNS"
71034,"IN"
71035,"JJR"
71036,"IN"
71037,"CD"
71038,"NN"
71039,"NNS"
71040,"IN"
71041,"CD"
71042,"NNS"
71043,"."
71044,"IN"
71045,"DT"
71046,"JJ"
71047,"CD"
71048,"NNS"
71049,","
71050,"JJR"
71051,"IN"
71052,"CD"
71053,"NN"
71054,"IN"
71055,"PRP$"
71056,"NNS"
71057,"VBP"
71058,"VBN"
71059,"IN"
71060,"DT"
71061,"NNP"
71062,"."
71063,"NNP"
71064,"VBZ"
71065,"VBN"
71066,"NN"
71067,"IN"
71068,"CD"
71069,"."
71070,"IN"
71071,"DT"
71072,"JJ"
71073,"CD"
71074,"NNS"
71075,"IN"
71076,"DT"
71077,"NN"
71078,","
71079,"NNP"
71080,"VBD"
71081,"JJ"
71082,"NN"
71083,"IN"
71084,"$"
71085,"CD"
71086,"CD"
71087,"IN"
71088,"NNS"
71089,"IN"
71090,"$"
71091,"CD"
71092,"CD"
71093,","
71094,"VBN"
71095,"IN"
71096,"JJ"
71097,"NN"
71098,"IN"
71099,"$"
71100,"CD"
71101,"CD"
71102,"IN"
71103,"NNS"
71104,"IN"
71105,"$"
71106,"CD"
71107,"CD"
71108,"."
71109,"O"
71110,"NNP"
71111,"RP"
71112,"PRP"
71113,"VBP"
71114,"DT"
71115,"JJ"
71116,"NNS"
71117,"IN"
71118,"DT"
71119,"NNP"
71120,"NNP"
71121,"NN"
71122,"."
71123,"PRP"
71124,"VBZ"
71125,"NNS"
71126,"IN"
71127,"JJ"
71128,"NN"
71129,"("
71130,"CC"
71131,"IN"
71132,"DT"
71133,"NN"
71134,":"
71135,"IN"
71136,"NN"
71137,"IN"
71138,"PRP"
71139,"DT"
71140,"NN"
71141,"IN"
71142,"JJ"
71143,"NNS"
71144,"VBN"
71145,"IN"
71146,"DT"
71147,"NN"
71148,"WP"
71149,"VBD"
71150,"VBN"
71151,"PRP$"
71152,")"
71153,"."
71154,"NNP"
71155,"VBP"
71156,"DT"
71157,"JJ"
71158,"VBN"
71159,"NNP"
71160,"VB"
71161,"RP"
71162,"IN"
71163,"NN"
71164,","
71165,"VBN"
71166,"IN"
71167,"JJ"
71168,","
71169,"RB"
71170,"IN"
71171,"DT"
71172,"NN"
71173,"IN"
71174,"NNS"
71175,"WP"
71176,"VBP"
71177,"TO"
71178,"VB"
71179,"IN"
71180,"DT"
71181,"NN"
71182,"NN"
71183,"."
71184,"NNS"
71185,"IN"
71186,"NNP"
71187,"NNS"
71188,"VBP"
71189,"TO"
71190,"VB"
71191,"VBN"
71192,"."
71193,"CC"
71194,","
71195,"IN"
71196,"RB"
71197,"JJ"
71198,"IN"
71199,"DT"
71200,"NN"
71201,"POS"
71202,"NN"
71203,","
71204,"PRP"
71205,"VBP"
71206,"NN"
71207,"NN"
71208,":"
71209,"DT"
71210,"NN"
71211,","
71212,"IN"
71213,"JJ"
71214,"JJ"
71215,"CC"
71216,"JJ"
71217,"IN"
71218,"DT"
71219,"NN"
71220,","
71221,"VBZ"
71222,"PRP$"
71223,"JJ"
71224,"NNS"
71225,"IN"
71226,"JJ"
71227,"NN"
71228,"."
71229,"RB"
71230,"IN"
71231,"DT"
71232,"NN"
71233,"IN"
71234,"DT"
71235,"NN"
71236,","
71237,"JJ"
71238,"NN"
71239,"IN"
71240,"DT"
71241,"JJ"
71242,"NN"
71243,","
71244,"NNP"
71245,"NNP"
71246,"VBZ"
71247,"VBN"
71248,"IN"
71249,"PRP$"
71250,"NNS"
71251,","
71252,"NN"
71253,"CC"
71254,"NNS"
71255,"IN"
71256,"NN"
71257,"IN"
71258,"VBG"
71259,"PRP"
71260,"RB"
71261,"."
71262,"PRP"
71263,"VBZ"
71264,"RB"
71265,"IN"
71266,"DT"
71267,"NN"
71268,"CC"
71269,"NNS"
71270,"."
71271,"CC"
71272,"NNS"
71273,"."
71274,"DT"
71275,"NN"
71276,"VBZ"
71277,"PRP"
71278,"CC"
71279,"PRP"
71280,"VBZ"
71281,"RB"
71282,"."
71283,"DT"
71284,"JJ"
71285,"NNP"
71286,"NN"
71287,","
71288,"WDT"
71289,"VBZ"
71290,"RBR"
71291,"JJ"
71292,"TO"
71293,"VB"
71294,"VBN"
71295,"IN"
71296,"NN"
71297,"NNS"
71298,"IN"
71299,"PRP$"
71300,"NNS"
71301,","
71302,"RB"
71303,"VBZ"
71304,"."
71305,"DT"
71306,"NN"
71307,","
71308,"RB"
71309,","
71310,"VBZ"
71311,"IN"
71312,"NNP"
71313,"IN"
71314,"NNP"
71315,"."
71316,"NNP"
71317,"NNP"
71318,"VBZ"
71319,"DT"
71320,"NN"
71321,","
71322,"CC"
71323,"PRP$"
71324,"NN"
71325,"DT"
71326,"JJ"
71327,"NNS"
71328,","
71329,"IN"
71330,"DT"
71331,"NN"
71332,"."
71333,"PRP$"
71334,"NN"
71335,"VBZ"
71336,"JJ"
71337,"TO"
71338,"VB"
71339,"."
71340,"RB"
71341,"VBG"
71342,"CC"
71343,"VBG"
71344,"PRP$"
71345,"NNS"
71346,","
71347,"NNP"
71348,"NNP"
71349,"VBZ"
71350,"CC"
71351,"VBZ"
71352,"JJR"
71353,"IN"
71354,"DT"
71355,"JJ"
71356,"NN"
71357,"VBG"
71358,"PRP$"
71359,"NN"
71360,"IN"
71361,"DT"
71362,"JJ"
71363,"NN"
71364,"VBG"
71365,"DT"
71366,"NN"
71367,"."
71368,"DT"
71369,"NN"
71370,"NNS"
71371,","
71372,"WDT"
71373,"VBP"
71374,"VBN"
71375,"VBN"
71376,"RB"
71377,"IN"
71378,"NNP"
71379,","
71380,"NNP"
71381,","
71382,"NNP"
71383,","
71384,"JJ"
71385,","
71386,"JJ"
71387,"CC"
71388,"JJ"
71389,","
71390,"VBP"
71391,"RB"
71392,"JJ"
71393,"("
71394,"RB"
71395,"VBG"
71396,")"
71397,","
71398,"RB"
71399,"JJ"
71400,"("
71401,"RB"
71402,"JJ"
71403,")"
71404,","
71405,"CC"
71406,"RB"
71407,"JJ"
71408,"CC"
71409,"JJ"
71410,"("
71411,"RB"
71412,"PDT"
71413,"RB"
71414,"CC"
71415,"NNP"
71416,")"
71417,"."
71418,"PRP"
71419,"VBZ"
71420,"NN"
71421,"IN"
71422,"NNS"
71423,"WP"
71424,"VBP"
71425,"TO"
71426,"VB"
71427,"NN"
71428,"JJ"
71429,"CC"
71430,"VBP"
71431,"RB"
71432,"VB"
71433,"TO"
71434,"VB"
71435,"RB"
71436,"JJ"
71437,"IN"
71438,"DT"
71439,"NN"
71440,"."
71441,"PRP"
71442,"VBZ"
71443,"NNP"
71444,"VBG"
71445,"IN"
71446,"DT"
71447,"RB"
71448,"NN"
71449,"."
71450,"NNP"
71451,"NNP"
71452,"VBZ"
71453,"VBN"
71454,"DT"
71455,"JJ"
71456,"NN"
71457,"NN"
71458,"``"
71459,"RBR"
71460,"VBZ"
71461,"JJR"
71462,"."
71463,"''"
71464,"PRP$"
71465,"RBR"
71466,"VBZ"
71467,"RB"
71468,"JJR"
71469,"."
71470,"RB"
71471,"IN"
71472,"VBG"
71473,"NN"
71474,","
71475,"DT"
71476,"NN"
71477,"RB"
71478,"VBZ"
71479,"PRP"
71480,"IN"
71481,"JJ"
71482,"NNS"
71483,"RB"
71484,"RB"
71485,"RB"
71486,"VBN"
71487,"IN"
71488,"DT"
71489,"NNS"
71490,"IN"
71491,"CD"
71492,"NN"
71493,","
71494,"JJ"
71495,"NNS"
71496,","
71497,"CC"
71498,"NN"
71499,"CC"
71500,"NN"
71501,"NN"
71502,"NNS"
71503,"."
71504,"CC"
71505,"DT"
71506,"NN"
71507,"VBZ"
71508,"PRP$"
71509,"NN"
71510,","
71511,"CC"
71512,"NNP"
71513,"NNP"
71514,"VBZ"
71515,"VBN"
71516,"PRP$"
71517,"JJ"
71518,"NN"
71519,"IN"
71520,"DT"
71521,"NN"
71522,"IN"
71523,"DT"
71524,"NN"
71525,"TO"
71526,"DT"
71527,"RB"
71528,"JJ"
71529,"."
71530,"``"
71531,"NN"
71532,"''"
71533,"("
71534,"CD"
71535,")"
71536,","
71537,"IN"
71538,"NNS"
71539,","
71540,"VBZ"
71541,"DT"
71542,"NN"
71543,"TO"
71544,"DT"
71545,"NNP"
71546,"NN"
71547,":"
71548,"RB"
71549,"VBG"
71550,"RB"
71551,"RB"
71552,"IN"
71553,"DT"
71554,"NN"
71555,"POS"
71556,"NN"
71557,","
71558,"NNP"
71559,"NNP"
71560,"VBZ"
71561,"IN"
71562,"DT"
71563,"CD"
71564,"NNS"
71565,"IN"
71566,"DT"
71567,"NN"
71568,"IN"
71569,"JJ"
71570,"NNP"
71571,","
71572,"CC"
71573,"PRP$"
71574,"NNS"
71575,"RB"
71576,"VBP"
71577,"DT"
71578,"NN"
71579,"."
71580,"EX"
71581,"VBZ"
71582,"DT"
71583,"JJ"
71584,"JJ"
71585,"NN"
71586,"RB"
71587,","
71588,"CC"
71589,"RB"
71590,"DT"
71591,"JJ"
71592,"NN"
71593,"NN"
71594,"."
71595,"DT"
71596,"NN"
71597,"VBZ"
71598,"RB"
71599,"RB"
71600,"JJ"
71601,":"
71602,"RB"
71603,","
71604,"PRP"
71605,"VBZ"
71606,"JJ"
71607,"TO"
71608,"VB"
71609,"DT"
71610,"JJ"
71611,"NN"
71612,"IN"
71613,"PRP"
71614,"."
71615,"NN"
71616,"NN"
71617,","
71618,"DT"
71619,"NNP"
71620,","
71621,"DT"
71622,"JJ"
71623,"NN"
71624,"NNS"
71625,"VBP"
71626,"DT"
71627,"NN"
71628,"."
71629,"PRP"
71630,"VBP"
71631,","
71632,"PRP"
71633,"MD"
71634,"VB"
71635,","
71636,"JJ"
71637,"NNS"
71638,","
71639,"CC"
71640,"PRP"
71641,"RB"
71642,"VBP"
71643,"TO"
71644,"VB"
71645,"VBG"
71646,"DT"
71647,"JJ"
71648,"NN"
71649,"."
71650,"IN"
71651,"``"
71652,"JJ"
71653,"NN"
71654,","
71655,"''"
71656,"NN"
71657,"VBN"
71658,"TO"
71659,"DT"
71660,"NNS"
71661,"IN"
71662,"NNP"
71663,"NNP"
71664,"POS"
71665,"``"
71666,"NNP"
71667,"NNP"
71668,"NNP"
71669,","
71670,"''"
71671,"NNP"
71672,"NNP"
71673,"VBZ"
71674,"VBG"
71675,"."
71676,"PRP$"
71677,"NNS"
71678,"VBP"
71679,"RB"
71680,"RB"
71681,"IN"
71682,"DT"
71683,"NN"
71684,"."
71685,"JJ"
71686,"NNS"
71687,"VBP"
71688,"PRP"
71689,"VBP"
71690,"RB"
71691,"IN"
71692,"PRP"
71693,"MD"
71694,"VB"
71695,"IN"
71696,"DT"
71697,"("
71698,"RB"
71699,"VB"
71700,")"
71701,"JJ"
71702,"NN"
71703,"."
71704,"DT"
71705,"NNP"
71706,"NN"
71707,","
71708,"CC"
71709,"EX"
71710,"VBZ"
71711,"RB"
71712,"JJ"
71713,"RB"
71714,"IN"
71715,"PRP$"
71716,"NNS"
71717,"VBP"
71718,"TO"
71719,"VB"
71720,"IN"
71721,"JJR"
71722,"IN"
71723,"DT"
71724,"NN"
71725,"."
71726,"NNS"
71727,"RB"
71728,"VBP"
71729,":"
71730,"LS"
71731,"DT"
71732,"NN"
71733,"VBZ"
71734,"JJ"
71735,","
71736,"RB"
71737,"PRP"
71738,"VBZ"
71739,"JJ"
71740,","
71741,"RB"
71742,"("
71743,"PRP"
71744,"VB"
71745,")"
71746,"PRP"
71747,"VBZ"
71748,"JJR"
71749,"RB"
71750,"."
71751,"``"
71752,"DT"
71753,"NNP"
71754,"NNP"
71755,"NNP"
71756,","
71757,"''"
71758,"DT"
71759,"NN"
71760,"IN"
71761,"``"
71762,"NNP"
71763,"IN"
71764,"DT"
71765,"NNP"
71766,","
71767,"''"
71768,"VBZ"
71769,"IN"
71770,"DT"
71771,"NN"
71772,"CC"
71773,"PRP"
71774,"VBZ"
71775,"RB"
71776,"VB"
71777,"TO"
71778,"VB"
71779,"RB"
71780,"IN"
71781,"PRP$"
71782,"JJ"
71783,"NN"
71784,"IN"
71785,"``"
71786,"NNP"
71787,"NNP"
71788,"NNP"
71789,"."
71790,"''"
71791,"WRB"
71792,"NNP"
71793,"NNP"
71794,"VBZ"
71795,"TO"
71796,"VB"
71797,"RB"
71798,"JJ"
71799,","
71800,"PRP"
71801,"VBZ"
71802,"PRP$"
71803,"NNS"
71804,"CC"
71805,"VBZ"
71806,"DT"
71807,"JJ"
71808,"NN"
71809,"NN"
71810,"IN"
71811,"PRP$"
71812,"JJ"
71813,"NN"
71814,"."
71815,"PRP"
71816,"VBZ"
71817,"DT"
71818,"IN"
71819,"IN"
71820,"JJS"
71821,"CD"
71822,"IN"
71823,"PRP$"
71824,"JJ"
71825,"NNS"
71826,"."
71827,"PRP"
71828,"MD"
71829,"VB"
71830,"PRP"
71831,"DT"
71832,"FW"
71833,"CC"
71834,"DT"
71835,"FW"
71836,"FW"
71837,"."
71838,"IN"
71839,"``"
71840,"FW"
71841,"VBP"
71842,","
71843,"''"
71844,"WDT"
71845,"VBD"
71846,"IN"
71847,"DT"
71848,"NN"
71849,"TO"
71850,"VB"
71851,"DT"
71852,"NN"
71853,"IN"
71854,"JJ"
71855,"NN"
71856,"("
71857,"NNP"
71858,"NNP"
71859,"RB"
71860,","
71861,"CC"
71862,"RB"
71863,","
71864,"VBD"
71865,"IN"
71866,"``"
71867,"DT"
71868,"VBD"
71869,"DT"
71870,"NN"
71871,"IN"
71872,"PRP"
71873,"''"
71874,")"
71875,","
71876,"DT"
71877,"NN"
71878,"NN"
71879,"NNS"
71880,"IN"
71881,"DT"
71882,"NN"
71883,"NN"
71884,"JJ"
71885,"NNS"
71886,"IN"
71887,"DT"
71888,"NN"
71889,"VBZ"
71890,"VBN"
71891,"."
71892,"RB"
71893,"RB"
71894,"VBZ"
71895,"DT"
71896,"JJ"
71897,"NN"
71898,"VBD"
71899,","
71900,"PRP"
71901,"VBZ"
71902,"RB"
71903,"RB"
71904,"JJ"
71905,"IN"
71906,"PRP$"
71907,"NN"
71908,"("
71909,"PRP"
71910,")"
71911,"."
71912,"``"
71913,"NNP"
71914,"NNP"
71915,"''"
71916,"VBD"
71917,"PRP$"
71918,"NN"
71919,"IN"
71920,"DT"
71921,"NN"
71922,"TO"
71923,"DT"
71924,"NNP"
71925,"NNP"
71926,"POS"
71927,"JJ"
71928,"JJ"
71929,"NN"
71930,"IN"
71931,"DT"
71932,"NNP"
71933,","
71934,"WRB"
71935,"NNP"
71936,"NNP"
71937,"VBD"
71938,"PRP"
71939,"IN"
71940,"DT"
71941,"NN"
71942,"IN"
71943,"NNP"
71944,"NNP"
71945,"POS"
71946,"NN"
71947,"IN"
71948,"NNP"
71949,"NNP"
71950,"NNP"
71951,"NNP"
71952,"."
71953,"RB"
71954,"PRP"
71955,"VBD"
71956,"VBN"
71957,"IN"
71958,"NNP"
71959,"NNP"
71960,"IN"
71961,"NNP"
71962,","
71963,"CC"
71964,"RB"
71965,"NNP"
71966,"NNS"
71967,"VBD"
71968,"PRP"
71969,"IN"
71970,"NN"
71971,"IN"
71972,"PRP$"
71973,"NN"
71974,"NNS"
71975,"."
71976,"DT"
71977,"NN"
71978,"VBZ"
71979,"IN"
71980,"DT"
71981,"NN"
71982,"MD"
71983,"VB"
71984,"VBN"
71985,"IN"
71986,"NN"
71987,"NN"
71988,"IN"
71989,"RB"
71990,"NN"
71991,"."
71992,"DT"
71993,"NN"
71994,"VBD"
71995,"IN"
71996,"NNP"
71997,"NNP"
71998,"POS"
71999,"``"
72000,"NN"
72001,","
72002,"''"
72003,"DT"
72004,"JJ"
72005,"NN"
72006,"."
72007,"NNS"
72008,"CD"
72009,","
72010,"LS"
72011,","
72012,"CC"
72013,"LS"
72014,"VBN"
72015,"IN"
72016,"DT"
72017,"NN"
72018,"IN"
72019,"JJ"
72020,"NNP"
72021,"POS"
72022,"JJ"
72023,"NN"
72024,","
72025,"``"
72026,"DT"
72027,"NNP"
72028,"NNP"
72029,"NNP"
72030,","
72031,"''"
72032,"CC"
72033,"DT"
72034,"CD"
72035,"JJ"
72036,"NNS"
72037,"IN"
72038,"JJ"
72039,"NN"
72040,"TO"
72041,"CD"
72042,"JJ"
72043,"NNS"
72044,"IN"
72045,"DT"
72046,"JJ"
72047,"NN"
72048,"IN"
72049,"DT"
72050,"JJ"
72051,"NN"
72052,"."
72053,"WRB"
72054,"VBN"
72055,"IN"
72056,"NN"
72057,"IN"
72058,"DT"
72059,"NN"
72060,","
72061,"DT"
72062,"NN"
72063,"VBZ"
72064,"DT"
72065,"JJ"
72066,"NN"
72067,","
72068,"IN"
72069,"WRB"
72070,"DT"
72071,"FW"
72072,"NN"
72073,","
72074,"DT"
72075,"JJ"
72076,"JJ"
72077,"NN"
72078,","
72079,"VBZ"
72080,"DT"
72081,"RB"
72082,"JJ"
72083,"NN"
72084,"IN"
72085,"NNS"
72086,","
72087,"NNS"
72088,"CC"
72089,"NNS"
72090,"IN"
72091,"NNS"
72092,"IN"
72093,"DT"
72094,"NNP"
72095,"NN"
72096,"."
72097,"NNP"
72098,"RB"
72099,"IN"
72100,"DT"
72101,"NN"
72102,","
72103,"RB"
72104,","
72105,"DT"
72106,"NN"
72107,"VBZ"
72108,"DT"
72109,"NN"
72110,"VBN"
72111,"IN"
72112,"DT"
72113,"NN"
72114,"IN"
72115,"DT"
72116,"NN"
72117,"."
72118,"NNS"
72119,"IN"
72120,"NNP"
72121,"NNP"
72122,"MD"
72123,"VB"
72124,"IN"
72125,"DT"
72126,"NN"
72127,"NNP"
72128,"NNP"
72129,"POS"
72130,"NN"
72131,"IN"
72132,"DT"
72133,"CD"
72134,"``"
72135,"NNP"
72136,"IN"
72137,"NNP"
72138,"NNP"
72139,"''"
72140,"VBZ"
72141,"RB"
72142,"JJ"
72143,"CC"
72144,"JJ"
72145,"IN"
72146,"``"
72147,"DT"
72148,"JJ"
72149,"NN"
72150,"."
72151,"''"
72152,"CC"
72153,"IN"
72154,"VBG"
72155,"DT"
72156,"JJ"
72157,"NN"
72158,"IN"
72159,"DT"
72160,"NNS"
72161,"VBP"
72162,"NNS"
72163,"IN"
72164,"NNS"
72165,","
72166,"DT"
72167,"NN"
72168,"VBZ"
72169,"DT"
72170,"RB"
72171,"JJ"
72172,"NN"
72173,"IN"
72174,"NNP"
72175,"NNP"
72176,"POS"
72177,"NN"
72178,"."
72179,"PRP$"
72180,"RB"
72181,"JJ"
72182,"NN"
72183,"NNS"
72184,"DT"
72185,"NN"
72186,"WDT"
72187,"VBZ"
72188,"CD"
72189,"NN"
72190,"IN"
72191,"DT"
72192,"NN"
72193,"IN"
72194,"NNP"
72195,"NNP"
72196,","
72197,"DT"
72198,"JJ"
72199,"JJ"
72200,"NN"
72201,"IN"
72202,"NNP"
72203,"CC"
72204,"NNP"
72205,","
72206,"CC"
72207,"WP"
72208,"IN"
72209,"VB"
72210,"RB"
72211,"VBZ"
72212,"IN"
72213,"NN"
72214,"IN"
72215,"NNP"
72216,"."
72217,"NNP"
72218,"NNP"
72219,"VBZ"
72220,"NN"
72221,"IN"
72222,"NNP"
72223,"IN"
72224,"NNP"
72225,"NNP"
72226,"NNP"
72227,"CC"
72228,"NN"
72229,"IN"
72230,"DT"
72231,"NNP"
72232,"NNP"
72233,"."
72234,"O"
72235,"NNP"
72236,"NNP"
72237,"VBD"
72238,"PRP"
72239,"VBZ"
72240,"TO"
72241,"VB"
72242,"RB"
72243,"DT"
72244,"JJ"
72245,"IN"
72246,"CD"
72247,"NNS"
72248,"IN"
72249,"NNS"
72250,"IN"
72251,"PRP$"
72252,"JJ"
72253,"JJ"
72254,"NN"
72255,","
72256,"NNP"
72257,","
72258,"IN"
72259,"IN"
72260,"$"
72261,"CD"
72262,"CD"
72263,"."
72264,"DT"
72265,"NN"
72266,"MD"
72267,"RB"
72268,"VB"
72269,"DT"
72270,"NN"
72271,"IN"
72272,"DT"
72273,"JJ"
72274,"CD"
72275,"NN"
72276,"NN"
72277,"."
72278,"NNS"
72279,"IN"
72280,"DT"
72281,"NN"
72282,","
72283,"VBN"
72284,"TO"
72285,"VB"
72286,"VBN"
72287,"IN"
72288,"NN"
72289,","
72290,"MD"
72291,"VB"
72292,"VBN"
72293,"TO"
72294,"VB"
72295,"RB"
72296,"JJ"
72297,"IN"
72298,"CD"
72299,"CD"
72300,"NNS"
72301,"IN"
72302,"NNP"
72303,"NN"
72304,","
72305,"DT"
72306,"NN"
72307,"VBD"
72308,"."
72309,"NNP"
72310,"VBD"
72311,"PRP"
72312,"VBZ"
72313,"VBG"
72314,"DT"
72315,"NN"
72316,"IN"
72317,"DT"
72318,"JJ"
72319,"NN"
72320,"IN"
72321,"NNP"
72322,","
72323,"CC"
72324,"VBD"
72325,"PRP"
72326,"VBZ"
72327,"TO"
72328,"VB"
72329,"IN"
72330,"JJS"
72331,"CD"
72332,"NN"
72333,"IN"
72334,"DT"
72335,"JJ"
72336,"NN"
72337,"POS"
72338,"NN"
72339,"JJ"
72340,"NN"
72341,"."
72342,"DT"
72343,"CD"
72344,"NN"
72345,"NN"
72346,"MD"
72347,"VB"
72348,"NNP"
72349,"TO"
72350,"VB"
72351,"JJ"
72352,"NNS"
72353,"IN"
72354,"PRP$"
72355,"NNS"
72356,"."
72357,"NNP"
72358,"RB"
72359,"VBD"
72360,"PRP"
72361,"VBD"
72362,"TO"
72363,"VB"
72364,"PRP$"
72365,"NN"
72366,"IN"
72367,"DT"
72368,"JJ"
72369,"NN"
72370,"IN"
72371,"NN"
72372,"IN"
72373,"DT"
72374,"NN"
72375,"NN"
72376,"WDT"
72377,"RB"
72378,"VBZ"
72379,"IN"
72380,"DT"
72381,"NN"
72382,"IN"
72383,"NN"
72384,"IN"
72385,"NNS"
72386,"NNS"
72387,"."
72388,"NN"
72389,"DT"
72390,"NN"
72391,"VBD"
72392,"DT"
72393,"NN"
72394,"VBD"
72395,"``"
72396,"JJ"
72397,"IN"
72398,"PRP$"
72399,"NN"
72400,"''"
72401,"IN"
72402,"DT"
72403,"NN"
72404,"CC"
72405,"``"
72406,"VBZ"
72407,"TO"
72408,"VB"
72409,"JJ"
72410,"NNS"
72411,"RB"
72412,"."
72413,"''"
72414,"NNP"
72415,"VBD"
72416,"PRP$"
72417,"NNP"
72418,"CC"
72419,"NNP"
72420,"NNP"
72421,"NN"
72422,"VBD"
72423,"NNS"
72424,"IN"
72425,"VBG"
72426,"DT"
72427,"JJ"
72428,"NN"
72429,"IN"
72430,"DT"
72431,"JJ"
72432,"NN"
72433,","
72434,"VBG"
72435,"IN"
72436,"JJR"
72437,"NN"
72438,"NN"
72439,"IN"
72440,"DT"
72441,"NN"
72442,"."
72443,"RB"
72444,","
72445,"NNP"
72446,"VBD"
72447,"NNS"
72448,"IN"
72449,"$"
72450,"CD"
72451,"CD"
72452,","
72453,"CC"
72454,"$"
72455,"CD"
72456,"DT"
72457,"NN"
72458,","
72459,"IN"
72460,"DT"
72461,"CD"
72462,"NNS"
72463,"VBD"
72464,"NNP"
72465,"CD"
72466,"VBN"
72467,"IN"
72468,"DT"
72469,"NN"
72470,"IN"
72471,"$"
72472,"CD"
72473,"CD"
72474,","
72475,"CC"
72476,"CD"
72477,"NNS"
72478,"DT"
72479,"NN"
72480,","
72481,"DT"
72482,"NN"
72483,"RBR"
72484,"."
72485,"DT"
72486,"JJ"
72487,"NN"
72488,"POS"
72489,"NNS"
72490,"VBD"
72491,"DT"
72492,"$"
72493,"CD"
72494,"CD"
72495,"NN"
72496,"NN"
72497,"VBN"
72498,"TO"
72499,"VB"
72500,"NN"
72501,"NNS"
72502,"CC"
72503,"DT"
72504,"$"
72505,"CD"
72506,"CD"
72507,"NN"
72508,"NN"
72509,"IN"
72510,"JJ"
72511,"NN"
72512,"NNS"
72513,"."
72514,"NNS"
72515,"IN"
72516,"DT"
72517,"JJ"
72518,"NN"
72519,"VBD"
72520,"JJ"
72521,","
72522,"IN"
72523,"$"
72524,"CD"
72525,"CD"
72526,"."
72527,"IN"
72528,"DT"
72529,"CD"
72530,"NNS"
72531,","
72532,"NNP"
72533,"VBD"
72534,"NNS"
72535,"IN"
72536,"$"
72537,"CD"
72538,"CD"
72539,","
72540,"CC"
72541,"$"
72542,"CD"
72543,"DT"
72544,"NN"
72545,","
72546,"VBN"
72547,"IN"
72548,"NNS"
72549,"IN"
72550,"$"
72551,"CD"
72552,"CD"
72553,","
72554,"CC"
72555,"$"
72556,"CD"
72557,"DT"
72558,"NN"
72559,","
72560,"DT"
72561,"NN"
72562,"RBR"
72563,"."
72564,"NNS"
72565,"VBD"
72566,"RB"
72567,"TO"
72568,"$"
72569,"CD"
72570,"CD"
72571,"."
72572,"O"
72573,"IN"
72574,"RB"
72575,","
72576,"PRP$"
72577,"NN"
72578,"NN"
72579,"VBZ"
72580,"DT"
72581,"NN"
72582,"TO"
72583,"VB"
72584,"TO"
72585,"PRP$"
72586,"RB"
72587,"JJ"
72588,"NNS"
72589,"."
72590,"IN"
72591,"DT"
72592,"NN"
72593,"IN"
72594,"JJ"
72595,"NN"
72596,"TO"
72597,"PRP$"
72598,"JJ"
72599,"NN"
72600,"IN"
72601,"JJ"
72602,"NN"
72603,"NNS"
72604,"IN"
72605,"JJ"
72606,"NNS"
72607,","
72608,"NNP"
72609,"NNP"
72610,"NNP"
72611,"VBZ"
72612,"PRP$"
72613,"NNS"
72614,","
72615,"``"
72616,":"
72617,"DT"
72618,"NNP"
72619,"NNP"
72620,"NNP"
72621,"VBZ"
72622,"VBN"
72623,"IN"
72624,"DT"
72625,"NN"
72626,":"
72627,"DT"
72628,"NN"
72629,","
72630,"RB"
72631,":"
72632,"IN"
72633,"NN"
72634,"CC"
72635,"NN"
72636,"NN"
72637,"MD"
72638,"VB"
72639,":"
72640,"PRP"
72641,"VBZ"
72642,"DT"
72643,"JJ"
72644,"NN"
72645,"IN"
72646,"NN"
72647,"NN"
72648,"''"
72649,"("
72650,"``"
72651,"FW"
72652,"NNP"
72653,"NNPS"
72654,","
72655,"''"
72656,"NNP"
72657,"CD"
72658,")"
72659,"."
72660,"DT"
72661,"NN"
72662,"RB"
72663,"VBZ"
72664,"PRP$"
72665,"JJ"
72666,"NN"
72667,"IN"
72668,"JJ"
72669,"NN"
72670,"VBZ"
72671,"RB"
72672,"JJ"
72673,"CC"
72674,"JJ"
72675,","
72676,"CC"
72677,"PRP"
72678,"VBZ"
72679,"RB"
72680,"JJ"
72681,"."
72682,"DT"
72683,"NNP"
72684,"NNP"
72685,"NNP"
72686,"VBZ"
72687,"DT"
72688,"``"
72689,"JJ"
72690,"NN"
72691,"''"
72692,"IN"
72693,"NN"
72694,"NN"
72695,"."
72696,"PRP"
72697,"VBZ"
72698,"IN"
72699,"``"
72700,"NNS"
72701,"IN"
72702,"NNS"
72703,"''"
72704,"IN"
72705,"DT"
72706,"``"
72707,"NNS"
72708,"IN"
72709,"DT"
72710,"NNP"
72711,"NNPS"
72712,"''"
72713,"VB"
72714,"VBN"
72715,"IN"
72716,"NNS"
72717,"WDT"
72718,"VBP"
72719,"DT"
72720,"JJ"
72721,"NNS"
72722,"VBN"
72723,"IN"
72724,"NN"
72725,"CD"
72726,"."
72727,"WDT"
72728,"MD"
72729,"VB"
72730,"DT"
72731,"NNS"
72732,"IN"
72733,"DT"
72734,"NN"
72735,","
72736,"PRP"
72737,"RB"
72738,"VBZ"
72739,"``"
72740,"CD"
72741,"NN"
72742,"''"
72743,"CC"
72744,"``"
72745,"NN"
72746,"NN"
72747,"."
72748,"''"
72749,"RB"
72750,"NNP"
72751,"NNP"
72752,"VBD"
72753,"VBN"
72754,"IN"
72755,"NNP"
72756,"POS"
72757,"JJ"
72758,"NN"
72759,"IN"
72760,"``"
72761,"DT"
72762,"JJ"
72763,"NN"
72764,"''"
72765,"IN"
72766,"NN"
72767,"CD"
72768,","
72769,"WDT"
72770,"RB"
72771,"VBZ"
72772,"IN"
72773,"DT"
72774,"NN"
72775,"IN"
72776,"NNS"
72777,":"
72778,"IN"
72779,"CD"
72780,","
72781,"RB"
72782,"JJR"
72783,"."
72784,"DT"
72785,"JJ"
72786,"NN"
72787,"VBD"
72788,"RB"
72789,"VBN"
72790,"RB"
72791,"WRB"
72792,"VBN"
72793,"IN"
72794,"CD"
72795,","
72796,"CC"
72797,"MD"
72798,"RB"
72799,"RB"
72800,"VB"
72801,"VBN"
72802,"IN"
72803,"DT"
72804,"JJ"
72805,"NNS"
72806,"IN"
72807,"DT"
72808,"NN"
72809,"."
72810,"RB"
72811,","
72812,"PRP"
72813,"VBP"
72814,"DT"
72815,"NN"
72816,"DT"
72817,"JJ"
72818,"NN"
72819,"WRB"
72820,"NNP"
72821,"NNP"
72822,"VBZ"
72823,","
72824,"RB"
72825,"RB"
72826,","
72827,"IN"
72828,"DT"
72829,"NNP"
72830,"NNP"
72831,"NNP"
72832,"VBZ"
72833,"DT"
72834,"NN"
72835,"IN"
72836,"DT"
72837,"NN"
72838,"CC"
72839,"NN"
72840,":"
72841,"PRP$"
72842,"JJ"
72843,"NNS"
72844,"MD"
72845,"VB"
72846,"VBN"
72847,"TO"
72848,"VB"
72849,"DT"
72850,"NN"
72851,"IN"
72852,"NN"
72853,"CC"
72854,"NN"
72855,"VBZ"
72856,"PRP"
72857,","
72858,"IN"
72859,"PRP"
72860,"VBP"
72861,"IN"
72862,"DT"
72863,"NN"
72864,"IN"
72865,"PRP$"
72866,"NN"
72867,"CC"
72868,"NNS"
72869,","
72870,"IN"
72871,"DT"
72872,"JJ"
72873,"NN"
72874,"IN"
72875,"DT"
72876,"NNP"
72877,"NNP"
72878,"IN"
72879,"PRP$"
72880,"NNS"
72881,"."
72882,"NNP"
72883,"NNP"
72884,"NNP"
72885,"O"
72886,"NNP"
72887,"NNP"
72888,","
72889,"DT"
72890,"JJ"
72891,"NNP"
72892,"NN"
72893,","
72894,"VBZ"
72895,"VBG"
72896,"JJR"
72897,"NNS"
72898,"IN"
72899,"RB"
72900,"CC"
72901,"VBZ"
72902,"DT"
72903,"JJ"
72904,","
72905,"JJ"
72906,"NNS"
72907,"IN"
72908,"JJ"
72909,"NNS"
72910,"VBP"
72911,"."
72912,"RB"
72913,"WRB"
72914,"VBD"
72915,"VBG"
72916,"NNS"
72917,"NN"
72918,"IN"
72919,"RB"
72920,"CD"
72921,"NN"
72922,"CC"
72923,"NN"
72924,"NN"
72925,"IN"
72926,"CD"
72927,"NN"
72928,"IN"
72929,"DT"
72930,"JJ"
72931,"NN"
72932,"."
72933,"TO"
72934,"VB"
72935,"NNS"
72936,"VB"
72937,"PRP"
72938,","
72939,"DT"
72940,"NN"
72941,"RB"
72942,"VBZ"
72943,"RB"
72944,"VBN"
72945,"RP"
72946,"IN"
72947,"DT"
72948,"NNS"
72949,"."
72950,"IN"
72951,"JJ"
72952,"NN"
72953,"IN"
72954,"DT"
72955,"NN"
72956,"IN"
72957,"JJ"
72958,"NNS"
72959,"IN"
72960,"DT"
72961,"NN"
72962,"CC"
72963,"DT"
72964,"JJ"
72965,"NN"
72966,","
72967,"PRP"
72968,"VBZ"
72969,"RB"
72970,"VBN"
72971,"JJ"
72972,"TO"
72973,"VB"
72974,"PRP$"
72975,"NN"
72976,"IN"
72977,"DT"
72978,"NN"
72979,"NNS"
72980,"VBP"
72981,"TO"
72982,"VB"
72983,"IN"
72984,"IN"
72985,"NN"
72986,"IN"
72987,"JJ"
72988,"NN"
72989,"NNS"
72990,"."
72991,"JJR"
72992,","
72993,"PRP"
72994,"VBD"
72995,"IN"
72996,"NNS"
72997,"IN"
72998,"NN"
72999,"NN"
73000,"NNS"
73001,","
73002,"IN"
73003,"JJ"
73004,"NNS"
73005,"TO"
73006,"NNS"
73007,"IN"
73008,"JJ"
73009,"NNS"
73010,"."
73011,"CC"
73012,"RB"
73013,","
73014,"DT"
73015,"NN"
73016,"VBZ"
73017,"VBG"
73018,"TO"
73019,"VB"
73020,"RB"
73021,","
73022,"IN"
73023,"DT"
73024,"JJ"
73025,"NN"
73026,"IN"
73027,"DT"
73028,"VBN"
73029,"JJ"
73030,"NN"
73031,"CC"
73032,"DT"
73033,"RB"
73034,"JJ"
73035,"NN"
73036,"NN"
73037,"."
73038,"NNS"
73039,"VBP"
73040,"RB"
73041,"VB"
73042,"IN"
73043,"DT"
73044,"NN"
73045,"RB"
73046,","
73047,"VBZ"
73048,"NNP"
73049,"JJ"
73050,","
73051,"WP"
73052,"VBD"
73053,"IN"
73054,"NNP"
73055,"IN"
73056,"JJ"
73057,"NN"
73058,"NN"
73059,"."
73060,"``"
73061,"WP"
73062,"PRP"
73063,"VBP"
73064,"TO"
73065,"VB"
73066,"VBZ"
73067,"VB"
73068,"DT"
73069,"RBR"
73070,"JJ"
73071,"NN"
73072,"."
73073,"NNS"
73074,"VBD"
73075,"RB"
73076,"VB"
73077,"PRP"
73078,"VBD"
73079,"IN"
73080,"NN"
73081,"IN"
73082,"DT"
73083,"NN"
73084,","
73085,"CC"
73086,"IN"
73087,"JJ"
73088,"NNS"
73089,"PRP"
73090,"VBD"
73091,"RB"
73092,"."
73093,"''"
73094,"DT"
73095,"JJ"
73096,"NN"
73097,"VBZ"
73098,"RB"
73099,"VBN"
73100,"TO"
73101,"VB"
73102,"NNS"
73103,"IN"
73104,"RB"
73105,"IN"
73106,"JJ"
73107,"NN"
73108,"RB"
73109,"."
73110,"PRP"
73111,"RB"
73112,"VBD"
73113,"IN"
73114,"PRP$"
73115,"NN"
73116,"NNS"
73117,":"
73118,"CD"
73119,"CD"
73120,"NNS"
73121,"IN"
73122,"DT"
73123,"JJ"
73124,"NN"
73125,","
73126,"RB"
73127,"IN"
73128,"CD"
73129,"CD"
73130,"DT"
73131,"NN"
73132,"RB"
73133,":"
73134,"DT"
73135,"JJ"
73136,"NN"
73137,"IN"
73138,"CD"
73139,"IN"
73140,"NNS"
73141,":"
73142,"IN"
73143,"DT"
73144,"NN"
73145,"IN"
73146,"PRP$"
73147,"JJ"
73148,"NNS"
73149,":"
73150,"NN"
73151,"TO"
73152,"DT"
73153,"NN"
73154,"IN"
73155,"DT"
73156,"CD"
73157,"NN"
73158,"NN"
73159,"NN"
73160,"NN"
73161,"NN"
73162,"."
73163,"DT"
73164,"NN"
73165,"VBD"
73166,"PRP$"
73167,"JJS"
73168,"NN"
73169,"RB"
73170,"IN"
73171,"CD"
73172,","
73173,"WRB"
73174,"PRP"
73175,"VBD"
73176,"PRP$"
73177,"NN"
73178,"CC"
73179,"VBD"
73180,"RP"
73181,"DT"
73182,"CD"
73183,"NN"
73184,"NN"
73185,"IN"
73186,"NN"
73187,"NNS"
73188,","
73189,"TO"
73190,"CD"
73191,"."
73192,"CC"
73193,"DT"
73194,"NN"
73195,","
73196,"WRB"
73197,"DT"
73198,"NN"
73199,"VBG"
73200,"PRP$"
73201,"NN"
73202,"VBD"
73203,","
73204,"RB"
73205,"RB"
73206,"VBD"
73207,"DT"
73208,"NN"
73209,"NN"
73210,"."
73211,"DT"
73212,"NN"
73213,","
73214,"NN"
73215,"NNS"
73216,"VBP"
73217,","
73218,"VBZ"
73219,"IN"
73220,"DT"
73221,"JJ"
73222,"NN"
73223,"NN"
73224,"VBZ"
73225,"VBN"
73226,"JJ"
73227,":"
73228,"CC"
73229,"NNP"
73230,"NNP"
73231,"VBZ"
73232,"DT"
73233,"NNS"
73234,"WDT"
73235,"VBP"
73236,"PRP"
73237,"RB"
73238,"JJ"
73239,"IN"
73240,"DT"
73241,"JJ"
73242,"NN"
73243,"."
73244,"RB"
73245,"DT"
73246,"JJS"
73247,"IN"
73248,"DT"
73249,"NNS"
73250,"VBZ"
73251,"PRP$"
73252,"JJ"
73253,"NN"
73254,"NNS"
73255,":"
73256,"$"
73257,"CD"
73258,"IN"
73259,"DT"
73260,"JJ"
73261,"NN"
73262,","
73263,"CC"
73264,"$"
73265,"CD"
73266,"IN"
73267,"DT"
73268,"NN"
73269,","
73270,"DT"
73271,"JJ"
73272,"NN"
73273,"IN"
73274,"DT"
73275,"RB"
73276,"JJR"
73277,"NN"
73278,"."
73279,"WRB"
73280,"NN"
73281,"NNS"
73282,"VBP"
73283,"JJ"
73284,","
73285,"DT"
73286,"JJ"
73287,"NN"
73288,"NN"
73289,"VBZ"
73290,"DT"
73291,"JJ"
73292,"NN"
73293,"IN"
73294,"NNS"
73295,","
73296,"WP"
73297,"RB"
73298,"VBP"
73299,"TO"
73300,"VB"
73301,"RB"
73302,"IN"
73303,"DT"
73304,"NN"
73305,"CC"
73306,"RB"
73307,"IN"
73308,"DT"
73309,"."
73310,"RB"
73311,"IN"
73312,"NNP"
73313,"NNP"
73314,"VBZ"
73315,"RB"
73316,"JJR"
73317,"NNS"
73318,"IN"
73319,"VBZ"
73320,"DT"
73321,"NN"
73322,"IN"
73323,"NN"
73324,","
73325,"``"
73326,"DT"
73327,"NN"
73328,"VBZ"
73329,"PRP"
73330,"DT"
73331,"NN"
73332,"CC"
73333,"DT"
73334,"NN"
73335,"TO"
73336,"VB"
73337,"DT"
73338,"NN"
73339,","
73340,"''"
73341,"VBZ"
73342,"NNP"
73343,"NNP"
73344,","
73345,"NNP"
73346,"NNP"
73347,"NN"
73348,"NN"
73349,"IN"
73350,"NNP"
73351,"NNP"
73352,"."
73353,"TO"
73354,"VB"
73355,"DT"
73356,"NN"
73357,","
73358,"NNP"
73359,"NNP"
73360,","
73361,"IN"
73362,"JJ"
73363,"NNS"
73364,","
73365,"VBD"
73366,"VBG"
73367,"JJ"
73368,"NNS"
73369,"VBG"
73370,"NNS"
73371,"TO"
73372,"VB"
73373,"IN"
73374,"RB"
73375,"DT"
73376,"NN"
73377,"IN"
73378,"PRP$"
73379,"NNS"
73380,":"
73381,"IN"
73382,"NN"
73383,","
73384,"NNS"
73385,"MD"
73386,"VB"
73387,"RB"
73388,"IN"
73389,"DT"
73390,"NNS"
73391,"VBD"
73392,"TO"
73393,"NNS"
73394,"IN"
73395,"DT"
73396,"JJS"
73397,"CD"
73398,"NNS"
73399,"."
73400,"CC"
73401,"DT"
73402,"NN"
73403,"VBD"
73404,"JJR"
73405,"IN"
73406,"PRP$"
73407,"NNS"
73408,"TO"
73409,"VB"
73410,"RB"
73411,"IN"
73412,"PRP$"
73413,"JJ"
73414,"NNS"
73415,","
73416,"CC"
73417,"IN"
73418,"JJ"
73419,"NN"
73420,"VBD"
73421,"JJR"
73422,"IN"
73423,"PRP"
73424,"IN"
73425,"VBD"
73426,"NNS"
73427,"."
73428,"NNP"
73429,"NN"
73430,","
73431,"IN"
73432,"NN"
73433,","
73434,"VBZ"
73435,"JJR"
73436,"IN"
73437,"CD"
73438,"JJ"
73439,"NNS"
73440,"VBG"
73441,"TO"
73442,"JJ"
73443,"NNS"
73444,","
73445,"JJ"
73446,"NN"
73447,","
73448,"CC"
73449,"JJ"
73450,"NNS"
73451,"."
73452,"DT"
73453,"VBG"
73454,"NN"
73455,"IN"
73456,"NNS"
73457,"VBD"
73458,"NNP"
73459,"NNP"
73460,"POS"
73461,"NN"
73462,"IN"
73463,"VBG"
73464,"PRP$"
73465,"NNS"
73466,"RB"
73467,","
73468,"RB"
73469,"IN"
73470,"DT"
73471,"NN"
73472,"CC"
73473,"NN"
73474,"IN"
73475,"DT"
73476,"NN"
73477,","
73478,"RB"
73479,"IN"
73480,"VBG"
73481,"NNS"
73482,"IN"
73483,"IN"
73484,"PRP$"
73485,"NNS"
73486,","
73487,"IN"
73488,"JJS"
73489,"NNS"
73490,"VBP"
73491,"."
73492,"CC"
73493,"NNP"
73494,"NNP"
73495,"POS"
73496,"NN"
73497,"NN"
73498,"VBZ"
73499,"JJ"
73500,"NN"
73501,"NNS"
73502,"IN"
73503,"NNS"
73504,"."
73505,"CC"
73506,"NNP"
73507,"JJ"
73508,"VBZ"
73509,"DT"
73510,"NN"
73511,"VBZ"
73512,"VBG"
73513,"RP"
73514,"."
73515,"PRP"
73516,"RB"
73517,"VBZ"
73518,"CD"
73519,"JJ"
73520,"NNS"
73521,","
73522,"PRP"
73523,"RB"
73524,"RB"
73525,"VBD"
73526,"JJ"
73527,"NNS"
73528,"JJ"
73529,"TO"
73530,"NNS"
73531,","
73532,"CC"
73533,"PRP"
73534,"VBZ"
73535,"VBN"
73536,"VBG"
73537,"RP"
73538,"PRP$"
73539,"NNS"
73540,"NN"
73541,"."
73542,"CC"
73543,"PRP"
73544,"RB"
73545,"VBD"
73546,"DT"
73547,"JJ"
73548,"NN"
73549,"TO"
73550,"VB"
73551,"JJ"
73552,"NNS"
73553,","
73554,"NN"
73555,"NNS"
73556,","
73557,"CC"
73558,"NN"
73559,"NNS"
73560,"RB"
73561,"IN"
73562,"."
73563,"DT"
73564,"NN"
73565,"IN"
73566,"DT"
73567,"NN"
73568,"VBZ"
73569,"PRP$"
73570,"JJ"
73571,"NN"
73572,"NN"
73573,","
73574,"IN"
73575,"WDT"
73576,"DT"
73577,"NN"
73578,"MD"
73579,"VB"
73580,"IN"
73581,"$"
73582,"CD"
73583,","
73584,"RB"
73585,"IN"
73586,"DT"
73587,"JJ"
73588,"JJ"
73589,"NNS"
73590,"."
73591,"DT"
73592,"NN"
73593,","
73594,"VBN"
73595,"IN"
73596,"NNP"
73597,"NNP"
73598,"POS"
73599,"NNP"
73600,"NNP"
73601,"NN"
73602,","
73603,"VBZ"
73604,"NN"
73605,"IN"
73606,"DT"
73607,"JJ"
73608,"NN"
73609,"IN"
73610,"NNP"
73611,"NNP"
73612,"VBZ"
73613,"VBN"
73614,"IN"
73615,"."
73616,"IN"
73617,"CD"
73618,"NN"
73619,","
73620,"DT"
73621,"NN"
73622,"IN"
73623,"DT"
73624,"NN"
73625,"IN"
73626,"DT"
73627,"NN"
73628,"IN"
73629,"NNP"
73630,"VBZ"
73631,"VBN"
73632,"IN"
73633,"DT"
73634,"NN"
73635,","
73636,"``"
73637,"DT"
73638,"JJ"
73639,"NN"
73640,"RBR"
73641,"JJ"
73642,"IN"
73643,"FW"
73644,"VBZ"
73645,"RB"
73646,"VB"
73647,"NN"
73648,"."
73649,"''"
73650,"DT"
73651,"NN"
73652,"NNS"
73653,"DT"
73654,"NN"
73655,"NN"
73656,","
73657,"VBD"
73658,"CD"
73659,"NNS"
73660,","
73661,"IN"
73662,"DT"
73663,"NN"
73664,","
73665,"``"
73666,"IN"
73667,"NN"
73668,"RB"
73669,"IN"
73670,"PRP$"
73671,"NN"
73672,"VB"
73673,"PRP$"
73674,"JJ"
73675,"NNS"
73676,"."
73677,"''"
73678,"NNP"
73679,"JJ"
73680,"VBZ"
73681,"PRP"
73682,"VBZ"
73683,"DT"
73684,"NN"
73685,"TO"
73686,"VB"
73687,"VB"
73688,"NNS"
73689,"IN"
73690,"CD"
73691,"NNS"
73692,","
73693,"VBG"
73694,"JJ"
73695,","
73696,"JJ"
73697,"NNS"
73698,","
73699,"NN"
73700,"NNS"
73701,","
73702,"NN"
73703,"CC"
73704,"NN"
73705,"."
73706,"PRP$"
73707,"NN"
73708,":"
73709,"TO"
73710,"VB"
73711,"CD"
73712,"NN"
73713,"NNS"
73714,"IN"
73715,"CD"
73716,","
73717,"RB"
73718,"IN"
73719,"IN"
73720,"CD"
73721,"DT"
73722,"NN"
73723,"."
73724,"IN"
73725,"PRP"
73726,"MD"
73727,"VB"
73728,"DT"
73729,"JJ"
73730,"NN"
73731,"VBZ"
73732,"RB"
73733,"RB"
73734,"IN"
73735,"JJ"
73736,"."
73737,"``"
73738,"DT"
73739,"NN"
73740,"NN"
73741,"VBZ"
73742,"VBN"
73743,"TO"
73744,"VB"
73745,"DT"
73746,"NN"
73747,"IN"
73748,"NNP"
73749,"NNP"
73750,","
73751,"''"
73752,"PRP"
73753,"VBZ"
73754,"."
73755,"``"
73756,"PRP"
73757,"VBP"
73758,"PRP"
73759,"TO"
73760,"VB"
73761,"DT"
73762,"JJ"
73763,"NN"
73764,"IN"
73765,"NN"
73766,"."
73767,"''"
73768,"NNP"
73769,"NNPS"
73770,"NNP"
73771,"NNP"
73772,"NNP"
73773,"NNP"
73774,"VBZ"
73775,"TO"
73776,"VB"
73777,","
73778,"RB"
73779,"NN"
73780,","
73781,"DT"
73782,"NN"
73783,"TO"
73784,"VB"
73785,"DT"
73786,"NN"
73787,"IN"
73788,"PRP$"
73789,"NN"
73790,"NN"
73791,"TO"
73792,"JJ"
73793,"NN"
73794,","
73795,"DT"
73796,"JJ"
73797,"NN"
73798,"NN"
73799,"VBD"
73800,"."
73801,"NNP"
73802,"VBZ"
73803,"VBN"
73804,"IN"
73805,"NNS"
73806,"IN"
73807,"NN"
73808,"IN"
73809,"JJ"
73810,"NNS"
73811,"."
73812,"RB"
73813,","
73814,"WRB"
73815,"NNS"
73816,"VBD"
73817,"RB"
73818,"RB"
73819,","
73820,"NNP"
73821,"POS"
73822,"JJ"
73823,"NN"
73824,","
73825,"NNP"
73826,"NNP"
73827,","
73828,"VBN"
73829,"IN"
73830,"NNP"
73831,"IN"
73832,"DT"
73833,"JJ"
73834,"NN"
73835,","
73836,"VBD"
73837,"NNP"
73838,"NNP"
73839,"NNP"
73840,","
73841,"CC"
73842,"NNP"
73843,"."
73844,"VBG"
73845,"TO"
73846,"DT"
73847,"NN"
73848,","
73849,"NNP"
73850,"POS"
73851,"NN"
73852,"VBD"
73853,"JJ"
73854,"NN"
73855,"IN"
73856,"DT"
73857,"NN"
73858,"NNS"
73859,"CC"
73860,"DT"
73861,"CD"
73862,"NNS"
73863,"VBD"
73864,"VBG"
73865,"TO"
73866,"JJR"
73867,"RP"
73868,"NNS"
73869,"IN"
73870,"NN"
73871,"."
73872,"NNS"
73873,"IN"
73874,"DT"
73875,"CD"
73876,"NNS"
73877,"MD"
73878,"RB"
73879,"VB"
73880,"VBN"
73881,"JJ"
73882,"NN"
73883,"."
73884,"NNP"
73885,"NNPS"
73886,":"
73887,"."
73888,"NNP"
73889,"NNP"
73890,":"
73891,"NNP"
73892,"CC"
73893,"NNP"
73894,"NNP"
73895,","
73896,"NNP"
73897,","
73898,"VBD"
73899,"DT"
73900,"NN"
73901,"NNS"
73902,"IN"
73903,"PRP$"
73904,"NN"
73905,"IN"
73906,"NNP"
73907,"NNP"
73908,"NNP"
73909,"NNP"
73910,"CC"
73911,"NN"
73912,"NNS"
73913,"TO"
73914,"NNP"
73915,","
73916,"NNP"
73917,","
73918,"NNP"
73919,","
73920,"NNP"
73921,"."
73922,"NNS"
73923,"VBD"
73924,"RB"
73925,"VBN"
73926,"."
73927,"NNP"
73928,"NNP"
73929,"NNS"
73930,"VBP"
73931,"RB"
73932,"VBN"
73933,"IN"
73934,"DT"
73935,"JJ"
73936,"NN"
73937,"."
73938,"WP"
73939,"VBZ"
73940,"NN"
73941,":"
73942,"NNP"
73943,"NNP"
73944,","
73945,"CD"
73946,","
73947,"VBD"
73948,"VBN"
73949,"JJ"
73950,"NN"
73951,"NN"
73952,","
73953,"JJ"
73954,"JJ"
73955,"NN"
73956,"IN"
73957,"NNP"
73958,"NNP"
73959,","
73960,"NNP"
73961,"NNP"
73962,"."
73963,"PRP"
73964,"VBD"
73965,"JJ"
73966,"NN"
73967,"NN"
73968,","
73969,"NN"
73970,"IN"
73971,"NN"
73972,"NN"
73973,"."
73974,"O"
73975,"DT"
73976,"NNP"
73977,"NNP"
73978,"NNP"
73979,"NNP"
73980,"VBZ"
73981,"TO"
73982,"VB"
73983,"JJ"
73984,"NN"
73985,"IN"
73986,"NN"
73987,"NNS"
73988,","
73989,"DT"
73990,"NN"
73991,"RB"
73992,"JJ"
73993,"TO"
73994,"VB"
73995,"NN"
73996,"NNS"
73997,"CC"
73998,"NNS"
73999,"."
74000,"NNP"
74001,"NNP"
74002,"VBD"
74003,"PRP"
74004,"MD"
74005,"VB"
74006,"DT"
74007,"NNS"
74008,"IN"
74009,"DT"
74010,"NN"
74011,"IN"
74012,"DT"
74013,"NN"
74014,"IN"
74015,"NNS"
74016,"RB"
74017,"JJ"
74018,"NN"
74019,"VBG"
74020,"IN"
74021,"JJ"
74022,"NN"
74023,"CC"
74024,"VBZ"
74025,"``"
74026,"NNS"
74027,"''"
74028,"VBN"
74029,"IN"
74030,"DT"
74031,"NN"
74032,"."
74033,"JJ"
74034,"NN"
74035,"VBZ"
74036,"DT"
74037,"NN"
74038,"NN"
74039,"DT"
74040,"NN"
74041,"TO"
74042,"VB"
74043,"DT"
74044,"IN"
74045,"PRP$"
74046,"JJ"
74047,"NN"
74048,"CC"
74049,"JJ"
74050,"NNS"
74051,"."
74052,"DT"
74053,"NN"
74054,"VBD"
74055,"DT"
74056,"NN"
74057,"IN"
74058,"DT"
74059,"NNP"
74060,"NNP"
74061,"IN"
74062,"NNP"
74063,"NN"
74064,"VBD"
74065,"TO"
74066,"NNS"
74067,"IN"
74068,"JJ"
74069,"NN"
74070,"NNS"
74071,"IN"
74072,"DT"
74073,"NNP"
74074,"NNP"
74075,"IN"
74076,"NNP"
74077,"CC"
74078,"NNP"
74079,"NNP"
74080,"NNP"
74081,"."
74082,"IN"
74083,"RB"
74084,"RB"
74085,"VBN"
74086,"IN"
74087,"DT"
74088,"NNP"
74089,"NNS"
74090,","
74091,"JJ"
74092,"NN"
74093,"VBD"
74094,"DT"
74095,"NN"
74096,"IN"
74097,"NNS"
74098,"TO"
74099,"VB"
74100,"NN"
74101,"NNS"
74102,"."
74103,"NNS"
74104,"VBP"
74105,"IN"
74106,"NNS"
74107,"VBD"
74108,"VBG"
74109,"NN"
74110,"CC"
74111,"NN"
74112,"IN"
74113,"PRP$"
74114,"JJ"
74115,"NNS"
74116,"RB"
74117,"IN"
74118,"JJ"
74119,"NNS"
74120,"POS"
74121,"NN"
74122,"NNS"
74123,"."
74124,"NNS"
74125,"VBP"
74126,"JJ"
74127,"TO"
74128,"VB"
74129,"JJ"
74130,"NNS"
74131,"IN"
74132,"JJ"
74133,"NN"
74134,"VBZ"
74135,"DT"
74136,"NN"
74137,"TO"
74138,"VB"
74139,"NN"
74140,"IN"
74141,"JJR"
74142,"NNS"
74143,"WRB"
74144,"EX"
74145,"VBZ"
74146,"DT"
74147,"NN"
74148,"IN"
74149,"NN"
74150,"NNS"
74151,"."
74152,"DT"
74153,"NNS"
74154,"VBP"
74155,"DT"
74156,"JJ"
74157,"NN"
74158,"VBZ"
74159,"NN"
74160,"IN"
74161,"DT"
74162,"NNS"
74163,"IN"
74164,"NNS"
74165,"MD"
74166,"VB"
74167,"CC"
74168,"VB"
74169,"RB"
74170,"WRB"
74171,"PRP"
74172,"VBP"
74173,"RB"
74174,"VB"
74175,"DT"
74176,"NN"
74177,"NN"
74178,"IN"
74179,"NN"
74180,"."
74181,"DT"
74182,"NNS"
74183,"VBP"
74184,"NN"
74185,"VBZ"
74186,"DT"
74187,"JJ"
74188,"NN"
74189,"IN"
74190,"JJ"
74191,"JJ"
74192,"NNS"
74193,"JJ"
74194,"IN"
74195,"DT"
74196,"IN"
74197,"DT"
74198,"JJ"
74199,"NN"
74200,"VBG"
74201,"IN"
74202,"NN"
74203,"."
74204,"DT"
74205,"NNP"
74206,"MD"
74207,"VB"
74208,"DT"
74209,"NNS"
74210,"IN"
74211,"NN"
74212,"IN"
74213,"VBG"
74214,"NNS"
74215,"TO"
74216,"PRP$"
74217,"NNS"
74218,"."
74219,"DT"
74220,"NN"
74221,"VBD"
74222,"RB"
74223,"VB"
74224,"JJ"
74225,"NNS"
74226,"WRB"
74227,"JJ"
74228,"NN"
74229,"MD"
74230,"VB"
74231,"VBN"
74232,","
74233,"CC"
74234,"JJR"
74235,"NNS"
74236,"CC"
74237,"NNS"
74238,"WDT"
74239,"VBP"
74240,"JJ"
74241,"NN"
74242,"VBP"
74243,"VBN"
74244,"TO"
74245,"VB"
74246,"IN"
74247,"PRP"
74248,"."
74249,"NNP"
74250,"NNP"
74251,","
74252,"DT"
74253,"NN"
74254,"POS"
74255,"NN"
74256,","
74257,"VBD"
74258,"DT"
74259,"NNP"
74260,"NNP"
74261,"NNP"
74262,"IN"
74263,"PRP"
74264,"VBZ"
74265,"DT"
74266,"NN"
74267,"TO"
74268,"VB"
74269,"VBN"
74270,"IN"
74271,"CD"
74272,"NNS"
74273,"CC"
74274,"DT"
74275,"NN"
74276,"VBZ"
74277,"TO"
74278,"VB"
74279,"VBN"
74280,"IN"
74281,"NNP"
74282,"."
74283,"DT"
74284,"NN"
74285,","
74286,"IN"
74287,"DT"
74288,"NNP"
74289,"POS"
74290,"NN"
74291,"IN"
74292,"JJ"
74293,"NN"
74294,","
74295,"VBZ"
74296,"IN"
74297,"``"
74298,"DT"
74299,"NN"
74300,"VBZ"
74301,"DT"
74302,"NN"
74303,","
74304,"''"
74305,"DT"
74306,"NN"
74307,"IN"
74308,"DT"
74309,"NN"
74310,"NN"
74311,"VBD"
74312,"."
74313,"IN"
74314,"DT"
74315,"NN"
74316,"VBZ"
74317,"VBN"
74318,"IN"
74319,"DT"
74320,"JJ"
74321,"CC"
74322,"JJ"
74323,"NN"
74324,","
74325,"DT"
74326,"NN"
74327,"VBD"
74328,","
74329,"``"
74330,"VBZ"
74331,"RB"
74332,"VB"
74333,"TO"
74334,"VB"
74335,"JJ"
74336,"JJ"
74337,"NN"
74338,"."
74339,"''"
74340,"RB"
74341,","
74342,"JJS"
74343,"NNS"
74344,"IN"
74345,"NN"
74346,"NNS"
74347,"VB"
74348,"IN"
74349,"NN"
74350,"RB"
74351,"IN"
74352,"NN"
74353,"NNS"
74354,","
74355,"WDT"
74356,"VBZ"
74357,"DT"
74358,"NNS"
74359,","
74360,"CC"
74361,"IN"
74362,"PRP$"
74363,"JJ"
74364,"NNS"
74365,"IN"
74366,"JJ"
74367,"NNS"
74368,"."
74369,"``"
74370,"DT"
74371,"NNS"
74372,"VBP"
74373,"DT"
74374,"JJ"
74375,"CC"
74376,"JJ"
74377,"NNS"
74378,"VBP"
74379,"JJ"
74380,"IN"
74381,"NNS"
74382,"IN"
74383,"DT"
74384,"NN"
74385,"NNS"
74386,"CC"
74387,"NN"
74388,"PRP"
74389,"VBP"
74390,"TO"
74391,"DT"
74392,"NN"
74393,","
74394,"''"
74395,"NNP"
74396,"NNP"
74397,"VBD"
74398,"DT"
74399,"NNP"
74400,"NN"
74401,"."
74402,"NNS"
74403,"IN"
74404,"NNP"
74405,"VBP"
74406,"VBN"
74407,"VBG"
74408,"JJ"
74409,"NN"
74410,"IN"
74411,"NNS"
74412,"TO"
74413,"VB"
74414,"NNP"
74415,"NNS"
74416,"."
74417,"DT"
74418,"NNP"
74419,"POS"
74420,"NN"
74421,"MD"
74422,"VB"
74423,"JJ"
74424,"NN"
74425,"IN"
74426,"NNS"
74427,"IN"
74428,"JJ"
74429,"NN"
74430,"NN"
74431,"IN"
74432,"CD"
74433,"NNS"
74434,"CC"
74435,"JJR"
74436,","
74437,"VBG"
74438,"DT"
74439,"VBN"
74440,"RB"
74441,"JJ"
74442,"TO"
74443,"VB"
74444,"IN"
74445,"DT"
74446,"JJ"
74447,"NN"
74448,"NN"
74449,"."
74450,"DT"
74451,"NNP"
74452,"NN"
74453,"MD"
74454,"VB"
74455,"DT"
74456,"NNP"
74457,"TO"
74458,"VB"
74459,"JJ"
74460,"NN"
74461,"IN"
74462,"DT"
74463,"NN"
74464,"MD"
74465,"RB"
74466,"VB"
74467,"IN"
74468,"PRP$"
74469,"NN"
74470,"NN"
74471,"MD"
74472,"VB"
74473,"JJ"
74474,"NNS"
74475,"."
74476,"RB"
74477,"RB"
74478,","
74479,"CD"
74480,"NN"
74481,"IN"
74482,"VBG"
74483,"JJ"
74484,"NN"
74485,"VBZ"
74486,"VBN"
74487,"RB"
74488,"."
74489,"DT"
74490,"NNP"
74491,"NNP"
74492,"VBD"
74493,"JJ"
74494,"NN"
74495,"IN"
74496,"PRP$"
74497,"NNP"
74498,"CC"
74499,"NNP"
74500,"POS"
74501,"JJ"
74502,"NN"
74503,"NNS"
74504,"NN"
74505,"IN"
74506,"CD"
74507,"."
74508,"IN"
74509,"DT"
74510,"NNS"
74511,","
74512,"NNS"
74513,"VBP"
74514,"IN"
74515,"DT"
74516,"NN"
74517,"VBZ"
74518,"IN"
74519,"PRP"
74520,"MD"
74521,"VB"
74522,"IN"
74523,"PRP$"
74524,"JJ"
74525,"NN"
74526,"CC"
74527,"JJ"
74528,"NNS"
74529,"."
74530,"NNS"
74531,"WP"
74532,"VBP"
74533,"IN"
74534,"DT"
74535,"NN"
74536,"POS"
74537,"JJ"
74538,"NN"
74539,","
74540,"WRB"
74541,"JJS"
74542,"NN"
74543,"NNS"
74544,"VBP"
74545,"VBN"
74546,","
74547,"MD"
74548,"RB"
74549,"VB"
74550,"IN"
74551,"PRP"
74552,"."
74553,"DT"
74554,"NNP"
74555,"NN"
74556,"VBD"
74557,"DT"
74558,"NN"
74559,"VBZ"
74560,"RB"
74561,"VBN"
74562,"JJ"
74563,"NN"
74564,"IN"
74565,"NN"
74566,"IN"
74567,"DT"
74568,"NN"
74569,"."
74570,"``"
74571,"PRP"
74572,"VBZ"
74573,"RB"
74574,"RB"
74575,"TO"
74576,"VB"
74577,":"
74578,"CC"
74579,"NNS"
74580,"VBP"
74581,"RB"
74582,"VB"
74583,"TO"
74584,"VB"
74585,"JJ"
74586,"IN"
74587,"PRP"
74588,","
74589,"''"
74590,"PRP"
74591,"VBD"
74592,"."
74593,"PRP"
74594,"VBD"
74595,"PRP"
74596,"MD"
74597,"RB"
74598,"VB"
74599,"IN"
74600,"DT"
74601,"NNP"
74602,"NN"
74603,"IN"
74604,"DT"
74605,"NN"
74606,"VBZ"
74607,"VBN"
74608,"DT"
74609,"JJ"
74610,"NN"
74611,"."
74612,"CC"
74613,"IN"
74614,"DT"
74615,"NN"
74616,"JJ"
74617,"NN"
74618,","
74619,"NNP"
74620,"NNP"
74621,","
74622,"DT"
74623,"NN"
74624,"IN"
74625,"NNP"
74626,"POS"
74627,"NN"
74628,","
74629,"VBD"
74630,"NN"
74631,"NNS"
74632,":"
74633,"``"
74634,"JJ"
74635,"NN"
74636,"VBZ"
74637,"RB"
74638,"JJ"
74639,"NN"
74640,"."
74641,"PRP"
74642,"VBZ"
74643,"NN"
74644,"TO"
74645,"DT"
74646,"NN"
74647,"."
74648,"O"
74649,"NNP"
74650,"NNPS"
74651,"NNP"
74652,"NNP"
74653,"NNP"
74654,"NNP"
74655,"NNP"
74656,"NN"
74657,"NNS"
74658,"VBP"
74659,"VBG"
74660,"TO"
74661,"VB"
74662,"JJ"
74663,"NN"
74664,"NNS"
74665,"IN"
74666,"PRP$"
74667,"NNS"
74668,"."
74669,"CC"
74670,"DT"
74671,"NNS"
74672,"VBP"
74673,"VBG"
74674,"NN"
74675,"NNS"
74676,","
74677,"NN"
74678,"NNS"
74679,"VBP"
74680,"TO"
74681,"VB"
74682,"IN"
74683,"DT"
74684,"."
74685,"NNP"
74686,"NNP"
74687,"NNP"
74688,"POS"
74689,"NNP"
74690,"NN"
74691,"VBZ"
74692,"TO"
74693,"VB"
74694,"IN"
74695,"DT"
74696,"NN"
74697,"VB"
74698,"CC"
74699,"VB"
74700,"DT"
74701,"NN"
74702,"IN"
74703,"DT"
74704,"JJ"
74705,"NN"
74706,"."
74707,"NNS"
74708,"VBP"
74709,"DT"
74710,"JJ"
74711,"NN"
74712,"NN"
74713,"IN"
74714,"DT"
74715,"NN"
74716,"IN"
74717,"DT"
74718,"NN"
74719,"CC"
74720,"DT"
74721,"JJ"
74722,"NN"
74723,"VBG"
74724,"DT"
74725,"NN"
74726,"IN"
74727,"NNS"
74728,"IN"
74729,"DT"
74730,"NN"
74731,"IN"
74732,"NN"
74733,"."
74734,"``"
74735,"NNP"
74736,"VBZ"
74737,"PRP"
74738,"RP"
74739,"TO"
74740,"DT"
74741,"NNS"
74742,","
74743,"''"
74744,"VBZ"
74745,"NNP"
74746,"NNP"
74747,","
74748,"DT"
74749,"NN"
74750,"IN"
74751,"NNP"
74752,"NNP"
74753,"CC"
74754,"NNP"
74755,","
74756,"DT"
74757,"NN"
74758,"NN"
74759,"NN"
74760,"."
74761,"NNP"
74762,"NNP"
74763,"NNP"
74764,"POS"
74765,"NNP"
74766,"NN"
74767,"RB"
74768,"VBZ"
74769,"NNS"
74770,"."
74771,"CC"
74772,"JJ"
74773,"NNS"
74774,"IN"
74775,"NNP"
74776,"NNS"
74777,"VBP"
74778,"VBG"
74779,"JJ"
74780,"NNS"
74781,"VBG"
74782,"TO"
74783,"DT"
74784,"NNP"
74785,"NNP"
74786,"."
74787,"DT"
74788,"NN"
74789,"RB"
74790,"VBG"
74791,"RB"
74792,"IN"
74793,"PRP$"
74794,"JJ"
74795,"NN"
74796,"NNS"
74797,"."
74798,"IN"
74799,"NNP"
74800,","
74801,"NNP"
74802,","
74803,"IN"
74804,"NN"
74805,","
74806,"NNP"
74807,"NNP"
74808,"VBZ"
74809,"VBN"
74810,"DT"
74811,"NNP"
74812,"NN"
74813,"IN"
74814,"DT"
74815,"NN"
74816,"IN"
74817,"DT"
74818,"JJ"
74819,"NN"
74820,"."
74821,"CC"
74822,"DT"
74823,"NNS"
74824,"VBP"
74825,"VBN"
74826,"IN"
74827,"NNP"
74828,"CC"
74829,"NNP"
74830,"NNS"
74831,"IN"
74832,"PRP"
74833,"VBD"
74834,"JJ"
74835,"CC"
74836,"JJ"
74837,"TO"
74838,"VB"
74839,"DT"
74840,"NN"
74841,"NNS"
74842,"."
74843,"NNP"
74844,"NNP"
74845,"IN"
74846,"NNP"
74847,"VBZ"
74848,"NNP"
74849,"``"
74850,"VBD"
74851,"DT"
74852,"NN"
74853,"IN"
74854,"NNS"
74855,"''"
74856,"CC"
74857,"IN"
74858,"JJS"
74859,"VB"
74860,"PRP"
74861,"VB"
74862,"DT"
74863,"JJ"
74864,"NN"
74865,":"
74866,"IN"
74867,"DT"
74868,"NN"
74869,"."
74870,"NNP"
74871,"NNP"
74872,"VBZ"
74873,"PRP"
74874,"VBD"
74875,"RP"
74876,"DT"
74877,"NNP"
74878,"NN"
74879,"IN"
74880,"NN"
74881,"IN"
74882,"``"
74883,"DT"
74884,"NN"
74885,"VBD"
74886,"JJ"
74887,"CC"
74888,"RB"
74889,"JJ"
74890,"."
74891,"''"
74892,"TO"
74893,"VB"
74894,"IN"
74895,"NNS"
74896,","
74897,"NNP"
74898,"VBZ"
74899,"NNS"
74900,"NN"
74901,"NNS"
74902,"CC"
74903,"JJ"
74904,"NN"
74905,"NNS"
74906,"."
74907,"NNP"
74908,"NNP"
74909,"POS"
74910,"NNP"
74911,"NNP"
74912,"NNP"
74913,"DT"
74914,"NNP"
74915,"NNP"
74916,"NNP"
74917,"VBP"
74918,"TO"
74919,"VB"
74920,"JJ"
74921,"TO"
74922,"VB"
74923,"NNS"
74924,"."
74925,"DT"
74926,"VBZ"
74927,"DT"
74928,"NN"
74929,"VBN"
74930,"IN"
74931,"CD"
74932,"NN"
74933,"NN"
74934,"VBN"
74935,"IN"
74936,"DT"
74937,"NN"
74938,"NN"
74939,"."
74940,"NNP"
74941,"NNP"
74942,"VBD"
74943,"VBN"
74944,"IN"
74945,"NN"
74946,"IN"
74947,"CD"
74948,"WRB"
74949,"PRP$"
74950,"JJ"
74951,"NN"
74952,","
74953,"NNP"
74954,"NNP"
74955,"NNP"
74956,"IN"
74957,"NNP"
74958,","
74959,"VBD"
74960,"DT"
74961,"NN"
74962,"NN"
74963,"NN"
74964,"NN"
74965,"DT"
74966,"NN"
74967,"IN"
74968,"JJ"
74969,"NN"
74970,"NNS"
74971,"."
74972,"VBN"
74973,"IN"
74974,"NN"
74975,"NN"
74976,"IN"
74977,"VBG"
74978,"NN"
74979,","
74980,"CD"
74981,"VBD"
74982,"TO"
74983,"VB"
74984,"DT"
74985,"NN"
74986,"RB"
74987,"CC"
74988,"VB"
74989,"DT"
74990,"NN"
74991,"IN"
74992,"NN"
74993,"RB"
74994,":"
74995,"RB"
74996,"TO"
74997,"DT"
74998,"NN"
74999,"IN"
75000,"DT"
75001,"NN"
75002,"."
75003,"IN"
75004,"CD"
75005,","
75006,"NNS"
75007,"CC"
75008,"NNS"
75009,"IN"
75010,"NN"
75011,","
75012,"DT"
75013,"NNP"
75014,"NNP"
75015,"NN"
75016,","
75017,"VBD"
75018,"VBN"
75019,"DT"
75020,"JJ"
75021,"NN"
75022,"IN"
75023,"DT"
75024,"``"
75025,"NN"
75026,"''"
75027,"NN"
75028,"."
75029,"IN"
75030,"CD"
75031,","
75032,"RB"
75033,","
75034,"DT"
75035,"NN"
75036,"NN"
75037,"IN"
75038,"DT"
75039,"NNP"
75040,"NNP"
75041,"VBD"
75042,"VBN"
75043,","
75044,"VBG"
75045,"CD"
75046,"TO"
75047,"VB"
75048,"PRP$"
75049,"JJ"
75050,"JJ"
75051,"NN"
75052,"NN"
75053,","
75054,"WDT"
75055,"PRP"
75056,"VBD"
75057,"."
75058,"NNP"
75059,"CC"
75060,"JJ"
75061,"NNS"
75062,"RB"
75063,"VBD"
75064,"NN"
75065,"IN"
75066,"DT"
75067,"JJ"
75068,"NN"
75069,"."
75070,"CC"
75071,"NNS"
75072,"VBD"
75073,"CD"
75074,"MD"
75075,"VB"
75076,"."
75077,"DT"
75078,"VBD"
75079,"RB"
75080,"."
75081,"PRP"
75082,"VBD"
75083,"RB"
75084,"CC"
75085,"VBD"
75086,"DT"
75087,"NN"
75088,"IN"
75089,"CD"
75090,","
75091,"CC"
75092,"PRP"
75093,"VBZ"
75094,"RB"
75095,"VBN"
75096,"RB"
75097,"."
75098,"TO"
75099,"NN"
75100,","
75101,"VBZ"
75102,"NNP"
75103,"NNP"
75104,","
75105,"DT"
75106,"NN"
75107,"NN"
75108,"NN"
75109,","
75110,"PRP"
75111,"VBZ"
75112,"``"
75113,"VBN"
75114,"RB"
75115,"CC"
75116,"VBN"
75117,"DT"
75118,"JJ"
75119,"NN"
75120,"."
75121,"''"
75122,"RB"
75123,","
75124,"DT"
75125,"NN"
75126,"VBZ"
75127,"VBN"
75128,"JJ"
75129,"IN"
75130,"JJ"
75131,"NNS"
75132,"."
75133,"PRP"
75134,"VBD"
75135,"CD"
75136,"VB"
75137,"JJR"
75138,"NNS"
75139,","
75140,"CC"
75141,"PRP"
75142,"VBD"
75143,"JJ"
75144,"NN"
75145,"IN"
75146,"JJ"
75147,"NN"
75148,"NNS"
75149,"."
75150,"DT"
75151,"NN"
75152,"NN"
75153,"RB"
75154,"VBD"
75155,"VB"
75156,"DT"
75157,"NN"
75158,"POS"
75159,"NN"
75160,"IN"
75161,"NN"
75162,"TO"
75163,"VB"
75164,"NN"
75165,"."
75166,"``"
75167,"PRP"
75168,"VBD"
75169,"PRP"
75170,"JJ"
75171,"NN"
75172,"TO"
75173,"VB"
75174,"DT"
75175,"NN"
75176,"IN"
75177,"DT"
75178,"NN"
75179,"IN"
75180,"NNP"
75181,"NN"
75182,"IN"
75183,"DT"
75184,"NN"
75185,"CC"
75186,"VB"
75187,"PRP$"
75188,"NN"
75189,"CC"
75190,"VBP"
75191,"``"
75192,"JJ"
75193,","
75194,"''"
75195,"''"
75196,"VBZ"
75197,"NNP"
75198,"NNP"
75199,"."
75200,"NNP"
75201,"POS"
75202,"NNP"
75203,"NNP"
75204,"VBZ"
75205,"CD"
75206,"IN"
75207,"CD"
75208,"NN"
75209,"NNS"
75210,"IN"
75211,"DT"
75212,"NNP"
75213,"NNP"
75214,"NNP"
75215,","
75216,"VBN"
75217,"IN"
75218,"DT"
75219,"NNP"
75220,"NNP"
75221,"NNP"
75222,"IN"
75223,"NNP"
75224,"CC"
75225,"NNP"
75226,"NNP"
75227,"NNP"
75228,"."
75229,"DT"
75230,"NNS"
75231,"VBP"
75232,"IN"
75233,"NN"
75234,"IN"
75235,"NNP"
75236,"DT"
75237,"NN"
75238,"CC"
75239,"MD"
75240,"VB"
75241,"TO"
75242,"NNP"
75243,"POS"
75244,"NNP"
75245,"IN"
75246,"NNP"
75247,"CC"
75248,"DT"
75249,"NNP"
75250,"IN"
75251,"NNP"
75252,"IN"
75253,"NNP"
75254,"."
75255,"DT"
75256,"NN"
75257,"POS"
75258,"NN"
75259,"VBZ"
75260,"VBG"
75261,"IN"
75262,"NNP"
75263,"NNP"
75264,"NNP"
75265,"NNP"
75266,"IN"
75267,"NNP"
75268,","
75269,"NNP"
75270,","
75271,"VBD"
75272,"VBG"
75273,"DT"
75274,"JJ"
75275,"NNS"
75276,","
75277,"CC"
75278,"DT"
75279,"NN"
75280,"VBD"
75281,"VBG"
75282,"RP"
75283,"IN"
75284,"DT"
75285,"NNS"
75286,"."
75287,"DT"
75288,"JJR"
75289,"PRP"
75290,"VBD"
75291,"TO"
75292,"VB"
75293,"PRP"
75294,"IN"
75295,"JJ"
75296,"NNS"
75297,","
75298,"DT"
75299,"JJR"
75300,"PRP"
75301,"VBD"
75302,"TO"
75303,"VBG"
75304,"DT"
75305,"NN"
75306,"CC"
75307,"VBG"
75308,"PRP$"
75309,"RP"
75310,"."
75311,"IN"
75312,"NNP"
75313,"NNP"
75314,","
75315,"IN"
75316,"NN"
75317,"NN"
75318,"IN"
75319,"DT"
75320,"NNP"
75321,"NNP"
75322,"NNP"
75323,","
75324,"VBD"
75325,"DT"
75326,"JJ"
75327,"NN"
75328,"NN"
75329,"CC"
75330,"VBD"
75331,"PRP"
75332,"TO"
75333,"DT"
75334,"NN"
75335,"IN"
75336,"DT"
75337,"JJ"
75338,"NN"
75339,"IN"
75340,"CD"
75341,"NNS"
75342,"RB"
75343,"."
75344,"PRP$"
75345,"JJ"
75346,"NN"
75347,"VBD"
75348,":"
75349,"DT"
75350,"JJR"
75351,"NNS"
75352,"VBD"
75353,"DT"
75354,"NNS"
75355,"IN"
75356,"DT"
75357,"NN"
75358,","
75359,"IN"
75360,"DT"
75361,"JJR"
75362,","
75363,"JJR"
75364,"NNS"
75365,"VBD"
75366,"DT"
75367,"NN"
75368,"IN"
75369,"DT"
75370,"NN"
75371,"."
75372,"RB"
75373,"VBN"
75374,"IN"
75375,"DT"
75376,"NN"
75377,"NN"
75378,","
75379,"DT"
75380,"JJ"
75381,"NNS"
75382,","
75383,"CC"
75384,"``"
75385,"NNP"
75386,","
75387,"''"
75388,"RB"
75389,"VBP"
75390,"VBN"
75391,"TO"
75392,"VB"
75393,"IN"
75394,"VBG"
75395,"RP"
75396,"NNS"
75397,"."
75398,"CD"
75399,"NN"
75400,","
75401,"NNP"
75402,"NNP"
75403,"IN"
75404,"NNP"
75405,","
75406,"VBZ"
75407,"DT"
75408,"NNP"
75409,"NNP"
75410,"VBD"
75411,"PRP"
75412,"TO"
75413,"VB"
75414,"PRP$"
75415,"NN"
75416,"IN"
75417,"CD"
75418,"CD"
75419,"NNS"
75420,","
75421,"CD"
75422,"NNS"
75423,"JJR"
75424,"IN"
75425,"JJ"
75426,"."
75427,"CC"
75428,"JJ"
75429,"NN"
75430,"NNS"
75431,"VBP"
75432,"PRP$"
75433,"NNS"
75434,"."
75435,"NNP"
75436,"NNP"
75437,","
75438,"NN"
75439,"IN"
75440,"NNP"
75441,"NNP"
75442,"IN"
75443,"NNP"
75444,","
75445,"NNP"
75446,"NNP"
75447,","
75448,"VBZ"
75449,"DT"
75450,"NNP"
75451,"NN"
75452,"``"
75453,"VBZ"
75454,"NN"
75455,","
75456,"''"
75457,"CC"
75458,"PRP"
75459,"MD"
75460,"VB"
75461,"``"
75462,"JJ"
75463,"''"
75464,"TO"
75465,"VB"
75466,"TO"
75467,"NNS"
75468,"."
75469,"NNP"
75470,"NNP"
75471,","
75472,"NN"
75473,"NN"
75474,"IN"
75475,"NNP"
75476,"NNP"
75477,"NNP"
75478,","
75479,"DT"
75480,"NN"
75481,"IN"
75482,"NNP"
75483,"CC"
75484,"NNP"
75485,","
75486,"VBZ"
75487,"NNS"
75488,"VBP"
75489,"RB"
75490,"VB"
75491,"TO"
75492,"VB"
75493,"DT"
75494,"JJ"
75495,"NN"
75496,"."
75497,"``"
75498,"PRP"
75499,"RB"
75500,"VB"
75501,"PRP"
75502,"RB"
75503,","
75504,"''"
75505,"PRP"
75506,"VBZ"
75507,","
75508,"``"
75509,"CC"
75510,"PRP"
75511,"VBP"
75512,"VBG"
75513,"IN"
75514,"DT"
75515,"JJ"
75516,"NN"
75517,"."
75518,"''"
75519,"NNS"
75520,"CC"
75521,"NNPS"
75522,"UH"
75523,"FW"
75524,"FW"
75525,"NNS"
75526,"CC"
75527,"JJ"
75528,"NNS"
75529,","
75530,"VBZ"
75531,"NN"
75532,"NN"
75533,"IN"
75534,"NNP"
75535,","
75536,"NNP"
75537,","
75538,"DT"
75539,"NN"
75540,"IN"
75541,"DT"
75542,"JJ"
75543,"NN"
75544,"TO"
75545,"VB"
75546,"JJ"
75547,"NNS"
75548,"."
75549,"NNP"
75550,"NNP"
75551,"NN"
75552,"``"
75553,"NNS"
75554,","
75555,"''"
75556,"DT"
75557,"RB"
75558,"IN"
75559,"DT"
75560,"NN"
75561,"IN"
75562,"DT"
75563,"``"
75564,"NN"
75565,","
75566,"''"
75567,"VBP"
75568,"VBN"
75569,"TO"
75570,"DT"
75571,"NN"
75572,"IN"
75573,"DT"
75574,"NN"
75575,"NN"
75576,"IN"
75577,"DT"
75578,"JJ"
75579,"NN"
75580,":"
75581,"."
75582,"RB"
75583,"NN"
75584,"IN"
75585,"NNP"
75586,"NNS"
75587,"VBP"
75588,"PRP"
75589,"MD"
75590,"VB"
75591,"RB"
75592,"TO"
75593,"CD"
75594,"NN"
75595,"JJR"
75596,"IN"
75597,"NN"
75598,"WDT"
75599,"MD"
75600,"VB"
75601,"VBN"
75602,"CC"
75603,"VBZ"
75604,"JJ"
75605,","
75606,"VBG"
75607,"TO"
75608,"DT"
75609,"NN"
75610,"VBN"
75611,"IN"
75612,"DT"
75613,"NNP"
75614,"NNP"
75615,"NNP"
75616,","
75617,"DT"
75618,"NN"
75619,"NN"
75620,"."
75621,"O"
75622,"NNP"
75623,"NNP"
75624,"VBZ"
75625,"DT"
75626,"VBN"
75627,"NN"
75628,"."
75629,"VBG"
75630,"EX"
75631,"IN"
75632,"CD"
75633,"NNS"
75634,"VBD"
75635,"RB"
75636,"JJ"
75637,"."
75638,"DT"
75639,"NNS"
75640,"IN"
75641,"DT"
75642,"NN"
75643,"VBP"
75644,"RB"
75645,":"
75646,"PRP"
75647,"VBP"
75648,"VBN"
75649,"IN"
75650,"NN"
75651,"RB"
75652,"IN"
75653,"VBG"
75654,"PRP"
75655,"JJ"
75656,"NNS"
75657,"IN"
75658,"PRP$"
75659,"NN"
75660,"NN"
75661,"."
75662,"DT"
75663,"MD"
75664,"VB"
75665,"VBN"
75666,"RB"
75667,"RB"
75668,"RB"
75669,"."
75670,"IN"
75671,"DT"
75672,"NNP"
75673,"NNP"
75674,","
75675,"NNP"
75676,"NNP"
75677,"NNP"
75678,"VBD"
75679,"CC"
75680,"VBD"
75681,","
75682,"IN"
75683,"NN"
75684,"TO"
75685,"PRP$"
75686,"NNP"
75687,"NN"
75688,"IN"
75689,"NNP"
75690,","
75691,"PRP$"
75692,"JJ"
75693,"JJ"
75694,"NN"
75695,"IN"
75696,"NNP"
75697,","
75698,"NNP"
75699,"."
75700,"DT"
75701,"JJ"
75702,"NNS"
75703,"VBD"
75704,"JJR"
75705,"IN"
75706,"$"
75707,"CD"
75708,"CD"
75709,"DT"
75710,"NN"
75711,","
75712,"CC"
75713,"VB"
75714,"NNP"
75715,"POS"
75716,"NN"
75717,"NN"
75718,"."
75719,"DT"
75720,"VBZ"
75721,"RB"
75722,"PDT"
75723,"PRP"
75724,"NNS"
75725,"TO"
75726,"NNP"
75727,"NNP"
75728,"NNP"
75729,"NNP"
75730,"POS"
75731,"NN"
75732,"."
75733,"IN"
75734,"NNP"
75735,","
75736,"NNP"
75737,"CC"
75738,"DT"
75739,"JJ"
75740,"NN"
75741,"VBD"
75742,"TO"
75743,"VB"
75744,"DT"
75745,"NNP"
75746,"NNP"
75747,","
75748,"IN"
75749,"PRP"
75750,"VBD"
75751,"DT"
75752,"JJ"
75753,"NN"
75754,"IN"
75755,"NNP"
75756,"."
75757,"DT"
75758,"NNP"
75759,"CC"
75760,"VBZ"
75761,"VBN"
75762,"RB"
75763,"JJR"
75764,"IN"
75765,"DT"
75766,"NN"
75767,"IN"
75768,"NNP"
75769,"POS"
75770,"NN"
75771,"RB"
75772,"VBZ"
75773,"IN"
75774,"DT"
75775,"NN"
75776,"NN"
75777,"VBN"
75778,"IN"
75779,"NNP"
75780,"NNP"
75781,"."
75782,"DT"
75783,"NN"
75784,"POS"
75785,"JJ"
75786,"NN"
75787,"VBZ"
75788,"VBN"
75789,"TO"
75790,"VB"
75791,"IN"
75792,"NNS"
75793,"IN"
75794,"NNS"
75795,"IN"
75796,"NNP"
75797,"NNP"
75798,"VB"
75799,"DT"
75800,"NNP"
75801,"NNP"
75802,"NNP"
75803,"POS"
75804,"CD"
75805,"NNS"
75806,","
75807,"NNP"
75808,"NNP"
75809,"POS"
75810,"CD"
75811,"NNS"
75812,","
75813,"DT"
75814,"NNP"
75815,"NNP"
75816,"POS"
75817,"CD"
75818,"NNS"
75819,"CC"
75820,"VB"
75821,"NNP"
75822,"POS"
75823,"CD"
75824,"NNS"
75825,"JJ"
75826,"TO"
75827,"VB"
75828,"NNP"
75829,"NN"
75830,"."
75831,"RB"
75832,"RB"
75833,"DT"
75834,"NN"
75835,"VBZ"
75836,"."
75837,"DT"
75838,"NN"
75839,"IN"
75840,"DT"
75841,"JJ"
75842,"NN"
75843,"VBN"
75844,"IN"
75845,"NNP"
75846,"RB"
75847,"IN"
75848,"DT"
75849,"NN"
75850,"VBZ"
75851,"RB"
75852,"DT"
75853,"JJ"
75854,"CD"
75855,"CD"
75856,":"
75857,"DT"
75858,"NN"
75859,"IN"
75860,"DT"
75861,"NNP"
75862,"NNP"
75863,"IN"
75864,"NNP"
75865,"NNP"
75866,"IN"
75867,"NNP"
75868,"NNP"
75869,"VBD"
75870,"IN"
75871,"CD"
75872,"."
75873,"DT"
75874,"NN"
75875,"VBZ"
75876,"RB"
75877,"VBN"
75878,"VBN"
75879,"IN"
75880,"RB"
75881,","
75882,"CC"
75883,"PRP"
75884,"VBP"
75885,"DT"
75886,"NN"
75887,"IN"
75888,"RB"
75889,"IN"
75890,"NN"
75891,"."
75892,"NNP"
75893,"NNP"
75894,"POS"
75895,"NN"
75896,"VBZ"
75897,"RB"
75898,"RBR"
75899,"JJ"
75900,"TO"
75901,"VB"
75902,"JJ"
75903,"."
75904,"PRP"
75905,"VBP"
75906,"DT"
75907,"NN"
75908,"IN"
75909,"NNS"
75910,"TO"
75911,"PRP"
75912,"IN"
75913,"DT"
75914,"NNP"
75915,":"
75916,"NNS"
75917,","
75918,"NNS"
75919,","
75920,"NNS"
75921,"CC"
75922,"JJ"
75923,"."
75924,"DT"
75925,"NNP"
75926,"NN"
75927,"IN"
75928,"DT"
75929,"JJ"
75930,"NN"
75931,"IN"
75932,"DT"
75933,"NNP"
75934,"VBD"
75935,"TO"
75936,"VB"
75937,"DT"
75938,"NN"
75939,"IN"
75940,"NN"
75941,"TO"
75942,"PRP"
75943,","
75944,"CC"
75945,"DT"
75946,"NNP"
75947,"NN"
75948,"IN"
75949,"DT"
75950,"JJ"
75951,"NN"
75952,"VBD"
75953,"PRP"
75954,"VB"
75955,"PRP"
75956,"."
75957,"PRP"
75958,"VBP"
75959,","
75960,"NNP"
75961,"VBD"
75962,"DT"
75963,"NN"
75964,"IN"
75965,"DT"
75966,"NNP"
75967,"CC"
75968,"DT"
75969,"NNS"
75970,":"
75971,"PRP"
75972,"VBD"
75973,"TO"
75974,"VB"
75975,"PRP"
75976,"NN"
75977,"IN"
75978,"DT"
75979,"NNP"
75980,"CC"
75981,"NNP"
75982,"IN"
75983,"DT"
75984,"NNP"
75985,"NNP"
75986,"NNP"
75987,"VBD"
75988,"PRP"
75989,"."
75990,"RB"
75991,"PRP$"
75992,"NN"
75993,"MD"
75994,"RB"
75995,"VB"
75996,"RP"
75997,"IN"
75998,"PRP"
75999,"VBZ"
76000,"VBN"
76001,"."
76002,"TO"
76003,"VB"
76004,"PRP"
76005,"JJ"
76006,"PRP"
76007,"VB"
76008,"DT"
76009,"JJ"
76010,"JJ"
76011,"NN"
76012,"DT"
76013,"NN"
76014,"CC"
76015,"RB"
76016,"VBN"
76017,"IN"
76018,"DT"
76019,"NNP"
76020,"CC"
76021,"DT"
76022,"NNP"
76023,"NNP"
76024,"CC"
76025,"VB"
76026,"JJR"
76027,"IN"
76028,"DT"
76029,"NNP"
76030,"CC"
76031,"NNP"
76032,"IN"
76033,"PRP"
76034,"."
76035,"CC"
76036,"PRP"
76037,"RB"
76038,"VBP"
76039,"PRP"
76040,"JJ"
76041,"IN"
76042,"NN"
76043,"IN"
76044,"DT"
76045,"NNP"
76046,"VBZ"
76047,"DT"
76048,"JJ"
76049,"NNS"
76050,"VBD"
76051,","
76052,"CC"
76053,"TO"
76054,"VB"
76055,"PRP"
76056,"DT"
76057,"NNP"
76058,"POS"
76059,"NN"
76060,"NN"
76061,"NNS"
76062,"VBD"
76063,"VBN"
76064,"TO"
76065,"DT"
76066,"JJ"
76067,"NNP"
76068,"NNP"
76069,"NN"
76070,"IN"
76071,"NNP"
76072,","
76073,"PRP$"
76074,"NN"
76075,"NNS"
76076,"TO"
76077,"DT"
76078,"NN"
76079,"IN"
76080,"NNP"
76081,","
76082,"DT"
76083,"NNS"
76084,"TO"
76085,"DT"
76086,"JJ"
76087,"NNP"
76088,"NN"
76089,"IN"
76090,"NNP"
76091,"NNP"
76092,","
76093,"CC"
76094,"DT"
76095,"NNP"
76096,"POS"
76097,"NNP"
76098,"NNP"
76099,"CC"
76100,"NNP"
76101,"NNP"
76102,"NNS"
76103,"TO"
76104,"DT"
76105,"NNP"
76106,"NN"
76107,"IN"
76108,"NNP"
76109,"."
76110,"WDT"
76111,"VBZ"
76112,"RB"
76113,"DT"
76114,"JJS"
76115,"CC"
76116,"JJS"
76117,"NN"
76118,"IN"
76119,"DT"
76120,":"
76121,"DT"
76122,"NN"
76123,"IN"
76124,"DT"
76125,"NN"
76126,"IN"
76127,"NNP"
76128,"."
76129,"WRB"
76130,"DT"
76131,"NN"
76132,"VBD"
76133,","
76134,"NNP"
76135,"NNP"
76136,"VBD"
76137,"RB"
76138,"VBN"
76139,"IN"
76140,"DT"
76141,"NN"
76142,"POS"
76143,"NN"
76144,"MD"
76145,"VB"
76146,"PRP"
76147,"IN"
76148,"VBG"
76149,"PRP"
76150,"RP"
76151,"TO"
76152,"VB"
76153,"NN"
76154,"IN"
76155,"DT"
76156,"NN"
76157,"IN"
76158,"PRP"
76159,"VBD"
76160,"DT"
76161,"NNP"
76162,"NNP"
76163,"."
76164,"NNP"
76165,"NNP"
76166,"VBD"
76167,"PRP"
76168,"MD"
76169,"VB"
76170,"TO"
76171,"NN"
76172,"TO"
76173,"VB"
76174,"NN"
76175,"IN"
76176,"VBG"
76177,"TO"
76178,"VB"
76179,"NNP"
76180,"."
76181,"CC"
76182,"DT"
76183,"NN"
76184,"MD"
76185,"RB"
76186,"VB"
76187,"IN"
76188,"NNS"
76189,","
76190,"PRP"
76191,"VBD"
76192,"NN"
76193,"CC"
76194,"NNS"
76195,":"
76196,"NNS"
76197,"."
76198,"IN"
76199,"NNP"
76200,"NNP"
76201,"VBD"
76202,"CD"
76203,"JJ"
76204,"NNP"
76205,"NNS"
76206,"CC"
76207,"VBD"
76208,"PRP"
76209,"TO"
76210,"DT"
76211,"JJ"
76212,"NN"
76213,"IN"
76214,"NNP"
76215,"VBD"
76216,"DT"
76217,"NNP"
76218,"NNP"
76219,"NNP"
76220,"."
76221,"CC"
76222,"DT"
76223,"NN"
76224,"VBD"
76225,"RB"
76226,"VBN"
76227,":"
76228,"PRP"
76229,"VBD"
76230,"DT"
76231,"NN"
76232,"VBD"
76233,"DT"
76234,"JJ"
76235,"NN"
76236,"NN"
76237,"CC"
76238,"DT"
76239,"NN"
76240,":"
76241,"RB"
76242,"IN"
76243,"PRP"
76244,"VBD"
76245,"$"
76246,"CD"
76247,"CD"
76248,"CC"
76249,"$"
76250,"CD"
76251,"CD"
76252,"DT"
76253,"NN"
76254,"."
76255,"IN"
76256,"NNP"
76257,"NNP"
76258,"VBD"
76259,"VBN"
76260,"IN"
76261,"CD"
76262,","
76263,"DT"
76264,"NN"
76265,"POS"
76266,"NN"
76267,"VBD"
76268,"DT"
76269,"NN"
76270,"CC"
76271,"RB"
76272,"VBD"
76273,"IN"
76274,"NNP"
76275,"NNP"
76276,"CC"
76277,"NNP"
76278,"NNP"
76279,"."
76280,"PRP"
76281,"VBD"
76282,"WP"
76283,"PRP"
76284,"VBD"
76285,"TO"
76286,"PRP"
76287,"RB"
76288,"."
76289,"PRP"
76290,"VBD"
76291,"PRP$"
76292,"JJ"
76293,"NN"
76294,"IN"
76295,"NNP"
76296,"."
76297,"WRB"
76298,","
76299,"PRP"
76300,"VBD"
76301,"TO"
76302,"VB"
76303,"IN"
76304,"NN"
76305,"IN"
76306,"CD"
76307,":"
76308,"RB"
76309,"PRP"
76310,"MD"
76311,"VB"
76312,"IN"
76313,"IN"
76314,"DT"
76315,"NN"
76316,"IN"
76317,"NNP"
76318,"IN"
76319,"NNP"
76320,"POS"
76321,"NN"
76322,"CC"
76323,"VB"
76324,"PRP"
76325,"IN"
76326,"DT"
76327,"NN"
76328,"CC"
76329,"VB"
76330,"PRP"
76331,"IN"
76332,"PRP"
76333,"VBD"
76334,"IN"
76335,"DT"
76336,"JJ"
76337,"$"
76338,"CD"
76339,"CD"
76340,"CC"
76341,"RB"
76342,"."
76343,"NNP"
76344,"VBD"
76345,"CD"
76346,"JJR"
76347,"NNS"
76348,"TO"
76349,"DT"
76350,"NNP"
76351,","
76352,"CD"
76353,"JJ"
76354,"CC"
76355,"CD"
76356,"NN"
76357,":"
76358,"CD"
76359,"NN"
76360,"NNS"
76361,"TO"
76362,"DT"
76363,"NNP"
76364,":"
76365,"DT"
76366,"NN"
76367,":"
76368,"NN"
76369,"TO"
76370,"DT"
76371,"NNS"
76372,":"
76373,"CC"
76374,"DT"
76375,"NNP"
76376,","
76377,"CD"
76378,","
76379,"CD"
76380,"CC"
76381,"DT"
76382,"CD"
76383,"JJ"
76384,"NN"
76385,"TO"
76386,"DT"
76387,"NNP"
76388,"NNP"
76389,"."
76390,"PRP"
76391,"VBD"
76392,"$"
76393,"CD"
76394,"CD"
76395,"IN"
76396,"JJ"
76397,"NNS"
76398,"CC"
76399,"$"
76400,"CD"
76401,"CD"
76402,"IN"
76403,"NNP"
76404,"CC"
76405,"NN"
76406,"TO"
76407,"VB"
76408,"PRP"
76409,","
76410,"CC"
76411,"VBN"
76412,"PRP"
76413,"IN"
76414,"DT"
76415,"JJ"
76416,"$"
76417,"CD"
76418,"CD"
76419,"NN"
76420,"IN"
76421,"NNP"
76422,"NNP"
76423,"IN"
76424,"DT"
76425,"NN"
76426,"IN"
76427,"DT"
76428,"NNP"
76429,"NNP"
76430,"."
76431,"PRP"
76432,"VBN"
76433,"PDT"
76434,"DT"
76435,"JJ"
76436,"NNS"
76437,"TO"
76438,"DT"
76439,"NNP"
76440,"NNP"
76441,"."
76442,"CD"
76443,"NN"
76444,"DT"
76445,"NNP"
76446,"POS"
76447,"NN"
76448,"CC"
76449,"DT"
76450,"NN"
76451,"POS"
76452,"NN"
76453,"RB"
76454,"VBD"
76455,"NNP"
76456,"CC"
76457,"VBD"
76458,"PRP"
76459,"TO"
76460,"DT"
76461,"NN"
76462,"."
76463,"IN"
76464,"PRP"
76465,"VBP"
76466,"PRP"
76467,"VBP"
76468,"PRP"
76469,"VBD"
76470,"DT"
76471,"CD"
76472,"NNS"
76473,"TO"
76474,"DT"
76475,"NN"
76476,"IN"
76477,"NNP"
76478,"NNP"
76479,"VBD"
76480,"PRP"
76481,"NNP"
76482,"CC"
76483,"."
76484,"PRP"
76485,"VBD"
76486,"DT"
76487,"NNS"
76488,"VBP"
76489,"IN"
76490,"DT"
76491,"JJ"
76492,"NNS"
76493,"IN"
76494,"DT"
76495,"NNP"
76496,"NNP"
76497,"CC"
76498,"NNP"
76499,"NNP"
76500,"."
76501,"NNP"
76502,"VBD"
76503,"PRP"
76504,"MD"
76505,"VB"
76506,"JJ"
76507,"NN"
76508,"IN"
76509,"DT"
76510,"NNS"
76511,":"
76512,"RB"
76513,"RB"
76514,"PRP"
76515,"MD"
76516,"VB"
76517,"DT"
76518,"JJ"
76519,"NNP"
76520,"."
76521,"PRP"
76522,"VBD"
76523,"NN"
76524,"VBG"
76525,"DT"
76526,"NNS"
76527,"RB"
76528,","
76529,"CC"
76530,"PRP"
76531,"VBD"
76532,"RB"
76533,"IN"
76534,"PRP"
76535,"VBD"
76536,"VBN"
76537,"RB"
76538,"IN"
76539,"JJ"
76540,"NNS"
76541,"."
76542,"CC"
76543,"DT"
76544,"NN"
76545,"RB"
76546,"VBD"
76547,"VBG"
76548,"RP"
76549,"IN"
76550,"NNP"
76551,","
76552,"IN"
76553,"NNP"
76554,"VBD"
76555,"DT"
76556,"CD"
76557,"NN"
76558,"NNS"
76559,"JJR"
76560,"CC"
76561,"$"
76562,"CD"
76563,"CD"
76564,"IN"
76565,"JJ"
76566,"NNS"
76567,","
76568,"NNS"
76569,","
76570,"NN"
76571,","
76572,"IN"
76573,"NN"
76574,"IN"
76575,"DT"
76576,"CD"
76577,"JJ"
76578,"NNP"
76579,"NNS"
76580,"CC"
76581,"CD"
76582,"NNP"
76583,"NNS"
76584,"MD"
76585,"VB"
76586,"IN"
76587,"PDT"
76588,"DT"
76589,"JJ"
76590,"NNS"
76591,"CC"
76592,"NN"
76593,"CC"
76594,"VB"
76595,"TO"
76596,"NN"
76597,"IN"
76598,"DT"
76599,"NNP"
76600,"NNP"
76601,"."
76602,"RB"
76603,"RB"
76604,"FW"
76605,"POS"
76606,"NN"
76607,"VBD"
76608,"TO"
76609,"VB"
76610,"CC"
76611,"VBD"
76612,","
76613,"``"
76614,"WP"
76615,"DT"
76616,"NN"
76617,"VBP"
76618,"PRP"
76619,"VBG"
76620,"VBG"
76621,"IN"
76622,"DT"
76623,"NN"
76624,"NN"
76625,"IN"
76626,"NNP"
76627,"CD"
76628,"NNS"
76629,"RB"
76630,"."
76631,"PRP"
76632,"MD"
76633,"VB"
76634,"PRP$"
76635,"NNS"
76636,"VBD"
76637,"."
76638,"''"
76639,"JJ"
76640,"IN"
76641,"FW"
76642,","
76643,"FW"
76644,"VBD"
76645,"VBG"
76646,"CC"
76647,"RB"
76648,"VBD"
76649,"RP"
76650,","
76651,"IN"
76652,"DT"
76653,"NN"
76654,":"
76655,"PRP"
76656,"VBD"
76657,"VBG"
76658,"RB"
76659,"."
76660,"IN"
76661,"DT"
76662,"NNP"
76663,"VBD"
76664,"PRP"
76665,"VBG"
76666,"IN"
76667,"$"
76668,"CD"
76669,"CD"
76670,"IN"
76671,"NN"
76672,"TO"
76673,"JJ"
76674,"JJ"
76675,"NNS"
76676,"IN"
76677,"JJ"
76678,"NNS"
76679,"IN"
76680,"DT"
76681,"NNP"
76682,"NNP"
76683,"."
76684,"PRP"
76685,"VBD"
76686,"JJ"
76687,"NN"
76688,"IN"
76689,"NNP"
76690,"."
76691,"CC"
76692,"RB"
76693,"PRP"
76694,"VBD"
76695,"RP"
76696,"IN"
76697,"NNP"
76698,"NNP"
76699,"NNP"
76700,"VBD"
76701,"RB"
76702,"IN"
76703,"PDT"
76704,"DT"
76705,"JJ"
76706,"NN"
76707,"CC"
76708,"DT"
76709,"NNP"
76710,"VBD"
76711,"RP"
76712,"IN"
76713,"DT"
76714,"NN"
76715,"PRP"
76716,"VBD"
76717,"PRP"
76718,"IN"
76719,"NNP"
76720,"VBD"
76721,"VBN"
76722,"RB"
76723,"IN"
76724,"DT"
76725,"CD"
76726,"NNS"
76727,"RB"
76728,"CC"
76729,"RB"
76730,"VBD"
76731,"NNP"
76732,"NNS"
76733,"IN"
76734,"DT"
76735,"NN"
76736,"IN"
76737,"DT"
76738,"NNP"
76739,"."
76740,"("
76741,"CC"
76742,"WP"
76743,"VBZ"
76744,"VBG"
76745,"."
76746,")"
76747,"RB"
76748,","
76749,"NNP"
76750,"VBD"
76751,"DT"
76752,"JJS"
76753,"PRP"
76754,"MD"
76755,"VB"
76756,","
76757,"IN"
76758,"PRP"
76759,"VBP"
76760,"IN"
76761,"NN"
76762,"IN"
76763,"NNP"
76764,"NNP"
76765,"."
76766,"PDT"
76767,"DT"
76768,"NNS"
76769,"IN"
76770,"PRP"
76771,"VBG"
76772,"JJ"
76773,"VBP"
76774,"RB"
76775,"JJ"
76776,"RB"
76777,"."
76778,"CC"
76779,"MD"
76780,"RB"
76781,"PRP"
76782,"VBP"
76783,","
76784,"RB"
76785,"IN"
76786,"PRP"
76787,"VBP"
76788,"NN"
76789,"NNS"
76790,"IN"
76791,"NNS"
76792,","
76793,"CC"
76794,"VBP"
76795,"VBN"
76796,"DT"
76797,"JJ"
76798,"NNS"
76799,"CC"
76800,"JJ"
76801,"NN"
76802,"NNS"
76803,","
76804,"CC"
76805,"VBP"
76806,"VBN"
76807,"PDT"
76808,"DT"
76809,"NNS"
76810,"CC"
76811,"NNS"
76812,"TO"
76813,"VB"
76814,"DT"
76815,"NNPS"
76816,"IN"
76817,"NNP"
76818,","
76819,"DT"
76820,"NNPS"
76821,"VBP"
76822,"TO"
76823,"VB"
76824,"VBN"
76825,"NN"
76826,"IN"
76827,"DT"
76828,"JJ"
76829,"NN"
76830,"."
76831,"RB"
76832,","
76833,"NNP"
76834,"VBZ"
76835,"VBG"
76836,"JJ"
76837,"NNS"
76838,"IN"
76839,"IN"
76840,"DT"
76841,"NN"
76842,"IN"
76843,"DT"
76844,"NN"
76845,"NN"
76846,"."
76847,"RB"
76848,","
76849,"DT"
76850,"NNP"
76851,"NNS"
76852,"VBD"
76853,":"
76854,"``"
76855,"VBP"
76856,"PRP"
76857,"RB"
76858,"VBP"
76859,"TO"
76860,"VB"
76861,"DT"
76862,"CD"
76863,"NNP"
76864,"NNS"
76865,"IN"
76866,"JJ"
76867,"NN"
76868,"CC"
76869,"PDT"
76870,"DT"
76871,"JJ"
76872,"JJ"
76873,"NN"
76874,"IN"
76875,"NNS"
76876,"CC"
76877,"PDT"
76878,"DT"
76879,"NNP"
76880,"NNS"
76881,"VBG"
76882,"JJ"
76883,"IN"
76884,"NNP"
76885,"."
76886,"MD"
76887,"RB"
76888,"PRP"
76889,"VB"
76890,"$"
76891,"CD"
76892,"CD"
76893,"CC"
76894,"$"
76895,"CD"
76896,"CD"
76897,"DT"
76898,"NN"
76899,"IN"
76900,"VBG"
76901,"DT"
76902,"NN"
76903,"TO"
76904,"DT"
76905,"NNS"
76906,"."
76907,"CC"
76908,"WRB"
76909,"RB"
76910,"VB"
76911,"DT"
76912,"NNS"
76913,"IN"
76914,"DT"
76915,"CD"
76916,"NNS"
76917,"IN"
76918,"JJ"
76919,"NNP"
76920,"CC"
76921,"CC"
76922,"VBG"
76923,"NN"
76924,"IN"
76925,"NNP"
76926,"JJ"
76927,"NNS"
76928,"RB"
76929,"WRB"
76930,"PRP"
76931,"VBZ"
76932,","
76933,"RB"
76934,"IN"
76935,"DT"
76936,"NN"
76937,"NN"
76938,"NN"
76939,"IN"
76940,"DT"
76941,"NNP"
76942,"."
76943,"CC"
76944,"WRB"
76945,"VBD"
76946,"PDT"
76947,"PRP$"
76948,"RB"
76949,"VBN"
76950,"NNP"
76951,"NNP"
76952,"NNS"
76953,"JJ"
76954,"NN"
76955,"WRB"
76956,"PRP$"
76957,"NNS"
76958,"VBD"
76959,"VBG"
76960,"VBN"
76961,"."
76962,"''"
76963,"NNS"
76964,"IN"
76965,"DT"
76966,"RB"
76967,"VB"
76968,"RP"
76969,"NNP"
76970,"POS"
76971,"NN"
76972,"."
76973,"PRP"
76974,"VBD"
76975,"RB"
76976,"CD"
76977,"NN"
76978,"IN"
76979,"DT"
76980,"NN"
76981,"IN"
76982,"DT"
76983,"JJ"
76984,"NN"
76985,"NN"
76986,","
76987,"NNP"
76988,"NNP"
76989,"."
76990,"NNP"
76991,"VBD"
76992,"JJ"
76993,"IN"
76994,"IN"
76995,"NNP"
76996,"POS"
76997,"NN"
76998,"VBG"
76999,"DT"
77000,"NNS"
77001,"IN"
77002,"NNS"
77003,"CC"
77004,"NN"
77005,"NNS"
77006,"CC"
77007,"NNS"
77008,"IN"
77009,"JJ"
77010,"NNS"
77011,"."
77012,"PRP"
77013,"MD"
77014,"RB"
77015,"VB"
77016,"IN"
77017,"NNP"
77018,"NNP"
77019,"VBD"
77020,"TO"
77021,"VB"
77022,"WDT"
77023,"DT"
77024,"NNP"
77025,"NNS"
77026,"NNS"
77027,"VBD"
77028,"PRP"
77029,"."
77030,"IN"
77031,"JJ"
77032,"NN"
77033,"NNP"
77034,"NNP"
77035,"VBD"
77036,"RP"
77037,"CC"
77038,"VBD"
77039,"RB"
77040,"IN"
77041,":"
77042,"PRP"
77043,"VBN"
77044,"DT"
77045,"JJ"
77046,"NNP"
77047,"CC"
77048,"VBD"
77049,"RP"
77050,"CD"
77051,"NN"
77052,"CC"
77053,"CD"
77054,"NNS"
77055,"."
77056,"RB"
77057,"PRP"
77058,"VBD"
77059,"NN"
77060,"IN"
77061,"DT"
77062,"NNP"
77063,"POS"
77064,"JJS"
77065,"JJ"
77066,"NN"
77067,"NN"
77068,","
77069,"DT"
77070,"NN"
77071,"CC"
77072,"DT"
77073,"NN"
77074,"."
77075,"IN"
77076,"DT"
77077,"JJ"
77078,"NN"
77079,","
77080,"NNP"
77081,"NNP"
77082,"VBD"
77083,"RB"
77084,"DT"
77085,"JJ"
77086,"NN"
77087,"NNS"
77088,"."
77089,"NNP"
77090,"POS"
77091,"NN"
77092,"VBZ"
77093,"VBN"
77094,"IN"
77095,"NNP"
77096,","
77097,"CC"
77098,"PRP"
77099,"MD"
77100,"VB"
77101,"RB"
77102,"."
77103,"WP"
77104,"IN"
77105,"NNP"
77106,"VBG"
77107,"CC"
77108,"JJR"
77109,"NN"
77110,"NNS"
77111,"VBG"
77112,","
77113,"JJR"
77114,"CC"
77115,"JJR"
77116,"NNP"
77117,"NNS"
77118,"VBP"
77119,"VBG"
77120,"IN"
77121,"PRP$"
77122,"NNS"
77123,"."
77124,"PRP"
77125,"VBP"
77126,"IN"
77127,"PRP"
77128,"MD"
77129,"VB"
77130,"IN"
77131,"DT"
77132,"NNS"
77133,"RB"
77134,"DT"
77135,"JJ"
77136,"NN"
77137,"RB"
77138,"IN"
77139,"NN"
77140,"NNS"
77141,"CC"
77142,"NNS"
77143,"."
77144,"RB"
77145,"DT"
77146,"JJ"
77147,"NN"
77148,"MD"
77149,"VB"
77150,"TO"
77151,"VB"
77152,","
77153,"RB"
77154,"IN"
77155,"PRP"
77156,"VBD"
77157,"IN"
77158,"DT"
77159,"NNS"
77160,","
77161,"CC"
77162,"DT"
77163,"NNS"
77164,"CC"
77165,"NNS"
77166,"MD"
77167,"VB"
77168,"JJ"
77169,"IN"
77170,"DT"
77171,"NN"
77172,"VBG"
77173,"NNS"
77174,"POS"
77175,"NN"
77176,"JJ"
77177,"."
77178,"NNP"
77179,"PRP"
77180,"DT"
77181,"NNPS"
77182,"RB"
77183,"VBG"
77184,"IN"
77185,"PRP"
77186,"."
77187,"NNP"
77188,"NNP"
77189,","
77190,"DT"
77191,"NNP"
77192,"NNP"
77193,"NN"
77194,","
77195,"VBZ"
77196,"DT"
77197,"NN"
77198,"NN"
77199,"IN"
77200,"NNP"
77201,"."
77202,"O"
77203,"DT"
77204,"NN"
77205,"CC"
77206,"NN"
77207,"NN"
77208,"IN"
77209,"NNP"
77210,"NNP"
77211,"POS"
77212,"NN"
77213,"VBZ"
77214,"NN"
77215,"IN"
77216,"PRP$"
77217,"JJ"
77218,"NN"
77219,"CC"
77220,"NN"
77221,"."
77222,"IN"
77223,"CD"
77224,"NN"
77225,","
77226,"EX"
77227,"VBZ"
77228,"DT"
77229,"JJ"
77230,"NN"
77231,"IN"
77232,"DT"
77233,"NN"
77234,":"
77235,"``"
77236,"NNP"
77237,"NNP"
77238,"NNP"
77239,","
77240,"''"
77241,"DT"
77242,"JJ"
77243,"NN"
77244,"NN"
77245,"VBN"
77246,"IN"
77247,"NNP"
77248,"NNP"
77249,","
77250,"DT"
77251,"JJ"
77252,"NN"
77253,"."
77254,"IN"
77255,"DT"
77256,"NN"
77257,","
77258,"RB"
77259,","
77260,"DT"
77261,"NN"
77262,"VBZ"
77263,"DT"
77264,"JJ"
77265,"NN"
77266,"IN"
77267,"DT"
77268,"NNS"
77269,"WDT"
77270,"VBP"
77271,"VBN"
77272,"JJ"
77273,"CC"
77274,"PRP$"
77275,"JJ"
77276,"NN"
77277,"CC"
77278,"JJ"
77279,"NN"
77280,","
77281,"NNP"
77282,"NNP"
77283,"NNP"
77284,"."
77285,"IN"
77286,"DT"
77287,"JJ"
77288,"NN"
77289,"NN"
77290,"WDT"
77291,"VBD"
77292,"RB"
77293,"CD"
77294,"NNS"
77295,"RB"
77296,","
77297,"NNP"
77298,"NNP"
77299,"VBD"
77300,"DT"
77301,"NN"
77302,"IN"
77303,"IN"
77304,"CD"
77305,"NN"
77306,"NNS"
77307,","
77308,"VBG"
77309,"DT"
77310,"NN"
77311,","
77312,"IN"
77313,"DT"
77314,"JJ"
77315,"NN"
77316,"IN"
77317,"$"
77318,"CD"
77319,"CD"
77320,"."
77321,"IN"
77322,"NN"
77323,"NNP"
77324,"CD"
77325,","
77326,"RB"
77327,"IN"
77328,"DT"
77329,"NNS"
77330,"VBD"
77331,"VBN"
77332,"TO"
77333,"VB"
77334,"VBN"
77335,"VBN"
77336,"RP"
77337,","
77338,"IN"
77339,"NNS"
77340,"IN"
77341,"NNP"
77342,"POS"
77343,"NN"
77344,","
77345,"WP$"
77346,"NN"
77347,"VBZ"
77348,"DT"
77349,"NN"
77350,"POS"
77351,"NNS"
77352,"."
77353,"NNP"
77354,"VBD"
77355,"RB"
77356,"VB"
77357,"DT"
77358,"NN"
77359,"."
77360,"DT"
77361,"NN"
77362,"VBD"
77363,"IN"
77364,"DT"
77365,"NN"
77366,"IN"
77367,"DT"
77368,"JJ"
77369,"NN"
77370,"NNP"
77371,"NNP"
77372,"VBD"
77373,"IN"
77374,"WDT"
77375,"DT"
77376,"NN"
77377,"VBD"
77378,"TO"
77379,"VB"
77380,"JJ"
77381,"NN"
77382,":"
77383,"IN"
77384,"DT"
77385,"NN"
77386,"IN"
77387,"NNP"
77388,"CC"
77389,"IN"
77390,"NN"
77391,"IN"
77392,"DT"
77393,"NN"
77394,"POS"
77395,"JJ"
77396,"NN"
77397,"NN"
77398,","
77399,"VBN"
77400,"IN"
77401,"NNP"
77402,"NNP"
77403,"."
77404,"DT"
77405,"NN"
77406,"VBZ"
77407,"IN"
77408,"DT"
77409,"$"
77410,"CD"
77411,"CD"
77412,"VBD"
77413,"VBN"
77414,"IN"
77415,"DT"
77416,"NNS"
77417,"IN"
77418,"DT"
77419,"RB"
77420,"JJ"
77421,"NN"
77422,"RB"
77423,"IN"
77424,"NNP"
77425,"VBD"
77426,"JJ"
77427,"NN"
77428,"NN"
77429,"IN"
77430,"NN"
77431,"."
77432,"NNP"
77433,"NNP"
77434,"VBD"
77435,"DT"
77436,"NN"
77437,"TO"
77438,"VB"
77439,"NN"
77440,"IN"
77441,"DT"
77442,"NN"
77443,"IN"
77444,"DT"
77445,"JJ"
77446,"NN"
77447,":"
77448,"PRP"
77449,"VBZ"
77450,"RB"
77451,"IN"
77452,"DT"
77453,"NN"
77454,"POS"
77455,"``"
77456,"JJ"
77457,"''"
77458,"NN"
77459,":"
77460,"IN"
77461,"VBG"
77462,"DT"
77463,"JJ"
77464,"NN"
77465,","
77466,"WDT"
77467,"PRP"
77468,"VBD"
77469,"RB"
77470,"VB"
77471,"."
77472,"IN"
77473,"DT"
77474,","
77475,"DT"
77476,"IN"
77477,"DT"
77478,"NNS"
77479,"WDT"
77480,"VBD"
77481,"TO"
77482,"NN"
77483,"DT"
77484,"NNS"
77485,"IN"
77486,"NNP"
77487,"RB"
77488,"VBD"
77489,"RB"
77490,"VBG"
77491,"IN"
77492,"DT"
77493,"NN"
77494,"POS"
77495,"NN"
77496,"IN"
77497,"NNP"
77498,"NNP"
77499,"NN"
77500,"IN"
77501,"NNP"
77502,"NNP"
77503,"."
77504,"JJ"
77505,"NN"
77506,","
77507,"DT"
77508,"NN"
77509,"POS"
77510,"NN"
77511,"VBD"
77512,"DT"
77513,"NN"
77514,"TO"
77515,"NNP"
77516,"NNP"
77517,"POS"
77518,"NN"
77519,","
77520,"VBG"
77521,"PRP"
77522,"CD"
77523,"NNS"
77524,"TO"
77525,"VB"
77526,"DT"
77527,"NNS"
77528,"."
77529,"DT"
77530,"NNS"
77531,","
77532,"NNS"
77533,"VBD"
77534,"IN"
77535,"DT"
77536,"NN"
77537,"TO"
77538,"NNP"
77539,"NNP"
77540,","
77541,"VBD"
77542,"``"
77543,"JJ"
77544,","
77545,"JJ"
77546,"CC"
77547,"JJ"
77548,"."
77549,"''"
77550,"IN"
77551,"RB"
77552,","
77553,"NNP"
77554,"NNP"
77555,"VBZ"
77556,"VBN"
77557,"CC"
77558,"CD"
77559,"IN"
77560,"PRP$"
77561,"NNS"
77562,","
77563,"PRP"
77564,"MD"
77565,"RB"
77566,"VB"
77567,"TO"
77568,"WP"
77569,"."
77570,"DT"
77571,"NN"
77572,"POS"
77573,"NN"
77574,"VBZ"
77575,"PRP"
77576,"VBZ"
77577,"``"
77578,"VBG"
77579,"DT"
77580,"NN"
77581,"."
77582,"''"
77583,"IN"
77584,"DT"
77585,"NN"
77586,"MD"
77587,"VB"
77588,"NNP"
77589,"NNP"
77590,","
77591,"PRP"
77592,"VBZ"
77593,"DT"
77594,"JJ"
77595,"NN"
77596,"TO"
77597,"VB"
77598,"IN"
77599,"."
77600,"``"
77601,"PRP"
77602,"VBZ"
77603,"RB"
77604,"IN"
77605,"NN"
77606,"NNS"
77607,","
77608,"''"
77609,"NNP"
77610,"NNP"
77611,"VBZ"
77612,","
77613,"IN"
77614,"PRP"
77615,"VBZ"
77616,"DT"
77617,"NN"
77618,"IN"
77619,"DT"
77620,"JJ"
77621,"NNP"
77622,"NNP"
77623,"NN"
77624,"."
77625,"``"
77626,"DT"
77627,"JJ"
77628,"CD"
77629,"NNS"
77630,"VBZ"
77631,"VBN"
77632,"DT"
77633,"NN"
77634,"IN"
77635,"DT"
77636,"NN"
77637,"."
77638,"EX"
77639,"VBZ"
77640,"DT"
77641,"NN"
77642,"NN"
77643,"RB"
77644,"."
77645,"''"
77646,"IN"
77647,"NNP"
77648,"NNP"
77649,"POS"
77650,"JJ"
77651,"NN"
77652,","
77653,"DT"
77654,"JJ"
77655,","
77656,"JJ"
77657,"NN"
77658,"VBZ"
77659,"VBG"
77660,"IN"
77661,"VBG"
77662,"NN"
77663,":"
77664,"NNP"
77665,"POS"
77666,"JJS"
77667,"NN"
77668,"NN"
77669,":"
77670,"RB"
77671,"IN"
77672,"PRP$"
77673,"JJ"
77674,"NNS"
77675,"VBZ"
77676,"RB"
77677,"JJR"
77678,"IN"
77679,"VBG"
77680,"IN"
77681,"PRP"
77682,"VBD"
77683,"VBN"
77684,"."
77685,"NNS"
77686,"VBP"
77687,"JJ"
77688,"NN"
77689,"IN"
77690,"DT"
77691,"NN"
77692,"."
77693,"IN"
77694,"NNP"
77695,"NNP"
77696,"VBZ"
77697,"VBN"
77698,"DT"
77699,"$"
77700,"CD"
77701,"CD"
77702,"NN"
77703,"NN"
77704,"TO"
77705,"JJR"
77706,"IN"
77707,"$"
77708,"CD"
77709,"CD"
77710,"IN"
77711,"NNP"
77712,","
77713,"DT"
77714,"JJ"
77715,"NN"
77716,"NN"
77717,"VBZ"
77718,"VBN"
77719,"."
77720,"VBG"
77721,"PRP"
77722,"IN"
77723,"WP"
77724,"VBZ"
77725,"VBN"
77726,","
77727,"RB"
77728,"VBZ"
77729,"VBN"
77730,"IN"
77731,"DT"
77732,"NN"
77733,"NNS"
77734,"IN"
77735,"NNP"
77736,"CD"
77737,"IN"
77738,"DT"
77739,"JJ"
77740,"JJ"
77741,"NN"
77742,"NN"
77743,"NN"
77744,","
77745,"MD"
77746,"RB"
77747,"VB"
77748,"JJ"
77749,"."
77750,"CC"
77751,"NNP"
77752,"VBZ"
77753,"JJ"
77754,"NNS"
77755,"."
77756,"JJ"
77757,"JJ"
77758,"NN"
77759,"JJ"
77760,"NNS"
77761,"VBD"
77762,"DT"
77763,"NN"
77764,"NN"
77765,"TO"
77766,"VB"
77767,"JJ"
77768,"NNS"
77769,"IN"
77770,"PRP$"
77771,"JJ"
77772,"NN"
77773,":"
77774,"DT"
77775,"NN"
77776,"WDT"
77777,"VBZ"
77778,"JJ"
77779,"NN"
77780,"IN"
77781,"DT"
77782,"NN"
77783,"."
77784,"NNP"
77785,"NNP"
77786,"VBZ"
77787,"DT"
77788,"NN"
77789,"TO"
77790,"VB"
77791,"IN"
77792,"$"
77793,"CD"
77794,"CD"
77795,"IN"
77796,"NN"
77797,"IN"
77798,"CD"
77799,"IN"
77800,"NNP"
77801,"POS"
77802,"CD"
77803,"NNS"
77804,","
77805,"CC"
77806,"PRP"
77807,"VBZ"
77808,"RB"
77809,"TO"
77810,"VB"
77811,"VBN"
77812,"IN"
77813,"NNS"
77814,"."
77815,"PRP"
77816,"VBZ"
77817,"NNP"
77818,"NNP"
77819,"POS"
77820,"NN"
77821,"NN"
77822,","
77823,"RB"
77824,","
77825,"WDT"
77826,"VBZ"
77827,"VBN"
77828,"DT"
77829,"JJS"
77830,"NN"
77831,"IN"
77832,"NNS"
77833,"CC"
77834,"NNS"
77835,","
77836,"RB"
77837,"TO"
77838,"VB"
77839,"NNS"
77840,"IN"
77841,"DT"
77842,"NN"
77843,"."
77844,"JJ"
77845,"NNS"
77846,"("
77847,"DT"
77848,"IN"
77849,"WP"
77850,"VBP"
77851,"VBG"
77852,")"
77853,"VB"
77854,"DT"
77855,"NN"
77856,"CC"
77857,"PRP$"
77858,"NN"
77859,"VB"
77860,"DT"
77861,"NNS"
77862,"IN"
77863,"NN"
77864,"IN"
77865,"NN"
77866,"IN"
77867,"DT"
77868,"JJ"
77869,"NN"
77870,"NN"
77871,"."
77872,"("
77873,"JJ"
77874,"NNS"
77875,"VBP"
77876,"VBN"
77877,"RB"
77878,"IN"
77879,"NN"
77880,"IN"
77881,"DT"
77882,"NN"
77883,"IN"
77884,"$"
77885,"CD"
77886,"IN"
77887,"CD"
77888,"TO"
77889,"VB"
77890,"NN"
77891,"IN"
77892,"$"
77893,"CD"
77894,"."
77895,")"
77896,"NN"
77897,"NNS"
77898,","
77899,"RB"
77900,","
77901,"VBP"
77902,"NNP"
77903,"NNP"
77904,"CC"
77905,"NNS"
77906,"IN"
77907,"PRP$"
77908,"NN"
77909,"VBP"
77910,"VBN"
77911,"DT"
77912,"JJ"
77913,"NN"
77914,"IN"
77915,"DT"
77916,"JJ"
77917,"NN"
77918,":"
77919,"CC"
77920,"RB"
77921,"IN"
77922,"DT"
77923,"JJR"
77924,"."
77925,"NNS"
77926,"VBP"
77927,"RB"
77928,"VB"
77929,"``"
77930,"PRP"
77931,"VBZ"
77932,"DT"
77933,"NN"
77934,"NN"
77935,"''"
77936,"RB"
77937,","
77938,"NNPS"
77939,"NNP"
77940,"NNP"
77941,","
77942,"DT"
77943,"NN"
77944,"IN"
77945,"NNP"
77946,"CC"
77947,"NNP"
77948,","
77949,"DT"
77950,"NNP"
77951,"NNP"
77952,"NN"
77953,"."
77954,"``"
77955,"PRP"
77956,"VBP"
77957,","
77958,"``"
77959,"NNP"
77960,"NNP"
77961,"VBD"
77962,"$"
77963,"CD"
77964,"CD"
77965,"IN"
77966,"PRP$"
77967,","
77968,"RB"
77969,"RB"
77970,"$"
77971,"CD"
77972,"CD"
77973,"VBZ"
77974,"RB"
77975,"RB"
77976,"JJ"
77977,"IN"
77978,"NN"
77979,"."
77980,"''"
77981,"DT"
77982,"JJ"
77983,"NNS"
77984,"PRP"
77985,"VBD"
77986,"IN"
77987,","
77988,"PDT"
77989,"IN"
77990,"NNP"
77991,"NNP"
77992,"CC"
77993,"NNP"
77994,"NNP"
77995,","
77996,"VBP"
77997,"VBN"
77998,"NN"
77999,","
78000,"CC"
78001,"DT"
78002,"JJ"
78003,"NNS"
78004,"VBP"
78005,"JJ"
78006,"NNS"
78007,"WP"
78008,"VBD"
78009,"NN"
78010,"IN"
78011,"DT"
78012,"NN"
78013,"NN"
78014,"CC"
78015,"IN"
78016,"NNS"
78017,"CC"
78018,"VBN"
78019,"IN"
78020,"VBG"
78021,":"
78022,"."
78023,"''"
78024,"NNP"
78025,"NNP"
78026,","
78027,"DT"
78028,"JJ"
78029,"NN"
78030,"CC"
78031,"NN"
78032,","
78033,"VBD"
78034,"NNP"
78035,"NNP"
78036,"NNP"
78037,"POS"
78038,"``"
78039,"NNS"
78040,"''"
78041,"IN"
78042,"DT"
78043,"NNP"
78044,"POS"
78045,"NN"
78046,"IN"
78047,"NNP"
78048,"CD"
78049,"TO"
78050,"JJ"
78051,"NN"
78052,"NNP"
78053,"NNP"
78054,"."
78055,"("
78056,"NNP"
78057,"VBZ"
78058,","
78059,"NNP"
78060,"NNP"
78061,"VBZ"
78062,"RB"
78063,"TO"
78064,"VB"
78065,"RB"
78066,","
78067,"CC"
78068,"IN"
78069,"PRP"
78070,"VBZ"
78071,","
78072,"NNP"
78073,"POS"
78074,"VBZ"
78075,"DT"
78076,"NN"
78077,"IN"
78078,"NN"
78079,"CC"
78080,"NN"
78081,"."
78082,")"
78083,"WRB"
78084,"NNP"
78085,"NNP"
78086,"VBD"
78087,"IN"
78088,"IN"
78089,"DT"
78090,"JJ"
78091,"NN"
78092,","
78093,"PRP"
78094,"VBD"
78095,"PRP"
78096,"VB"
78097,"VBN"
78098,"WDT"
78099,"RB"
78100,"UH"
78101,"NN"
78102,"VBD"
78103,"RB"
78104,"JJ"
78105,"TO"
78106,"VB"
78107,"VBN"
78108,"IN"
78109,"NNP"
78110,"."
78111,"PRP"
78112,"VBD"
78113,"PRP$"
78114,"NN"
78115,"IN"
78116,"DT"
78117,"NN"
78118,"IN"
78119,"NNP"
78120,"JJ"
78121,"NN"
78122,"IN"
78123,"NNP"
78124,"POS"
78125,"NN"
78126,"IN"
78127,"DT"
78128,"NNP"
78129,"CC"
78130,"NNP"
78131,"NNP"
78132,"NN"
78133,"IN"
78134,"NNP"
78135,"NNP"
78136,"."
78137,"RB"
78138,","
78139,"IN"
78140,"NN"
78141,"IN"
78142,"PRP$"
78143,"JJ"
78144,"NN"
78145,"NNS"
78146,","
78147,"NNP"
78148,"NNP"
78149,"VBD"
78150,"RB"
78151,"JJ"
78152,"NNS"
78153,"IN"
78154,"JJ"
78155,"NNS"
78156,"."
78157,"PRP"
78158,"VBD"
78159,"$"
78160,"CD"
78161,"CD"
78162,","
78163,"IN"
78164,"NN"
78165,","
78166,"IN"
78167,"DT"
78168,"RB"
78169,"NN"
78170,"IN"
78171,"NNP"
78172,"NNP"
78173,"NNP"
78174,"NNP"
78175,"WDT"
78176,"VBD"
78177,"VBN"
78178,"TO"
78179,"VB"
78180,"RB"
78181,"$"
78182,"CD"
78183,"."
78184,"DT"
78185,"NN"
78186,"VBD"
78187,"VBD"
78188,"DT"
78189,"NN"
78190,"IN"
78191,"DT"
78192,"NN"
78193,"."
78194,"("
78195,"DT"
78196,"CD"
78197,"NN"
78198,"IN"
78199,"NNS"
78200,"VBN"
78201,"IN"
78202,"DT"
78203,"NN"
78204,"NN"
78205,"VBD"
78206,"VBN"
78207,","
78208,"IN"
78209,"DT"
78210,"JJ"
78211,"NN"
78212,"IN"
78213,"$"
78214,"CD"
78215,"."
78216,"DT"
78217,"NN"
78218,"VBD"
78219,"VBN"
78220,"IN"
78221,"NN"
78222,"IN"
78223,"JJ"
78224,"NNS"
78225,"."
78226,")"
78227,"NNP"
78228,","
78229,"NNP"
78230,"NNP"
78231,"VBZ"
78232,"VBN"
78233,"IN"
78234,"NNP"
78235,"NNP"
78236,"TO"
78237,"VB"
78238,"JJ"
78239,"NNP"
78240,"NNP"
78241,","
78242,"DT"
78243,"NNP"
78244,"NNP"
78245,"NN"
78246,"VBG"
78247,"DT"
78248,"NN"
78249,","
78250,"CC"
78251,"JJ"
78252,"."
78253,"``"
78254,"PRP"
78255,"VBZ"
78256,"PRP"
78257,"``"
78258,"VBD"
78259,"PRP"
78260,","
78261,"''"
78262,"''"
78263,"VBZ"
78264,"NNP"
78265,"NNP"
78266,"."
78267,"``"
78268,"CC"
78269,"PRP"
78270,"VBZ"
78271,"PRP"
78272,","
78273,"``"
78274,"IN"
78275,"PRP"
78276,"VBP"
78277,"TO"
78278,"VB"
78279,"PRP$"
78280,"NNS"
78281,","
78282,"PRP"
78283,"MD"
78284,"VB"
78285,"TO"
78286,"VB"
78287,"TO"
78288,"PRP$"
78289,"NN"
78290,"IN"
78291,"NNP"
78292,"."
78293,"''"
78294,"''"
78295,"NNP"
78296,"NNP"
78297,"VBZ"
78298,"JJ"
78299,"CC"
78300,"JJ"
78301,"."
78302,"``"
78303,"PRP"
78304,"VBZ"
78305,"RB"
78306,"RB"
78307,"JJ"
78308,","
78309,"''"
78310,"PRP"
78311,"VBZ"
78312,"."
78313,"NNP"
78314,"NNP"
78315,"RB"
78316,"VBD"
78317,"RBR"
78318,"JJ"
78319,"IN"
78320,"PRP$"
78321,"VBG"
78322,","
78323,"IN"
78324,"DT"
78325,"NN"
78326,"IN"
78327,"NNP"
78328,"NNP"
78329,","
78330,"DT"
78331,"NNP"
78332,"POS"
78333,"NN"
78334,"IN"
78335,"JJ"
78336,"NNS"
78337,"WP"
78338,"PRP"
78339,"VBD"
78340,"IN"
78341,"DT"
78342,"NN"
78343,"IN"
78344,"DT"
78345,"NN"
78346,"NNS"
78347,"."
78348,"NNP"
78349,"NNP"
78350,","
78351,"WP"
78352,"VBD"
78353,"PRP$"
78354,"JJ"
78355,"NN"
78356,","
78357,"VBD"
78358,"NNS"
78359,"IN"
78360,"NNP"
78361,","
78362,"NNP"
78363,"CC"
78364,"NNP"
78365,"."
78366,"CC"
78367,","
78368,"VBG"
78369,"TO"
78370,"CD"
78371,"NN"
78372,","
78373,"NNP"
78374,"NNP"
78375,"VBD"
78376,"DT"
78377,"NN"
78378,"IN"
78379,"VBG"
78380,"NNP"
78381,"NNP"
78382,"IN"
78383,"DT"
78384,"NN"
78385,":"
78386,"``"
78387,"PRP"
78388,"MD"
78389,"VB"
78390,"NN"
78391,"."
78392,"''"
78393,"NNP"
78394,"NNP"
78395,","
78396,"DT"
78397,"NN"
78398,"IN"
78399,"DT"
78400,"NNP"
78401,"NNP"
78402,"NNP"
78403,"NN"
78404,"IN"
78405,"NNP"
78406,"NNP"
78407,","
78408,"VBD"
78409,"NNP"
78410,"NNP"
78411,"``"
78412,"NNP"
78413,"CC"
78414,"NNP"
78415,"IN"
78416,"DT"
78417,"NN"
78418,"''"
78419,"IN"
78420,"NNP"
78421,"NNP"
78422,"NNP"
78423,"."
78424,"NNP"
78425,"NNP"
78426,"VBZ"
78427,"NNP"
78428,"NNP"
78429,"``"
78430,"VBD"
78431,"VBN"
78432,"TO"
78433,"VB"
78434,"DT"
78435,"NN"
78436,"IN"
78437,"NN"
78438,"."
78439,"NNS"
78440,"VBD"
78441,"VBN"
78442,"IN"
78443,"VBG"
78444,"PRP"
78445,","
78446,"CC"
78447,"PRP"
78448,"VBD"
78449,"VBN"
78450,"IN"
78451,"DT"
78452,"NN"
78453,"VBD"
78454,"IN"
78455,"NNP"
78456,"POS"
78457,"CC"
78458,"RB"
78459,"NNP"
78460,"NNP"
78461,"."
78462,"''"
78463,"NNP"
78464,"NNP"
78465,"RB"
78466,"VBD"
78467,"DT"
78468,"NN"
78469,","
78470,"JJ"
78471,"NN"
78472,"IN"
78473,"NNP"
78474,"POS"
78475,"."
78476,"NNP"
78477,"NNP"
78478,"VBD"
78479,"JJ"
78480,"TO"
78481,"VB"
78482,"DT"
78483,"NN"
78484,"IN"
78485,"DT"
78486,"NN"
78487,"NN"
78488,"VBZ"
78489,"VBN"
78490,"VBG"
78491,"IN"
78492,"IN"
78493,"DT"
78494,"JJR"
78495,"NN"
78496,"IN"
78497,"DT"
78498,"NN"
78499,"."
78500,"NNP"
78501,"NNP"
78502,","
78503,"DT"
78504,"NN"
78505,"NN"
78506,"VBN"
78507,"IN"
78508,"NNP"
78509,"NNP"
78510,"CC"
78511,"RB"
78512,"IN"
78513,"DT"
78514,"NN"
78515,"IN"
78516,"NNP"
78517,"POS"
78518,"NNP"
78519,"NNP"
78520,","
78521,"VBD"
78522,"VBG"
78523,"TO"
78524,"VB"
78525,"IN"
78526,"NN"
78527,"IN"
78528,"JJ"
78529,"NNS"
78530,"IN"
78531,"PRP"
78532,"VBD"
78533,"TO"
78534,"VB"
78535,"PRP$"
78536,"JJ"
78537,"NN"
78538,"."
78539,"JJ"
78540,"NNS"
78541,"VBD"
78542,"TO"
78543,"VB"
78544,"DT"
78545,"NN"
78546,"IN"
78547,"JJ"
78548,"NNS"
78549,","
78550,"WDT"
78551,"NNP"
78552,"POS"
78553,"NNP"
78554,"NNP"
78555,"VBD"
78556,"RB"
78557,"VBN"
78558,"VBG"
78559,"IN"
78560,"DT"
78561,"NN"
78562,"."
78563,"IN"
78564,"JJ"
78565,"NNS"
78566,","
78567,"EX"
78568,"VBD"
78569,"NN"
78570,"PDT"
78571,"RP"
78572,"."
78573,"JJ"
78574,"NNP"
78575,","
78576,"NNP"
78577,"NNP"
78578,"VBD"
78579,"IN"
78580,"$"
78581,"CD"
78582,"CD"
78583,"IN"
78584,"NNP"
78585,"POS"
78586,"NN"
78587,":"
78588,"IN"
78589,"DT"
78590,"$"
78591,"CD"
78592,"CD"
78593,"NN"
78594,":"
78595,"IN"
78596,"``"
78597,"NN"
78598,"IN"
78599,"DT"
78600,"NN"
78601,"IN"
78602,"NNS"
78603,"."
78604,"''"
78605,"DT"
78606,"NN"
78607,","
78608,"VBD"
78609,"TO"
78610,"VB"
78611,"NN"
78612,"NNP"
78613,"NNP"
78614,"NNP"
78615,","
78616,"VBD"
78617,"VBN"
78618,"RB"
78619,"IN"
78620,"NNP"
78621,"NNP"
78622,","
78623,"RB"
78624,"IN"
78625,"NN"
78626,"."
78627,"IN"
78628,"NNP"
78629,"CD"
78630,","
78631,"RB"
78632,"CD"
78633,"NNS"
78634,"IN"
78635,"PRP$"
78636,"NN"
78637,","
78638,"NNP"
78639,"NNP"
78640,"VBD"
78641,"VBN"
78642,"IN"
78643,"NNP"
78644,"CC"
78645,"NNP"
78646,"NN"
78647,"IN"
78648,"NN"
78649,"IN"
78650,"DT"
78651,"JJ"
78652,"CD"
78653,"JJ"
78654,"NNS"
78655,"IN"
78656,"DT"
78657,"NNP"
78658,"."
78659,"``"
78660,"DT"
78661,"JJ"
78662,"NN"
78663,"TO"
78664,"JJS"
78665,"IN"
78666,"DT"
78667,"JJ"
78668,"NN"
78669,","
78670,"NNP"
78671,"VBZ"
78672,"DT"
78673,"NN"
78674,"TO"
78675,"JJ"
78676,"NN"
78677,","
78678,"''"
78679,"DT"
78680,"NN"
78681,"VBD"
78682,","
78683,"VBG"
78684,"IN"
78685,"PRP"
78686,"VBZ"
78687,"RB"
78688,"VB"
78689,"IN"
78690,"NN"
78691,"IN"
78692,"NN"
78693,"CC"
78694,"RB"
78695,"VBZ"
78696,"JJ"
78697,"IN"
78698,"NN"
78699,"PRP"
78700,"MD"
78701,"VB"
78702,"."
78703,"``"
78704,"PRP"
78705,"RB"
78706,"VBD"
78707,"$"
78708,"CD"
78709,"IN"
78710,"DT"
78711,"NNP"
78712,"NN"
78713,"NN"
78714,"IN"
78715,"DT"
78716,"NN"
78717,"VBD"
78718,"IN"
78719,"CD"
78720,"IN"
78721,"DT"
78722,"NN"
78723,"POS"
78724,"JJ"
78725,"NNS"
78726,","
78727,"CC"
78728,"DT"
78729,"JJ"
78730,"NN"
78731,"NN"
78732,"JJR"
78733,"TO"
78734,"$"
78735,"CD"
78736,"."
78737,"''"
78738,"("
78739,"NNP"
78740,"NNP"
78741,"VBZ"
78742,"PRP"
78743,"VBD"
78744,"RB"
78745,"IN"
78746,"JJ"
78747,"."
78748,")"
78749,"DT"
78750,"NN"
78751,"NN"
78752,"MD"
78753,"VB"
78754,"VBN"
78755,"TO"
78756,"VB"
78757,"DT"
78758,"NNP"
78759,"POS"
78760,"VBD"
78761,"DT"
78762,"NNP"
78763,"NN"
78764,"POS"
78765,"NN"
78766,"RB"
78767,"VBD"
78768,"NN"
78769,"IN"
78770,"NNP"
78771,"NNP"
78772,"POS"
78773,"JJ"
78774,"NN"
78775,"."
78776,"IN"
78777,"PRP$"
78778,"NN"
78779,"TO"
78780,"PRP"
78781,","
78782,"VBN"
78783,"NNP"
78784,"CD"
78785,"CC"
78786,"VBN"
78787,"IN"
78788,"NNS"
78789,","
78790,"NNP"
78791,"NNP"
78792,","
78793,"DT"
78794,"NN"
78795,"IN"
78796,"DT"
78797,"JJ"
78798,"NN"
78799,"IN"
78800,"DT"
78801,"NN"
78802,"POS"
78803,"NN"
78804,","
78805,"VBD"
78806,"NN"
78807,"IN"
78808,"DT"
78809,"NN"
78810,"MD"
78811,"VB"
78812,"RB"
78813,"JJ"
78814,"WRB"
78815,"PRP"
78816,"VBD"
78817,"VBN"
78818,"NNS"
78819,"IN"
78820,"JJR"
78821,"IN"
78822,"$"
78823,"CD"
78824,"CD"
78825,"IN"
78826,"PRP$"
78827,"CD"
78828,"JJ"
78829,"NNS"
78830,"."
78831,"DT"
78832,"NN"
78833,"VBD"
78834,"JJ"
78835,"CD"
78836,"NNS"
78837,"TO"
78838,"VB"
78839,"DT"
78840,"NNS"
78841,"."
78842,"DT"
78843,"NN"
78844,"POS"
78845,"NN"
78846,"RB"
78847,"VBD"
78848,"DT"
78849,"NN"
78850,"TO"
78851,"CD"
78852,"NNS"
78853,"CC"
78854,"VBD"
78855,"PRP$"
78856,"NNS"
78857,","
78858,"VBG"
78859,"IN"
78860,"DT"
78861,"``"
78862,"NN"
78863,"NN"
78864,"IN"
78865,"DT"
78866,"NN"
78867,"("
78868,"VB"
78869,")"
78870,"VBN"
78871,"TO"
78872,"CD"
78873,"."
78874,"''"
78875,"IN"
78876,"JJ"
78877,"NNS"
78878,":"
78879,"VBP"
78880,"VBN"
78881,"IN"
78882,"PDT"
78883,"DT"
78884,"NNS"
78885,"."
78886,"DT"
78887,"NN"
78888,"RB"
78889,"VBD"
78890,"DT"
78891,"JJ"
78892,"NN"
78893,"NNS"
78894,"VBP"
78895,"NNS"
78896,"IN"
78897,"VBG"
78898,"DT"
78899,"NN"
78900,"CC"
78901,"NN"
78902,"CC"
78903,"VBD"
78904,"IN"
78905,"DT"
78906,"NN"
78907,"TO"
78908,"NNP"
78909,"NNP"
78910,":"
78911,"``"
78912,"NNP"
78913,"PRP"
78914,"RB"
78915,"."
78916,"''"
78917,"DT"
78918,"NN"
78919,"NN"
78920,"VBD"
78921,"RB"
78922,"JJ"
78923,"TO"
78924,"VB"
78925,"IN"
78926,"DT"
78927,"NNS"
78928,"CC"
78929,"DT"
78930,"JJ"
78931,"JJ"
78932,"NNS"
78933,"VBN"
78934,"IN"
78935,"DT"
78936,"NN"
78937,"POS"
78938,"``"
78939,"NN"
78940,"CC"
78941,"NNS"
78942,","
78943,"''"
78944,"VBD"
78945,"RB"
78946,"VBG"
78947,"IN"
78948,"DT"
78949,"NN"
78950,"POS"
78951,"NN"
78952,"."
78953,"NNP"
78954,"NNP"
78955,"VBZ"
78956,"IN"
78957,"IN"
78958,"CD"
78959,"NN"
78960,"PRP"
78961,"VBD"
78962,"RB"
78963,"VB"
78964,"CD"
78965,"CC"
78966,"CD"
78967,"IN"
78968,"DT"
78969,"NNS"
78970,"IN"
78971,"NN"
78972,"CC"
78973,"IN"
78974,"DT"
78975,"NN"
78976,"VBD"
78977,"IN"
78978,"NN"
78979,"IN"
78980,"NNP"
78981,"POS"
78982,"."
78983,"PRP"
78984,"VBZ"
78985,"IN"
78986,"PRP"
78987,"VBD"
78988,"``"
78989,"RB"
78990,"VBG"
78991,"DT"
78992,"NNS"
78993,"IN"
78994,"NN"
78995,":"
78996,"IN"
78997,"DT"
78998,"NN"
78999,":"
79000,"RB"
79001,"IN"
79002,"DT"
79003,"JJ"
79004,"JJ"
79005,"NN"
79006,"''"
79007,"VBN"
79008,"IN"
79009,"PRP$"
79010,"NN"
79011,","
79012,"IN"
79013,"NNP"
79014,"POS"
79015,"JJ"
79016,"NN"
79017,"VBD"
79018,"JJ"
79019,"IN"
79020,"PRP"
79021,"."
79022,"RB"
79023,","
79024,"DT"
79025,"NN"
79026,"VBD"
79027,"JJ"
79028,"."
79029,"PRP"
79030,"VBD"
79031,"IN"
79032,"DT"
79033,"NNS"
79034,"IN"
79035,"DT"
79036,"NN"
79037,"IN"
79038,"JJ"
79039,"NN"
79040,"NNS"
79041,"VBG"
79042,"IN"
79043,"NNP"
79044,"NNP"
79045,"VBZ"
79046,"VBN"
79047,"RB"
79048,"IN"
79049,"PRP$"
79050,"NN"
79051,"IN"
79052,"NNP"
79053,"."
79054,"IN"
79055,"NN"
79056,","
79057,"PRP"
79058,"VBD"
79059,"DT"
79060,"$"
79061,"CD"
79062,"CD"
79063,"NN"
79064,"IN"
79065,"DT"
79066,"NN"
79067,","
79068,"VBN"
79069,"IN"
79070,"DT"
79071,"JJ"
79072,"NN"
79073,"."
79074,"PRP"
79075,"VBZ"
79076,"CD"
79077,"NN"
79078,"IN"
79079,"NNP"
79080,"POS"
79081,"NNS"
79082,"."
79083,"VBG"
79084,"TO"
79085,"NNP"
79086,"NNP"
79087,"POS"
79088,"NNS"
79089,","
79090,"NNS"
79091,"("
79092,"DT"
79093,"IN"
79094,"JJ"
79095,"NNS"
79096,")"
79097,"VBP"
79098,"IN"
79099,"PRP"
79100,","
79101,"VBG"
79102,"RB"
79103,"RB"
79104,"RB"
79105,"IN"
79106,"NNP"
79107,"POS"
79108,"NN"
79109,","
79110,"VBD"
79111,"RB"
79112,"RB"
79113,"JJ"
79114,"IN"
79115,"JJ"
79116,"NNS"
79117,"IN"
79118,"DT"
79119,"JJ"
79120,"NN"
79121,"."
79122,"DT"
79123,"$"
79124,"CD"
79125,"CD"
79126,"VBN"
79127,"IN"
79128,"DT"
79129,"NNP"
79130,","
79131,"IN"
79132,"NN"
79133,","
79134,"VBD"
79135,"DT"
79136,"JJ"
79137,"NN"
79138,"IN"
79139,"DT"
79140,"NN"
79141,"CC"
79142,"RB"
79143,"RB"
79144,"PRP$"
79145,"NN"
79146,","
79147,"VBN"
79148,"DT"
79149,"NN"
79150,"IN"
79151,"NNS"
79152,"IN"
79153,"PRP$"
79154,"NN"
79155,"."
79156,"NNP"
79157,"NNP"
79158,","
79159,"DT"
79160,"NN"
79161,"IN"
79162,"NNP"
79163,"NNP"
79164,"NNP"
79165,","
79166,"DT"
79167,"NNP"
79168,"NNP"
79169,"NN"
79170,","
79171,"VBZ"
79172,"NNS"
79173,"VBP"
79174,"DT"
79175,"NN"
79176,"IN"
79177,"DT"
79178,"NNS"
79179,"."
79180,"PRP"
79181,"MD"
79182,"VB"
79183,"VBN"
79184,"VBN"
79185,"RB"
79186,"IN"
79187,"DT"
79188,"JJ"
79189,"NN"
79190,"."
79191,"``"
79192,"DT"
79193,"NN"
79194,"IN"
79195,"JJ"
79196,"NNS"
79197,"IN"
79198,"DT"
79199,"JJ"
79200,"NN"
79201,"VBZ"
79202,"IN"
79203,"DT"
79204,"NN"
79205,"VBN"
79206,"IN"
79207,"DT"
79208,"NN"
79209,"VBD"
79210,"JJ"
79211,"IN"
79212,"DT"
79213,"NN"
79214,","
79215,"''"
79216,"NNP"
79217,"NNP"
79218,"VBZ"
79219,"."
79220,"``"
79221,"PRP"
79222,"VBZ"
79223,"JJ"
79224,"IN"
79225,"DT"
79226,"NNS"
79227,"PRP"
79228,"VBD"
79229,"RB"
79230,"VBN"
79231,"TO"
79232,"DT"
79233,"NNS"
79234,"."
79235,"''"
79236,"NNP"
79237,"NNP"
79238,","
79239,"DT"
79240,"JJ"
79241,"NN"
79242,"IN"
79243,"DT"
79244,"NNP"
79245,"NNP"
79246,"IN"
79247,"NNP"
79248,","
79249,"VBZ"
79250,"IN"
79251,"NNP"
79252,"NNP"
79253,"VBD"
79254,"RB"
79255,"JJ"
79256,"IN"
79257,"DT"
79258,"NNS"
79259,"CC"
79260,"VBZ"
79261,"IN"
79262,"VBG"
79263,"JJ"
79264,"IN"
79265,"PRP"
79266,"DT"
79267,"NN"
79268,"RB"
79269,"IN"
79270,"DT"
79271,"JJ"
79272,"NN"
79273,"MD"
79274,"VB"
79275,"RB"
79276,"DT"
79277,"NN"
79278,"."
79279,"``"
79280,"PRP"
79281,"VBZ"
79282,"RB"
79283,"IN"
79284,"NN"
79285,"DT"
79286,"NNS"
79287,"MD"
79288,"RB"
79289,"VB"
79290,"IN"
79291,"$"
79292,"CD"
79293,"CD"
79294,","
79295,"CC"
79296,"IN"
79297,"PRP"
79298,"MD"
79299,"VB"
79300,"VBN"
79301,"IN"
79302,"DT"
79303,"NN"
79304,"NN"
79305,"VBZ"
79306,"TO"
79307,"VB"
79308,"VBN"
79309,"."
79310,"''"
79311,"RB"
79312,","
79313,"VBG"
79314,"VBZ"
79315,"JJ"
79316,"."
79317,"``"
79318,"PRP"
79319,"VBP"
79320,"RB"
79321,"VBN"
79322,"IN"
79323,"WP"
79324,"PRP"
79325,"VBP"
79326,"VBG"
79327,"DT"
79328,"JJ"
79329,"NNS"
79330,"."
79331,"''"
79332,"NNP"
79333,"NNP"
79334,"NNP"
79335,","
79336,"DT"
79337,"NN"
79338,"IN"
79339,"DT"
79340,"NN"
79341,"POS"
79342,"JJ"
79343,"NN"
79344,","
79345,"NNP"
79346,"NNP"
79347,"NNP"
79348,","
79349,"VBZ"
79350,"DT"
79351,"NN"
79352,"NN"
79353,"IN"
79354,"``"
79355,"JJ"
79356,"NNS"
79357,"."
79358,"''"
79359,"NNS"
79360,"JJ"
79361,"IN"
79362,"DT"
79363,"NN"
79364,"NN"
79365,","
79366,"PRP"
79367,"VBZ"
79368,","
79369,"VBD"
79370,"PRP"
79371,"JJ"
79372,"IN"
79373,"VBG"
79374,"DT"
79375,"NNS"
79376,"CC"
79377,"VBD"
79378,"RP"
79379,"."
79380,"NNP"
79381,"NNP"
79382,","
79383,"IN"
79384,"PRP$"
79385,"NN"
79386,","
79387,"VBZ"
79388,"DT"
79389,"NNP"
79390,"NN"
79391,","
79392,"VBG"
79393,"DT"
79394,"NN"
79395,"IN"
79396,"DT"
79397,"NNS"
79398,"VBP"
79399,"RB"
79400,"VBN"
79401,"DT"
79402,"NN"
79403,"PRP"
79404,"."
79405,"``"
79406,"JJS"
79407,"IN"
79408,"PRP"
79409,"VBD"
79410,"RB"
79411,"RB"
79412,"VBN"
79413,"DT"
79414,"JJ"
79415,"NN"
79416,"DT"
79417,"NN"
79418,"VBD"
79419,"VBN"
79420,"RB"
79421,","
79422,"''"
79423,"PRP"
79424,"VBZ"
79425,"."
79426,"NNP"
79427,"NNS"
79428,"VBP"
79429,"JJ"
79430,","
79431,"CC"
79432,"DT"
79433,"JJ"
79434,"NN"
79435,"IN"
79436,"NNP"
79437,"VBZ"
79438,"VBN"
79439,"IN"
79440,"JJ"
79441,"NNS"
79442,"IN"
79443,"NNS"
79444,"."
79445,"NNP"
79446,"NNP"
79447,"NNP"
79448,","
79449,"DT"
79450,"JJ"
79451,"NN"
79452,","
79453,"IN"
79454,"PRP$"
79455,"JJ"
79456,"NN"
79457,"IN"
79458,"NN"
79459,"NNS"
79460,","
79461,"VBN"
79462,"IN"
79463,"JJ"
79464,"NNS"
79465,"VBD"
79466,"CD"
79467,"NN"
79468,"IN"
79469,"DT"
79470,"NN"
79471,"VBD"
79472,"NNP"
79473,"CD"
79474,","
79475,"DT"
79476,"JJS"
79477,"NN"
79478,"IN"
79479,"NN"
79480,"IN"
79481,"CD"
79482,"NNS"
79483,"PRP"
79484,"VBN"
79485,"."
79486,"("
79487,"NNP"
79488,"CC"
79489,"JJ"
79490,"NNS"
79491,","
79492,"RB"
79493,"VBN"
79494,"IN"
79495,"NNP"
79496,","
79497,"VBP"
79498,"VBN"
79499,"RB"
79500,"JJR"
79501,"IN"
79502,"CD"
79503,"NN"
79504,"IN"
79505,"NNP"
79506,"POS"
79507,"."
79508,")"
79509,"NNP"
79510,","
79511,"RB"
79512,","
79513,"VBZ"
79514,"PRP$"
79515,"NNS"
79516,"IN"
79517,"JJ"
79518,"NN"
79519,"IN"
79520,"NNP"
79521,"POS"
79522,","
79523,"WP$"
79524,"NNS"
79525,"VBP"
79526,"RP"
79527,"IN"
79528,"NNS"
79529,"IN"
79530,"NNP"
79531,"NNP"
79532,"IN"
79533,"PRP$"
79534,"PDT"
79535,"."
79536,"DT"
79537,"NNS"
79538,"VBP"
79539,"IN"
79540,"NN"
79541,"DT"
79542,"JJ"
79543,"NNS"
79544,"WDT"
79545,"VBP"
79546,"JJ"
79547,"IN"
79548,"NN"
79549,"."
79550,"NNP"
79551,"NNS"
79552,"VBP"
79553,"NNS"
79554,","
79555,"RB"
79556,"NNS"
79557,"."
79558,"CC"
79559,"NN"
79560,"WDT"
79561,"VBZ"
79562,"VBN"
79563,"RB"
79564,"IN"
79565,"NN"
79566,"VBZ"
79567,"RB"
79568,"VBN"
79569,"RB"
79570,"IN"
79571,"NN"
79572,"."
79573,"RB"
79574,","
79575,"IN"
79576,"NN"
79577,"IN"
79578,"NNP"
79579,"POS"
79580,"NNS"
79581,"IN"
79582,"JJ"
79583,"NNS"
79584,","
79585,"RB"
79586,"JJ"
79587,"TO"
79588,"NN"
79589,"IN"
79590,"WP"
79591,"VBZ"
79592,"VBN"
79593,"VBZ"
79594,"RB"
79595,"VB"
79596,"IN"
79597,"DT"
79598,"NN"
79599,"."
79600,"PRP"
79601,"VBZ"
79602,"RB"
79603,"IN"
79604,"EX"
79605,"VBP"
79606,"RB"
79607,"DT"
79608,"NNS"
79609,","
79610,"CC"
79611,"DT"
79612,"NNS"
79613,"VBP"
79614,"RB"
79615,"VB"
79616,"DT"
79617,"JJ"
79618,"``"
79619,"NN"
79620,"''"
79621,"NNS"
79622,"VBN"
79623,"IN"
79624,"DT"
79625,"NNS"
79626,"."
79627,"IN"
79628,"NNP"
79629,","
79630,"DT"
79631,"NN"
79632,"NN"
79633,"WDT"
79634,"RB"
79635,"VBZ"
79636,"IN"
79637,"NNP"
79638,"VBD"
79639,"VBN"
79640,"TO"
79641,"VB"
79642,"DT"
79643,"JJR"
79644,"IN"
79645,"$"
79646,"CD"
79647,"IN"
79648,"NN"
79649,"IN"
79650,"NNP"
79651,"NNP"
79652,"VBD"
79653,"IN"
79654,"IN"
79655,"PRP$"
79656,"$"
79657,"CD"
79658,"CD"
79659,"."
79660,"NNP"
79661,"NNP"
79662,"IN"
79663,"DT"
79664,"NNP"
79665,"NN"
79666,"VBZ"
79667,"$"
79668,"CD"
79669,"CD"
79670,"``"
79671,"MD"
79672,"VB"
79673,"VBN"
79674,"DT"
79675,"JJ"
79676,"NN"
79677,"IN"
79678,"NN"
79679,"TO"
79680,"VB"
79681,"IN"
79682,"DT"
79683,"JJ"
79684,"CD"
79685,"NNS"
79686,"RB"
79687,"."
79688,"''"
79689,"CC"
79690,"IN"
79691,"PRP$"
79692,"JJ"
79693,"NN"
79694,","
79695,"PRP"
79696,"VBZ"
79697,"RB"
79698,"IN"
79699,"NNP"
79700,"NNP"
79701,","
79702,"DT"
79703,"NN"
79704,"IN"
79705,"PRP$"
79706,"RB"
79707,","
79708,"NN"
79709,"IN"
79710,"DT"
79711,"NN"
79712,","
79713,"``"
79714,"DT"
79715,"NN"
79716,"NN"
79717,"IN"
79718,"DT"
79719,"NN"
79720,"WP"
79721,"VBZ"
79722,"RB"
79723,"DT"
79724,"NN"
79725,"NN"
79726,"."
79727,"''"
79728,"("
79729,"DT"
79730,"NN"
79731,"VBZ"
79732,"CD"
79733,"NNS"
79734,"JJ"
79735,","
79736,"CD"
79737,"NNS"
79738,"JJ"
79739,"."
79740,")"
79741,"RB"
79742,","
79743,"``"
79744,"PRP"
79745,"RB"
79746,"VBZ"
79747,"NNS"
79748,"VBP"
79749,"VBN"
79750,"."
79751,"''"
79752,"NNP"
79753,"NNP"
79754,"VBZ"
79755,"IN"
79756,"PRP"
79757,"VBD"
79758,"NNS"
79759,"IN"
79760,"JJ"
79761,"NNS"
79762,"RB"
79763,"IN"
79764,"PRP"
79765,"VBD"
79766,"DT"
79767,"JJ"
79768,"NN"
79769,"."
79770,"``"
79771,"PRP"
79772,"VBD"
79773,"RB"
79774,"CD"
79775,"NN"
79776,"JJ"
79777,"NN"
79778,","
79779,"CC"
79780,"PRP"
79781,"MD"
79782,"VB"
79783,"PRP"
79784,"RB"
79785,"DT"
79786,"NN"
79787,","
79788,"''"
79789,"PRP"
79790,"VBZ"
79791,"."
79792,"``"
79793,"PRP"
79794,"VBD"
79795,"DT"
79796,"NN"
79797,"."
79798,"NN"
79799,"VBD"
79800,"IN"
79801,"VBG"
79802,"NNS"
79803,"."
79804,"''"
79805,"NNP"
79806,"POS"
79807,"NN"
79808,"NN"
79809,"NNP"
79810,"NNP"
79811,"VBZ"
79812,"DT"
79813,"NN"
79814,"NN"
79815,"VBZ"
79816,"VBN"
79817,"``"
79818,"VBG"
79819,"''"
79820,"NNP"
79821,"NNP"
79822,"IN"
79823,"VBG"
79824,"DT"
79825,"NNS"
79826,"."
79827,"CC"
79828,"IN"
79829,"NNP"
79830,"POS"
79831,"JJ"
79832,"NNS"
79833,"IN"
79834,"DT"
79835,"JJ"
79836,"NN"
79837,","
79838,"JJ"
79839,"NN"
79840,"NNS"
79841,","
79842,"``"
79843,"MD"
79844,"RB"
79845,"VB"
79846,"JJ"
79847,"TO"
79848,"VB"
79849,"PRP"
79850,","
79851,"''"
79852,"PRP"
79853,"VBZ"
79854,","
79855,"``"
79856,"DT"
79857,"NN"
79858,"IN"
79859,"("
79860,"DT"
79861,"NNPS"
79862,")"
79863,"VBP"
79864,"RB"
79865,"VBN"
79866,"VBN"
79867,","
79868,"CC"
79869,"IN"
79870,"DT"
79871,"JJ"
79872,"NN"
79873,"."
79874,"''"
79875,"NNP"
79876,"NNP"
79877,"VBZ"
79878,"TO"
79879,"VB"
79880,"VBN"
79881,"CD"
79882,"NNS"
79883,","
79884,"IN"
79885,"JJR"
79886,"IN"
79887,"DT"
79888,"CD"
79889,"NN"
79890,"NN"
79891,"."
79892,"DT"
79893,"VBZ"
79894,"RB"
79895,"CD"
79896,"NN"
79897,","
79898,"CC"
79899,"DT"
79900,"NN"
79901,"VBZ"
79902,"RB"
79903,"JJ"
79904,"."
79905,"PRP"
79906,"RB"
79907,"VBZ"
79908,"IN"
79909,"PRP"
79910,"VBD"
79911,"RB"
79912,"RB"
79913,"IN"
79914,"NNP"
79915,"NNP"
79916,"CC"
79917,"NNP"
79918,"NNP"
79919,"."
79920,"NNP"
79921,"NNP"
79922,"VBZ"
79923,"PRP"
79924,"VBD"
79925,"RB"
79926,"CD"
79927,"CC"
79928,"CD"
79929,"NNS"
79930,"CC"
79931,"IN"
79932,"PRP"
79933,"RB"
79934,"VBD"
79935,"RB"
79936,"."
79937,"IN"
79938,"NNP"
79939,","
79940,"PRP"
79941,"VBD"
79942,"DT"
79943,"NN"
79944,"IN"
79945,"``"
79946,"NNS"
79947,"IN"
79948,"DT"
79949,"RBS"
79950,"JJ"
79951,"NNS"
79952,"IN"
79953,"DT"
79954,"NN"
79955,"."
79956,"''"
79957,"PRP"
79958,"VBZ"
79959,"PRP"
79960,"VBZ"
79961,"TO"
79962,"VB"
79963,"DT"
79964,"NN"
79965,":"
79966,"VBG"
79967,"DT"
79968,"JJ"
79969,"NNS"
79970,":"
79971,"``"
79972,"RB"
79973,"CC"
79974,"RB"
79975,","
79976,"RB"
79977,"IN"
79978,"PRP"
79979,"VBD"
79980,"VBN"
79981,"RB"
79982,"."
79983,"''"
79984,"CC"
79985,"IN"
79986,"CD"
79987,"NN"
79988,","
79989,"NNP"
79990,"NNP"
79991,"POS"
79992,"NNS"
79993,"VBP"
79994,"``"
79995,"JJ"
79996,"."
79997,"''"
79998,"DT"
79999,"VBZ"
80000,","
80001,"PRP"
80002,"VBZ"
80003,"VBG"
80004,"VBN"
80005,"TO"
80006,"VB"
80007,"PRP"
80008,"IN"
80009,"DT"
80010,"NN"
80011,"RB"
80012,"RB"
80013,","
80014,"CC"
80015,"VBZ"
80016,"RB"
80017,"VBN"
80018,"NNS"
80019,"WDT"
80020,"VBP"
80021,"JJR"
80022,"IN"
80023,"PRP"
80024,"VBD"
80025,"IN"
80026,"DT"
80027,"IN"
80028,"DT"
80029,"JJ"
80030,"NNS"
80031,"."
80032,"``"
80033,"IN"
80034,"DT"
80035,"JJ"
80036,"NNS"
80037,","
80038,"PRP"
80039,"MD"
80040,"VB"
80041,"RB"
80042,"VBZ"
80043,"VBN"
80044,"JJ"
80045,"NN"
80046,","
80047,"''"
80048,"VBZ"
80049,"NNP"
80050,"NNP"
80051,","
80052,"DT"
80053,"NN"
80054,"IN"
80055,"NNP"
80056,"POS"
80057,"JJ"
80058,"NN"
80059,"NN"
80060,"IN"
80061,"NNP"
80062,"NNS"
80063,"."
80064,"CC"
80065,"JJ"
80066,"NN"
80067,"IN"
80068,"NNP"
80069,"VBZ"
80070,"``"
80071,"IN"
80072,"VBG"
80073,"PRP$"
80074,"NN"
80075,":"
80076,"PRP"
80077,"VBP"
80078,"RB"
80079,"IN"
80080,"CD"
80081,"NN"
80082,"."
80083,"NNS"
80084,"VBP"
80085,"RP"
80086,"CC"
80087,"VB"
80088,"TO"
80089,"VB"
80090,"DT"
80091,"NN"
80092,"."
80093,"''"
80094,"NNP"
80095,"NNP"
80096,"VBZ"
80097,"PRP"
80098,"CC"
80099,"NNP"
80100,"NNP"
80101,"IN"
80102,"DT"
80103,"NN"
80104,"."
80105,"NNP"
80106,"NNP"
80107,"VBZ"
80108,"NNP"
80109,"NNP"
80110,"VBD"
80111,"DT"
80112,"JJ"
80113,"NN"
80114,"WP"
80115,"VBD"
80116,"RB"
80117,"CC"
80118,"VBD"
80119,"DT"
80120,"JJS"
80121,"NNS"
80122,"JJ"
80123,"IN"
80124,"DT"
80125,"NN"
80126,"."
80127,"``"
80128,"IN"
80129,"NN"
80130,","
80131,"PRP"
80132,"VBD"
80133,"DT"
80134,"JJ"
80135,"NN"
80136,","
80137,"''"
80138,"NNP"
80139,"NNP"
80140,"VBZ"
80141,","
80142,"CC"
80143,"PRP"
80144,"VBZ"
80145,"DT"
80146,"WP"
80147,"NN"
80148,"RBR"
80149,"CC"
80150,"VBD"
80151,"RP"
80152,"VBD"
80153,"NNS"
80154,"WP"
80155,"MD"
80156,"RB"
80157,"VB"
80158,"VBN"
80159,"IN"
80160,"DT"
80161,"NNS"
80162,"TO"
80163,"VB"
80164,"PRP"
80165,"IN"
80166,"DT"
80167,"NN"
80168,"TO"
80169,"NNS"
80170,"."
80171,"NNP"
80172,"NNP"
80173,"NNP"
80174,","
80175,"DT"
80176,"JJ"
80177,"NN"
80178,"IN"
80179,"NNP"
80180,"NNP"
80181,"IN"
80182,"NNP"
80183,"NNP"
80184,","
80185,"VBZ"
80186,"PRP"
80187,"``"
80188,"JJ"
80189,"NN"
80190,"IN"
80191,"NN"
80192,"IN"
80193,"DT"
80194,"NN"
80195,"NN"
80196,"TO"
80197,"DT"
80198,"VB"
80199,"DT"
80200,"NN"
80201,"IN"
80202,"NNS"
80203,"CC"
80204,"TO"
80205,"VB"
80206,"NN"
80207,"NNS"
80208,"IN"
80209,"DT"
80210,"NNS"
80211,"TO"
80212,"VB"
80213,"VBN"
80214,"."
80215,"''"
80216,"NNP"
80217,"NNP"
80218,","
80219,"PRP"
80220,"VBZ"
80221,","
80222,"VBZ"
80223,"``"
80224,"VBG"
80225,"DT"
80226,"NNS"
80227,"."
80228,"''"
80229,"``"
80230,"PRP"
80231,"MD"
80232,"RB"
80233,"VB"
80234,"WRB"
80235,"EX"
80236,"MD"
80237,"VB"
80238,"DT"
80239,"NN"
80240,"IN"
80241,"NN"
80242,","
80243,"''"
80244,"VBZ"
80245,"NNP"
80246,"POS"
80247,"NNP"
80248,"NNP"
80249,"."
80250,"``"
80251,"NNS"
80252,"VBP"
80253,"VBN"
80254,"IN"
80255,"DT"
80256,"JJ"
80257,"NN"
80258,"IN"
80259,"JJ"
80260,"NNS"
80261,"VBN"
80262,"IN"
80263,"NN"
80264,"CC"
80265,"JJ"
80266,"NN"
80267,"NNS"
80268,","
80269,"CC"
80270,"VBP"
80271,"RB"
80272,"VBN"
80273,"IN"
80274,"DT"
80275,"NN"
80276,"IN"
80277,"WP"
80278,"DT"
80279,"JJ"
80280,"NN"
80281,"MD"
80282,"VB"
80283,"."
80284,"''"
80285,"RB"
80286,","
80287,"NNS"
80288,"VBP"
80289,"NN"
80290,"IN"
80291,"NNS"
80292,"CC"
80293,"VBP"
80294,"RB"
80295,"VB"
80296,"IN"
80297,"NN"
80298,","
80299,"PRP"
80300,"VBZ"
80301,","
80302,"``"
80303,"IN"
80304,"PRP"
80305,"VBP"
80306,"RB"
80307,"VB"
80308,"WP"
80309,"DT"
80310,"JJ"
80311,"NN"
80312,"MD"
80313,"VB"
80314,"."
80315,"''"
80316,"NNP"
80317,"NNP"
80318,","
80319,"IN"
80320,"VBG"
80321,"RP"
80322,"PRP$"
80323,"NNS"
80324,","
80325,"VBZ"
80326,"VBG"
80327,"IN"
80328,"JJS"
80329,"DT"
80330,"CD"
80331,"NN"
80332,"NN"
80333,"IN"
80334,"DT"
80335,"NN"
80336,"POS"
80337,"NN"
80338,","
80339,"RB"
80340,"RB"
80341,"TO"
80342,"VB"
80343,"IN"
80344,"DT"
80345,"NN"
80346,"VBD"
80347,"JJ"
80348,"."
80349,"NNP"
80350,"NNP"
80351,"VBZ"
80352,"IN"
80353,"PRP"
80354,"VBZ"
80355,"NNS"
80356,"RP"
80357,"RP"
80358,"RB"
80359,"IN"
80360,"DT"
80361,"NN"
80362,"CC"
80363,"DT"
80364,"JJ"
80365,"NNS"
80366,"IN"
80367,"RB"
80368,"RB"
80369,"RP"
80370,"IN"
80371,"NNP"
80372,"CC"
80373,"NNP"
80374,"VBP"
80375,"VBN"
80376,"DT"
80377,"NN"
80378,"."
80379,"IN"
80380,"IN"
80381,"DT"
80382,"NN"
80383,"IN"
80384,"NN"
80385,"TO"
80386,"VB"
80387,","
80388,"NNS"
80389,"CC"
80390,"NNS"
80391,"VBP"
80392,"VBN"
80393,"VBG"
80394,"TO"
80395,"VB"
80396,"DT"
80397,"NNS"
80398,"IN"
80399,"JJ"
80400,"NNS"
80401,"."
80402,"CC"
80403,"RB"
80404,"RB"
80405,","
80406,"NNP"
80407,"NNP"
80408,"CC"
80409,"PRP$"
80410,"NNS"
80411,"VBP"
80412,"VBG"
80413,"RB"
80414,"."
80415,"CD"
80416,"NN"
80417,","
80418,"NNP"
80419,"NNP"
80420,"IN"
80421,"NNP"
80422,"CC"
80423,"NNP"
80424,"IN"
80425,"NNP"
80426,"NNP"
80427,","
80428,"VBZ"
80429,"PRP"
80430,"``"
80431,"MD"
80432,"VB"
80433,"VBN"
80434,"TO"
80435,"VB"
80436,"''"
80437,"DT"
80438,"NNP"
80439,"NNP"
80440,"NNP"
80441,"NN"
80442,"NN"
80443,"IN"
80444,"DT"
80445,"NN"
80446,"."
80447,"``"
80448,"PRP"
80449,"VBD"
80450,"TO"
80451,"VB"
80452,"DT"
80453,"NN"
80454,":"
80455,"TO"
80456,"VB"
80457,"PRP"
80458,"RB"
80459,":"
80460,"CC"
80461,"("
80462,"NNP"
80463,"POS"
80464,")"
80465,"MD"
80466,"RB"
80467,"VB"
80468,"PRP"
80469,"."
80470,"PRP"
80471,"VBD"
80472,"VBG"
80473,"PRP$"
80474,"NNS"
80475,"."
80476,"''"
80477,"RB"
80478,","
80479,"NNP"
80480,"NNP"
80481,"CC"
80482,"JJ"
80483,"NNS"
80484,"VBP"
80485,"VBG"
80486,"NN"
80487,"IN"
80488,"NN"
80489,"."
80490,"NNP"
80491,"NNP"
80492,"VBZ"
80493,"VBN"
80494,"VBN"
80495,"IN"
80496,"``"
80497,"DT"
80498,"JJ"
80499,"NN"
80500,"CC"
80501,"NN"
80502,","
80503,"''"
80504,"VBZ"
80505,"NNP"
80506,"NNP"
80507,"NNP"
80508,","
80509,"DT"
80510,"JJ"
80511,"NN"
80512,"NN"
80513,"IN"
80514,"NNP"
80515,"."
80516,"DT"
80517,"NN"
80518,","
80519,"PRP"
80520,"VBZ"
80521,","
80522,"VBP"
80523,"VBN"
80524,"PRP$"
80525,"JJ"
80526,"NN"
80527,"."
80528,"NNP"
80529,"NNP"
80530,"NNP"
80531,"IN"
80532,"NN"
80533,"."
80534,"``"
80535,"PRP"
80536,"VBP"
80537,"RB"
80538,"VB"
80539,"PRP"
80540,"VBP"
80541,"DT"
80542,"NN"
80543,"NN"
80544,"WDT"
80545,"VBZ"
80546,","
80547,"RB"
80548,","
80549,"IN"
80550,"NN"
80551,","
80552,"''"
80553,"PRP"
80554,"VBZ"
80555,"."
80556,"CC"
80557,"IN"
80558,"RB"
80559,"DT"
80560,"NN"
80561,","
80562,"PRP"
80563,"VBZ"
80564,"VBN"
80565,"IN"
80566,"PRP$"
80567,"NN"
80568,"IN"
80569,"DT"
80570,"NN"
80571,"IN"
80572,"NNP"
80573,"WP"
80574,"FW"
80575,"NN"
80576,"IN"
80577,"NN"
80578,"IN"
80579,"DT"
80580,"NN"
80581,"IN"
80582,"NNP"
80583,"CC"
80584,"NNP"
80585,"DT"
80586,"NNP"
80587,"IN"
80588,"NNP"
80589,"."
80590,"NNP"
80591,"NNP"
80592,"VBZ"
80593,","
80594,"RB"
80595,","
80596,"DT"
80597,"NN"
80598,"IN"
80599,"PRP$"
80600,"JJ"
80601,"NN"
80602,"VBZ"
80603,"JJ"
80604,"NN"
80605,"."
80606,"DT"
80607,"NNS"
80608,"VBP"
80609,"VBN"
80610,"IN"
80611,"NN"
80612,"CC"
80613,"JJ"
80614,"NNS"
80615,","
80616,"JJ"
80617,"NNS"
80618,"CC"
80619,","
80620,"IN"
80621,"NN"
80622,","
80623,"DT"
80624,"$"
80625,"CD"
80626,"CD"
80627,"NNP"
80628,"."
80629,"CC"
80630,"PRP"
80631,"VBZ"
80632,"IN"
80633,"DT"
80634,"NN"
80635,"VB"
80636,"VBN"
80637,"RP"
80638,"."
80639,"``"
80640,"VBP"
80641,"RB"
80642,"VB"
80643,"PRP"
80644,"VBZ"
80645,"DT"
80646,"JJ"
80647,"NN"
80648,"."
80649,"RB"
80650,"VBP"
80651,"DT"
80652,"NNS"
80653,"VBP"
80654,"RB"
80655,"VBN"
80656,","
80657,"''"
80658,"PRP"
80659,"VBZ"
80660,"."
80661,"``"
80662,"RB"
80663,","
80664,"DT"
80665,"NNS"
80666,"MD"
80667,"VB"
80668,"PRP"
80669,"IN"
80670,"NN"
80671,","
80672,"CC"
80673,"NNS"
80674,"NN"
80675,"POS"
80676,"VBD"
80677,"TO"
80678,"VB"
80679,"NN"
80680,"."
80681,"''"
80682,"NNS"
80683,"VBP"
80684,"RB"
80685,"VB"
80686,"NNS"
80687,"CC"
80688,"NN"
80689,"NNS"
80690,"."
80691,"O"
80692,"NNS"
80693,"VBN"
80694,"RB"
80695,"VBD"
80696,"JJ"
80697,"NN"
80698,"RB"
80699,"JJ"
80700,"IN"
80701,"DT"
80702,"NN"
80703,"IN"
80704,"NNS"
80705,"POS"
80706,"NNS"
80707,"."
80708,"DT"
80709,"NNS"
80710,"VBP"
80711,"VBN"
80712,"IN"
80713,"IN"
80714,"JJS"
80715,"CD"
80716,"NNS"
80717,","
80718,"CC"
80719,"VBD"
80720,"DT"
80721,"JJ"
80722,"JJ"
80723,"NN"
80724,"IN"
80725,"JJ"
80726,"NNS"
80727,"IN"
80728,"NN"
80729,"."
80730,"JJ"
80731,"CC"
80732,"JJ"
80733,"NNS"
80734,"VBG"
80735,"NNS"
80736,"VBP"
80737,"VBN"
80738,"."
80739,"DT"
80740,"NN"
80741,"NN"
80742,"VBZ"
80743,"JJ"
80744,"NN"
80745,"IN"
80746,"DT"
80747,"JJ"
80748,"NN"
80749,"WRB"
80750,"IN"
80751,"JJS"
80752,"CD"
80753,"NNS"
80754,"VBP"
80755,"NNS"
80756,"NNS"
80757,"IN"
80758,"DT"
80759,"JJ"
80760,"CD"
80761,"NNS"
80762,"."
80763,"RB"
80764,","
80765,"JJ"
80766,"NN"
80767,"VBZ"
80768,"VBN"
80769,"IN"
80770,"DT"
80771,"JJ"
80772,"NN"
80773,"."
80774,"O"
80775,"("
80776,"IN"
80777,"PRP$"
80778,"JJ"
80779,"NN"
80780,","
80781,"DT"
80782,"NNP"
80783,"NNP"
80784,"NNP"
80785,"MD"
80786,"VB"
80787,"NNS"
80788,"IN"
80789,"DT"
80790,"JJ"
80791,"NN"
80792,"IN"
80793,"NN"
80794,"IN"
80795,"NNS"
80796,"IN"
80797,"JJ"
80798,"NN"
80799,"NN"
80800,"."
80801,")"
80802,"JJ"
80803,"NN"
80804,","
80805,"RB"
80806,"IN"
80807,"NNP"
80808,","
80809,"VBD"
80810,"JJ"
80811,"TO"
80812,"VB"
80813,"PRP$"
80814,"NN"
80815,"IN"
80816,"VBG"
80817,"NNS"
80818,"TO"
80819,"VB"
80820,"VBN"
80821,"IN"
80822,"NNS"
80823,"VBG"
80824,"JJ"
80825,"NNS"
80826,","
80827,"NNS"
80828,"WDT"
80829,"VBD"
80830,"VBN"
80831,"DT"
80832,"RB"
80833,"JJ"
80834,"."
80835,"DT"
80836,"JJ"
80837,"NNP"
80838,"NNP"
80839,"NNP"
80840,"NNP"
80841,"("
80842,"NNP"
80843,")"
80844,"VBD"
80845,"VBN"
80846,"IN"
80847,"CD"
80848,"TO"
80849,"VB"
80850,"DT"
80851,"NNP"
80852,"NNP"
80853,"NNP"
80854,"IN"
80855,"DT"
80856,"NNP"
80857,"NNP"
80858,"IN"
80859,"NNP"
80860,"NNP"
80861,"NNP"
80862,"."
80863,"DT"
80864,"IN"
80865,"DT"
80866,"JJ"
80867,"NN"
80868,"POS"
80869,"NNS"
80870,"VBD"
80871,"CD"
80872,","
80873,"JJ"
80874,"NN"
80875,"NN"
80876,"IN"
80877,"PRP"
80878,"VBD"
80879,"VBG"
80880,"NNS"
80881,"IN"
80882,"NN"
80883,"NNS"
80884,"POS"
80885,"NNS"
80886,"IN"
80887,"DT"
80888,"JJ"
80889,"NN"
80890,"."
80891,"DT"
80892,"JJ"
80893,"NN"
80894,"POS"
80895,"JJ"
80896,"NN"
80897,"VBD"
80898,"CD"
80899,"NN"
80900,","
80901,"CC"
80902,"DT"
80903,"NNS"
80904,"VBD"
80905,"IN"
80906,"NN"
80907,"CC"
80908,"NN"
80909,"."
80910,"NNP"
80911,"NNP"
80912,"NNP"
80913,","
80914,"DT"
80915,"JJ"
80916,"NNP"
80917,"CC"
80918,"NNP"
80919,"NNP"
80920,"NN"
80921,","
80922,"VBD"
80923,"DT"
80924,"NN"
80925,"WDT"
80926,"VBD"
80927,"VBN"
80928,"DT"
80929,"NNS"
80930,"IN"
80931,"DT"
80932,"NN"
80933,"CC"
80934,"VBD"
80935,"DT"
80936,"NNP"
80937,"IN"
80938,"NNP"
80939,"CD"
80940,","
80941,"CD"
80942,"."
80943,"DT"
80944,"JJ"
80945,"NN"
80946,"VBD"
80947,"VBN"
80948,"``"
80949,"CD"
80950,"NNS"
80951,"CC"
80952,"CD"
80953,"NNS"
80954,"''"
80955,"IN"
80956,"PRP$"
80957,"JJ"
80958,"NN"
80959,","
80960,"PRP$"
80961,"NN"
80962,"VBD"
80963,"VBN"
80964,"."
80965,"DT"
80966,"NN"
80967,"VBD"
80968,"RB"
80969,"IN"
80970,"DT"
80971,"JJ"
80972,"NNP"
80973,"."
80974,"IN"
80975,"DT"
80976,"JJ"
80977,"NNS"
80978,"DT"
80979,"NN"
80980,"VBD"
80981,"TO"
80982,"VB"
80983,"JJ"
80984,"NNS"
80985,"IN"
80986,"NNS"
80987,"VBG"
80988,"JJ"
80989,"NNS"
80990,"IN"
80991,"JJ"
80992,"NNS"
80993,"CC"
80994,"NN"
80995,"NNS"
80996,"."
80997,"CC"
80998,"IN"
80999,"NNP"
81000,"CD"
81001,"NNP"
81002,"VBD"
81003,"VBN"
81004,"DT"
81005,"JJ"
81006,"NN"
81007,"TO"
81008,"VB"
81009,"CD"
81010,"NN"
81011,"NN"
81012,"."
81013,"RB"
81014,","
81015,"NNP"
81016,"NNP"
81017,","
81018,"DT"
81019,"NNP"
81020,"NN"
81021,","
81022,"IN"
81023,"NNP"
81024,"CD"
81025,"VBD"
81026,"VBN"
81027,"IN"
81028,"DT"
81029,"NN"
81030,"MD"
81031,"VB"
81032,"DT"
81033,"``"
81034,"JJ"
81035,"NN"
81036,"NN"
81037,"NN"
81038,"NNS"
81039,"''"
81040,"IN"
81041,"PRP"
81042,"VBD"
81043,"DT"
81044,"NNP"
81045,"NN"
81046,"."
81047,"NNS"
81048,"IN"
81049,"DT"
81050,"NNS"
81051,","
81052,"VBN"
81053,"``"
81054,"NN"
81055,"NNS"
81056,","
81057,"''"
81058,"VBD"
81059,"DT"
81060,"NN"
81061,"."
81062,"NNP"
81063,"NNP"
81064,"VBD"
81065,"PRP$"
81066,"JJ"
81067,"NN"
81068,"IN"
81069,"NNP"
81070,"CD"
81071,","
81072,"CD"
81073,"."
81074,"IN"
81075,"NNP"
81076,"CD"
81077,","
81078,"CD"
81079,","
81080,"PRP"
81081,"VBD"
81082,"PRP$"
81083,"JJ"
81084,"NN"
81085,":"
81086,"PRP"
81087,"VBD"
81088,"NNS"
81089,"TO"
81090,"VB"
81091,"JJ"
81092,"NN"
81093,"NNS"
81094,"IN"
81095,"NNP"
81096,"NNS"
81097,"."
81098,"DT"
81099,"NNP"
81100,"RB"
81101,"RB"
81102,"VBZ"
81103,"VBN"
81104,"CD"
81105,"NNS"
81106,","
81107,"CC"
81108,"DT"
81109,"RB"
81110,"JJ"
81111,"NN"
81112,"."
81113,"IN"
81114,"JJ"
81115,"CD"
81116,","
81117,"IN"
81118,"NN"
81119,","
81120,"PRP"
81121,"VBZ"
81122,"VBN"
81123,"IN"
81124,"DT"
81125,"NN"
81126,"NN"
81127,"IN"
81128,"JJ"
81129,"NN"
81130,"NNS"
81131,"IN"
81132,"IN"
81133,"DT"
81134,"JJ"
81135,"NN"
81136,"IN"
81137,"DT"
81138,"NN"
81139,"."
81140,"O"
81141,"NNP"
81142,"NNP"
81143,"NNP"
81144,"VBD"
81145,"PRP"
81146,"VBZ"
81147,"TO"
81148,"VB"
81149,"CD"
81150,"NNS"
81151,","
81152,"CC"
81153,"IN"
81154,"CD"
81155,"NN"
81156,"IN"
81157,"PRP$"
81158,"NNS"
81159,"JJ"
81160,","
81161,"IN"
81162,"JJ"
81163,"NN"
81164,"NNS"
81165,"."
81166,"DT"
81167,"NN"
81168,"NNS"
81169,"NN"
81170,"RB"
81171,"VBZ"
81172,"CD"
81173,"CD"
81174,"JJ"
81175,"NNS"
81176,"JJ"
81177,"."
81178,"NNP"
81179,"RB"
81180,"VBD"
81181,"VBD"
81182,"PRP"
81183,"VBD"
81184,"TO"
81185,"VB"
81186,"NNS"
81187,","
81188,"CC"
81189,"VBD"
81190,"RB"
81191,"VB"
81192,"WRB"
81193,"CC"
81194,"WRB"
81195,"JJ"
81196,"NNS"
81197,"PRP"
81198,"VBD"
81199,"TO"
81200,"VB"
81201,"RB"
81202,"."
81203,"DT"
81204,"NN"
81205,"VBD"
81206,"NNP"
81207,"NNP"
81208,"CC"
81209,"NNP"
81210,"IN"
81211,"PRP$"
81212,"JJ"
81213,"NN"
81214,"IN"
81215,"DT"
81216,"NN"
81217,"NN"
81218,"NN"
81219,"."
81220,"O"
81221,"DT"
81222,"NN"
81223,"IN"
81224,"DT"
81225,"NNP"
81226,"NNP"
81227,"IN"
81228,"NNP"
81229,"VBD"
81230,"VBN"
81231,"IN"
81232,"$"
81233,"CD"
81234,","
81235,"RB"
81236,"$"
81237,"CD"
81238,"IN"
81239,"DT"
81240,"JJ"
81241,"NN"
81242,"JJ"
81243,"NNP"
81244,"."
81245,"NNS"
81246,"RB"
81247,"VBP"
81248,"VBN"
81249,"IN"
81250,"$"
81251,"CD"
81252,"NN"
81253,","
81254,"$"
81255,"CD"
81256,"VBN"
81257,"."
81258,"DT"
81259,"JJ"
81260,"NN"
81261,"IN"
81262,"DT"
81263,"JJ"
81264,"NN"
81265,"IN"
81266,"DT"
81267,"NN"
81268,"VBZ"
81269,"$"
81270,"CD"
81271,","
81272,"VBN"
81273,"NNP"
81274,"CD"
81275,","
81276,"CD"
81277,"."
81278,"DT"
81279,"JJ"
81280,"NN"
81281,"NN"
81282,"VBD"
81283,"VBN"
81284,"IN"
81285,"$"
81286,"CD"
81287,","
81288,"RB"
81289,"$"
81290,"CD"
81291,"IN"
81292,"DT"
81293,"JJ"
81294,"NN"
81295,"NNP"
81296,"CD"
81297,"."
81298,"JJ"
81299,"NN"
81300,"NNS"
81301,"RB"
81302,"VBP"
81303,"VBN"
81304,"IN"
81305,"$"
81306,"CD"
81307,"NN"
81308,","
81309,"$"
81310,"CD"
81311,"VBN"
81312,"."
81313,"DT"
81314,"JJ"
81315,"NN"
81316,"IN"
81317,"JJ"
81318,"NN"
81319,"VBZ"
81320,"$"
81321,"CD"
81322,","
81323,"VBN"
81324,"NNP"
81325,"CD"
81326,","
81327,"CD"
81328,"."
81329,"O"
81330,"NNP"
81331,"NNP"
81332,"NNP"
81333,"VBD"
81334,"PRP$"
81335,"JJ"
81336,"NN"
81337,"NN"
81338,"NN"
81339,"VBD"
81340,"VBN"
81341,"DT"
81342,"NN"
81343,"IN"
81344,"DT"
81345,"NNP"
81346,"NNP"
81347,"IN"
81348,"CD"
81349,"NN"
81350,"NNS"
81351,","
81352,"WDT"
81353,"DT"
81354,"NN"
81355,"VBD"
81356,"IN"
81357,"RB"
81358,"JJ"
81359,"IN"
81360,"CD"
81361,"CD"
81362,"JJ"
81363,"NNS"
81364,"("
81365,"$"
81366,"CD"
81367,"CD"
81368,")"
81369,"."
81370,"NNP"
81371,"VBD"
81372,"DT"
81373,"JJ"
81374,"NN"
81375,"IN"
81376,"DT"
81377,"JJ"
81378,"IN"
81379,"DT"
81380,"JJ"
81381,"NN"
81382,"NN"
81383,"NN"
81384,"NNS"
81385,"VBZ"
81386,"$"
81387,"CD"
81388,"CD"
81389,"."
81390,"PRP"
81391,"VBZ"
81392,"VBN"
81393,"IN"
81394,"NN"
81395,"IN"
81396,"JJ"
81397,"CD"
81398,"."
81399,"DT"
81400,"NN"
81401,"IN"
81402,"DT"
81403,"JJ"
81404,"NN"
81405,"NNS"
81406,"IN"
81407,"$"
81408,"CD"
81409,"CD"
81410,"CC"
81411,"$"
81412,"CD"
81413,"CD"
81414,","
81415,"NNP"
81416,"VBD"
81417,","
81418,"VBG"
81419,"IN"
81420,"WRB"
81421,"DT"
81422,"NNP"
81423,"VBZ"
81424,"PRP$"
81425,"NN"
81426,"."
81427,"NNP"
81428,"VBZ"
81429,"DT"
81430,"JJ"
81431,"NN"
81432,"IN"
81433,"JJ"
81434,"CC"
81435,"JJ"
81436,"NN"
81437,"NNS"
81438,"CC"
81439,"NN"
81440,"NN"
81441,"."
81442,"O"
81443,"NNP"
81444,"NNP"
81445,"VBD"
81446,"PRP"
81447,"VBD"
81448,"TO"
81449,"VB"
81450,"IN"
81451,"DT"
81452,"NN"
81453,"IN"
81454,"JJ"
81455,"NNP"
81456,"NNP"
81457,"TO"
81458,"VB"
81459,"NN"
81460,"NNS"
81461,"IN"
81462,"DT"
81463,"JJ"
81464,"JJ"
81465,"NNP"
81466,"NN"
81467,"NN"
81468,"VBD"
81469,"IN"
81470,"NNP"
81471,"."
81472,"JJ"
81473,"NN"
81474,"IN"
81475,"DT"
81476,"NN"
81477,"MD"
81478,"VB"
81479,"$"
81480,"CD"
81481,"CD"
81482,","
81483,"NNP"
81484,"VBD"
81485,","
81486,"CC"
81487,"NN"
81488,"IN"
81489,"DT"
81490,"NN"
81491,"MD"
81492,"VB"
81493,"RB"
81494,"RB"
81495,"VBN"
81496,"."
81497,"IN"
81498,"RB"
81499,"VBN"
81500,","
81501,"NNS"
81502,"VBD"
81503,"IN"
81504,"NNP"
81505,"CD"
81506,"NN"
81507,"NN"
81508,"IN"
81509,"NNP"
81510,"."
81511,"O"
81512,"DT"
81513,"NNP"
81514,"NNP"
81515,"NN"
81516,"CC"
81517,"PRP$"
81518,"NNP"
81519,"NNP"
81520,"NNP"
81521,"NNP"
81522,"NN"
81523,"VBD"
81524,"JJR"
81525,"IN"
81526,"CD"
81527,"NN"
81528,"IN"
81529,"PRP$"
81530,"CD"
81531,"CD"
81532,"NN"
81533,"JJ"
81534,"JJ"
81535,"NNS"
81536,"JJ"
81537,"NNP"
81538,"VBD"
81539,"VBN"
81540,"IN"
81541,"NN"
81542,"IN"
81543,"JJ"
81544,"JJ"
81545,"NN"
81546,"."
81547,"DT"
81548,"NN"
81549,"VBD"
81550,"JJ"
81551,"NN"
81552,"NN"
81553,"IN"
81554,"IN"
81555,"$"
81556,"CD"
81557,"CD"
81558,"TO"
81559,"DT"
81560,"NN"
81561,"IN"
81562,"$"
81563,"CD"
81564,"CD"
81565,"."
81566,"NNP"
81567,"NNP"
81568,","
81569,"DT"
81570,"RB"
81571,"JJ"
81572,"NN"
81573,"NN"
81574,","
81575,"VBZ"
81576,"$"
81577,"CD"
81578,"CD"
81579,"IN"
81580,"NNS"
81581,"."
81582,"O"
81583,"NNP"
81584,"NNP"
81585,"NNP"
81586,"VBD"
81587,"VBN"
81588,"NN"
81589,"CC"
81590,"JJ"
81591,"NN"
81592,"NN"
81593,"IN"
81594,"DT"
81595,"NN"
81596,"IN"
81597,"NN"
81598,"NNS"
81599,"IN"
81600,"JJ"
81601,"NNS"
81602,"CC"
81603,"JJ"
81604,"NNS"
81605,"."
81606,"IN"
81607,"NN"
81608,","
81609,"NNP"
81610,"NNP"
81611,","
81612,"CD"
81613,"NNS"
81614,"JJ"
81615,","
81616,"VBZ"
81617,"PRP$"
81618,"NN"
81619,","
81620,"NNP"
81621,"NNP"
81622,"NNP"
81623,","
81624,"CD"
81625,","
81626,"WP"
81627,"VBD"
81628,"DT"
81629,"NN"
81630,"IN"
81631,"NNP"
81632,"."
81633,"NNP"
81634,"NNP"
81635,"VBZ"
81636,"NN"
81637,"CC"
81638,"JJ"
81639,"NN"
81640,"NN"
81641,"."
81642,"NNP"
81643,"NNP"
81644,"VBZ"
81645,"VBN"
81646,"IN"
81647,"NNP"
81648,"IN"
81649,"CD"
81650,","
81651,"CC"
81652,"VBZ"
81653,"VBN"
81654,"IN"
81655,"NN"
81656,"NN"
81657,"IN"
81658,"NN"
81659,"CC"
81660,"NN"
81661,"IN"
81662,"CD"
81663,"."
81664,"O"
81665,"NNP"
81666,"NNP"
81667,"NNP"
81668,"NNP"
81669,","
81670,"DT"
81671,"NN"
81672,"IN"
81673,"NNP"
81674,"NNP"
81675,"NNP"
81676,","
81677,"VBD"
81678,"DT"
81679,"$"
81680,"CD"
81681,"CD"
81682,"NNP"
81683,"NN"
81684,"TO"
81685,"VB"
81686,"NN"
81687,"NNS"
81688,"IN"
81689,"VBN"
81690,"NNS"
81691,"IN"
81692,"NNP"
81693,"."
81694,"NNP"
81695,"NNP"
81696,"VBD"
81697,"VBN"
81698,"DT"
81699,"$"
81700,"CD"
81701,"CD"
81702,"NNP"
81703,"NN"
81704,"IN"
81705,"NNP"
81706,"NNS"
81707,"."
81708,"NNP"
81709,"NNP"
81710,"NNP"
81711,","
81712,"DT"
81713,"NN"
81714,"IN"
81715,"NNP"
81716,"NNP"
81717,"NNP"
81718,","
81719,"VBD"
81720,"DT"
81721,"$"
81722,"CD"
81723,"CD"
81724,"NNP"
81725,"NNP"
81726,"NN"
81727,"IN"
81728,"JJ"
81729,"NN"
81730,"."
81731,"O"
81732,"NNP"
81733,"NNP"
81734,"NNP"
81735,"VBD"
81736,"JJ"
81737,"JJ"
81738,"NN"
81739,"VBD"
81740,"RB"
81741,"CD"
81742,"NN"
81743,"TO"
81744,"$"
81745,"CD"
81746,"CD"
81747,","
81748,"CC"
81749,"$"
81750,"CD"
81751,"DT"
81752,"NN"
81753,","
81754,"IN"
81755,"$"
81756,"CD"
81757,"CD"
81758,","
81759,"CC"
81760,"$"
81761,"CD"
81762,"DT"
81763,"NN"
81764,","
81765,"DT"
81766,"NN"
81767,"RBR"
81768,"."
81769,"DT"
81770,"JJ"
81771,"NNS"
81772,"VBP"
81773,"DT"
81774,"NN"
81775,"IN"
81776,"IN"
81777,"CD"
81778,"CD"
81779,"IN"
81780,"JJ"
81781,"NNS"
81782,"JJ"
81783,"."
81784,"NNP"
81785,"VBD"
81786,"CD"
81787,"NN"
81788,"TO"
81789,"$"
81790,"CD"
81791,"CD"
81792,"IN"
81793,"$"
81794,"CD"
81795,"CD"
81796,"."
81797,"NNP"
81798,"VBZ"
81799,"DT"
81800,"JJ"
81801,"JJ"
81802,"NN"
81803,"NN"
81804,"IN"
81805,"NNP"
81806,"TO"
81807,"VB"
81808,"JJ"
81809,"NNS"
81810,"."
81811,"DT"
81812,"NN"
81813,"CD"
81814,"JJ"
81815,"NN"
81816,"NN"
81817,","
81818,"NNP"
81819,"NNP"
81820,"IN"
81821,"NNP"
81822,","
81823,"NNP"
81824,"VBD"
81825,"PRP$"
81826,"NNS"
81827,"VBD"
81828,"CD"
81829,"NN"
81830,"TO"
81831,"$"
81832,"CD"
81833,"CD"
81834,","
81835,"CC"
81836,"$"
81837,"CD"
81838,"DT"
81839,"NN"
81840,"."
81841,"CC"
81842,"NNP"
81843,"NNP"
81844,"NNP"
81845,"NN"
81846,"VBD"
81847,"JJ"
81848,"NN"
81849,"VBD"
81850,"CD"
81851,"NN"
81852,"TO"
81853,"$"
81854,"CD"
81855,"CD"
81856,","
81857,"CC"
81858,"CD"
81859,"NNS"
81860,"DT"
81861,"NN"
81862,","
81863,"IN"
81864,"$"
81865,"CD"
81866,"CD"
81867,","
81868,"CC"
81869,"$"
81870,"CD"
81871,"DT"
81872,"NN"
81873,"."
81874,"NNS"
81875,"IN"
81876,"NN"
81877,"VBD"
81878,"VBN"
81879,"VBG"
81880,"IN"
81881,"$"
81882,"CD"
81883,"IN"
81884,"NNP"
81885,"CC"
81886,"$"
81887,"CD"
81888,"IN"
81889,"JJ"
81890,"."
81891,"``"
81892,"PRP"
81893,"VBZ"
81894,"DT"
81895,"JJ"
81896,"NN"
81897,"IN"
81898,"NN"
81899,"IN"
81900,"NN"
81901,"VBZ"
81902,"VBN"
81903,"IN"
81904,"DT"
81905,"NN"
81906,","
81907,"''"
81908,"VBZ"
81909,"NNP"
81910,"NNP"
81911,","
81912,"NNS"
81913,"NN"
81914,"IN"
81915,"NNP"
81916,","
81917,"NNP"
81918,"CC"
81919,"NNP"
81920,"NNP"
81921,","
81922,"WP"
81923,"VBD"
81924,"VBN"
81925,"NNP"
81926,"MD"
81927,"VB"
81928,"IN"
81929,"$"
81930,"CD"
81931,"DT"
81932,"NN"
81933,"."
81934,"DT"
81935,"NN"
81936,"POS"
81937,"NN"
81938,"CD"
81939,"NN"
81940,"NN"
81941,"VBD"
81942,"NNS"
81943,"VBD"
81944,"VBN"
81945,"IN"
81946,"JJR"
81947,"NNS"
81948,"IN"
81949,"JJ"
81950,"JJ"
81951,"NN"
81952,"NNS"
81953,","
81954,"WDT"
81955,"RB"
81956,"VBP"
81957,"NN"
81958,"NNS"
81959,"IN"
81960,"JJ"
81961,"NNS"
81962,"."
81963,"DT"
81964,"JJ"
81965,"NN"
81966,"NN"
81967,"VBZ"
81968,"VBN"
81969,"CD"
81970,"NN"
81971,"IN"
81972,"DT"
81973,"NN"
81974,"RB"
81975,"TO"
81976,"CD"
81977,"NNS"
81978,"DT"
81979,"NN"
81980,"."
81981,"RB"
81982,"IN"
81983,"DT"
81984,"NN"
81985,"NN"
81986,"VBZ"
81987,"VBN"
81988,"VBN"
81989,"IN"
81990,"DT"
81991,"NN"
81992,"NN"
81993,"CC"
81994,"DT"
81995,"JJ"
81996,"NN"
81997,"VBZ"
81998,"RB"
81999,"DT"
82000,"NN"
82001,"POS"
82002,"JJ"
82003,"NN"
82004,"."
82005,"CC"
82006,"NNP"
82007,"NNP"
82008,"NNP"
82009,","
82010,"NN"
82011,"CC"
82012,"JJ"
82013,"NN"
82014,"NN"
82015,","
82016,"VBD"
82017,"DT"
82018,"VBN"
82019,"NN"
82020,"``"
82021,"VBZ"
82022,"TO"
82023,"VB"
82024,"VBN"
82025,"RP"
82026,"."
82027,"''"
82028,"PRP"
82029,"VBD"
82030,"NNS"
82031,"VBP"
82032,"VBG"
82033,"IN"
82034,"DT"
82035,"``"
82036,"JJ"
82037,"''"
82038,"NN"
82039,"CC"
82040,"DT"
82041,"NN"
82042,"VBZ"
82043,"DT"
82044,"JJ"
82045,"NN"
82046,"."
82047,"NNP"
82048,"NNS"
82049,"IN"
82050,"CD"
82051,"JJ"
82052,"NNS"
82053,"VBD"
82054,"RB"
82055,"JJ"
82056,"TO"
82057,"DT"
82058,"JJ"
82059,"NN"
82060,","
82061,"DT"
82062,"NN"
82063,"VBD"
82064,"."
82065,"RB"
82066,","
82067,"DT"
82068,"NN"
82069,"VBD"
82070,"IN"
82071,"IN"
82072,"DT"
82073,"JJ"
82074,"NN"
82075,"RB"
82076,"VBD"
82077,"JJ"
82078,"NN"
82079,"CC"
82080,"NN"
82081,"NNS"
82082,","
82083,"VBG"
82084,"DT"
82085,"JJ"
82086,"NN"
82087,"NN"
82088,"NN"
82089,"."
82090,"IN"
82091,"JJ"
82092,"NN"
82093,"IN"
82094,"DT"
82095,"NNP"
82096,"NNP"
82097,"NNP"
82098,"NNP"
82099,","
82100,"NNP"
82101,"VBD"
82102,"IN"
82103,"$"
82104,"CD"
82105,","
82106,"RB"
82107,"$"
82108,"CD"
82109,"."
82110,"O"
82111,"DT"
82112,"RP"
82113,","
82114,"CC"
82115,"RB"
82116,"DT"
82117,"NN"
82118,"NN"
82119,"."
82120,"DT"
82121,"VBZ"
82122,"WRB"
82123,"DT"
82124,"JJ"
82125,"NN"
82126,"VBZ"
82127,"VBG"
82128,"RP"
82129,"IN"
82130,"DT"
82131,"NNS"
82132,"RB"
82133,","
82134,"VBG"
82135,"TO"
82136,"NN"
82137,"NNS"
82138,"CC"
82139,"DT"
82140,"JJ"
82141,"NNS"
82142,"."
82143,"NNP"
82144,"POS"
82145,"JJ"
82146,"NN"
82147,"IN"
82148,"NNP"
82149,"POS"
82150,"NNP"
82151,"IN"
82152,"DT"
82153,"NNP"
82154,"NNP"
82155,"NNS"
82156,"VBD"
82157,"JJ"
82158,"NN"
82159,"NNS"
82160,"VBG"
82161,"IN"
82162,"NNS"
82163,"VBP"
82164,"DT"
82165,"JJ"
82166,"NN"
82167,"RB"
82168,"."
82169,"CC"
82170,"RB"
82171,"DT"
82172,"JJ"
82173,"NN"
82174,"NNS"
82175,"VBP"
82176,"RB"
82177,"VBG"
82178,"PRP"
82179,"."
82180,"JJ"
82181,"JJ"
82182,"NNS"
82183,","
82184,"PRP"
82185,"VBP"
82186,","
82187,"VBP"
82188,"DT"
82189,"NN"
82190,"IN"
82191,"DT"
82192,"NN"
82193,"NN"
82194,"."
82195,"``"
82196,"DT"
82197,"NN"
82198,"NN"
82199,"VBP"
82200,"RB"
82201,"VBG"
82202,"TO"
82203,"VB"
82204,"RB"
82205,"IN"
82206,"NN"
82207,"''"
82208,"IN"
82209,"DT"
82210,"NN"
82211,","
82212,"VBZ"
82213,"NNP"
82214,"NNP"
82215,"IN"
82216,"NNP"
82217,"NNP"
82218,","
82219,"WP"
82220,"VBZ"
82221,"DT"
82222,"$"
82223,"CD"
82224,"CD"
82225,"NNP"
82226,"NNP"
82227,"."
82228,"PRP"
82229,"VBZ"
82230,"IN"
82231,"NNP"
82232,"POS"
82233,"NN"
82234,"NN"
82235,"MD"
82236,"VB"
82237,"DT"
82238,"JJ"
82239,"NN"
82240,","
82241,"RB"
82242,"DT"
82243,"CD"
82244,"NN"
82245,"TO"
82246,"CD"
82247,"NN"
82248,"NN"
82249,"RB"
82250,"IN"
82251,"."
82252,"NNP"
82253,"NNP"
82254,"VBZ"
82255,"DT"
82256,"NN"
82257,"NN"
82258,"VBZ"
82259,"VBN"
82260,"DT"
82261,"JJ"
82262,"NN"
82263,"NNS"
82264,","
82265,"RB"
82266,"NNS"
82267,"NN"
82268,"CC"
82269,"DT"
82270,"``"
82271,"NNP"
82272,"NNP"
82273,"''"
82274,":"
82275,"JJ"
82276,"NN"
82277,"IN"
82278,"JJ"
82279,"NNS"
82280,"TO"
82281,"VB"
82282,"RP"
82283,"JJ"
82284,"NNS"
82285,"IN"
82286,"NNS"
82287,","
82288,"JJ"
82289,"IN"
82290,"NNS"
82291,"CC"
82292,"NNS"
82293,"."
82294,"IN"
82295,"VBG"
82296,"IN"
82297,"CD"
82298,"NN"
82299,"IN"
82300,"PRP$"
82301,"NN"
82302,"IN"
82303,"NN"
82304,"IN"
82305,"NNP"
82306,"POS"
82307,"NN"
82308,","
82309,"NNP"
82310,"NNP"
82311,"VBZ"
82312,"PRP"
82313,"VBD"
82314,"``"
82315,"DT"
82316,"JJ"
82317,"NN"
82318,"IN"
82319,"NNS"
82320,"''"
82321,"NN"
82322,"."
82323,"IN"
82324,"JJ"
82325,"JJ"
82326,"NNS"
82327,"IN"
82328,"DT"
82329,"NN"
82330,"IN"
82331,"CD"
82332,","
82333,"NN"
82334,"NNS"
82335,"VBP"
82336,"JJ"
82337,"NNS"
82338,"IN"
82339,"NN"
82340,"JJ"
82341,"NN"
82342,"MD"
82343,"VB"
82344,"IN"
82345,"VBG"
82346,"RB"
82347,"IN"
82348,"DT"
82349,"JJ"
82350,"NN"
82351,"."
82352,"``"
82353,"DT"
82354,"VBZ"
82355,"RB"
82356,"DT"
82357,"RB"
82358,"JJ"
82359,"NN"
82360,","
82361,"CC"
82362,"PRP"
82363,"VBZ"
82364,"RB"
82365,"JJ"
82366,"RB"
82367,","
82368,"''"
82369,"VBZ"
82370,"NNP"
82371,"NNP"
82372,","
82373,"NN"
82374,"IN"
82375,"DT"
82376,"JJ"
82377,"NN"
82378,"NN"
82379,"NNP"
82380,"NNP"
82381,"NNP"
82382,"NNP"
82383,"IN"
82384,"NNP"
82385,"."
82386,"VBG"
82387,"TO"
82388,"NNP"
82389,"NNPS"
82390,"NNP"
82391,"NNP"
82392,","
82393,"NNP"
82394,"NNP"
82395,"NN"
82396,"NNS"
82397,"VBP"
82398,"RB"
82399,"DT"
82400,"CD"
82401,"NN"
82402,"NN"
82403,"IN"
82404,"NN"
82405,"NNS"
82406,"IN"
82407,"CD"
82408,":"
82409,"IN"
82410,"IN"
82411,"CD"
82412,","
82413,"WRB"
82414,"NNS"
82415,"DT"
82416,"NN"
82417,"IN"
82418,"VBN"
82419,"JJ"
82420,"("
82421,"PRP"
82422,"VBD"
82423,"VB"
82424,"CD"
82425,"NN"
82426,"IN"
82427,"CD"
82428,")"
82429,"."
82430,"NNS"
82431,"VBP"
82432,"DT"
82433,"NN"
82434,"VBZ"
82435,"DT"
82436,"JJ"
82437,"NN"
82438,","
82439,"VBN"
82440,"IN"
82441,"RB"
82442,"IN"
82443,"CD"
82444,"NNS"
82445,"VBD"
82446,"CD"
82447,"NNS"
82448,"IN"
82449,"NNS"
82450,"IN"
82451,"DT"
82452,"NNP"
82453,"CC"
82454,"NNP"
82455,"POS"
82456,"CD"
82457,"NN"
82458,"."
82459,"IN"
82460,"DT"
82461,"CD"
82462,"NN"
82463,","
82464,"DT"
82465,"NN"
82466,"VBD"
82467,"JJR"
82468,"IN"
82469,"CD"
82470,"."
82471,"DT"
82472,"JJ"
82473,"NN"
82474,","
82475,"VBZ"
82476,"NNP"
82477,"NNP"
82478,","
82479,"NN"
82480,"IN"
82481,"NNP"
82482,"NNP"
82483,"NNP"
82484,","
82485,"VBZ"
82486,"IN"
82487,"EX"
82488,"MD"
82489,"VB"
82490,"``"
82491,"JJ"
82492,"JJ"
82493,"NN"
82494,","
82495,"JJ"
82496,"NN"
82497,"NN"
82498,","
82499,"CC"
82500,"NNS"
82501,"VBP"
82502,"VBG"
82503,"TO"
82504,"VB"
82505,"JJ"
82506,"."
82507,"PRP$"
82508,"NN"
82509,"VBZ"
82510,"IN"
82511,"PRP"
82512,"MD"
82513,"VB"
82514,"DT"
82515,"NN"
82516,"NN"
82517,"."
82518,"''"
82519,"DT"
82520,"NN"
82521,"NNS"
82522,"MD"
82523,"VB"
82524,"IN"
82525,"NNS"
82526,"."
82527,"DT"
82528,"NN"
82529,"``"
82530,"VBZ"
82531,"VBG"
82532,"TO"
82533,"VB"
82534,"RB"
82535,","
82536,"''"
82537,"VBZ"
82538,"NNP"
82539,"NNP"
82540,"NNP"
82541,","
82542,"DT"
82543,"NNP"
82544,"NN"
82545,"NN"
82546,"."
82547,"``"
82548,"NNS"
82549,"VBP"
82550,"DT"
82551,"JJ"
82552,"RBR"
82553,"VBN"
82554,"''"
82555,"IN"
82556,"NNP"
82557,"POS"
82558,"NN"
82559,"IN"
82560,"DT"
82561,"NN"
82562,"."
82563,"PRP"
82564,"VBZ"
82565,"NNS"
82566,"TO"
82567,"VB"
82568,"DT"
82569,"JJ"
82570,"CD"
82571,"NN"
82572,"TO"
82573,"CD"
82574,"NN"
82575,","
82576,"IN"
82577,"DT"
82578,"NNP"
82579,"RB"
82580,"VBG"
82581,"RP"
82582,"IN"
82583,"CD"
82584,"CC"
82585,"CD"
82586,"``"
82587,"IN"
82588,"RB"
82589,"CC"
82590,"NNP"
82591,"."
82592,"''"
82593,"IN"
82594,"NNP"
82595,"POS"
82596,"NN"
82597,","
82598,"NNP"
82599,"NNP"
82600,"POS"
82601,"NN"
82602,"VBD"
82603,"JJ"
82604,"NNS"
82605,"IN"
82606,"CD"
82607,"JJ"
82608,"NNS"
82609,","
82610,"VBG"
82611,"JJ"
82612,"NN"
82613,"NNS"
82614,"VBN"
82615,"IN"
82616,"NNP"
82617,"NNP"
82618,","
82619,"DT"
82620,"NN"
82621,"CC"
82622,"NN"
82623,"IN"
82624,"DT"
82625,"NNS"
82626,"CC"
82627,"NNS"
82628,"WP"
82629,"VBZ"
82630,"RB"
82631,"VBN"
82632,"TO"
82633,"VB"
82634,"DT"
82635,"NN"
82636,"IN"
82637,"JJ"
82638,"NNS"
82639,"NN"
82640,"."
82641,"PRP"
82642,"VBD"
82643,"CD"
82644,"RB"
82645,"FW"
82646,"CC"
82647,"CD"
82648,"RB"
82649,"VBN"
82650,"."
82651,"NNP"
82652,"NNP"
82653,","
82654,"DT"
82655,"NNP"
82656,"NNP"
82657,"NN"
82658,"NN"
82659,","
82660,"VBZ"
82661,"DT"
82662,"NN"
82663,"TO"
82664,"VB"
82665,"IN"
82666,"CD"
82667,"NN"
82668,"."
82669,"``"
82670,"PRP"
82671,"VBP"
82672,"VBN"
82673,"NNS"
82674,"IN"
82675,"NN"
82676,"IN"
82677,"NNP"
82678,","
82679,"CC"
82680,"PRP"
82681,"VBP"
82682,"TO"
82683,"VB"
82684,"IN"
82685,"VBG"
82686,"DT"
82687,"JJ"
82688,"NN"
82689,"VBZ"
82690,"JJ"
82691,","
82692,"''"
82693,"PRP"
82694,"VBZ"
82695,"."
82696,"NNS"
82697,"WDT"
82698,"VBD"
82699,"IN"
82700,"NN"
82701,"IN"
82702,"JJ"
82703,"NNS"
82704,"IN"
82705,"DT"
82706,"JJ"
82707,"CD"
82708,"NNS"
82709,"``"
82710,"MD"
82711,"VB"
82712,"TO"
82713,"VB"
82714,"IN"
82715,"NN"
82716,"NNS"
82717,"."
82718,"''"
82719,"``"
82720,"NNS"
82721,"IN"
82722,"NN"
82723,"VBP"
82724,"RB"
82725,"JJ"
82726,","
82727,"''"
82728,"VBZ"
82729,"NNP"
82730,"NNP"
82731,"NN"
82732,"NN"
82733,"NNP"
82734,"NNP"
82735,"IN"
82736,"NNP"
82737,"NNP"
82738,"NNP"
82739,"."
82740,"IN"
82741,"NN"
82742,","
82743,"PRP"
82744,"VBZ"
82745,","
82746,"NNP"
82747,"NNP"
82748,"NNP"
82749,"CC"
82750,"NNP"
82751,"MD"
82752,"VB"
82753,"JJ"
82754,","
82755,"CC"
82756,"NNS"
82757,"MD"
82758,"VB"
82759,"TO"
82760,"VB"
82761,"JJR"
82762,"IN"
82763,"NNS"
82764,"IN"
82765,"NNP"
82766,"NNP"
82767,","
82768,"NNP"
82769,"CC"
82770,"NNP"
82771,"NNP"
82772,"NNP"
82773,","
82774,"JJ"
82775,"NNS"
82776,"IN"
82777,"JJ"
82778,"NNS"
82779,"."
82780,"NNP"
82781,"NN"
82782,"NNP"
82783,"NNP"
82784,","
82785,"NN"
82786,"IN"
82787,"NNP"
82788,"NNP"
82789,"NNP"
82790,"NNP"
82791,"IN"
82792,"NNP"
82793,","
82794,"NNP"
82795,"NNP"
82796,","
82797,"VBZ"
82798,"NNS"
82799,"MD"
82800,"VB"
82801,"TO"
82802,"VB"
82803,"CD"
82804,"NN"
82805,"TO"
82806,"CD"
82807,"NN"
82808,"IN"
82809,"PRP"
82810,"VBP"
82811,"JJ"
82812,"IN"
82813,"JJR"
82814,"JJ"
82815,"NN"
82816,"NNS"
82817,"."
82818,"NNP"
82819,"NNP"
82820,","
82821,"DT"
82822,"NN"
82823,"NN"
82824,"IN"
82825,"NNP"
82826,","
82827,"NNP"
82828,","
82829,"VBZ"
82830,"NNP"
82831,"POS"
82832,"NN"
82833,"``"
82834,"VBZ"
82835,"VBG"
82836,"TO"
82837,"VB"
82838,"JJR"
82839,"IN"
82840,"DT"
82841,"JJ"
82842,"NN"
82843,"IN"
82844,"DT"
82845,"NN"
82846,"IN"
82847,"JJ"
82848,"NNS"
82849,"IN"
82850,"NNP"
82851,"NNP"
82852,"MD"
82853,"VB"
82854,"TO"
82855,"VB"
82856,"."
82857,"''"
82858,"EX"
82859,"VBP"
82860,"RB"
82861,"NNS"
82862,"RP"
82863,"EX"
82864,"."
82865,"``"
82866,"PRP"
82867,"RB"
82868,"VBP"
82869,"PRP"
82870,"MD"
82871,"VB"
82872,"DT"
82873,"NN"
82874,"NNP"
82875,","
82876,"IN"
82877,"PRP"
82878,"VBZ"
82879,"CD"
82880,"NNS"
82881,"CC"
82882,"CD"
82883,"NNS"
82884,"IN"
82885,"RB"
82886,"PRP"
82887,"VBP"
82888,"RB"
82889,"VB"
82890,","
82891,"''"
82892,"VBZ"
82893,"NNP"
82894,"NNP"
82895,","
82896,"NN"
82897,"NN"
82898,"IN"
82899,"NNP"
82900,"NNP"
82901,"NNP"
82902,"IN"
82903,"NNP"
82904,"NNP"
82905,"."
82906,"``"
82907,"PRP"
82908,"VBP"
82909,"VBG"
82910,"DT"
82911,"JJ"
82912,"NN"
82913,"''"
82914,"IN"
82915,"DT"
82916,"NNS"
82917,"``"
82918,"WDT"
82919,"VBP"
82920,"RB"
82921,"VBN"
82922,"VBN"
82923,"RB"
82924,"."
82925,"''"
82926,"DT"
82927,"NN"
82928,"NN"
82929,"NNS"
82930,"RB"
82931,"VBP"
82932,"JJ"
82933,"."
82934,"NN"
82935,","
82936,"NNP"
82937,"NNP"
82938,","
82939,"NNP"
82940,"NNP"
82941,"CC"
82942,"NNP"
82943,"NNP"
82944,"NNP"
82945,"VBD"
82946,"DT"
82947,"NN"
82948,"IN"
82949,"NNS"
82950,"PRP"
82951,"VBP"
82952,"NNS"
82953,"VBP"
82954,"TO"
82955,"NNS"
82956,"."
82957,"NNP"
82958,"NNP"
82959,"RB"
82960,"VBZ"
82961,"CD"
82962,"NN"
82963,","
82964,"NNP"
82965,"CD"
82966,"NN"
82967,"CC"
82968,"NNP"
82969,"NNP"
82970,"CD"
82971,"NN"
82972,"."
82973,"DT"
82974,"NNS"
82975,"VBP"
82976,"NNP"
82977,"POS"
82978,"NN"
82979,"VBD"
82980,"DT"
82981,"JJ"
82982,"NN"
82983,","
82984,"IN"
82985,"PRP"
82986,"VBD"
82987,"DT"
82988,"NN"
82989,"IN"
82990,"JJ"
82991,"NN"
82992,"NN"
82993,"."
82994,"``"
82995,"PRP"
82996,"VBD"
82997,"DT"
82998,"JJ"
82999,"NN"
83000,","
83001,"''"
83002,"VBZ"
83003,"NNP"
83004,"NNP"
83005,","
83006,"WP"
83007,"VBZ"
83008,"NNP"
83009,"NNP"
83010,"NNP"
83011,"NNP"
83012,"IN"
83013,"NNP"
83014,"NNP"
83015,"."
83016,"IN"
83017,"RB"
83018,"RB"
83019,","
83020,"DT"
83021,"NNS"
83022,"VBP"
83023,"DT"
83024,"NN"
83025,"TO"
83026,"JJ"
83027,"NN"
83028,","
83029,"VBN"
83030,"IN"
83031,"DT"
83032,"NN"
83033,"POS"
83034,"NN"
83035,"TO"
83036,"VB"
83037,"NN"
83038,"NN"
83039,"."
83040,"``"
83041,"DT"
83042,"NNS"
83043,"VBP"
83044,"RB"
83045,"JJ"
83046,","
83047,"''"
83048,"NNP"
83049,"NNP"
83050,"VBZ"
83051,"."
83052,"``"
83053,"PRP"
83054,"VBP"
83055,"RB"
83056,"VB"
83057,"DT"
83058,"IN"
83059,"DT"
83060,"NN"
83061,"NN"
83062,"IN"
83063,"NNP"
83064,"."
83065,"PRP"
83066,"VBZ"
83067,"DT"
83068,"NN"
83069,"IN"
83070,"EX"
83071,"VBD"
83072,"RB"
83073,"RB"
83074,"JJ"
83075,"NN"
83076,"IN"
83077,"DT"
83078,"NN"
83079,"NN"
83080,"."
83081,"''"
83082,"NNP"
83083,"POS"
83084,"JJ"
83085,"NN"
83086,"VBD"
83087,"``"
83088,"RB"
83089,"DT"
83090,"NN"
83091,"IN"
83092,"DT"
83093,"NN"
83094,"NN"
83095,","
83096,"''"
83097,"VBZ"
83098,"NNP"
83099,"NNP"
83100,","
83101,"JJ"
83102,"NN"
83103,"IN"
83104,"NNP"
83105,"NNP"
83106,"."
83107,"``"
83108,"PRP"
83109,"VBD"
83110,"DT"
83111,"NN"
83112,"TO"
83113,"DT"
83114,"NN"
83115,"("
83116,"DT"
83117,"NN"
83118,"IN"
83119,"DT"
83120,"NN"
83121,"CC"
83122,"NN"
83123,"NN"
83124,"TO"
83125,"VB"
83126,"NN"
83127,"NN"
83128,"IN"
83129,"DT"
83130,"NN"
83131,"IN"
83132,"NNP"
83133,")"
83134,"WDT"
83135,"VBZ"
83136,"RB"
83137,"VB"
83138,"DT"
83139,"JJ"
83140,"TO"
83141,"NNS"
83142,"IN"
83143,"NNS"
83144,"."
83145,"''"
83146,"JJ"
83147,"NNS"
83148,"VBP"
83149,"JJ"
83150,"NNS"
83151,","
83152,"RB"
83153,"."
83154,"NNS"
83155,"VBP"
83156,"JJ"
83157,"IN"
83158,"NNS"
83159,"IN"
83160,"NNS"
83161,"VBG"
83162,"IN"
83163,"PRP$"
83164,"NNS"
83165,"CC"
83166,"NNS"
83167,"VBG"
83168,"RP"
83169,"JJ"
83170,"NN"
83171,"NNS"
83172,"."
83173,"DT"
83174,"JJ"
83175,"NNS"
83176,"POS"
83177,"NN"
83178,"IN"
83179,"DT"
83180,"NN"
83181,"CC"
83182,"NNS"
83183,"."
83184,"RB"
83185,"RB"
83186,"PDT"
83187,"DT"
83188,"NN"
83189,"NNS"
83190,"VBP"
83191,"RB"
83192,"VBG"
83193,"RB"
83194,"."
83195,"``"
83196,"JJ"
83197,"NNS"
83198,"VBP"
83199,"JJ"
83200,"TO"
83201,"VB"
83202,"JJR"
83203,"IN"
83204,"DT"
83205,"JJ"
83206,"CD"
83207,"NNS"
83208,","
83209,"''"
83210,"VBZ"
83211,"NNP"
83212,"NNP"
83213,","
83214,"DT"
83215,"NN"
83216,"NN"
83217,"IN"
83218,"NNP"
83219,"."
83220,"PRP"
83221,"VBZ"
83222,"DT"
83223,"NN"
83224,"MD"
83225,"VB"
83226,"IN"
83227,"CD"
83228,"NN"
83229,"IN"
83230,"DT"
83231,"JJ"
83232,"JJ"
83233,"NNS"
83234,","
83235,"RB"
83236,"VB"
83237,"CC"
83238,"VB"
83239,"JJR"
83240,"."
83241,"NNS"
83242,"IN"
83243,"JJ"
83244,"NN"
83245,"NN"
83246,"MD"
83247,"VB"
83248,"RB"
83249,","
83250,"PRP"
83251,"VBZ"
83252,","
83253,"IN"
83254,"NNS"
83255,"IN"
83256,"JJ"
83257,"NN"
83258,"CC"
83259,"JJ"
83260,"NNS"
83261,"MD"
83262,"VB"
83263,"PRP$"
83264,"NNS"
83265,"VBP"
83266,"RB"
83267,"JJR"
83268,"IN"
83269,"CD"
83270,"NN"
83271,"."
83272,"O"
83273,"DT"
83274,"NN"
83275,"IN"
83276,"NNP"
83277,"NNP"
83278,"MD"
83279,"VB"
83280,"DT"
83281,"NNS"
83282,"VBG"
83283,"TO"
83284,"VB"
83285,"JJ"
83286,"NNS"
83287,"IN"
83288,"PRP$"
83289,"NN"
83290,"CC"
83291,"NN"
83292,"NNS"
83293,","
83294,"NN"
83295,"NNS"
83296,"CC"
83297,"NNS"
83298,"VBD"
83299,"."
83300,"NNS"
83301,"IN"
83302,"CD"
83303,"NNS"
83304,"VBP"
83305,"VBN"
83306,"IN"
83307,"JJ"
83308,"NNS"
83309,"IN"
83310,"PRP"
83311,"VBP"
83312,"TO"
83313,"VB"
83314,"IN"
83315,"PRP$"
83316,"NNS"
83317,"."
83318,"DT"
83319,"NNS"
83320,"VBP"
83321,"NNP"
83322,"POS"
83323,","
83324,"VBN"
83325,"IN"
83326,"NNP"
83327,"NNP"
83328,","
83329,"NNP"
83330,":"
83331,"NNP"
83332,"NNP"
83333,"NNP"
83334,"CC"
83335,"NNP"
83336,"NNP"
83337,"POS"
83338,","
83339,"VBN"
83340,"IN"
83341,"NNP"
83342,"NNP"
83343,"NNP"
83344,","
83345,"NNP"
83346,":"
83347,"CC"
83348,"NNP"
83349,"NNP"
83350,"CC"
83351,"NNP"
83352,"CC"
83353,"NNP"
83354,"NNP"
83355,","
83356,"VBN"
83357,"IN"
83358,"NNP"
83359,"NNP"
83360,","
83361,"WDT"
83362,"VBZ"
83363,"RB"
83364,"VBG"
83365,"VBN"
83366,"IN"
83367,"DT"
83368,"JJ"
83369,"JJ"
83370,"NN"
83371,"."
83372,"NNP"
83373,"VBZ"
83374,"VBN"
83375,"IN"
83376,"NNP"
83377,","
83378,"NNP"
83379,"."
83380,"DT"
83381,"NN"
83382,"IN"
83383,"RB"
83384,"JJ"
83385,"NNS"
83386,"JJ"
83387,"IN"
83388,"NN"
83389,","
83390,"DT"
83391,"JJ"
83392,"NNS"
83393,"IN"
83394,"JJ"
83395,"NN"
83396,"NN"
83397,"VBZ"
83398,"IN"
83399,"NNP"
83400,"CC"
83401,"NNP"
83402,"NNP"
83403,"CC"
83404,"VBG"
83405,"NN"
83406,"NN"
83407,"MD"
83408,"VB"
83409,"IN"
83410,"NNS"
83411,","
83412,"NN"
83413,"NNS"
83414,"VBD"
83415,"."
83416,"``"
83417,"DT"
83418,"NN"
83419,"MD"
83420,"VB"
83421,"RBR"
83422,"JJ"
83423,","
83424,"WDT"
83425,"MD"
83426,"VB"
83427,"NN"
83428,","
83429,"''"
83430,"VBD"
83431,"NNP"
83432,"NNP"
83433,","
83434,"DT"
83435,"NNP"
83436,"NNP"
83437,"NN"
83438,"NN"
83439,"IN"
83440,"NNP"
83441,"NNP"
83442,"NNP"
83443,"CC"
83444,"NNP"
83445,"."
83446,"``"
83447,"NNS"
83448,"VBP"
83449,"RB"
83450,"VBG"
83451,"TO"
83452,"VB"
83453,"NN"
83454,"NN"
83455,"IN"
83456,"DT"
83457,"IN"
83458,"DT"
83459,"JJ"
83460,"NNS"
83461,","
83462,"CC"
83463,"VBG"
83464,"NNS"
83465,"IN"
83466,"DT"
83467,"NN"
83468,"IN"
83469,"JJ"
83470,"NNS"
83471,"RB"
83472,"VBN"
83473,"NN"
83474,","
83475,"CC"
83476,"."
83477,"''"
83478,"RB"
83479,"DT"
83480,"NN"
83481,","
83482,"NNS"
83483,"CC"
83484,"JJ"
83485,"NNS"
83486,"VBD"
83487,"JJ"
83488,"TO"
83489,"VB"
83490,"NN"
83491,"IN"
83492,"PRP"
83493,"VBD"
83494,"RB"
83495,"MD"
83496,"VB"
83497,"JJ"
83498,"NNS"
83499,"IN"
83500,"DT"
83501,"NN"
83502,"CC"
83503,"NNS"
83504,","
83505,"NNP"
83506,"NNP"
83507,"VBD"
83508,"."
83509,"DT"
83510,"NNS"
83511,"VBP"
83512,"RB"
83513,"RB"
83514,","
83515,"PRP"
83516,"VBZ"
83517,"."
83518,"``"
83519,"NN"
83520,"IN"
83521,"JJ"
83522,"NNS"
83523,"WP"
83524,"VBP"
83525,"NN"
83526,"CC"
83527,"VBP"
83528,"VBN"
83529,"TO"
83530,"VB"
83531,"VBZ"
83532,"RB"
83533,"VBN"
83534,"CC"
83535,"MD"
83536,"VB"
83537,","
83538,"''"
83539,"VBD"
83540,"NNP"
83541,"NNP"
83542,"."
83543,"``"
83544,"CC"
83545,"WRB"
83546,"NNS"
83547,"VBD"
83548,"JJ"
83549,","
83550,"PRP"
83551,"VBD"
83552,"RB"
83553,"JJR"
83554,"TO"
83555,"VB"
83556,"DT"
83557,"NN"
83558,"."
83559,"NNP"
83560,"VBD"
83561,"IN"
83562,"DT"
83563,"JJ"
83564,"NN"
83565,"WDT"
83566,"VBZ"
83567,"NN"
83568,"NN"
83569,"VBZ"
83570,"RB"
83571,"JJ"
83572,"TO"
83573,"VB"
83574,"JJR"
83575,"."
83576,"DT"
83577,"VBZ"
83578,"DT"
83579,"RB"
83580,"JJ"
83581,"NN"
83582,"."
83583,"''"
83584,"IN"
83585,"NNP"
83586,"NNP"
83587,"NNP"
83588,","
83589,"NNP"
83590,"NNP"
83591,","
83592,"JJ"
83593,"NN"
83594,"NN"
83595,","
83596,"NN"
83597,","
83598,"VBN"
83599,"IN"
83600,"JJR"
83601,"NNS"
83602,"MD"
83603,"VB"
83604,"PRP$"
83605,"NN"
83606,"NN"
83607,"IN"
83608,"PRP$"
83609,"JJ"
83610,"NN"
83611,"."
83612,"``"
83613,"VBG"
83614,"TO"
83615,"VB"
83616,"IN"
83617,"JJR"
83618,"NN"
83619,"MD"
83620,"RB"
83621,"VB"
83622,"DT"
83623,"NN"
83624,","
83625,"''"
83626,"VBD"
83627,"NNP"
83628,"NNP"
83629,"."
83630,"``"
83631,"PRP"
83632,"MD"
83633,"RB"
83634,"VB"
83635,"PRP"
83636,"IN"
83637,"PRP$"
83638,"NN"
83639,"IN"
83640,"NN"
83641,"NNS"
83642,"."
83643,"TO"
83644,"VB"
83645,"DT"
83646,"NN"
83647,"NN"
83648,","
83649,"RB"
83650,"PRP"
83651,"VBP"
83652,"VBG"
83653,"TO"
83654,"VB"
83655,"JJR"
83656,"IN"
83657,"RB"
83658,"NN"
83659,"NNS"
83660,"."
83661,"''"
83662,"NNP"
83663,"VBP"
83664,"DT"
83665,"JJ"
83666,"NN"
83667,"NNS"
83668,"MD"
83669,"VB"
83670,"JJ"
83671,"TO"
83672,"VB"
83673,","
83674,"RB"
83675,"IN"
83676,"NNP"
83677,"NNP"
83678,"CC"
83679,"NNP"
83680,","
83681,"WDT"
83682,"VBZ"
83683,"IN"
83684,"NNP"
83685,"NNP"
83686,"NN"
83687,"NN"
83688,"."
83689,"RB"
83690,"RB"
83691,"MD"
83692,"DT"
83693,"NNP"
83694,"NNP"
83695,"NNS"
83696,"JJ"
83697,"NNP"
83698,"NNS"
83699,"IN"
83700,"NNS"
83701,"VBP"
83702,"NN"
83703,"IN"
83704,"DT"
83705,"NN"
83706,","
83707,"CC"
83708,"JJ"
83709,"NN"
83710,"NNS"
83711,"VBP"
83712,"JJ"
83713,"TO"
83714,"VB"
83715,"RB"
83716,"JJR"
83717,"NNS"
83718,"CC"
83719,"JJR"
83720,"NN"
83721,"NN"
83722,"NN"
83723,"."
83724,"RB"
83725,","
83726,"JJ"
83727,"NNS"
83728,"NN"
83729,"VBG"
83730,"JJ"
83731,"NNS"
83732,"POS"
83733,"NN"
83734,"NNS"
83735,"MD"
83736,"VB"
83737,"JJ"
83738,"TO"
83739,"VB"
83740,"JJ"
83741,"NN"
83742,"NNS"
83743,"."
83744,"``"
83745,"PRP"
83746,"VBZ"
83747,"VBN"
83748,"JJ"
83749,"NN"
83750,"NN"
83751,"IN"
83752,"JJ"
83753,"NN"
83754,","
83755,"''"
83756,"VBD"
83757,"CD"
83758,"NN"
83759,"NN"
83760,"."
83761,"``"
83762,"NNS"
83763,"WDT"
83764,"RB"
83765,"VBP"
83766,"JJ"
83767,"NN"
83768,"VBP"
83769,"TO"
83770,"VB"
83771,"RBR"
83772,"JJ"
83773,"."
83774,"''"
83775,"RB"
83776,","
83777,"DT"
83778,"JJR"
83779,"NNS"
83780,"DT"
83781,"JJ"
83782,"NNS"
83783,"VBP"
83784,"RB"
83785,"VBN"
83786,"TO"
83787,"VB"
83788,"MD"
83789,"VB"
83790,"PRP"
83791,"JJR"
83792,"IN"
83793,"NNS"
83794,"TO"
83795,"VB"
83796,"DT"
83797,"JJ"
83798,"NN"
83799,"CC"
83800,"VB"
83801,"RP"
83802,"DT"
83803,"JJ"
83804,"NN"
83805,"."
83806,"IN"
83807,"NN"
83808,","
83809,"DT"
83810,"NN"
83811,"NN"
83812,"NN"
83813,"VBZ"
83814,"RB"
83815,"VBN"
83816,"DT"
83817,"JJ"
83818,"NN"
83819,","
83820,"RB"
83821,"IN"
83822,"DT"
83823,"NNS"
83824,"JJ"
83825,"IN"
83826,"NN"
83827,"NNS"
83828,"IN"
83829,"DT"
83830,"NN"
83831,"IN"
83832,"PRP$"
83833,"NNS"
83834,"."
83835,"``"
83836,"WP"
83837,"VBZ"
83838,"JJ"
83839,"IN"
83840,"DT"
83841,"VBZ"
83842,"DT"
83843,"JJ"
83844,"NNS"
83845,"MD"
83846,"VB"
83847,"VBN"
83848,"IN"
83849,"DT"
83850,"NN"
83851,"IN"
83852,"PRP$"
83853,"NNS"
83854,"CC"
83855,"NNS"
83856,","
83857,"RB"
83858,"NN"
83859,"NNS"
83860,","
83861,"''"
83862,"VBD"
83863,"NNP"
83864,"NNP"
83865,"NNP"
83866,","
83867,"NN"
83868,"CC"
83869,"JJ"
83870,"NN"
83871,"NN"
83872,"IN"
83873,"NNP"
83874,"NNP"
83875,"NNP"
83876,","
83877,"DT"
83878,"NN"
83879,"NN"
83880,"."
83881,"``"
83882,"NNS"
83883,"WP"
83884,"VBD"
83885,"JJ"
83886,"NN"
83887,"NNS"
83888,"IN"
83889,"JJ"
83890,"NNS"
83891,"MD"
83892,"VB"
83893,"DT"
83894,"JJR"
83895,"NN"
83896,"TO"
83897,"VB"
83898,"RP"
83899,"PRP$"
83900,"NNS"
83901,"."
83902,"''"
83903,"RB"
83904,","
83905,"JJS"
83906,"NN"
83907,"NNS"
83908,"VBP"
83909,"IN"
83910,"PDT"
83911,"DT"
83912,"JJ"
83913,"NN"
83914,"NNS"
83915,"MD"
83916,"VB"
83917,"RB"
83918,"IN"
83919,"DT"
83920,"NN"
83921,"IN"
83922,"NN"
83923,"NNS"
83924,","
83925,"DT"
83926,"NN"
83927,"RB"
83928,"IN"
83929,"NN"
83930,","
83931,"IN"
83932,"NN"
83933,"IN"
83934,"IN"
83935,"NNS"
83936,"VBN"
83937,"IN"
83938,"NNS"
83939,"VBN"
83940,"IN"
83941,"DT"
83942,"NNP"
83943,"CC"
83944,"NNP"
83945,"NNS"
83946,"IN"
83947,"NNP"
83948,"."
83949,"``"
83950,"NNS"
83951,"IN"
83952,"JJ"
83953,"NNS"
83954,"VBP"
83955,"JJR"
83956,"NN"
83957,"IN"
83958,"PRP"
83959,"VBD"
83960,"JJ"
83961,"NN"
83962,","
83963,"WDT"
83964,"MD"
83965,"VB"
83966,"NN"
83967,","
83968,"''"
83969,"VBD"
83970,"NNP"
83971,"NNP"
83972,","
83973,"NN"
83974,"IN"
83975,"NNP"
83976,"NNP"
83977,","
83978,"DT"
83979,"JJ"
83980,"NN"
83981,"VBG"
83982,"IN"
83983,"NN"
83984,"NNS"
83985,"."
83986,"``"
83987,"CC"
83988,"DT"
83989,"NN"
83990,"IN"
83991,"NN"
83992,"RB"
83993,"VBZ"
83994,"TO"
83995,"VB"
83996,"VBN"
83997,"."
83998,"JJ"
83999,"NNS"
84000,"MD"
84001,"RB"
84002,"VB"
84003,"IN"
84004,"JJR"
84005,"NN"
84006,"NN"
84007,"IN"
84008,"NN"
84009,"IN"
84010,"NN"
84011,","
84012,"CC"
84013,"VB"
84014,"DT"
84015,"NN"
84016,"NN"
84017,"IN"
84018,"DT"
84019,"NNS"
84020,"VB"
84021,"RB"
84022,"JJR"
84023,"IN"
84024,"IN"
84025,"DT"
84026,"NN"
84027,"."
84028,"O"
84029,"NNP"
84030,"NNP"
84031,"VBD"
84032,"DT"
84033,"JJ"
84034,"NN"
84035,"VBG"
84036,"JJ"
84037,"NNS"
84038,"IN"
84039,"NNP"
84040,"NNP"
84041,"NNP"
84042,"POS"
84043,"``"
84044,"PRP$"
84045,"FW"
84046,"''"
84047,"NN"
84048,"IN"
84049,"JJ"
84050,"JJ"
84051,"NNS"
84052,"IN"
84053,"NNS"
84054,"."
84055,"NNP"
84056,"NNP"
84057,"NNP"
84058,"NNP"
84059,"VBD"
84060,"DT"
84061,"NN"
84062,"IN"
84063,"NNP"
84064,"JJ"
84065,"NN"
84066,","
84067,"WRB"
84068,"NNP"
84069,"VBZ"
84070,"VBN"
84071,"DT"
84072,"JJ"
84073,"NN"
84074,"IN"
84075,"RB"
84076,"VBG"
84077,"IN"
84078,"DT"
84079,"``"
84080,"PRP$"
84081,"LS"
84082,"NNP"
84083,"''"
84084,"NN"
84085,"."
84086,"DT"
84087,"NN"
84088,"VBD"
84089,"IN"
84090,"DT"
84091,"NN"
84092,"IN"
84093,"NNS"
84094,"VBN"
84095,"IN"
84096,"DT"
84097,"NNP"
84098,"NNS"
84099,"VBZ"
84100,"JJ"
84101,"CC"
84102,"JJ"
84103,"TO"
84104,"NN"
84105,"IN"
84106,"NNP"
84107,"NNP"
84108,"NN"
84109,"NN"
84110,","
84111,"RB"
84112,"IN"
84113,"JJ"
84114,"NN"
84115,"."
84116,"DT"
84117,"JJ"
84118,"NN"
84119,"VBD"
84120,"DT"
84121,"NN"
84122,"IN"
84123,"DT"
84124,"NNP"
84125,"NNP"
84126,"NNP"
84127,"NN"
84128,"NN"
84129,"."
84130,"NNP"
84131,"POS"
84132,"NN"
84133,","
84134,"NNP"
84135,"NNP"
84136,"NNP"
84137,","
84138,"VBD"
84139,"NNP"
84140,"MD"
84141,"VB"
84142,"DT"
84143,"NNS"
84144,"NN"
84145,"TO"
84146,"VB"
84147,"RP"
84148,"DT"
84149,"NN"
84150,"RB"
84151,","
84152,"VBG"
84153,"DT"
84154,"JJ"
84155,"NN"
84156,"."
84157,"PRP"
84158,"RB"
84159,"VBD"
84160,"NNP"
84161,"POS"
84162,"NN"
84163,"IN"
84164,"NNP"
84165,"POS"
84166,"NNS"
84167,"."
84168,"``"
84169,"PRP$"
84170,"NN"
84171,"IN"
84172,"VBG"
84173,"PRP"
84174,"VBZ"
84175,"RB"
84176,"JJ"
84177,","
84178,"''"
84179,"VBD"
84180,"NNP"
84181,"NNP"
84182,"NNP"
84183,","
84184,"NNP"
84185,"POS"
84186,"NN"
84187,","
84188,"WP"
84189,"VBD"
84190,"PRP"
84191,"VBZ"
84192,"NNP"
84193,"MD"
84194,"VB"
84195,"RB"
84196,"IN"
84197,"DT"
84198,"NN"
84199,"."
84200,"O"
84201,"NNP"
84202,"NNP"
84203,"CC"
84204,"NNP"
84205,"NNP"
84206,"VBD"
84207,"PRP"
84208,"MD"
84209,"VB"
84210,"NN"
84211,"NNS"
84212,"IN"
84213,"DT"
84214,"JJ"
84215,"NN"
84216,"IN"
84217,"NNP"
84218,"CD"
84219,"TO"
84220,"NNS"
84221,"IN"
84222,"NN"
84223,"NNP"
84224,"CD"
84225,"."
84226,"DT"
84227,"NNP"
84228,"JJ"
84229,"NN"
84230,"NN"
84231,"NN"
84232,"RB"
84233,"VBD"
84234,"DT"
84235,"NN"
84236,"IN"
84237,"NNP"
84238,"CD"
84239,","
84240,"CD"
84241,","
84242,"WRB"
84243,"NNS"
84244,"VBD"
84245,"$"
84246,"CD"
84247,"DT"
84248,"NN"
84249,"."
84250,"IN"
84251,"JJ"
84252,"NNS"
84253,"IN"
84254,"NN"
84255,"NNS"
84256,"CC"
84257,"JJ"
84258,"NNS"
84259,","
84260,"DT"
84261,"NN"
84262,"VBD"
84263,"PRP"
84264,"VBZ"
84265,"TO"
84266,"VB"
84267,"JJ"
84268,"TO"
84269,"VB"
84270,"CC"
84271,"VB"
84272,"DT"
84273,"NN"
84274,"IN"
84275,"NNS"
84276,"IN"
84277,"IN"
84278,"NNS"
84279,"IN"
84280,"JJ"
84281,"NNS"
84282,"."
84283,"O"
84284,"DT"
84285,"JJ"
84286,"NNS"
84287,"NN"
84288,"VBD"
84289,"IN"
84290,"DT"
84291,"JJ"
84292,"NN"
84293,"WDT"
84294,"VBD"
84295,"VBN"
84296,"NN"
84297,"NNS"
84298,"IN"
84299,"VBG"
84300,"TO"
84301,"NNS"
84302,"NN"
84303,"IN"
84304,"$"
84305,"CD"
84306,"CD"
84307,"IN"
84308,"NNS"
84309,"IN"
84310,"JJ"
84311,"``"
84312,"FW"
84313,"''"
84314,"NNS"
84315,"."
84316,"DT"
84317,"NN"
84318,","
84319,"IN"
84320,"DT"
84321,"JJ"
84322,"NN"
84323,","
84324,"VBD"
84325,"IN"
84326,"DT"
84327,"NN"
84328,"NN"
84329,"IN"
84330,"DT"
84331,"NNP"
84332,"NNP"
84333,"NNP"
84334,"NNP"
84335,"IN"
84336,"VBG"
84337,"JJ"
84338,"NN"
84339,"NNS"
84340,"IN"
84341,"NN"
84342,"IN"
84343,"DT"
84344,"NN"
84345,"NNS"
84346,"VBD"
84347,"CC"
84348,"VBD"
84349,"RB"
84350,"VB"
84351,"."
84352,"NNP"
84353,"POS"
84354,"NN"
84355,"VBD"
84356,"VBN"
84357,"NNS"
84358,"IN"
84359,"NNP"
84360,"CD"
84361,","
84362,"CD"
84363,","
84364,"TO"
84365,"VB"
84366,"IN"
84367,"TO"
84368,"NNS"
84369,"IN"
84370,"RB"
84371,"IN"
84372,"CD"
84373,"NN"
84374,"IN"
84375,"DT"
84376,"NNS"
84377,"IN"
84378,"VBG"
84379,"RP"
84380,"PRP$"
84381,"JJ"
84382,"NNS"
84383,","
84384,"WDT"
84385,"VBD"
84386,"VBN"
84387,"IN"
84388,"NNS"
84389,"WRB"
84390,"NN"
84391,"NNS"
84392,"VBD"
84393,"JJ"
84394,"CC"
84395,"NNS"
84396,"RB"
84397,"."
84398,"DT"
84399,"NN"
84400,"IN"
84401,"JJ"
84402,"NNS"
84403,"VBD"
84404,"VBN"
84405,"IN"
84406,"DT"
84407,"NN"
84408,"CC"
84409,"VBN"
84410,"IN"
84411,"JJ"
84412,"NNS"
84413,"."
84414,"CC"
84415,"NN"
84416,"NNS"
84417,"VBP"
84418,"PRP"
84419,"RB"
84420,"VB"
84421,"$"
84422,"CD"
84423,"CD"
84424,"IN"
84425,"NNS"
84426,"IN"
84427,"JJ"
84428,"NNS"
84429,","
84430,"VBG"
84431,"$"
84432,"CD"
84433,"CD"
84434,"PRP"
84435,"VBP"
84436,"PRP"
84437,"MD"
84438,"RB"
84439,"VB"
84440,"JJ"
84441,"TO"
84442,"VB"
84443,"IN"
84444,"TO"
84445,"NNS"
84446,"."
84447,"VBG"
84448,"TO"
84449,"NN"
84450,"NNS"
84451,","
84452,"DT"
84453,"NN"
84454,"VBZ"
84455,"NN"
84456,"NNS"
84457,"DT"
84458,"JJ"
84459,"JJ"
84460,"NN"
84461,"TO"
84462,"VB"
84463,"JJ"
84464,"NNS"
84465,"CC"
84466,"VB"
84467,"NN"
84468,"IN"
84469,"DT"
84470,"JJ"
84471,"NN"
84472,"."
84473,"DT"
84474,"NN"
84475,"VBD"
84476,"JJ"
84477,"IN"
84478,"NNP"
84479,"MD"
84480,"VB"
84481,"DT"
84482,"JJ"
84483,"NN"
84484,"RB"
84485,"."
84486,"DT"
84487,"NN"
84488,","
84489,"VBG"
84490,"IN"
84491,"NN"
84492,"NNS"
84493,","
84494,"VBD"
84495,"DT"
84496,"NNP"
84497,"CD"
84498,"NN"
84499,"VBD"
84500,"``"
84501,"JJ"
84502,"CC"
84503,"JJ"
84504,"''"
84505,"CC"
84506,"``"
84507,"RB"
84508,"JJ"
84509,"TO"
84510,"DT"
84511,"NN"
84512,"NN"
84513,"IN"
84514,"NNS"
84515,"''"
84516,"WDT"
84517,"VBD"
84518,"VBN"
84519,"TO"
84520,"VB"
84521,"NN"
84522,"IN"
84523,"DT"
84524,"JJ"
84525,"NN"
84526,"NNS"
84527,"TO"
84528,"VB"
84529,"DT"
84530,"NN"
84531,"."
84532,"DT"
84533,"NN"
84534,"JJ"
84535,"NN"
84536,"IN"
84537,"DT"
84538,"NNP"
84539,"NNP"
84540,"NNP"
84541,"NNP"
84542,"IN"
84543,"NNP"
84544,"VBD"
84545,"IN"
84546,"NNP"
84547,"POS"
84548,"NN"
84549,"NNS"
84550,"VBD"
84551,"VBN"
84552,"IN"
84553,"DT"
84554,"CD"
84555,"NNS"
84556,"IN"
84557,"DT"
84558,"NN"
84559,"TO"
84560,"CD"
84561,"NNS"
84562,"IN"
84563,"DT"
84564,"NN"
84565,","
84566,"IN"
84567,"CD"
84568,"NNS"
84569,"IN"
84570,"DT"
84571,"NN"
84572,"IN"
84573,"CD"
84574,"."
84575,"DT"
84576,"NN"
84577,"VBD"
84578,"JJ"
84579,"TO"
84580,"VB"
84581,"IN"
84582,"CD"
84583,"NNS"
84584,"RB"
84585,"RB"
84586,"PRP$"
84587,"JJ"
84588,"NN"
84589,","
84590,"CC"
84591,"JJ"
84592,"JJ"
84593,"NNS"
84594,"IN"
84595,"PRP$"
84596,"JJ"
84597,"NN"
84598,"IN"
84599,"VBG"
84600,"JJR"
84601,"NN"
84602,"IN"
84603,"JJ"
84604,"NN"
84605,"."
84606,"DT"
84607,"NN"
84608,"RB"
84609,"VBD"
84610,"DT"
84611,"JJ"
84612,"NN"
84613,"WDT"
84614,"MD"
84615,"VB"
84616,"VBN"
84617,"TO"
84618,"VB"
84619,"JJ"
84620,"NNS"
84621,"."
84622,"DT"
84623,"JJ"
84624,"NN"
84625,","
84626,"VBN"
84627,"IN"
84628,"DT"
84629,"NN"
84630,"IN"
84631,"NNP"
84632,"CD"
84633,","
84634,"VBZ"
84635,"VBN"
84636,"RB"
84637,"VBN"
84638,"IN"
84639,"DT"
84640,"NNS"
84641,","
84642,"VBG"
84643,"NN"
84644,"NNS"
84645,","
84646,"NNS"
84647,","
84648,"JJ"
84649,"NN"
84650,"NNS"
84651,"CC"
84652,"NNS"
84653,"."
84654,"DT"
84655,"NN"
84656,"POS"
84657,"NN"
84658,"MD"
84659,"VB"
84660,"JJ"
84661,"TO"
84662,"VB"
84663,"DT"
84664,"IN"
84665,"PRP$"
84666,"NNS"
84667,","
84668,"CC"
84669,"VBZ"
84670,"PRP"
84671,"MD"
84672,"VB"
84673,"VBN"
84674,"RB"
84675,"RB"
84676,"IN"
84677,"DT"
84678,"NN"
84679,"."
84680,"O"
84681,"NNP"
84682,"NNP"
84683,"VBD"
84684,"PRP"
84685,"RB"
84686,"VBN"
84687,"$"
84688,"CD"
84689,"CD"
84690,"IN"
84691,"PRP$"
84692,"JJ"
84693,"$"
84694,"CD"
84695,"CD"
84696,"NN"
84697,"NN"
84698,","
84699,"VBG"
84700,"DT"
84701,"JJ"
84702,"NN"
84703,"NN"
84704,"IN"
84705,"DT"
84706,"NN"
84707,"TO"
84708,"$"
84709,"CD"
84710,"CD"
84711,"."
84712,"IN"
84713,"DT"
84714,"NN"
84715,","
84716,"DT"
84717,"NNP"
84718,"NN"
84719,"VBZ"
84720,"$"
84721,"CD"
84722,"CD"
84723,"IN"
84724,"DT"
84725,"NN"
84726,"."
84727,"DT"
84728,"NN"
84729,"NN"
84730,"VBD"
84731,"DT"
84732,"NN"
84733,"VBD"
84734,"VBN"
84735,"IN"
84736,"JJ"
84737,"NN"
84738,"NN"
84739,"."
84740,"O"
84741,"NNP"
84742,"NNP"
84743,"NNP"
84744,"NNP"
84745,"VBD"
84746,"PRP"
84747,"MD"
84748,"VB"
84749,"NN"
84750,"NNS"
84751,"IN"
84752,"DT"
84753,"JJ"
84754,"NN"
84755,"TO"
84756,"VB"
84757,"VBN"
84758,"NNP"
84759,"CD"
84760,"TO"
84761,"NNS"
84762,"IN"
84763,"NN"
84764,"NNP"
84765,"CD"
84766,"."
84767,"DT"
84768,"NN"
84769,"CC"
84770,"NN"
84771,"JJ"
84772,"NN"
84773,"NN"
84774,"NN"
84775,"RB"
84776,"VBD"
84777,"DT"
84778,"NN"
84779,"IN"
84780,"NNP"
84781,"CD"
84782,","
84783,"CD"
84784,","
84785,"WRB"
84786,"NNS"
84787,"VBD"
84788,"CD"
84789,"NNS"
84790,"DT"
84791,"NN"
84792,"."
84793,"IN"
84794,"JJ"
84795,"NNS"
84796,"IN"
84797,"NN"
84798,"NNS"
84799,"CC"
84800,"JJ"
84801,"NNS"
84802,","
84803,"DT"
84804,"NNP"
84805,"NN"
84806,"VBD"
84807,"PRP"
84808,"VBZ"
84809,"JJ"
84810,"NNS"
84811,","
84812,"VBD"
84813,"NNS"
84814,"IN"
84815,"JJ"
84816,"NN"
84817,"CC"
84818,"JJ"
84819,"JJ"
84820,"NN"
84821,"NNS"
84822,"IN"
84823,"JJ"
84824,"NNS"
84825,"."
84826,"O"
84827,"NNP"
84828,"NNP"
84829,"VBD"
84830,"PRP"
84831,"VBD"
84832,"DT"
84833,"JJ"
84834,"NN"
84835,"IN"
84836,"JJ"
84837,"NNS"
84838,"TO"
84839,"PRP$"
84840,"NN"
84841,"CC"
84842,"JJ"
84843,"NN"
84844,"TO"
84845,"VB"
84846,"DT"
84847,"$"
84848,"CD"
84849,"CD"
84850,"IN"
84851,"NN"
84852,"NNS"
84853,"DT"
84854,"NNS"
84855,"VBP"
84856,"TO"
84857,"DT"
84858,"NN"
84859,"."
84860,"NNP"
84861,","
84862,"WDT"
84863,"RB"
84864,"VBZ"
84865,"NN"
84866,"CC"
84867,"JJ"
84868,"NN"
84869,"NNS"
84870,","
84871,"VBD"
84872,"DT"
84873,"NN"
84874,"VBD"
84875,"VBN"
84876,"IN"
84877,"PRP$"
84878,"NN"
84879,"IN"
84880,"CD"
84881,"NNS"
84882,"WDT"
84883,"VBP"
84884,"RB"
84885,"DT"
84886,"NN"
84887,","
84888,"DT"
84889,"JJS"
84890,"NN"
84891,"IN"
84892,"WDT"
84893,"VBD"
84894,"VBN"
84895,"TO"
84896,"DT"
84897,"CD"
84898,"NN"
84899,"IN"
84900,"DT"
84901,"NNP"
84902,"NNP"
84903,"NN"
84904,"."
84905,"IN"
84906,"JJ"
84907,"NNS"
84908,","
84909,"DT"
84910,"VBN"
84911,"NNS"
84912,"MD"
84913,"RB"
84914,"VB"
84915,"DT"
84916,"NN"
84917,"POS"
84918,"JJ"
84919,"NN"
84920,"IN"
84921,"DT"
84922,"NN"
84923,"NN"
84924,"NN"
84925,"IN"
84926,"DT"
84927,"NN"
84928,"NNS"
84929,"IN"
84930,"NNP"
84931,"CD"
84932,","
84933,"NNP"
84934,"VBD"
84935,"."
84936,"JJ"
84937,"NNS"
84938,"IN"
84939,"DT"
84940,"VBN"
84941,"NNS"
84942,"VBP"
84943,"TO"
84944,"VB"
84945,"VBN"
84946,"."
84947,"DT"
84948,"NN"
84949,"VBZ"
84950,"JJ"
84951,"TO"
84952,"NN"
84953,"IN"
84954,"DT"
84955,"JJ"
84956,"NN"
84957,"CC"
84958,"JJ"
84959,"NNS"
84960,"."
84961,"NNP"
84962,"NNP"
84963,"NNP"
84964,","
84965,"NN"
84966,"NN"
84967,"CC"
84968,"JJ"
84969,"NN"
84970,","
84971,"VBD"
84972,"DT"
84973,"NN"
84974,"``"
84975,"MD"
84976,"VB"
84977,"FW"
84978,"IN"
84979,"DT"
84980,"JJ"
84981,"NN"
84982,"CC"
84983,"NN"
84984,"JJ"
84985,"TO"
84986,"VB"
84987,"DT"
84988,"NN"
84989,"IN"
84990,"DT"
84991,"NN"
84992,"POS"
84993,"NN"
84994,"NN"
84995,"."
84996,"''"
84997,"NNP"
84998,"VBZ"
84999,"VBN"
85000,"DT"
85001,"NN"
85002,"NN"
85003,"IN"
85004,"DT"
85005,"NNP"
85006,"CC"
85007,"NNP"
85008,"NNP"
85009,"VBG"
85010,"DT"
85011,"JJ"
85012,"NN"
85013,"IN"
85014,"$"
85015,"CD"
85016,"CD"
85017,"IN"
85018,"JJ"
85019,"JJ"
85020,"JJ"
85021,"NNS"
85022,"CC"
85023,"NNS"
85024,"."
85025,"O"
85026,"NNP"
85027,"NNP"
85028,"CC"
85029,"NNP"
85030,"VBD"
85031,"PRP"
85032,"VBD"
85033,"DT"
85034,"CD"
85035,"NN"
85036,"NN"
85037,"IN"
85038,"NNP"
85039,"NNP"
85040,","
85041,"DT"
85042,"NN"
85043,"IN"
85044,"NNP"
85045,"NNP"
85046,"NNP"
85047,","
85048,"NNP"
85049,"NNP"
85050,","
85051,"WDT"
85052,"VBZ"
85053,"JJ"
85054,"NN"
85055,"NNS"
85056,"."
85057,"NNS"
85058,"VBD"
85059,"RB"
85060,"VBN"
85061,"."
85062,"NNS"
85063,"IN"
85064,"DT"
85065,"NNP"
85066,"CC"
85067,"NNP"
85068,"NNP"
85069,"NNP"
85070,"VBP"
85071,"JJ"
85072,"TO"
85073,"NN"
85074,"DT"
85075,"NN"
85076,"IN"
85077,"DT"
85078,"NNS"
85079,"."
85080,"NNP"
85081,"NNP"
85082,"VBZ"
85083,"DT"
85084,"NN"
85085,"IN"
85086,"DT"
85087,"NNP"
85088,"NNP"
85089,"NNP"
85090,"."
85091,"O"
85092,"NNP"
85093,"NNP"
85094,"NNP"
85095,"VBD"
85096,"PRP"
85097,"MD"
85098,"VB"
85099,"DT"
85100,"NN"
85101,"IN"
85102,"CD"
85103,"NNS"
85104,"TO"
85105,"CD"
85106,"NNS"
85107,"DT"
85108,"NN"
85109,"IN"
85110,"PRP$"
85111,"JJ"
85112,"JJ"
85113,"NN"
85114,","
85115,"VBD"
85116,"NNP"
85117,"CD"
85118,","
85119,"IN"
85120,"DT"
85121,"NN"
85122,"IN"
85123,"CD"
85124,"NNS"
85125,","
85126,"IN"
85127,"NNP"
85128,"NNP"
85129,","
85130,"NNP"
85131,","
85132,"CC"
85133,"NNP"
85134,","
85135,"NNP"
85136,"."
85137,"DT"
85138,"NN"
85139,"NN"
85140,"VBD"
85141,"PRP"
85142,"VBD"
85143,"DT"
85144,"NNS"
85145,"TO"
85146,"NNP"
85147,"NNP"
85148,"NNP"
85149,"IN"
85150,"DT"
85151,"JJ"
85152,"NN"
85153,"."
85154,"PRP"
85155,"VBD"
85156,"DT"
85157,"NNS"
85158,"VBD"
85159,"NN"
85160,"IN"
85161,"DT"
85162,"CD"
85163,"NNP"
85164,"NNP"
85165,"NNP"
85166,"NNP"
85167,"NNP"
85168,"."
85169,"DT"
85170,"NN"
85171,"RB"
85172,","
85173,"NNP"
85174,"VBD"
85175,"JJ"
85176,"JJ"
85177,"NN"
85178,"NN"
85179,"IN"
85180,"$"
85181,"CD"
85182,"CD"
85183,","
85184,"CC"
85185,"CD"
85186,"NNS"
85187,"DT"
85188,"NN"
85189,","
85190,"IN"
85191,"NN"
85192,"IN"
85193,"$"
85194,"CD"
85195,"CD"
85196,"."
85197,"O"
85198,"JJ"
85199,"NN"
85200,"IN"
85201,"DT"
85202,"NN"
85203,"POS"
85204,"NNS"
85205,"VBD"
85206,"CD"
85207,"NN"
85208,"JJ"
85209,"NN"
85210,"TO"
85211,"CD"
85212,"NNS"
85213,"IN"
85214,"CD"
85215,"NNS"
85216,"DT"
85217,"JJ"
85218,"NN"
85219,","
85220,"DT"
85221,"NNP"
85222,"NNP"
85223,"CC"
85224,"NNP"
85225,"NNP"
85226,"VBD"
85227,"."
85228,"JJ"
85229,"NN"
85230,"POS"
85231,"NN"
85232,"VBD"
85233,"CD"
85234,"NN"
85235,"IN"
85236,"DT"
85237,"CD"
85238,"NNS"
85239,"VBD"
85240,"DT"
85241,"NN"
85242,"RBR"
85243,"."
85244,"DT"
85245,"NN"
85246,"VBD"
85247,"CD"
85248,"NN"
85249,"IN"
85250,"PRP$"
85251,"NN"
85252,"JJ"
85253,"NN"
85254,","
85255,"VBN"
85256,"IN"
85257,"CD"
85258,"NN"
85259,"DT"
85260,"JJ"
85261,"NN"
85262,"CC"
85263,"CD"
85264,"NN"
85265,"DT"
85266,"NN"
85267,"RB"
85268,"."
85269,"DT"
85270,"NN"
85271,"NN"
85272,"NN"
85273,"VBZ"
85274,"DT"
85275,"NN"
85276,"VBN"
85277,"TO"
85278,"VB"
85279,"IN"
85280,"WP"
85281,"NN"
85282,"IN"
85283,"PRP$"
85284,"NN"
85285,"NN"
85286,"DT"
85287,"NN"
85288,"VBZ"
85289,"VBG"
85290,"IN"
85291,"DT"
85292,"JJ"
85293,"NN"
85294,"."
85295,"O"
85296,"NNP"
85297,"NNP"
85298,"NNP"
85299,"VBD"
85300,"VBN"
85301,"JJ"
85302,"NN"
85303,"IN"
85304,"DT"
85305,"NN"
85306,","
85307,"JJ"
85308,"JJ"
85309,"NNP"
85310,"."
85311,"NNP"
85312,"NNP"
85313,","
85314,"CD"
85315,"NNS"
85316,"JJ"
85317,","
85318,"VBZ"
85319,"NNP"
85320,"NNP"
85321,","
85322,"CD"
85323,","
85324,"WP"
85325,"VBD"
85326,"TO"
85327,"VB"
85328,"NNP"
85329,"NNP"
85330,"POS"
85331,"NNP"
85332,"CC"
85333,"NNP"
85334,"NNP"
85335,"."
85336,"NNP"
85337,"NNP"
85338,"VBD"
85339,"NN"
85340,"NN"
85341,"CC"
85342,"NN"
85343,","
85344,"JJ"
85345,"NN"
85346,","
85347,"IN"
85348,"NNP"
85349,"NNP"
85350,"NNP"
85351,"NNP"
85352,","
85353,"DT"
85354,"NNP"
85355,"NN"
85356,"NN"
85357,"."
85358,"O"
85359,"NNP"
85360,"CC"
85361,"NNP"
85362,"NNP"
85363,"POS"
85364,"NNP"
85365,"NNP"
85366,"NNP"
85367,"NN"
85368,"VBD"
85369,"PRP"
85370,"VBD"
85371,"NNP"
85372,"CC"
85373,"NNP"
85374,"NNP"
85375,"NNP"
85376,"NN"
85377,"IN"
85378,"NNP"
85379,"IN"
85380,"NNP"
85381,"NNP"
85382,"."
85383,"NNS"
85384,"VBD"
85385,"RB"
85386,"VBN"
85387,"."
85388,"DT"
85389,"NN"
85390,"VBZ"
85391,"JJ"
85392,"NNS"
85393,"IN"
85394,"NN"
85395,"CC"
85396,"NN"
85397,"NN"
85398,"NNS"
85399,"."
85400,"NNP"
85401,"NNP"
85402,"NNP"
85403,"VBZ"
85404,"DT"
85405,"NN"
85406,"IN"
85407,"JJ"
85408,"NN"
85409,"CC"
85410,"VBZ"
85411,"JJ"
85412,"NNS"
85413,"."
85414,"NNP"
85415,"VBD"
85416,"NNP"
85417,"IN"
85418,"NNP"
85419,","
85420,"IN"
85421,"NNP"
85422,","
85423,"NNP"
85424,","
85425,"VBZ"
85426,"DT"
85427,"JJ"
85428,"NN"
85429,"CC"
85430,"NN"
85431,"."
85432,"DT"
85433,"NN"
85434,"VBZ"
85435,"VBG"
85436,"IN"
85437,"NNP"
85438,"IN"
85439,"NNS"
85440,"TO"
85441,"VB"
85442,"DT"
85443,"JJ"
85444,"JJ"
85445,"NN"
85446,"VB"
85447,"DT"
85448,"NN"
85449,"IN"
85450,"DT"
85451,"JJ"
85452,"NN"
85453,"IN"
85454,"CD"
85455,"."
85456,"DT"
85457,"NNS"
85458,"VBP"
85459,"DT"
85460,"NN"
85461,"NN"
85462,","
85463,"DT"
85464,"JJ"
85465,"NN"
85466,","
85467,"VBG"
85468,"NNS"
85469,","
85470,"JJ"
85471,"NNS"
85472,":"
85473,"CC"
85474,"RB"
85475,"JJ"
85476,"IN"
85477,"CD"
85478,"JJ"
85479,"NNS"
85480,"DT"
85481,"NN"
85482,"."
85483,"JJ"
85484,"NNS"
85485,"VBP"
85486,"IN"
85487,"VBG"
85488,"DT"
85489,"NN"
85490,"MD"
85491,"VB"
85492,"NNS"
85493,","
85494,"VB"
85495,"NNS"
85496,"CC"
85497,"VB"
85498,"JJ"
85499,"VBN"
85500,"NNS"
85501,"IN"
85502,"NN"
85503,"."
85504,"CC"
85505,"NNS"
85506,"VBP"
85507,"JJ"
85508,"."
85509,"``"
85510,"DT"
85511,"NN"
85512,"RB"
85513,"VBZ"
85514,"RB"
85515,"JJ"
85516,"NNS"
85517,","
85518,"CC"
85519,"PRP"
85520,"MD"
85521,"RB"
85522,"VB"
85523,"PRP"
85524,"RB"
85525,","
85526,"''"
85527,"VBZ"
85528,"NNP"
85529,"NNP"
85530,","
85531,"DT"
85532,"NN"
85533,"IN"
85534,"DT"
85535,"NNP"
85536,"NNP"
85537,"NN"
85538,"."
85539,"IN"
85540,"CD"
85541,"JJ"
85542,"NNS"
85543,","
85544,"VBG"
85545,"NNP"
85546,"NNP"
85547,"."
85548,"NNP"
85549,"NNP"
85550,"NNP"
85551,"."
85552,"NNP"
85553,"NNP"
85554,"CC"
85555,"NNP"
85556,","
85557,"VBP"
85558,"VBN"
85559,"DT"
85560,"NN"
85561,"TO"
85562,"VB"
85563,"IN"
85564,"VBG"
85565,"DT"
85566,"NN"
85567,"IN"
85568,"NNP"
85569,"."
85570,"NNP"
85571,"NN"
85572,"NNS"
85573,"VBP"
85574,"VBN"
85575,"IN"
85576,"NNP"
85577,"."
85578,"DT"
85579,"CD"
85580,"NNS"
85581,":"
85582,"CD"
85583,"IN"
85584,"NNP"
85585,"CC"
85586,"NNP"
85587,"IN"
85588,"NNP"
85589,":"
85590,"VBP"
85591,"RB"
85592,"JJ"
85593,"NN"
85594,"CC"
85595,"VBP"
85596,"JJ"
85597,"NNS"
85598,"IN"
85599,"JJ"
85600,"NNS"
85601,"CC"
85602,"JJ"
85603,"NNS"
85604,"."
85605,"RB"
85606,"DT"
85607,"NNPS"
85608,"VBP"
85609,"VBN"
85610,"."
85611,"``"
85612,"WP"
85613,"VBP"
85614,"PRP"
85615,"VBP"
85616,"NNS"
85617,"IN"
85618,"WRB"
85619,"PRP"
85620,"VBP"
85621,"RB"
85622,"VBN"
85623,"NN"
85624,"IN"
85625,"DT"
85626,"NNS"
85627,"."
85628,"''"
85629,"NNP"
85630,"NNP"
85631,"VBD"
85632,"."
85633,"CC"
85634,"NNP"
85635,"NNP"
85636,","
85637,"WP"
85638,"VBZ"
85639,"DT"
85640,"NN"
85641,"IN"
85642,"NNP"
85643,"POS"
85644,"NNP"
85645,"NNP"
85646,","
85647,"VBD"
85648,"DT"
85649,"NNS"
85650,"MD"
85651,"VB"
85652,"NNP"
85653,"VB"
85654,"PRP$"
85655,"$"
85656,"CD"
85657,"CD"
85658,"JJ"
85659,"NN"
85660,"IN"
85661,"VBG"
85662,"NNS"
85663,"IN"
85664,"DT"
85665,"NN"
85666,"NNS"
85667,"IN"
85668,"DT"
85669,"JJ"
85670,"NNS"
85671,":"
85672,"DT"
85673,"JJ"
85674,"NN"
85675,"CC"
85676,"JJ"
85677,"NN"
85678,"NN"
85679,"."
85680,"NNP"
85681,"VBZ"
85682,"TO"
85683,"VB"
85684,"JJ"
85685,"NNS"
85686,"TO"
85687,"NNP"
85688,"CC"
85689,"DT"
85690,"NNP"
85691,"."
85692,"VBG"
85693,"TO"
85694,"DT"
85695,"NNP"
85696,"NNP"
85697,"NNP"
85698,"NNP"
85699,","
85700,"DT"
85701,"JJ"
85702,"JJ"
85703,"NN"
85704,"VBZ"
85705,"VBG"
85706,"NNS"
85707,"IN"
85708,"NNP"
85709,"IN"
85710,"VBG"
85711,"DT"
85712,"JJ"
85713,"NN"
85714,"TO"
85715,"DT"
85716,"NN"
85717,"IN"
85718,"DT"
85719,"JJ"
85720,"NN"
85721,","
85722,"VBG"
85723,"NN"
85724,"IN"
85725,"RB"
85726,"TO"
85727,"CD"
85728,"CD"
85729,"JJ"
85730,"NNS"
85731,"DT"
85732,"NN"
85733,"IN"
85734,"CD"
85735,"CD"
85736,"."
85737,"NNP"
85738,"RB"
85739,"VBZ"
85740,"TO"
85741,"VB"
85742,"DT"
85743,"NN"
85744,"IN"
85745,"NNP"
85746,"CC"
85747,"IN"
85748,"DT"
85749,"NN"
85750,"IN"
85751,"NN"
85752,"TO"
85753,"VB"
85754,"NNP"
85755,","
85756,"NNP"
85757,"CC"
85758,"NNP"
85759,"NNP"
85760,"IN"
85761,"RB"
85762,"TO"
85763,"CD"
85764,"CD"
85765,"JJ"
85766,"NNS"
85767,"DT"
85768,"NN"
85769,"IN"
85770,"DT"
85771,"JJ"
85772,"NNS"
85773,"."
85774,"NNP"
85775,"NNP"
85776,"POS"
85777,"NNP"
85778,"NNP"
85779,"IN"
85780,"NNP"
85781,"VBD"
85782,"TO"
85783,"VB"
85784,"DT"
85785,"NN"
85786,"IN"
85787,"NN"
85788,"NNS"
85789,"CC"
85790,"VB"
85791,"NNS"
85792,"IN"
85793,"NNP"
85794,"NNP"
85795,"NNP"
85796,"NNP"
85797,"NNP"
85798,"IN"
85799,"PRP$"
85800,"NN"
85801,"NN"
85802,","
85803,"NNP"
85804,"NNP"
85805,"VBD"
85806,"."
85807,"PRP"
85808,"RB"
85809,"VBD"
85810,"DT"
85811,"NN"
85812,"VBD"
85813,"VBN"
85814,"TO"
85815,"VB"
85816,"DT"
85817,"NN"
85818,"IN"
85819,"JJ"
85820,"NNS"
85821,"NN"
85822,"."
85823,"DT"
85824,"NN"
85825,"IN"
85826,"CD"
85827,"NNP"
85828,"NNP"
85829,"NNS"
85830,"VBD"
85831,"JJ"
85832,"NNP"
85833,","
85834,"IN"
85835,"CD"
85836,"NN"
85837,"IN"
85838,"DT"
85839,"JJ"
85840,"CD"
85841,"CD"
85842,"NNS"
85843,"VBN"
85844,"IN"
85845,"NNP"
85846,"NNP"
85847,"NNS"
85848,"VBG"
85849,","
85850,"VBG"
85851,"TO"
85852,"DT"
85853,"NN"
85854,","
85855,"IN"
85856,"NNP"
85857,"NNP"
85858,"VBD"
85859,"EX"
85860,"VBD"
85861,"FW"
85862,"NNS"
85863,"."
85864,"DT"
85865,"NN"
85866,"VBZ"
85867,"VBN"
85868,"DT"
85869,"CD"
85870,"NN"
85871,"NN"
85872,"IN"
85873,"DT"
85874,"JJ"
85875,"NN"
85876,"IN"
85877,"NNP"
85878,"NNP"
85879,"POS"
85880,"JJ"
85881,"NN"
85882,"VBD"
85883,"DT"
85884,"NN"
85885,"IN"
85886,"CD"
85887,"NN"
85888,"."
85889,"DT"
85890,"JJ"
85891,"JJ"
85892,"NN"
85893,"VBN"
85894,"IN"
85895,"NNP"
85896,","
85897,"NNP"
85898,"."
85899,"DT"
85900,"NN"
85901,"VBZ"
85902,"VBN"
85903,"TO"
85904,"VB"
85905,"IN"
85906,"VBG"
85907,"DT"
85908,"NN"
85909,"IN"
85910,"NNP"
85911,"CC"
85912,"NNP"
85913,","
85914,"VBG"
85915,"NN"
85916,"IN"
85917,"JJ"
85918,"NNS"
85919,"CC"
85920,"VBG"
85921,"DT"
85922,"NN"
85923,"IN"
85924,"JJ"
85925,"NNS"
85926,"."
85927,"NNP"
85928,"NNP"
85929,"NNP"
85930,"NNP"
85931,"NNP"
85932,"NNP"
85933,"VBD"
85934,"NNP"
85935,"VBZ"
85936,"VBN"
85937,"IN"
85938,"DT"
85939,"NN"
85940,"IN"
85941,"NN"
85942,","
85943,"``"
85944,"RB"
85945,"IN"
85946,"JJ"
85947,"NNS"
85948,"IN"
85949,"DT"
85950,"NNP"
85951,","
85952,"IN"
85953,"PRP"
85954,"VBP"
85955,"RB"
85956,"VBN"
85957,"IN"
85958,"PRP$"
85959,"JJ"
85960,"NN"
85961,"CC"
85962,"NN"
85963,"IN"
85964,"PRP"
85965,"."
85966,"''"
85967,"DT"
85968,"NNP"
85969,"NNP"
85970,"NNP"
85971,"VBD"
85972,"DT"
85973,"JJ"
85974,"NN"
85975,"IN"
85976,"NNP"
85977,"IN"
85978,"DT"
85979,"NN"
85980,"."
85981,"DT"
85982,"JJ"
85983,"NNS"
85984,"IN"
85985,"DT"
85986,"JJ"
85987,"NN"
85988,"NN"
85989,"VBD"
85990,"DT"
85991,"JJ"
85992,"NN"
85993,"IN"
85994,"DT"
85995,"NN"
85996,"IN"
85997,"NNP"
85998,"CD"
85999,"IN"
86000,"DT"
86001,"JJ"
86002,"NN"
86003,"VBN"
86004,"IN"
86005,"IN"
86006,"CD"
86007,"NN"
86008,"."
86009,"NNP"
86010,"NNP"
86011,"NNP"
86012,"VBD"
86013,"NNS"
86014,"VBD"
86015,"VBN"
86016,"IN"
86017,"CD"
86018,"NNS"
86019,"IN"
86020,"DT"
86021,"JJ"
86022,"VBP"
86023,"FW"
86024,"("
86025,"NNP"
86026,"NNP"
86027,")"
86028,"TO"
86029,"VB"
86030,"VBN"
86031,"IN"
86032,"NNS"
86033,"CC"
86034,"DT"
86035,"JJ"
86036,"CD"
86037,"NN"
86038,"NNS"
86039,"TO"
86040,"VB"
86041,"VBN"
86042,"IN"
86043,"JJ"
86044,"NN"
86045,"."
86046,"PRP"
86047,"VBD"
86048,"CD"
86049,"JJR"
86050,"NNS"
86051,"VBD"
86052,"VBN"
86053,"TO"
86054,"NN"
86055,"IN"
86056,"IN"
86057,"JJ"
86058,"NNS"
86059,"."
86060,"DT"
86061,"JJ"
86062,"NN"
86063,"NN"
86064,"NNS"
86065,"VBZ"
86066,"CD"
86067,"NN"
86068,"IN"
86069,"VBP"
86070,"FW"
86071,","
86072,"CC"
86073,"DT"
86074,"JJ"
86075,"NN"
86076,"NN"
86077,"CC"
86078,"VBZ"
86079,"CD"
86080,"NN"
86081,"."
86082,"NNP"
86083,"NNP"
86084,","
86085,"NNP"
86086,"POS"
86087,"JJ"
86088,"NN"
86089,"NN"
86090,","
86091,"VBD"
86092,"DT"
86093,"NN"
86094,"POS"
86095,"NN"
86096,"NNS"
86097,"VBP"
86098,"VBG"
86099,"RB"
86100,"TO"
86101,"NNP"
86102,"POS"
86103,"NN"
86104,"NN"
86105,"."
86106,"NNP"
86107,"NNP"
86108,"POS"
86109,"NN"
86110,"NNS"
86111,"IN"
86112,"DT"
86113,"NNS"
86114,"POS"
86115,"NNS"
86116,"IN"
86117,"DT"
86118,"NN"
86119,"MD"
86120,"VB"
86121,"DT"
86122,"NN"
86123,"IN"
86124,"JJ"
86125,"NN"
86126,"IN"
86127,"DT"
86128,"NNP"
86129,"NNP"
86130,"IN"
86131,"NN"
86132,"TO"
86133,"VB"
86134,"."
86135,"NNP"
86136,"NNP"
86137,","
86138,"NNP"
86139,"POS"
86140,"NN"
86141,"IN"
86142,"DT"
86143,"NN"
86144,"IN"
86145,"NN"
86146,","
86147,"VBD"
86148,"NN"
86149,"IN"
86150,"JJ"
86151,"NNS"
86152,"IN"
86153,"NNP"
86154,","
86155,"IN"
86156,"DT"
86157,"NN"
86158,"NN"
86159,"IN"
86160,"DT"
86161,"JJ"
86162,"NN"
86163,"NN"
86164,"TO"
86165,"VB"
86166,"DT"
86167,"NN"
86168,"IN"
86169,"DT"
86170,"NN"
86171,"."
86172,"DT"
86173,"JJ"
86174,"NN"
86175,"IN"
86176,"NNS"
86177,"VBP"
86178,"TO"
86179,"VB"
86180,"VBG"
86181,"DT"
86182,"NN"
86183,"IN"
86184,"DT"
86185,"NN"
86186,"WRB"
86187,"PRP"
86188,"MD"
86189,"VB"
86190,"PRP$"
86191,"JJ"
86192,"NNS"
86193,"IN"
86194,"JJ"
86195,"NNS"
86196,"IN"
86197,"DT"
86198,"NN"
86199,"NN"
86200,"VBN"
86201,"IN"
86202,"CD"
86203,"NN"
86204,","
86205,"NNP"
86206,"NNP"
86207,"VBD"
86208,"."
86209,"DT"
86210,"JJ"
86211,"CD"
86212,"NNS"
86213,"VBP"
86214,"IN"
86215,"JJ"
86216,"NNS"
86217,"IN"
86218,"NNS"
86219,"IN"
86220,"CD"
86221,"NN"
86222,"NN"
86223,"NNS"
86224,","
86225,"CC"
86226,"VBG"
86227,"JJ"
86228,"NNS"
86229,"."
86230,"DT"
86231,"NN"
86232,","
86233,"WDT"
86234,"VBZ"
86235,"$"
86236,"CD"
86237,"CD"
86238,"IN"
86239,"NNP"
86240,"POS"
86241,"NN"
86242,":"
86243,"CC"
86244,"JJ"
86245,"NN"
86246,","
86247,"VBZ"
86248,"VBN"
86249,"TO"
86250,"VB"
86251,"IN"
86252,"NN"
86253,"IN"
86254,"JJ"
86255,"NNP"
86256,"POS"
86257,"JJ"
86258,"NN"
86259,"NN"
86260,","
86261,"NNP"
86262,"NNP"
86263,","
86264,"VBD"
86265,"$"
86266,"CD"
86267,"IN"
86268,"JJ"
86269,"NNS"
86270,"CC"
86271,"NNS"
86272,"IN"
86273,"JJ"
86274,"NN"
86275,","
86276,"DT"
86277,"NNP"
86278,"POS"
86279,"NNP"
86280,"VBD"
86281,"."
86282,"DT"
86283,"NN"
86284,"VBZ"
86285,"JJ"
86286,"TO"
86287,"IN"
86288,"CD"
86289,"NNS"
86290,"NNS"
86291,"IN"
86292,"DT"
86293,"JJ"
86294,"NN"
86295,","
86296,"WP"
86297,"VBZ"
86298,"$"
86299,"CD"
86300,"DT"
86301,"NN"
86302,":"
86303,"."
86304,"NNP"
86305,"MD"
86306,"VB"
86307,"$"
86308,"CD"
86309,"CD"
86310,"IN"
86311,"JJ"
86312,"NN"
86313,"IN"
86314,"NNP"
86315,"POS"
86316,"NNP"
86317,"NNP"
86318,","
86319,"JJ"
86320,"NN"
86321,"IN"
86322,"DT"
86323,"NNP"
86324,"NNP"
86325,","
86326,"DT"
86327,"NNP"
86328,"NNP"
86329,"NNP"
86330,"VBD"
86331,"."
86332,"DT"
86333,"NNP"
86334,"NNP"
86335,","
86336,"WP"
86337,"VBD"
86338,"RB"
86339,"VBN"
86340,"DT"
86341,"NNP"
86342,"NNP"
86343,"NNP"
86344,","
86345,"VBZ"
86346,"IN"
86347,"NN"
86348,"IN"
86349,"NNP"
86350,"."
86351,"O"
86352,"NNP"
86353,"NNP"
86354,"NNP"
86355,","
86356,"CD"
86357,"NNS"
86358,"JJ"
86359,","
86360,"NN"
86361,"CC"
86362,"JJ"
86363,"NN"
86364,"NN"
86365,"IN"
86366,"NNP"
86367,"NNP"
86368,"IN"
86369,"NNP"
86370,"NNP"
86371,","
86372,"VBD"
86373,"VBN"
86374,"DT"
86375,"NN"
86376,"IN"
86377,"DT"
86378,"NN"
86379,"IN"
86380,"NNS"
86381,","
86382,"NNS"
86383,"CC"
86384,"NN"
86385,"NNS"
86386,","
86387,"VBG"
86388,"NNP"
86389,"NNP"
86390,"NNP"
86391,"NNP"
86392,","
86393,"CD"
86394,","
86395,"WP"
86396,"VBD"
86397,"."
86398,"O"
86399,"NNP"
86400,"NNP"
86401,"NNP"
86402,"NNP"
86403,"VBD"
86404,"PRP"
86405,"RB"
86406,"VBD"
86407,"CD"
86408,"JJ"
86409,"NNS"
86410,"IN"
86411,"$"
86412,"CD"
86413,"DT"
86414,"NN"
86415,"."
86416,"DT"
86417,"NN"
86418,"VBD"
86419,"VBN"
86420,"IN"
86421,"NNP"
86422,"NNP"
86423,"NNP"
86424,","
86425,"NNP"
86426,"NNP"
86427,","
86428,"IN"
86429,"JJ"
86430,"NNS"
86431,"."
86432,"NNS"
86433,"MD"
86434,"VB"
86435,"VBN"
86436,"TO"
86437,"VB"
86438,"RB"
86439,"JJ"
86440,"NN"
86441,"CC"
86442,"VB"
86443,"DT"
86444,"NN"
86445,"POS"
86446,"JJ"
86447,"NN"
86448,"."
86449,"DT"
86450,"NN"
86451,"VBZ"
86452,"JJ"
86453,"NNS"
86454,"NNS"
86455,"IN"
86456,"DT"
86457,"NN"
86458,"NN"
86459,"NN"
86460,"."
86461,"O"
86462,"DT"
86463,"NNP"
86464,"NNP"
86465,"CC"
86466,"NNP"
86467,"."
86468,"NN"
86469,"NN"
86470,"VBZ"
86471,"RB"
86472,"IN"
86473,"NN"
86474,"."
86475,"IN"
86476,"NN"
86477,"POS"
86478,"NN"
86479,","
86480,"PRP"
86481,"VBD"
86482,"RB"
86483,"VBN"
86484,"IN"
86485,"DT"
86486,"NN"
86487,"IN"
86488,"NNP"
86489,"NNP"
86490,"NNS"
86491,"RB"
86492,"IN"
86493,"NN"
86494,"."
86495,"O"
86496,"JJ"
86497,"NN"
86498,"NNS"
86499,"VBP"
86500,"VBD"
86501,"IN"
86502,"CD"
86503,"NN"
86504,"IN"
86505,"RB"
86506,"DT"
86507,"NN"
86508,","
86509,"CC"
86510,"NN"
86511,"NNS"
86512,"RB"
86513,"VBP"
86514,"RB"
86515,"JJ"
86516,"."
86517,"PRP"
86518,"VBP"
86519,"VBG"
86520,"JJ"
86521,"NNS"
86522,"WDT"
86523,"VBP"
86524,"JJR"
86525,"IN"
86526,"VBG"
86527,"RP"
86528,"IN"
86529,"VBN"
86530,"JJ"
86531,"NNS"
86532,"."
86533,"NNP"
86534,"NNP"
86535,"NNS"
86536,"VBP"
86537,"VBN"
86538,"TO"
86539,"VB"
86540,"RB"
86541,"CD"
86542,"NN"
86543,"NNS"
86544,"DT"
86545,"NN"
86546,","
86547,"RB"
86548,"CD"
86549,"NN"
86550,"IN"
86551,"CD"
86552,"."
86553,"IN"
86554,"NN"
86555,","
86556,"DT"
86557,"NN"
86558,"NNS"
86559,"VBP"
86560,"DT"
86561,"JJ"
86562,"NN"
86563,"IN"
86564,"PRP$"
86565,"NNS"
86566,"IN"
86567,"DT"
86568,"NNP"
86569,"NNP"
86570,"NNP"
86571,"VBZ"
86572,"DT"
86573,"NN"
86574,":"
86575,"RB"
86576,"PRP"
86577,"MD"
86578,"RB"
86579,"VB"
86580,"JJ"
86581,"TO"
86582,"VB"
86583,"RP"
86584,"IN"
86585,"NN"
86586,"IN"
86587,"DT"
86588,"JJR"
86589,"JJ"
86590,"JJ"
86591,"NN"
86592,"."
86593,"``"
86594,"PRP"
86595,"VBP"
86596,"RB"
86597,"JJ"
86598,"TO"
86599,"RB"
86600,"VB"
86601,"DT"
86602,"NN"
86603,"NN"
86604,"TO"
86605,"JJ"
86606,"NN"
86607,","
86608,"''"
86609,"VBZ"
86610,"NNP"
86611,"NNP"
86612,"NNP"
86613,","
86614,"NN"
86615,"NN"
86616,"IN"
86617,"JJ"
86618,"NN"
86619,"IN"
86620,"NNP"
86621,"NNP"
86622,"NNP"
86623,"."
86624,"IN"
86625,"PRP"
86626,"VBZ"
86627,","
86628,"VBG"
86629,"NNS"
86630,"IN"
86631,"DT"
86632,"NN"
86633,"VBP"
86634,"RB"
86635,"JJ"
86636,"IN"
86637,"JJ"
86638,"NNS"
86639,"."
86640,"NN"
86641,"VBZ"
86642,"RB"
86643,"JJ"
86644,"IN"
86645,"DT"
86646,"IN"
86647,"DT"
86648,"JJ"
86649,"NNS"
86650,":"
86651,"NNP"
86652,","
86653,"NNP"
86654,"NNP"
86655,"NNP"
86656,","
86657,"NNP"
86658,"NNP"
86659,"NNP"
86660,"CC"
86661,"RB"
86662,"JJ"
86663,"NNP"
86664,"NNP"
86665,"NNP"
86666,":"
86667,"NN"
86668,"TO"
86669,"VB"
86670,"JJR"
86671,"NNS"
86672,"."
86673,"NN"
86674,"NNS"
86675,"VBP"
86676,"IN"
86677,"IN"
86678,"CD"
86679,","
86680,"NNP"
86681,"NNP"
86682,"MD"
86683,"VB"
86684,"VBG"
86685,"CD"
86686,"CD"
86687,"NNS"
86688,"DT"
86689,"NN"
86690,":"
86691,"IN"
86692,"PDT"
86693,"IN"
86694,"WDT"
86695,"IN"
86696,"NN"
86697,"."
86698,"PRP"
86699,"VBZ"
86700,"DT"
86701,"JJ"
86702,"NN"
86703,"IN"
86704,"DT"
86705,"NN"
86706,"RB"
86707,"VBG"
86708,"JJ"
86709,"NN"
86710,"."
86711,"CC"
86712,"JJ"
86713,"JJ"
86714,"NN"
86715,"NNS"
86716,"VBP"
86717,"JJ"
86718,"IN"
86719,"DT"
86720,"NN"
86721,"NN"
86722,"MD"
86723,"VB"
86724,"RB"
86725,"CC"
86726,"IN"
86727,"NN"
86728,"IN"
86729,"NNP"
86730,"MD"
86731,"VB"
86732,"JJ"
86733,"."
86734,"RB"
86735,"RB"
86736,"CD"
86737,"IN"
86738,"CD"
86739,"NNP"
86740,"NNPS"
86741,"VBZ"
86742,"DT"
86743,"NN"
86744,","
86745,"RB"
86746,"IN"
86747,"CD"
86748,"IN"
86749,"CD"
86750,"DT"
86751,"NN"
86752,"RB"
86753,"."
86754,"``"
86755,"IN"
86756,"DT"
86757,"NN"
86758,"CD"
86759,"PRP"
86760,"MD"
86761,"VB"
86762,"CD"
86763,"NN"
86764,"IN"
86765,"NN"
86766,"."
86767,"IN"
86768,"DT"
86769,"NN"
86770,"JJ"
86771,"NNS"
86772,"MD"
86773,"VB"
86774,"RB"
86775,","
86776,"''"
86777,"VBZ"
86778,"NNP"
86779,"NNP"
86780,"NNP"
86781,","
86782,"NN"
86783,"IN"
86784,"NN"
86785,"IN"
86786,"NNP"
86787,"NNP"
86788,"."
86789,"DT"
86790,"NN"
86791,"IN"
86792,"DT"
86793,"JJ"
86794,"NN"
86795,"VBZ"
86796,"JJ"
86797,":"
86798,"NNP"
86799,"NNPS"
86800,"RB"
86801,"VB"
86802,"DT"
86803,"NN"
86804,"JJR"
86805,"NN"
86806,"."
86807,"``"
86808,"PRP"
86809,"RB"
86810,"VBD"
86811,"PRP"
86812,"MD"
86813,"VB"
86814,"DT"
86815,"NN"
86816,","
86817,"''"
86818,"VBZ"
86819,"NNP"
86820,"NNP"
86821,"NNP"
86822,","
86823,"WP"
86824,"RB"
86825,"VBD"
86826,"DT"
86827,"JJ"
86828,"NNS"
86829,"IN"
86830,"DT"
86831,"JJ"
86832,"NN"
86833,"."
86834,"PRP"
86835,"CC"
86836,"PRP$"
86837,"NN"
86838,"VBD"
86839,"DT"
86840,"JJ"
86841,"NN"
86842,"NN"
86843,"CC"
86844,"VB"
86845,"DT"
86846,"NN"
86847,"IN"
86848,"NN"
86849,"IN"
86850,"NN"
86851,"IN"
86852,"IN"
86853,"NN"
86854,"NNS"
86855,"."
86856,"NNP"
86857,"VBZ"
86858,"IN"
86859,"CD"
86860,"NN"
86861,"IN"
86862,"DT"
86863,"JJ"
86864,"CD"
86865,"NNS"
86866,"VBP"
86867,"VBN"
86868,"JJ"
86869,"NNP"
86870,"NNPS"
86871,"DT"
86872,"NN"
86873,"TO"
86874,"VB"
86875,"DT"
86876,"NNS"
86877,"PRP"
86878,"VBD"
86879,"VBG"
86880,"DT"
86881,"NN"
86882,"IN"
86883,"DT"
86884,"NN"
86885,"."
86886,"DT"
86887,"NN"
86888,"IN"
86889,"NN"
86890,"NNP"
86891,"NNP"
86892,"VBZ"
86893,"DT"
86894,"NN"
86895,"IN"
86896,"DT"
86897,"NN"
86898,"NN"
86899,"CC"
86900,"PRP$"
86901,"JJ"
86902,"NN"
86903,"."
86904,"DT"
86905,"NN"
86906,"IN"
86907,"DT"
86908,"JJ"
86909,"NN"
86910,"NNP"
86911,"NNP"
86912,","
86913,"PRP"
86914,"VBD"
86915,"IN"
86916,"DT"
86917,"VBG"
86918,"NNP"
86919,"NNP"
86920,"NNP"
86921,"IN"
86922,"CD"
86923,"."
86924,"NNP"
86925,"VBD"
86926,"VBG"
86927,"NNS"
86928,"IN"
86929,"DT"
86930,"JJ"
86931,"``"
86932,"NN"
86933,"''"
86934,"NN"
86935,"."
86936,"("
86937,"NNP"
86938,"VBD"
86939,"VBN"
86940,"DT"
86941,"NN"
86942,"NN"
86943,"IN"
86944,"NN"
86945,"NN"
86946,"NNP"
86947,"NNP"
86948,"NNP"
86949,","
86950,"RB"
86951,"DT"
86952,"NN"
86953,"IN"
86954,"NNP"
86955,"NNP"
86956,"."
86957,")"
86958,"DT"
86959,"RBS"
86960,"JJ"
86961,"NN"
86962,"VBZ"
86963,"DT"
86964,"VBN"
86965,"``"
86966,"NNP"
86967,","
86968,"''"
86969,"WDT"
86970,"VBZ"
86971,"DT"
86972,"NNP"
86973,"NNP"
86974,"CC"
86975,"NNP"
86976,"NNP"
86977,"."
86978,"DT"
86979,"JJ"
86980,"NNS"
86981,"NN"
86982,"IN"
86983,"$"
86984,"CD"
86985,":"
86986,"DT"
86987,"NNP"
86988,"MD"
86989,"VB"
86990,"IN"
86991,"$"
86992,"CD"
86993,"."
86994,"NNP"
86995,","
86996,"WDT"
86997,"VBZ"
86998,"RB"
86999,"IN"
87000,"CD"
87001,"NN"
87002,"IN"
87003,"DT"
87004,"JJ"
87005,"NN"
87006,","
87007,"MD"
87008,"VB"
87009,"IN"
87010,"CD"
87011,"IN"
87012,"PRP$"
87013,"NNS"
87014,"DT"
87015,"NN"
87016,","
87017,"RB"
87018,"RB"
87019,"JJ"
87020,"IN"
87021,"JJ"
87022,"NN"
87023,"."
87024,"PRP"
87025,"VBZ"
87026,"NNS"
87027,"VBG"
87028,"CD"
87029,"NN"
87030,"TO"
87031,"CD"
87032,"NNS"
87033,"IN"
87034,"NN"
87035,"."
87036,"DT"
87037,"NN"
87038,"VBZ"
87039,"TO"
87040,"VB"
87041,"NN"
87042,"NN"
87043,"CD"
87044,"NN"
87045,"IN"
87046,"CD"
87047,"."
87048,"IN"
87049,"RB"
87050,"PRP"
87051,"RB"
87052,"VBZ"
87053,"TO"
87054,"VB"
87055,"VBG"
87056,"DT"
87057,"NN"
87058,"NN"
87059,"VBN"
87060,"IN"
87061,"DT"
87062,"NNP"
87063,"CD"
87064,"CC"
87065,"NN"
87066,"IN"
87067,"IN"
87068,"$"
87069,"CD"
87070,"."
87071,"NNP"
87072,"CC"
87073,"NNP"
87074,"VBP"
87075,"VBN"
87076,"IN"
87077,"DT"
87078,"JJ"
87079,"NN"
87080,","
87081,"CC"
87082,"NNP"
87083,","
87084,"DT"
87085,"JJ"
87086,"NN"
87087,"NN"
87088,"NN"
87089,","
87090,"VBZ"
87091,"VBG"
87092,"JJ"
87093,"NNS"
87094,"IN"
87095,"PRP$"
87096,"NN"
87097,"NN"
87098,"."
87099,"PRP"
87100,"VBZ"
87101,"TO"
87102,"VB"
87103,"CD"
87104,"NNS"
87105,"IN"
87106,"CD"
87107,"."
87108,"NNP"
87109,","
87110,"DT"
87111,"JJ"
87112,"JJ"
87113,"NN"
87114,"NN"
87115,"WDT"
87116,"VBZ"
87117,"VBN"
87118,"PRP$"
87119,"JJ"
87120,"NNS"
87121,"VBP"
87122,"IN"
87123,"CD"
87124,","
87125,"VBZ"
87126,"IN"
87127,"NNP"
87128,"POS"
87129,"JJ"
87130,"NN"
87131,"."
87132,"PRP$"
87133,"NN"
87134,"VBZ"
87135,"VBN"
87136,"DT"
87137,"JJ"
87138,"JJ"
87139,"NN"
87140,","
87141,"VBN"
87142,"IN"
87143,"DT"
87144,"NNP"
87145,"NNP"
87146,"IN"
87147,"DT"
87148,"NNP"
87149,"."
87150,"IN"
87151,"CD"
87152,"CD"
87153,"VBD"
87154,","
87155,"CC"
87156,"$"
87157,"CD"
87158,","
87159,"DT"
87160,"NN"
87161,"VBZ"
87162,"DT"
87163,"JJ"
87164,"NN"
87165,"IN"
87166,"NNP"
87167,"NNP"
87168,"."
87169,"IN"
87170,"IN"
87171,"CD"
87172,"JJR"
87173,"NNS"
87174,","
87175,"DT"
87176,"NN"
87177,"VBZ"
87178,"CD"
87179,"NN"
87180,"IN"
87181,"DT"
87182,"JJ"
87183,"NN"
87184,"."
87185,"NNP"
87186,"NNP"
87187,"NNP"
87188,"CC"
87189,"NNP"
87190,"POS"
87191,"NNP"
87192,"NNP"
87193,"NNP"
87194,"VBP"
87195,"NN"
87196,"NNS"
87197,"IN"
87198,"NNP"
87199,"."
87200,"NNP"
87201,"VBZ"
87202,"DT"
87203,"RBS"
87204,"JJ"
87205,"IN"
87206,"DT"
87207,"NNP"
87208,"NNP"
87209,"NNP"
87210,"IN"
87211,"NN"
87212,"NN"
87213,"."
87214,"NNS"
87215,"IN"
87216,"RB"
87217,"JJ"
87218,"IN"
87219,"CD"
87220,"NNS"
87221,"VBP"
87222,"DT"
87223,"NNS"
87224,"RB"
87225,"JJ"
87226,","
87227,"IN"
87228,"JJ"
87229,"NNS"
87230,"IN"
87231,"NN"
87232,"IN"
87233,"CD"
87234,"VBD"
87235,","
87236,"CC"
87237,"$"
87238,"CD"
87239,"."
87240,"NNP"
87241,"NNP"
87242,","
87243,"DT"
87244,"JJ"
87245,"JJ"
87246,"NN"
87247,"IN"
87248,"NNP"
87249,"NNP"
87250,"NNP"
87251,"CC"
87252,"DT"
87253,"NNP"
87254,"NNP"
87255,"NN"
87256,","
87257,"VBZ"
87258,"DT"
87259,"JJ"
87260,"NN"
87261,"NN"
87262,"WDT"
87263,"VBZ"
87264,"TO"
87265,"VB"
87266,"VBG"
87267,"."
87268,"NNS"
87269,"IN"
87270,"PRP$"
87271,"NNS"
87272,"TO"
87273,"NNP"
87274,"POS"
87275,"NN"
87276,"NN"
87277,"VBP"
87278,"RB"
87279,"IN"
87280,"CD"
87281,"NN"
87282,"IN"
87283,"DT"
87284,"NN"
87285,"RB"
87286,","
87287,"IN"
87288,"DT"
87289,"CD"
87290,"NN"
87291,"NN"
87292,"IN"
87293,"NNP"
87294,"CC"
87295,"DT"
87296,"CD"
87297,"NN"
87298,"NN"
87299,"IN"
87300,"NNP"
87301,"."
87302,"RB"
87303,","
87304,"NNP"
87305,"POS"
87306,"JJ"
87307,"NNS"
87308,"VBP"
87309,"VBN"
87310,"NN"
87311,"IN"
87312,"RB"
87313,"IN"
87314,"NNS"
87315,"IN"
87316,"PRP$"
87317,"NNS"
87318,"."
87319,"DT"
87320,"JJ"
87321,"NN"
87322,"IN"
87323,"NNP"
87324,","
87325,"WDT"
87326,"VBZ"
87327,"IN"
87328,"CD"
87329,"NN"
87330,"IN"
87331,"DT"
87332,"NN"
87333,","
87334,"VBZ"
87335,"DT"
87336,"JJ"
87337,"NN"
87338,"IN"
87339,"NN"
87340,"NNS"
87341,"PRP"
87342,"VBD"
87343,"DT"
87344,"NN"
87345,"."
87346,"CC"
87347,"NNP"
87348,"VBZ"
87349,"VBG"
87350,"RB"
87351,"."
87352,"IN"
87353,"NN"
87354,","
87355,"DT"
87356,"JJ"
87357,"NN"
87358,","
87359,"NNP"
87360,"NNP"
87361,"CC"
87362,"NNP"
87363,"NNP"
87364,","
87365,"VBZ"
87366,"TO"
87367,"VB"
87368,"CD"
87369,"NNS"
87370,"IN"
87371,"DT"
87372,"NNS"
87373,"."
87374,"NNP"
87375,","
87376,"DT"
87377,"JJ"
87378,"NN"
87379,"NN"
87380,"IN"
87381,"DT"
87382,"CD"
87383,"NN"
87384,"NN"
87385,","
87386,"RB"
87387,"VBZ"
87388,"TO"
87389,"VB"
87390,"IN"
87391,"NNS"
87392,"IN"
87393,"DT"
87394,"JJ"
87395,"NN"
87396,"."
87397,"PRP"
87398,"VBZ"
87399,"DT"
87400,"JJ"
87401,"NN"
87402,"IN"
87403,"CD"
87404,"NNS"
87405,"DT"
87406,"NN"
87407,"."
87408,"NNP"
87409,"VBZ"
87410,"RB"
87411,"RB"
87412,"VBG"
87413,"PDT"
87414,"DT"
87415,"NN"
87416,"."
87417,"JJ"
87418,"NN"
87419,"NNP"
87420,"NNP"
87421,"VBZ"
87422,"VBN"
87423,"IN"
87424,"DT"
87425,"JJ"
87426,"NN"
87427,"TO"
87428,"VB"
87429,"VBG"
87430,"VBG"
87431,"IN"
87432,"DT"
87433,"JJ"
87434,"NN"
87435,":"
87436,"DT"
87437,"NN"
87438,"NN"
87439,"VBD"
87440,"DT"
87441,"NN"
87442,"."
87443,"O"
87444,"NNP"
87445,"NNP"
87446,"NNP"
87447,","
87448,"CD"
87449,"NNS"
87450,"JJ"
87451,","
87452,"VBD"
87453,"VBN"
87454,"NN"
87455,"CC"
87456,"JJ"
87457,"JJ"
87458,"NN"
87459,"IN"
87460,"DT"
87461,"JJ"
87462,"JJ"
87463,"NN"
87464,"."
87465,"DT"
87466,"NNS"
87467,"VBD"
87468,"VBN"
87469,"JJ"
87470,"."
87471,"NNP"
87472,"NNP"
87473,","
87474,"CD"
87475,","
87476,"VBD"
87477,"VBN"
87478,"TO"
87479,"DT"
87480,"JJ"
87481,"NNS"
87482,"IN"
87483,"NN"
87484,"NN"
87485,"CC"
87486,"JJ"
87487,"NN"
87488,"NN"
87489,"."
87490,"O"
87491,"DT"
87492,"JJ"
87493,"JJ"
87494,"NN"
87495,"NNS"
87496,"VBD"
87497,"RP"
87498,"DT"
87499,"NN"
87500,"NN"
87501,","
87502,"CC"
87503,"VBD"
87504,"RB"
87505,"TO"
87506,"NN"
87507,"IN"
87508,"PRP$"
87509,"NNS"
87510,"IN"
87511,"DT"
87512,"."
87513,"IN"
87514,"DT"
87515,"NN"
87516,"NN"
87517,"VBD"
87518,"RB"
87519,","
87520,"NNS"
87521,"IN"
87522,"NN"
87523,"IN"
87524,"NN"
87525,"NNS"
87526,"VBD"
87527,"TO"
87528,"DT"
87529,"JJ"
87530,"NN"
87531,"VBN"
87532,"IN"
87533,"NNP"
87534,"NNP"
87535,","
87536,"WRB"
87537,"NNS"
87538,"VBD"
87539,"$"
87540,"CD"
87541,"CD"
87542,","
87543,"CC"
87544,"IN"
87545,"CD"
87546,"NN"
87547,"IN"
87548,"JJ"
87549,"NNS"
87550,"."
87551,"NNP"
87552,"NNP"
87553,","
87554,"DT"
87555,"NN"
87556,"POS"
87557,"JJS"
87558,"NN"
87559,"NN"
87560,","
87561,"VBD"
87562,"NN"
87563,"NN"
87564,"VBD"
87565,"JJR"
87566,"IN"
87567,"RB"
87568,"PRP$"
87569,"JJ"
87570,"NN"
87571,","
87572,"CC"
87573,"RB"
87574,"PDT"
87575,"WDT"
87576,"IN"
87577,"NNP"
87578,"CD"
87579,","
87580,"CD"
87581,"."
87582,"JJ"
87583,"NNS"
87584,"IN"
87585,"NNP"
87586,"POS"
87587,"NN"
87588,"NNS"
87589,"VBD"
87590,"IN"
87591,"JJR"
87592,"IN"
87593,"$"
87594,"CD"
87595,"CD"
87596,","
87597,"CC"
87598,"IN"
87599,"CD"
87600,"NN"
87601,"IN"
87602,"DT"
87603,"$"
87604,"CD"
87605,"CD"
87606,"NN"
87607,"NN"
87608,"IN"
87609,"DT"
87610,"NN"
87611,"POS"
87612,"NN"
87613,"NNS"
87614,"."
87615,"RB"
87616,"IN"
87617,"DT"
87618,"NN"
87619,"VBD"
87620,"VBN"
87621,"IN"
87622,"DT"
87623,"NN"
87624,"POS"
87625,"NN"
87626,"NN"
87627,"NNS"
87628,"."
87629,"NNS"
87630,"IN"
87631,"DT"
87632,"NN"
87633,"IN"
87634,"NN"
87635,"NNP"
87636,"VBP"
87637,"IN"
87638,"NN"
87639,"PRP$"
87640,"NN"
87641,"IN"
87642,"CD"
87643,"NNS"
87644,"RB"
87645,","
87646,"NNP"
87647,"VBD"
87648,"."
87649,"JJ"
87650,"JJ"
87651,"NN"
87652,"NNS"
87653,"VBD"
87654,"RB"
87655,"JJR"
87656,"NN"
87657,"NNS"
87658,"."
87659,"CC"
87660,"DT"
87661,"NNS"
87662,"IN"
87663,"NNP"
87664,"CC"
87665,"RB"
87666,"RB"
87667,"VBD"
87668,"VBG"
87669,"NN"
87670,"NNS"
87671,"IN"
87672,"DT"
87673,"NN"
87674,"."
87675,"``"
87676,"CD"
87677,"NNS"
87678,"RB"
87679,","
87680,"RB"
87681,"VBD"
87682,"DT"
87683,"NN"
87684,"IN"
87685,"NN"
87686,"NN"
87687,"CC"
87688,"NN"
87689,"IN"
87690,"NNS"
87691,"VBG"
87692,"IN"
87693,"IN"
87694,"DT"
87695,"NN"
87696,","
87697,"''"
87698,"VBD"
87699,"NNP"
87700,"NNP"
87701,","
87702,"NN"
87703,"IN"
87704,"DT"
87705,"NN"
87706,"NN"
87707,"NN"
87708,"IN"
87709,"DT"
87710,"NNP"
87711,"CC"
87712,"NNP"
87713,"NNP"
87714,"."
87715,"DT"
87716,"NN"
87717,","
87718,"``"
87719,"PRP"
87720,"VBP"
87721,"RB"
87722,"VB"
87723,"IN"
87724,"IN"
87725,"DT"
87726,"."
87727,"''"
87728,"IN"
87729,"NN"
87730,","
87731,"DT"
87732,"JJ"
87733,"JJ"
87734,"MD"
87735,"VB"
87736,"VBN"
87737,"IN"
87738,"DT"
87739,"NN"
87740,"VBZ"
87741,"RB"
87742,"."
87743,"CC"
87744,"DT"
87745,"JJ"
87746,"NN"
87747,"IN"
87748,"NNS"
87749,"MD"
87750,"VB"
87751,"DT"
87752,"NNS"
87753,"TO"
87754,"VB"
87755,"NNS"
87756,"TO"
87757,"VB"
87758,"NN"
87759,","
87760,"IN"
87761,"DT"
87762,"VBD"
87763,"IN"
87764,"NNP"
87765,"NNP"
87766,"."
87767,"CC"
87768,"NNS"
87769,"RB"
87770,"VBP"
87771,"RB"
87772,"VBN"
87773,"DT"
87774,"NN"
87775,"RB"
87776,"."
87777,"IN"
87778,"DT"
87779,"NN"
87780,","
87781,"PRP$"
87782,"NN"
87783,"NN"
87784,"IN"
87785,"CD"
87786,"NN"
87787,"IN"
87788,"NNS"
87789,"IN"
87790,"NNP"
87791,":"
87792,"DT"
87793,"JJS"
87794,"NN"
87795,"JJ"
87796,":"
87797,"VBZ"
87798,"CD"
87799,"NN"
87800,"JJR"
87801,"IN"
87802,"CD"
87803,"NNS"
87804,"RB"
87805,"."
87806,"JJ"
87807,"NN"
87808,"NNS"
87809,"VBP"
87810,"VBN"
87811,"PRP$"
87812,"NN"
87813,"NNS"
87814,"IN"
87815,"JJ"
87816,"NNS"
87817,"."
87818,"DT"
87819,"JJS"
87820,"NN"
87821,"IN"
87822,"NN"
87823,"NN"
87824,"VBD"
87825,"RB"
87826,"IN"
87827,"DT"
87828,"NN"
87829,"."
87830,"NNP"
87831,"NNP"
87832,"NNP"
87833,"VBD"
87834,"JJ"
87835,"NNS"
87836,"IN"
87837,"NN"
87838,"NNS"
87839,"IN"
87840,"NN"
87841,"NN"
87842,"NNS"
87843,"IN"
87844,"DT"
87845,"NN"
87846,"NNS"
87847,"VBD"
87848,"IN"
87849,"CD"
87850,"RB"
87851,"."
87852,"``"
87853,"IN"
87854,"DT"
87855,"JJ"
87856,"NN"
87857,","
87858,"DT"
87859,"JJ"
87860,"JJ"
87861,"NNS"
87862,"VBD"
87863,"RB"
87864,","
87865,"''"
87866,"DT"
87867,"NN"
87868,"VBD"
87869,"."
87870,"``"
87871,"CC"
87872,"DT"
87873,"JJ"
87874,"NN"
87875,"IN"
87876,"JJ"
87877,"NN"
87878,"IN"
87879,"DT"
87880,"JJ"
87881,"NN"
87882,"VBD"
87883,"RB"
87884,"."
87885,"''"
87886,"IN"
87887,"NNP"
87888,","
87889,"NNP"
87890,"CC"
87891,"NNP"
87892,"NNP"
87893,","
87894,"NN"
87895,"NNS"
87896,"VBD"
87897,"IN"
87898,"IN"
87899,"CD"
87900,"NN"
87901,"JJR"
87902,"IN"
87903,"DT"
87904,"JJ"
87905,"NN"
87906,"IN"
87907,"JJ"
87908,"NN"
87909,"."
87910,"JJS"
87911,"IN"
87912,"DT"
87913,"NN"
87914,"VBD"
87915,"IN"
87916,"DT"
87917,"JJ"
87918,"NN"
87919,"IN"
87920,"DT"
87921,"NN"
87922,"NNS"
87923,"VBD"
87924,"IN"
87925,"CD"
87926,"RB"
87927,"."
87928,"IN"
87929,"NNS"
87930,"VBD"
87931,","
87932,"IN"
87933,"NN"
87934,","
87935,"DT"
87936,"NNS"
87937,"VBD"
87938,"NN"
87939,"CC"
87940,"VBD"
87941,"PRP$"
87942,"NN"
87943,"NNS"
87944,"."
87945,"JJ"
87946,"NNS"
87947,"VBP"
87948,"NNS"
87949,"TO"
87950,"VB"
87951,"NNS"
87952,"IN"
87953,"DT"
87954,"NN"
87955,"IN"
87956,"NN"
87957,"."
87958,"IN"
87959,"NN"
87960,"CC"
87961,"IN"
87962,"DT"
87963,"JJR"
87964,"NNP"
87965,"NNS"
87966,"NN"
87967,"IN"
87968,"NNP"
87969,","
87970,"NNP"
87971,","
87972,"IN"
87973,"NN"
87974,","
87975,"DT"
87976,"NNS"
87977,"VBD"
87978,"RB"
87979,"IN"
87980,"DT"
87981,"NN"
87982,"TO"
87983,"VB"
87984,"NN"
87985,"IN"
87986,"NN"
87987,"NNS"
87988,"TO"
87989,"NN"
87990,"NN"
87991,"NNS"
87992,","
87993,"CC"
87994,"RB"
87995,"VBD"
87996,"RB"
87997,"TO"
87998,"VB"
87999,"DT"
88000,"NN"
88001,"."
88002,"IN"
88003,"JJ"
88004,"NN"
88005,"NNS"
88006,"VBP"
88007,"RB"
88008,"VB"
88009,"NN"
88010,"IN"
88011,"DT"
88012,"NN"
88013,"NN"
88014,":"
88015,"IN"
88016,"DT"
88017,"NN"
88018,","
88019,"IN"
88020,"CD"
88021,"NN"
88022,":"
88023,"DT"
88024,"NNS"
88025,"RB"
88026,"VBD"
88027,"VBN"
88028,"."
88029,"IN"
88030,"NNP"
88031,"POS"
88032,"NN"
88033,"IN"
88034,"JJ"
88035,"NNP"
88036,","
88037,"NNP"
88038,"NNP"
88039,"VBD"
88040,"IN"
88041,"RB"
88042,"IN"
88043,"CD"
88044,"NN"
88045,"CC"
88046,"VBD"
88047,"DT"
88048,"NN"
88049,"TO"
88050,"VB"
88051,"PRP$"
88052,"NN"
88053,"NNS"
88054,"IN"
88055,"IN"
88056,"CD"
88057,"NN"
88058,"NNS"
88059,"CC"
88060,"IN"
88061,"DT"
88062,"NN"
88063,"NN"
88064,"NN"
88065,"."
88066,"CC"
88067,"IN"
88068,"JJ"
88069,"NN"
88070,","
88071,"IN"
88072,"DT"
88073,"NN"
88074,"RB"
88075,"RB"
88076,"IN"
88077,"DT"
88078,"NN"
88079,","
88080,"NNP"
88081,"NNP"
88082,"VBD"
88083,"VBG"
88084,"TO"
88085,"VB"
88086,"PRP$"
88087,"NN"
88088,"."
88089,"``"
88090,"PRP"
88091,"VBZ"
88092,"DT"
88093,"JJ"
88094,"NN"
88095,"TO"
88096,"VB"
88097,"DT"
88098,"NNS"
88099,"VBN"
88100,","
88101,"''"
88102,"VBD"
88103,"NNP"
88104,"NNP"
88105,","
88106,"DT"
88107,"JJ"
88108,"NN"
88109,"IN"
88110,"DT"
88111,"NN"
88112,"NN"
88113,"NN"
88114,"."
88115,"CC"
88116,"DT"
88117,"NNS"
88118,"VBD"
88119,"TO"
88120,"VB"
88121,"RP"
88122,"IN"
88123,"JJ"
88124,","
88125,"JJ"
88126,"NN"
88127,"NNS"
88128,"IN"
88129,"NN"
88130,"POS"
88131,"NN"
88132,"IN"
88133,"DT"
88134,"NN"
88135,"POS"
88136,"JJ"
88137,"NN"
88138,"NNS"
88139,"."
88140,"NNS"
88141,"VBP"
88142,"VBN"
88143,"RB"
88144,"VBG"
88145,"RP"
88146,"IN"
88147,"JJ"
88148,"JJ"
88149,"NN"
88150,"NNS"
88151,"DT"
88152,"JJ"
88153,"JJ"
88154,"NNS"
88155,"IN"
88156,"DT"
88157,"$"
88158,"CD"
88159,"CD"
88160,"NN"
88161,"VBD"
88162,"VBN"
88163,"IN"
88164,"DT"
88165,"NN"
88166,"NN"
88167,"IN"
88168,"NNP"
88169,"NNP"
88170,"CC"
88171,"RB"
88172,"VBG"
88173,"NNS"
88174,"."
88175,"RB"
88176,"IN"
88177,"DT"
88178,"NN"
88179,"VBZ"
88180,"VBN"
88181,"VBN"
88182,"IN"
88183,"NN"
88184,"NN"
88185,"NNS"
88186,","
88187,"NN"
88188,"NNS"
88189,"VBP"
88190,"."
88191,"RB"
88192,"IN"
88193,"VBG"
88194,"NNS"
88195,"TO"
88196,"VB"
88197,"NNS"
88198,","
88199,"RB"
88200,","
88201,"DT"
88202,"NNS"
88203,"VBP"
88204,"VBN"
88205,"IN"
88206,"NNS"
88207,"TO"
88208,"VB"
88209,"NN"
88210,"NNS"
88211,"."
88212,"DT"
88213,"NNP"
88214,"NN"
88215,"IN"
88216,"NNS"
88217,"RB"
88218,"."
88219,"DT"
88220,"$"
88221,"CD"
88222,"CD"
88223,"NNP"
88224,"NNP"
88225,"NNP"
88226,"NNP"
88227,"NNP"
88228,"NNP"
88229,"VBD"
88230,"IN"
88231,"DT"
88232,"NNS"
88233,"IN"
88234,"VBN"
88235,"IN"
88236,"DT"
88237,"NN"
88238,"NN"
88239,","
88240,"VBZ"
88241,"NNP"
88242,"NNP"
88243,"NNP"
88244,","
88245,"NN"
88246,"IN"
88247,"NNP"
88248,"NNP"
88249,"NNP"
88250,"NNP"
88251,"NNP"
88252,"."
88253,"DT"
88254,"NN"
88255,","
88256,"NNP"
88257,"NNP"
88258,"VBZ"
88259,","
88260,"``"
88261,"PRP"
88262,"VBD"
88263,"RB"
88264,"VB"
88265,"TO"
88266,"VB"
88267,"NNS"
88268,"IN"
88269,"DT"
88270,"JJ"
88271,"NN"
88272,"."
88273,"''"
88274,"WRB"
88275,"DT"
88276,"NN"
88277,"VBD"
88278,","
88279,"PRP"
88280,"VBD"
88281,","
88282,"DT"
88283,"NN"
88284,"VBD"
88285,"DT"
88286,"NNS"
88287,"CC"
88288,"RB"
88289,"VBD"
88290,"DT"
88291,"NNS"
88292,"RB"
88293,"."
88294,"NNP"
88295,"NNP"
88296,"VBD"
88297,"TO"
88298,"DT"
88299,"NN"
88300,"."
88301,"O"
88302,"NNP"
88303,"NNP"
88304,"NNP"
88305,"VBD"
88306,"PRP"
88307,"VBD"
88308,"TO"
88309,"VB"
88310,"NNP"
88311,"IN"
88312,"NNP"
88313,"NNP"
88314,"IN"
88315,"DT"
88316,"NN"
88317,"NN"
88318,"."
88319,"NNS"
88320,"IN"
88321,"NNP"
88322,","
88323,"DT"
88324,"NN"
88325,"NN"
88326,"NN"
88327,"VBN"
88328,"IN"
88329,"NNP"
88330,","
88331,"NNP"
88332,","
88333,"MD"
88334,"VB"
88335,"JJ"
88336,"NN"
88337,"JJ"
88338,"TO"
88339,"CD"
88340,"NNS"
88341,"NNP"
88342,"POS"
88343,"CD"
88344,"NNS"
88345,","
88346,"NNP"
88347,"VBD"
88348,"."
88349,"IN"
88350,"DT"
88351,"JJ"
88352,"CD"
88353,"NNS"
88354,"IN"
88355,"CD"
88356,","
88357,"NNP"
88358,"VBD"
88359,"$"
88360,"CD"
88361,"CD"
88362,"."
88363,"NNP"
88364,","
88365,"RB"
88366,"DT"
88367,"NN"
88368,"NN"
88369,"NN"
88370,","
88371,"VBZ"
88372,"NNS"
88373,"IN"
88374,"$"
88375,"CD"
88376,"CD"
88377,"."
88378,"NNP"
88379,"POS"
88380,"NNS"
88381,"VBP"
88382,"$"
88383,"CD"
88384,"CD"
88385,"."
88386,"O"
88387,"("
88388,"IN"
88389,"PRP$"
88390,"JJ"
88391,"NN"
88392,","
88393,"DT"
88394,"NNP"
88395,"NNP"
88396,"NNP"
88397,"MD"
88398,"VB"
88399,"NNS"
88400,"IN"
88401,"DT"
88402,"JJ"
88403,"NN"
88404,"IN"
88405,"NN"
88406,"IN"
88407,"NNS"
88408,"IN"
88409,"JJ"
88410,"NN"
88411,"NN"
88412,"."
88413,")"
88414,"NNP"
88415,"NNP"
88416,"FW"
88417,"NNP"
88418,"JJ"
88419,"NN"
88420,"IN"
88421,"NNP"
88422,"CD"
88423,","
88424,"CD"
88425,","
88426,"CC"
88427,"RB"
88428,"VBD"
88429,"NN"
88430,"NNS"
88431,"IN"
88432,"PRP$"
88433,"NNS"
88434,"."
88435,"DT"
88436,"NNP"
88437,"CC"
88438,"NNP"
88439,"NNP"
88440,"IN"
88441,"NN"
88442,"VBD"
88443,"NNP"
88444,"CC"
88445,"NNP"
88446,"MD"
88447,"VB"
88448,"VBG"
88449,"PRP"
88450,"IN"
88451,"DT"
88452,"NNP"
88453,"."
88454,"DT"
88455,"JJ"
88456,"NN"
88457,"VBD"
88458,"RBR"
88459,"JJ"
88460,"CC"
88461,"RBR"
88462,"JJ"
88463,"TO"
88464,"VBG"
88465,"RP"
88466,"IN"
88467,"JJ"
88468,"NN"
88469,"NNS"
88470,","
88471,"WDT"
88472,"VBD"
88473,"VBN"
88474,"IN"
88475,"IN"
88476,"CD"
88477,"."
88478,"NNP"
88479,"CC"
88480,"NNP"
88481,"VBD"
88482,"DT"
88483,"NN"
88484,"IN"
88485,"DT"
88486,"NN"
88487,"IN"
88488,"NNP"
88489,"NNP"
88490,"NNP"
88491,","
88492,"WDT"
88493,"VBD"
88494,"VBN"
88495,"DT"
88496,"NNS"
88497,"IN"
88498,"DT"
88499,"NNP"
88500,"NNP"
88501,"IN"
88502,"NNP"
88503,"."
88504,"NNP"
88505,"NNP"
88506,","
88507,"DT"
88508,"JJ"
88509,","
88510,"VBD"
88511,"PRP"
88512,"IN"
88513,"CD"
88514,"."
88515,"DT"
88516,"JJ"
88517,"NN"
88518,"VBZ"
88519,"PRP"
88520,"IN"
88521,"DT"
88522,"NN"
88523,","
88524,"JJ"
88525,"NN"
88526,"NN"
88527,"IN"
88528,"VBG"
88529,"NN"
88530,"TO"
88531,"VB"
88532,"IN"
88533,"."
88534,"CC"
88535,"DT"
88536,"JJ"
88537,"NN"
88538,"VBD"
88539,"DT"
88540,"NN"
88541,"IN"
88542,"DT"
88543,"NN"
88544,"."
88545,"IN"
88546,"NNP"
88547,"CD"
88548,"NNP"
88549,"NNS"
88550,"VBD"
88551,"``"
88552,"JJ"
88553,"''"
88554,"NNS"
88555,":"
88556,"VBN"
88557,"IN"
88558,"JJ"
88559,"NNS"
88560,":"
88561,"IN"
88562,"DT"
88563,"VBN"
88564,"NNS"
88565,"IN"
88566,"NNS"
88567,"."
88568,"IN"
88569,"NNP"
88570,"NNS"
88571,"VBD"
88572,"VBG"
88573,"DT"
88574,"NN"
88575,"POS"
88576,"NN"
88577,","
88578,"DT"
88579,"VBG"
88580,"PRP"
88581,"VBN"
88582,"NNS"
88583,"."
88584,"CC"
88585,"EX"
88586,"VBD"
88587,"NNP"
88588,"NNS"
88589,"IN"
88590,"DT"
88591,"NNS"
88592,"IN"
88593,"NNP"
88594,"CD"
88595,"."
88596,"DT"
88597,"NN"
88598,"NN"
88599,"DT"
88600,"JJ"
88601,"NN"
88602,"CC"
88603,"VBD"
88604,"JJ"
88605,"."
88606,"DT"
88607,"JJ"
88608,"JJ"
88609,"NNS"
88610,","
88611,"WDT"
88612,"VBD"
88613,"$"
88614,"CD"
88615,"DT"
88616,"NN"
88617,","
88618,"VBD"
88619,"VBN"
88620,"TO"
88621,"VB"
88622,"IN"
88623,"DT"
88624,"NN"
88625,"."
88626,"IN"
88627,"CD"
88628,"``"
88629,"VBN"
88630,"VB"
88631,"''"
88632,"NNS"
88633,","
88634,"VBN"
88635,"TO"
88636,"VB"
88637,"JJ"
88638,"IN"
88639,"CD"
88640,"NNS"
88641,"IN"
88642,"DT"
88643,"NN"
88644,","
88645,"NNP"
88646,"VBD"
88647,"."
88648,"JJ"
88649,"NNS"
88650,"IN"
88651,"DT"
88652,"``"
88653,"JJ"
88654,"''"
88655,"JJ"
88656,"NN"
88657,"VBD"
88658,":"
88659,"DT"
88660,"NN"
88661,"POS"
88662,"NN"
88663,"NNS"
88664,"IN"
88665,"$"
88666,"CD"
88667,"."
88668,"JJ"
88669,"NN"
88670,"DT"
88671,"NNP"
88672,"CC"
88673,"JJ"
88674,"NNP"
88675,"NNP"
88676,"VBD"
88677,"NNS"
88678,"IN"
88679,"JJ"
88680,"NN"
88681,"NNS"
88682,"MD"
88683,"VB"
88684,"IN"
88685,"VBG"
88686,"NNS"
88687,"JJR"
88688,"IN"
88689,"CD"
88690,"NNS"
88691,"IN"
88692,"DT"
88693,"NN"
88694,"."
88695,"NNP"
88696,"NNP"
88697,"CD"
88698,"IN"
88699,"DT"
88700,"CD"
88701,"CD"
88702,"NNPS"
88703,"VBG"
88704,"NN"
88705,"NNPS"
88706,"VBP"
88707,"VBG"
88708,"DT"
88709,"JJ"
88710,"NN"
88711,"."
88712,"VBG"
88713,"DT"
88714,"JJ"
88715,"NN"
88716,"NN"
88717,"NNS"
88718,","
88719,"NNS"
88720,"VBP"
88721,"IN"
88722,"$"
88723,"CD"
88724,"CD"
88725,"IN"
88726,"JJ"
88727,"JJ"
88728,"NNS"
88729,"."
88730,"IN"
88731,"NNP"
88732,"VBZ"
88733,"DT"
88734,"NN"
88735,"IN"
88736,"DT"
88737,"CD"
88738,"NNS"
88739,","
88740,"NNP"
88741,"CC"
88742,"NNP"
88743,","
88744,"IN"
88745,"PRP$"
88746,"JJ"
88747,"NNS"
88748,","
88749,"VBZ"
88750,"VBG"
88751,"IN"
88752,"RB"
88753,"."
88754,"O"
88755,"DT"
88756,"NN"
88757,"NN"
88758,"NN"
88759,"VBZ"
88760,"VBG"
88761,"NN"
88762,"JJR"
88763,"IN"
88764,"JJ"
88765,"NNS"
88766,"VBG"
88767,"TO"
88768,"VB"
88769,"NN"
88770,"."
88771,"IN"
88772,"DT"
88773,"NN"
88774,"IN"
88775,"NNP"
88776,"POS"
88777,"NN"
88778,"CC"
88779,"NN"
88780,"POS"
88781,"NN"
88782,","
88783,"DT"
88784,"NNS"
88785,"VBP"
88786,"RB"
88787,"JJ"
88788,"NNS"
88789,","
88790,"CC"
88791,"NNS"
88792,"VBP"
88793,"PRP"
88794,"MD"
88795,"."
88796,"IN"
88797,"IN"
88798,"JJ"
88799,"NN"
88800,"NNS"
88801,","
88802,"DT"
88803,"JJ"
88804,"NNS"
88805,"VBP"
88806,"DT"
88807,"RB"
88808,"JJ"
88809,"NN"
88810,"VBG"
88811,"NNS"
88812,"IN"
88813,"NNS"
88814,"JJ"
88815,"JJ"
88816,"NNS"
88817,","
88818,"VBG"
88819,"NN"
88820,"IN"
88821,"JJR"
88822,"NNS"
88823,"."
88824,"RB"
88825,"IN"
88826,"NN"
88827,"NNS"
88828,"RB"
88829,"VBP"
88830,"IN"
88831,"NNP"
88832,"POS"
88833,"JJ"
88834,"NN"
88835,","
88836,"DT"
88837,"JJ"
88838,"NNS"
88839,"MD"
88840,"VB"
88841,"JJ"
88842,"NNS"
88843,"."
88844,"``"
88845,"DT"
88846,"NN"
88847,"IN"
88848,"DT"
88849,"JJ"
88850,"NN"
88851,"VBZ"
88852,"IN"
88853,"DT"
88854,"NN"
88855,"MD"
88856,"VB"
88857,"RB"
88858,","
88859,"''"
88860,"VBZ"
88861,"NNP"
88862,"NNP"
88863,"NNP"
88864,","
88865,"NN"
88866,"IN"
88867,"NNP"
88868,"NNP"
88869,","
88870,"DT"
88871,"JJ"
88872,"NN"
88873,"NN"
88874,"WDT"
88875,"VBZ"
88876,"VBG"
88877,"DT"
88878,"JJ"
88879,"NN"
88880,"IN"
88881,"NN"
88882,"."
88883,"``"
88884,"DT"
88885,"JJR"
88886,"NNS"
88887,"WDT"
88888,"VBP"
88889,"NN"
88890,","
88891,"DT"
88892,"RBR"
88893,"DT"
88894,"NN"
88895,"VBZ"
88896,"VBG"
88897,"TO"
88898,"VB"
88899,"DT"
88900,"JJ"
88901,"NN"
88902,"."
88903,"''"
88904,"RB"
88905,"DT"
88906,"NN"
88907,","
88908,"NNP"
88909,"NNP"
88910,","
88911,"DT"
88912,"NNP"
88913,","
88914,"NNP"
88915,","
88916,"NNP"
88917,"NNP"
88918,","
88919,"VBD"
88920,"PRP"
88921,"MD"
88922,"VB"
88923,"NN"
88924,"VBZ"
88925,"JJ"
88926,"CC"
88927,"NN"
88928,"JJR"
88929,"IN"
88930,"PRP$"
88931,"NN"
88932,"TO"
88933,"DT"
88934,"NN"
88935,"."
88936,"IN"
88937,"DT"
88938,"NN"
88939,","
88940,"PRP$"
88941,"NNS"
88942,"VBD"
88943,"NN"
88944,"IN"
88945,"PRP$"
88946,"JJ"
88947,"NN"
88948,"NN"
88949,"IN"
88950,"$"
88951,"CD"
88952,","
88953,"CC"
88954,"NNS"
88955,"VBD"
88956,"NNS"
88957,"MD"
88958,"VB"
88959,"JJ"
88960,"NN"
88961,"IN"
88962,"DT"
88963,"NN"
88964,"."
88965,"CC"
88966,"IN"
88967,"DT"
88968,"NN"
88969,"POS"
88970,"NNS"
88971,"NN"
88972,"IN"
88973,"$"
88974,"CD"
88975,"NN"
88976,","
88977,"DT"
88978,"JJ"
88979,"NN"
88980,"VBZ"
88981,"JJ"
88982,","
88983,"NN"
88984,"NNS"
88985,"VBP"
88986,"."
88987,"NNP"
88988,","
88989,"RB"
88990,","
88991,"VBZ"
88992,"TO"
88993,"VB"
88994,"``"
88995,"JJ"
88996,","
88997,"''"
88998,"CC"
88999,"DT"
89000,"NN"
89001,"NN"
89002,"VBZ"
89003,"RB"
89004,"VBN"
89005,"DT"
89006,"NN"
89007,"POS"
89008,"NN"
89009,"NNS"
89010,","
89011,"VBZ"
89012,"NNP"
89013,"NNP"
89014,","
89015,"DT"
89016,"JJ"
89017,"NN"
89018,"."
89019,"JJ"
89020,"NNS"
89021,"VBP"
89022,"PRP"
89023,"MD"
89024,"RB"
89025,"VB"
89026,"DT"
89027,"NN"
89028,"."
89029,"``"
89030,"PRP"
89031,"VBP"
89032,"JJ"
89033,"NNS"
89034,","
89035,"''"
89036,"VBZ"
89037,"NNP"
89038,"NNP"
89039,","
89040,"``"
89041,"IN"
89042,"PRP"
89043,"VBP"
89044,"TO"
89045,"VB"
89046,"RB"
89047,"''"
89048,"IN"
89049,"DT"
89050,"JJ"
89051,"$"
89052,"CD"
89053,"CD"
89054,"JJ"
89055,"NN"
89056,"."
89057,"IN"
89058,"DT"
89059,"NN"
89060,"VBZ"
89061,"RB"
89062,"RB"
89063,"RB"
89064,","
89065,"PRP"
89066,"VBZ"
89067,","
89068,"``"
89069,"PRP"
89070,"MD"
89071,"VB"
89072,"PRP"
89073,"CD"
89074,"TO"
89075,"CD"
89076,"NNS"
89077,"TO"
89078,"VB"
89079,"DT"
89080,"NN"
89081,","
89082,"RB"
89083,"IN"
89084,"CD"
89085,"."
89086,"''"
89087,"CC"
89088,"DT"
89089,"NNP"
89090,","
89091,"NNP"
89092,","
89093,"NN"
89094,"MD"
89095,"VB"
89096,"TO"
89097,"VB"
89098,"IN"
89099,"DT"
89100,"JJR"
89101,"NN"
89102,","
89103,"PRP"
89104,"VBZ"
89105,"."
89106,"NNP"
89107,"VBZ"
89108,"RB"
89109,"JJ"
89110,"IN"
89111,"NNS"
89112,"WDT"
89113,"VBD"
89114,"VBN"
89115,"TO"
89116,"VB"
89117,"JJ"
89118,"DT"
89119,"NN"
89120,"."
89121,"NNP"
89122,"VBZ"
89123,"VBG"
89124,"DT"
89125,"JJ"
89126,"NN"
89127,"NN"
89128,"."
89129,"NNP"
89130,","
89131,"NNP"
89132,"CC"
89133,"NNP"
89134,","
89135,"DT"
89136,"NNP"
89137,"NNP"
89138,"NN"
89139,"NN"
89140,"NN"
89141,","
89142,"VBZ"
89143,"DT"
89144,"NN"
89145,"WDT"
89146,"VBD"
89147,"RB"
89148,"TO"
89149,"VBG"
89150,"PRP$"
89151,"JJ"
89152,"JJ"
89153,"NN"
89154,"NN"
89155,"."
89156,"NNS"
89157,"IN"
89158,"DT"
89159,"NN"
89160,","
89161,"DT"
89162,"JJ"
89163,"NN"
89164,","
89165,"``"
89166,"VBD"
89167,"RB"
89168,"VBN"
89169,"IN"
89170,"NNP"
89171,"NNP"
89172,"VBD"
89173,"PRP"
89174,"MD"
89175,"RB"
89176,"VB"
89177,"NN"
89178,":"
89179,"PRP"
89180,"VBD"
89181,"PRP"
89182,"MD"
89183,","
89184,"''"
89185,"VBZ"
89186,"NNP"
89187,"NNP"
89188,","
89189,"NN"
89190,"IN"
89191,"DT"
89192,"NN"
89193,"NN"
89194,"."
89195,"IN"
89196,"DT"
89197,"NN"
89198,"VBD"
89199,"NNP"
89200,","
89201,"NNP"
89202,"NNP"
89203,"VBD"
89204,"DT"
89205,"NN"
89206,"IN"
89207,"DT"
89208,"NN"
89209,"IN"
89210,"CD"
89211,"NN"
89212,"."
89213,"NN"
89214,","
89215,"WRB"
89216,"JJ"
89217,"NNS"
89218,"VBD"
89219,","
89220,"PRP"
89221,"VBD"
89222,"DT"
89223,"NN"
89224,"IN"
89225,"RB"
89226,"."
89227,"IN"
89228,"IN"
89229,"JJ"
89230,"NN"
89231,","
89232,"DT"
89233,"NN"
89234,"VBD"
89235,"RB"
89236,"RB"
89237,"."
89238,"IN"
89239,"JJ"
89240,","
89241,"DT"
89242,"NN"
89243,"VBZ"
89244,"RB"
89245,"JJ"
89246,"IN"
89247,"DT"
89248,"NN"
89249,"IN"
89250,"NNP"
89251,"VBD"
89252,"NN"
89253,"NNS"
89254,"IN"
89255,"NN"
89256,"IN"
89257,"JJ"
89258,"NNS"
89259,"IN"
89260,"NN"
89261,"."
89262,"``"
89263,"PRP"
89264,"VBD"
89265,"RB"
89266,"VBG"
89267,"TO"
89268,"VB"
89269,"IN"
89270,"DT"
89271,"NN"
89272,"IN"
89273,"NNP"
89274,","
89275,"VBG"
89276,"DT"
89277,"NN"
89278,"IN"
89279,"DT"
89280,"NN"
89281,"IN"
89282,"DT"
89283,"NN"
89284,","
89285,"''"
89286,"VBZ"
89287,"NNP"
89288,"NNP"
89289,"NNP"
89290,","
89291,"NN"
89292,"IN"
89293,"JJ"
89294,"NNS"
89295,","
89296,"DT"
89297,"NNP"
89298,"NNP"
89299,","
89300,"NNP"
89301,","
89302,"NN"
89303,"NN"
89304,"NN"
89305,"."
89306,"``"
89307,"CC"
89308,"DT"
89309,"NN"
89310,"VBZ"
89311,"RB"
89312,"VBN"
89313,"RB"
89314,"."
89315,"''"
89316,"NNP"
89317,"NN"
89318,"TO"
89319,"VB"
89320,"JJ"
89321,"``"
89322,"VBP"
89323,"RB"
89324,"VBG"
89325,"DT"
89326,"JJ"
89327,"NN"
89328,","
89329,"''"
89330,"VBZ"
89331,"NNP"
89332,"NNP"
89333,","
89334,"JJ"
89335,"NN"
89336,"IN"
89337,"DT"
89338,"NNP"
89339,"IN"
89340,"NNP"
89341,"NNP"
89342,","
89343,"NNP"
89344,"NNP"
89345,","
89346,"NNP"
89347,","
89348,"WDT"
89349,"VBZ"
89350,"DT"
89351,"NNP"
89352,"NNP"
89353,"NN"
89354,"IN"
89355,"NNP"
89356,"."
89357,"PRP"
89358,"VBZ"
89359,"IN"
89360,"DT"
89361,"JJ"
89362,"NN"
89363,"NN"
89364,"VBN"
89365,"IN"
89366,"DT"
89367,"CD"
89368,"NN"
89369,"TO"
89370,"CD"
89371,"NN"
89372,"NN"
89373,"IN"
89374,"JJ"
89375,"NNS"
89376,"TO"
89377,"NNS"
89378,"."
89379,"JJ"
89380,"NNS"
89381,"VBP"
89382,"JJ"
89383,"."
89384,"NNP"
89385,"NNP"
89386,"VBD"
89387,"VBN"
89388,"VBG"
89389,"TO"
89390,"VB"
89391,"CD"
89392,"NN"
89393,"IN"
89394,"PRP$"
89395,"NN"
89396,"DT"
89397,"NN"
89398,"IN"
89399,"DT"
89400,"NN"
89401,"WDT"
89402,"MD"
89403,"VB"
89404,"RB"
89405,"TO"
89406,"$"
89407,"CD"
89408,"CD"
89409,"."
89410,"CC"
89411,"RB"
89412,","
89413,"NNP"
89414,"NNP"
89415,","
89416,"NN"
89417,","
89418,"VBZ"
89419,","
89420,"``"
89421,"PRP"
89422,"VBP"
89423,"VBG"
89424,"NNS"
89425,"IN"
89426,"DT"
89427,"JJ"
89428,"NN"
89429,"."
89430,"''"
89431,"JJ"
89432,"CC"
89433,"JJ"
89434,","
89435,"DT"
89436,"NNP"
89437,","
89438,"NNP"
89439,","
89440,"VBZ"
89441,"NN"
89442,"MD"
89443,"VB"
89444,"NNS"
89445,"IN"
89446,"PRP"
89447,"VBZ"
89448,"IN"
89449,"DT"
89450,"NN"
89451,"RB"
89452,","
89453,"PRP"
89454,"VBZ"
89455,"."
89456,"NNP"
89457,"NNP"
89458,","
89459,"DT"
89460,"NNP"
89461,"NNP"
89462,"NN"
89463,","
89464,"VBZ"
89465,"PRP"
89466,"VBZ"
89467,"RB"
89468,"VBG"
89469,"TO"
89470,"VB"
89471,"RB"
89472,"IN"
89473,"PRP$"
89474,"NN"
89475,"DT"
89476,"NN"
89477,"CC"
89478,"JJ"
89479,":"
89480,"IN"
89481,"NNS"
89482,"VBP"
89483,"."
89484,"``"
89485,"PRP"
89486,"VBZ"
89487,"DT"
89488,"JJ"
89489,"NN"
89490,"NN"
89491,"RB"
89492,","
89493,"''"
89494,"VBZ"
89495,"NNP"
89496,"NNP"
89497,","
89498,"NN"
89499,"."
89500,"JJ"
89501,"NNS"
89502,"RB"
89503,"MD"
89504,"VB"
89505,"DT"
89506,"NNS"
89507,"IN"
89508,"JJ"
89509,"NNS"
89510,"."
89511,"NNP"
89512,"NNP"
89513,"NNP"
89514,","
89515,"DT"
89516,"NNP"
89517,","
89518,"NNP"
89519,","
89520,"NN"
89521,"IN"
89522,"JJ"
89523,"NNS"
89524,","
89525,"VBZ"
89526,"DT"
89527,"JJ"
89528,"NN"
89529,"IN"
89530,"NN"
89531,"VBG"
89532,"IN"
89533,"DT"
89534,"NN"
89535,"VBN"
89536,"IN"
89537,"JJ"
89538,"NN"
89539,"."
89540,"NNP"
89541,"NNP"
89542,","
89543,"NN"
89544,","
89545,"VBZ"
89546,"PRP"
89547,"RB"
89548,"VBZ"
89549,"DT"
89550,"NN"
89551,"MD"
89552,"VB"
89553,"."
89554,"IN"
89555,"PRP"
89556,"VBZ"
89557,"RB"
89558,","
89559,"PRP"
89560,"VBZ"
89561,","
89562,"DT"
89563,"NN"
89564,"MD"
89565,"VB"
89566,"TO"
89567,"VB"
89568,"PRP$"
89569,"NN"
89570,"NN"
89571,"."
89572,"CC"
89573,"DT"
89574,"NN"
89575,"NN"
89576,"MD"
89577,"VB"
89578,"RB"
89579,"JJ"
89580,"IN"
89581,"DT"
89582,"JJ"
89583,"NNS"
89584,"."
89585,"IN"
89586,"DT"
89587,"NN"
89588,"NN"
89589,","
89590,"DT"
89591,"NNP"
89592,"NNP"
89593,"NNP"
89594,"``"
89595,"MD"
89596,"NN"
89597,"DT"
89598,"NN"
89599,"IN"
89600,"NNS"
89601,","
89602,"CC"
89603,"DT"
89604,"MD"
89605,"VB"
89606,"NN"
89607,"NNS"
89608,"RB"
89609,","
89610,"''"
89611,"VBZ"
89612,"NNP"
89613,"NNP"
89614,"NNP"
89615,","
89616,"NN"
89617,"NN"
89618,"IN"
89619,"DT"
89620,"NN"
89621,"IN"
89622,"NNP"
89623,"NNP"
89624,","
89625,"NNP"
89626,"."
89627,"NNP"
89628,"NNP"
89629,"NNP"
89630,","
89631,"NN"
89632,"IN"
89633,"NNP"
89634,"NNP"
89635,"NNP"
89636,","
89637,"NNP"
89638,","
89639,"NNP"
89640,","
89641,"VBZ"
89642,"DT"
89643,"NN"
89644,"NN"
89645,"``"
89646,"VBZ"
89647,"DT"
89648,"JJ"
89649,"NN"
89650,"IN"
89651,"JJ"
89652,"NN"
89653,"."
89654,"''"
89655,"IN"
89656,"JJ"
89657,"NNS"
89658,","
89659,"PRP"
89660,"VBZ"
89661,","
89662,"NN"
89663,"NNS"
89664,"VBP"
89665,"RB"
89666,"RBR"
89667,"JJ"
89668,"IN"
89669,"WP"
89670,"VBZ"
89671,"IN"
89672,"NN"
89673,"NNS"
89674,"."
89675,"NNP"
89676,"NNP"
89677,"VBZ"
89678,"NNS"
89679,"VBP"
89680,"VBG"
89681,"RB"
89682,","
89683,"VBG"
89684,"JJ"
89685,"NNS"
89686,"."
89687,"NNP"
89688,"NNP"
89689,","
89690,"NN"
89691,"NN"
89692,"IN"
89693,"NNP"
89694,"NNP"
89695,"NNP"
89696,","
89697,"NNP"
89698,","
89699,"VBZ"
89700,"NN"
89701,"NN"
89702,"MD"
89703,"VB"
89704,"JJ"
89705,"NNS"
89706,"TO"
89707,"VB"
89708,"RBR"
89709,"JJ"
89710,"NNS"
89711,"IN"
89712,"JJ"
89713,"NNS"
89714,"."
89715,"RB"
89716,"IN"
89717,"DT"
89718,"CD"
89719,"NN"
89720,"NN"
89721,"VBD"
89722,"PRP"
89723,"JJR"
89724,"IN"
89725,"PRP"
89726,"TO"
89727,"VB"
89728,"NN"
89729,","
89730,"JJ"
89731,"NN"
89732,"NNS"
89733,"VBP"
89734,"VBN"
89735,"JJ"
89736,"NNS"
89737,"RB"
89738,"."
89739,"DT"
89740,"RB"
89741,"VB"
89742,"DT"
89743,"JJ"
89744,"NN"
89745,"IN"
89746,"DT"
89747,"JJ"
89748,"NNS"
89749,"."
89750,"NNP"
89751,"NNP"
89752,","
89753,"NN"
89754,"IN"
89755,"NNP"
89756,","
89757,"NNP"
89758,","
89759,"NNP"
89760,"CC"
89761,"NNP"
89762,","
89763,"DT"
89764,"NNP"
89765,"NNP"
89766,"NN"
89767,"NN"
89768,","
89769,"VBZ"
89770,"JJ"
89771,"NNS"
89772,"MD"
89773,"VB"
89774,"PRP$"
89775,"NN"
89776,"IN"
89777,"JJ"
89778,"NN"
89779,"CC"
89780,"JJ"
89781,"NN"
89782,"NNS"
89783,"."
89784,"RB"
89785,","
89786,"PRP"
89787,"MD"
89788,"VB"
89789,"TO"
89790,"NN"
89791,"IN"
89792,"JJR"
89793,"NNS"
89794,"VBG"
89795,"JJR"
89796,"NNS"
89797,","
89798,"PRP"
89799,"VBZ"
89800,"."
89801,"CC"
89802,"NNP"
89803,"NNP"
89804,"NNP"
89805,"NNP"
89806,","
89807,"DT"
89808,"NN"
89809,"IN"
89810,"NNP"
89811,"NNP"
89812,"NN"
89813,"NN"
89814,"CC"
89815,"NN"
89816,"IN"
89817,"NNP"
89818,"NNP"
89819,"NNP"
89820,"NNP"
89821,","
89822,"VBZ"
89823,"DT"
89824,"NN"
89825,"POS"
89826,"NNS"
89827,"MD"
89828,"VB"
89829,"DT"
89830,"NNS"
89831,"POS"
89832,"NN"
89833,"IN"
89834,"NN"
89835,"IN"
89836,"JJ"
89837,"NN"
89838,"NNS"
89839,"."
89840,"DT"
89841,"MD"
89842,"VB"
89843,"TO"
89844,"DT"
89845,"NN"
89846,"IN"
89847,"JJ"
89848,"NN"
89849,","
89850,"PRP"
89851,"VBZ"
89852,","
89853,"WRB"
89854,"NNS"
89855,"RB"
89856,"VBP"
89857,"DT"
89858,"NN"
89859,"IN"
89860,"NN"
89861,"."
89862,"O"
89863,"NNP"
89864,"NNP"
89865,"NNP"
89866,","
89867,"VBN"
89868,"IN"
89869,"JJ"
89870,"NNS"
89871,"CC"
89872,"JJ"
89873,"JJ"
89874,"NN"
89875,"NNS"
89876,","
89877,"VBD"
89878,"DT"
89879,"JJR"
89880,"NN"
89881,"IN"
89882,"DT"
89883,"JJ"
89884,"NN"
89885,"CC"
89886,"VBD"
89887,"PRP"
89888,"MD"
89889,"VB"
89890,"VBN"
89891,"TO"
89892,"VB"
89893,"DT"
89894,"JJ"
89895,"NN"
89896,"IN"
89897,"PRP"
89898,"MD"
89899,"RB"
89900,"VB"
89901,"PRP$"
89902,"NNS"
89903,"."
89904,"NNP"
89905,"VBD"
89906,"DT"
89907,"``"
89908,"JJ"
89909,"NN"
89910,"''"
89911,"IN"
89912,"PRP$"
89913,"NN"
89914,"JJ"
89915,"VBZ"
89916,"IN"
89917,"NN"
89918,"IN"
89919,"DT"
89920,"NN"
89921,"IN"
89922,"NN"
89923,"TO"
89924,"VB"
89925,"JJ"
89926,"NNS"
89927,"RB"
89928,"CC"
89929,"JJ"
89930,"NNS"
89931,"IN"
89932,"NNS"
89933,"VBD"
89934,"."
89935,"DT"
89936,"NN"
89937,"VBD"
89938,"PRP$"
89939,"JJ"
89940,"NN"
89941,"NN"
89942,"VBZ"
89943,"``"
89944,"RB"
89945,"JJ"
89946,","
89947,"''"
89948,"IN"
89949,"IN"
89950,"NNS"
89951,"IN"
89952,"PRP$"
89953,"NNS"
89954,"VBP"
89955,"RB"
89956,"JJ"
89957,"."
89958,"RB"
89959,"PRP"
89960,"VBZ"
89961,"VBG"
89962,"RB"
89963,"JJ"
89964,"IN"
89965,"DT"
89966,"JJ"
89967,"NN"
89968,"IN"
89969,"JJ"
89970,"NNS"
89971,"IN"
89972,"JJR"
89973,"NNS"
89974,"MD"
89975,"VB"
89976,"PRP"
89977,"TO"
89978,"VB"
89979,"RP"
89980,"IN"
89981,"NN"
89982,"CC"
89983,"JJ"
89984,"NN"
89985,"NNS"
89986,"."
89987,"VBG"
89988,"TO"
89989,"PRP$"
89990,"JJS"
89991,"JJ"
89992,"NN"
89993,","
89994,"IN"
89995,"DT"
89996,"NN"
89997,"IN"
89998,"DT"
89999,"NN"
90000,"POS"
90001,"NNS"
90002,"VBP"
90003,"IN"
90004,"NNP"
90005,","
90006,"IN"
90007,"DT"
90008,"NN"
90009,"IN"
90010,"DT"
90011,"JJ"
90012,"NN"
90013,"."
90014,"DT"
90015,"NN"
90016,"VBD"
90017,"PRP"
90018,"VBD"
90019,"DT"
90020,"JJ"
90021,"NN"
90022,"IN"
90023,"PRP$"
90024,"JJ"
90025,"NN"
90026,"VBD"
90027,"NNP"
90028,"CD"
90029,"IN"
90030,"$"
90031,"CD"
90032,"CD"
90033,","
90034,"CC"
90035,"$"
90036,"CD"
90037,"DT"
90038,"NN"
90039,","
90040,"IN"
90041,"NN"
90042,"IN"
90043,"$"
90044,"CD"
90045,"CD"
90046,"."
90047,"DT"
90048,"NN"
90049,"RB"
90050,","
90051,"DT"
90052,"NN"
90053,"VBD"
90054,"DT"
90055,"NN"
90056,"IN"
90057,"$"
90058,"CD"
90059,"CD"
90060,","
90061,"CC"
90062,"$"
90063,"CD"
90064,"DT"
90065,"NN"
90066,","
90067,"IN"
90068,"NN"
90069,"IN"
90070,"$"
90071,"CD"
90072,"CD"
90073,"."
90074,"IN"
90075,"DT"
90076,"NN"
90077,","
90078,"PRP"
90079,"VBD"
90080,"DT"
90081,"JJ"
90082,"NN"
90083,"IN"
90084,"$"
90085,"CD"
90086,"CD"
90087,","
90088,"CC"
90089,"$"
90090,"CD"
90091,"DT"
90092,"NN"
90093,","
90094,"IN"
90095,"NN"
90096,"IN"
90097,"$"
90098,"CD"
90099,"CD"
90100,"."
90101,"IN"
90102,"DT"
90103,"JJ"
90104,"NN"
90105,","
90106,"PRP"
90107,"VBD"
90108,"DT"
90109,"NN"
90110,"IN"
90111,"$"
90112,"CD"
90113,"CD"
90114,","
90115,"CC"
90116,"$"
90117,"CD"
90118,"DT"
90119,"NN"
90120,","
90121,"IN"
90122,"NN"
90123,"IN"
90124,"$"
90125,"CD"
90126,"CD"
90127,"."
90128,"IN"
90129,"PRP"
90130,"VBZ"
90131,"VBG"
90132,"JJ"
90133,"JJ"
90134,"NNS"
90135,","
90136,"NNP"
90137,"VBD"
90138,"DT"
90139,"JJ"
90140,"NN"
90141,"IN"
90142,"PRP$"
90143,"NNS"
90144,","
90145,"CC"
90146,"NN"
90147,","
90148,"VBD"
90149,"JJ"
90150,"TO"
90151,"$"
90152,"CD"
90153,"DT"
90154,"NN"
90155,"IN"
90156,"NNP"
90157,"CD"
90158,"VBN"
90159,"IN"
90160,"DT"
90161,"JJ"
90162,"NN"
90163,"."
90164,"NNP"
90165,"NN"
90166,"NN"
90167,"NN"
90168,","
90169,"WDT"
90170,"VBZ"
90171,"VBN"
90172,"IN"
90173,"NNS"
90174,"IN"
90175,"NN"
90176,","
90177,"VBD"
90178,"DT"
90179,"JJ"
90180,"$"
90181,"CD"
90182,"DT"
90183,"NN"
90184,"."
90185,"DT"
90186,"NN"
90187,"RB"
90188,","
90189,"JJ"
90190,"NN"
90191,"IN"
90192,"NN"
90193,"VBD"
90194,"$"
90195,"CD"
90196,"CC"
90197,"NN"
90198,"NN"
90199,"VBD"
90200,"$"
90201,"CD"
90202,"DT"
90203,"NN"
90204,"."
90205,"O"
90206,"JJ"
90207,"NN"
90208,"NNS"
90209,"IN"
90210,"JJ"
90211,"NNS"
90212,"IN"
90213,"VBN"
90214,"IN"
90215,"DT"
90216,"NNP"
90217,"NNP"
90218,"NNP"
90219,"IN"
90220,"DT"
90221,"NN"
90222,"NN"
90223,":"
90224,"CD"
90225,"CC"
90226,"NNP"
90227,"NNP"
90228,"LS"
90229,","
90230,"CD"
90231,"."
90232,"NNP"
90233,","
90234,"VBN"
90235,"IN"
90236,"JJ"
90237,"NN"
90238,"."
90239,"O"
90240,"NNP"
90241,"NNP"
90242,"VBD"
90243,"DT"
90244,"CD"
90245,"NN"
90246,"NN"
90247,"IN"
90248,"JJ"
90249,"JJ"
90250,"NN"
90251,","
90252,"CC"
90253,"DT"
90254,"NN"
90255,"VBD"
90256,"IN"
90257,"VBG"
90258,"JJ"
90259,"NNS"
90260,"IN"
90261,"DT"
90262,"NNS"
90263,","
90264,"NN"
90265,"NN"
90266,"VBD"
90267,"CD"
90268,"NN"
90269,"."
90270,"DT"
90271,"NN"
90272,","
90273,"JJ"
90274,"CC"
90275,"JJ"
90276,"NN"
90277,"VBD"
90278,"JJ"
90279,"NN"
90280,"VBD"
90281,"$"
90282,"CD"
90283,"CD"
90284,","
90285,"CC"
90286,"CD"
90287,"NNS"
90288,"DT"
90289,"NN"
90290,","
90291,"RB"
90292,"IN"
90293,"$"
90294,"CD"
90295,"CD"
90296,","
90297,"CC"
90298,"$"
90299,"CD"
90300,"DT"
90301,"NN"
90302,","
90303,"DT"
90304,"NN"
90305,"RBR"
90306,"."
90307,"NN"
90308,"NNS"
90309,"VBP"
90310,"VBN"
90311,"IN"
90312,"DT"
90313,"RB"
90314,"JJ"
90315,"NN"
90316,","
90317,"IN"
90318,"NN"
90319,"NN"
90320,"."
90321,"NNS"
90322,"IN"
90323,"DT"
90324,"CD"
90325,"NN"
90326,"VBD"
90327,"DT"
90328,"NN"
90329,"IN"
90330,"$"
90331,"CD"
90332,"DT"
90333,"NN"
90334,"IN"
90335,"NN"
90336,"IN"
90337,"DT"
90338,"NNP"
90339,"NNP"
90340,"CC"
90341,"NNP"
90342,"NNP"
90343,"NNS"
90344,","
90345,"RB"
90346,"VBN"
90347,"IN"
90348,"DT"
90349,"NN"
90350,"IN"
90351,"CD"
90352,"NNS"
90353,"DT"
90354,"NN"
90355,"IN"
90356,"NN"
90357,"IN"
90358,"JJ"
90359,"NN"
90360,"NN"
90361,"NNS"
90362,"."
90363,"DT"
90364,"JJ"
90365,"NN"
90366,"VBD"
90367,"DT"
90368,"NN"
90369,"IN"
90370,"CD"
90371,"NNS"
90372,"DT"
90373,"NN"
90374,"IN"
90375,"DT"
90376,"JJ"
90377,"NN"
90378,"IN"
90379,"DT"
90380,"NN"
90381,"NN"
90382,","
90383,"IN"
90384,"DT"
90385,"NN"
90386,"VBD"
90387,"JJ"
90388,"NN"
90389,"VBD"
90390,"DT"
90391,"JJ"
90392,"NN"
90393,"NNS"
90394,"."
90395,"NNS"
90396,"IN"
90397,"DT"
90398,"NN"
90399,"VBD"
90400,"CD"
90401,"NN"
90402,"TO"
90403,"$"
90404,"CD"
90405,"CD"
90406,","
90407,"IN"
90408,"$"
90409,"CD"
90410,"CD"
90411,","
90412,"IN"
90413,"DT"
90414,"CD"
90415,"JJ"
90416,"NN"
90417,"NNS"
90418,"VBG"
90419,"NNS"
90420,"."
90421,"DT"
90422,"NN"
90423,"VBD"
90424,"NN"
90425,"CC"
90426,"NN"
90427,"NNS"
90428,"VBD"
90429,"RB"
90430,"CD"
90431,"NN"
90432,"IN"
90433,"DT"
90434,"NN"
90435,"TO"
90436,"$"
90437,"CD"
90438,"CD"
90439,","
90440,"CC"
90441,"NN"
90442,"NN"
90443,"VBD"
90444,"CD"
90445,"NN"
90446,"TO"
90447,"$"
90448,"CD"
90449,"CD"
90450,","
90451,"RB"
90452,"IN"
90453,"IN"
90454,"JJ"
90455,"NN"
90456,"NN"
90457,"IN"
90458,"NN"
90459,"CC"
90460,"NN"
90461,"NNS"
90462,"."
90463,"NNP"
90464,"NNS"
90465,"VBD"
90466,"CD"
90467,"NN"
90468,"TO"
90469,"$"
90470,"CD"
90471,"CD"
90472,","
90473,"RB"
90474,"IN"
90475,"IN"
90476,"JJR"
90477,"NNS"
90478,"IN"
90479,"NN"
90480,"NNS"
90481,"CC"
90482,"JJ"
90483,"NN"
90484,"NN"
90485,"NNS"
90486,","
90487,"NNP"
90488,"VBD"
90489,"."
90490,"DT"
90491,"NN"
90492,"VBD"
90493,"DT"
90494,"NN"
90495,"NN"
90496,"IN"
90497,"$"
90498,"CD"
90499,"CD"
90500,","
90501,"IN"
90502,"DT"
90503,"NN"
90504,"IN"
90505,"$"
90506,"CD"
90507,"CD"
90508,"DT"
90509,"NN"
90510,"RBR"
90511,"."
90512,"RB"
90513,","
90514,"VBG"
90515,"DT"
90516,"JJ"
90517,"NN"
90518,"IN"
90519,"NN"
90520,"IN"
90521,"JJ"
90522,"NN"
90523,","
90524,"NN"
90525,"NN"
90526,"IN"
90527,"DT"
90528,"JJS"
90529,"NN"
90530,"VBD"
90531,"CD"
90532,"NN"
90533,","
90534,"VBG"
90535,"JJR"
90536,"NN"
90537,"CC"
90538,"NN"
90539,"NN"
90540,"NNS"
90541,"IN"
90542,"JJ"
90543,"NNS"
90544,"."
90545,"NNPS"
90546,"CC"
90547,"NN"
90548,"NNS"
90549,"RB"
90550,"VBD"
90551,","
90552,"FW"
90553,"VBD"
90554,"."
90555,"DT"
90556,"NN"
90557,"NNS"
90558,"NN"
90559,"VBD"
90560,"DT"
90561,"CD"
90562,"NN"
90563,"NN"
90564,"NNS"
90565,"TO"
90566,"$"
90567,"CD"
90568,"CD"
90569,"."
90570,"DT"
90571,"NN"
90572,"VBD"
90573,"IN"
90574,"PDT"
90575,"DT"
90576,"NNS"
90577,"VBP"
90578,","
90579,"NNP"
90580,"VBD"
90581,"."
90582,"NN"
90583,"NN"
90584,"VBD"
90585,"JJ"
90586,"TO"
90587,"$"
90588,"CD"
90589,"CD"
90590,","
90591,"IN"
90592,"$"
90593,"CD"
90594,"CD"
90595,"."
90596,"IN"
90597,"DT"
90598,"CD"
90599,"NNS"
90600,","
90601,"NNP"
90602,"POS"
90603,"NN"
90604,"VBD"
90605,"$"
90606,"CD"
90607,"CD"
90608,","
90609,"CC"
90610,"$"
90611,"CD"
90612,"DT"
90613,"NN"
90614,","
90615,"RB"
90616,"CD"
90617,"NN"
90618,"IN"
90619,"$"
90620,"CD"
90621,"CD"
90622,","
90623,"CC"
90624,"$"
90625,"CD"
90626,"DT"
90627,"NN"
90628,","
90629,"DT"
90630,"NN"
90631,"RBR"
90632,"."
90633,"NNS"
90634,"VBD"
90635,"CD"
90636,"NN"
90637,"TO"
90638,"$"
90639,"CD"
90640,"CD"
90641,","
90642,"IN"
90643,"$"
90644,"CD"
90645,"CD"
90646,"."
90647,"O"
90648,"DT"
90649,"JJ"
90650,"NN"
90651,"IN"
90652,"DT"
90653,"NN"
90654,","
90655,"RB"
90656,"CD"
90657,","
90658,"IN"
90659,"RB"
90660,"VBN"
90661,"JJ"
90662,"NN"
90663,"IN"
90664,"PRP$"
90665,"NNS"
90666,":"
90667,"NNS"
90668,"IN"
90669,"IN"
90670,"DT"
90671,"JJ"
90672,"JJ"
90673,"NN"
90674,"IN"
90675,"NNP"
90676,","
90677,"IN"
90678,"NNP"
90679,"PRP"
90680,","
90681,"RB"
90682,"VBD"
90683,"DT"
90684,"NNS"
90685,"."
90686,"IN"
90687,"NN"
90688,","
90689,"NNP"
90690,"NNP"
90691,"POS"
90692,"``"
90693,"DT"
90694,"NNS"
90695,"IN"
90696,"DT"
90697,"NNP"
90698,"''"
90699,"("
90700,"NNP"
90701,","
90702,"CD"
90703,"NNS"
90704,","
90705,"$"
90706,"CD"
90707,")"
90708,"VBZ"
90709,"PDT"
90710,"DT"
90711,"NN"
90712,"TO"
90713,"JJ"
90714,"JJ"
90715,"NNS"
90716,"CC"
90717,"DT"
90718,"JJ"
90719,"NN"
90720,"IN"
90721,"PRP"
90722,"."
90723,"PRP"
90724,"VBZ"
90725,"IN"
90726,"DT"
90727,"JJ"
90728,"NN"
90729,"VBD"
90730,"VBN"
90731,"IN"
90732,"PRP$"
90733,"NNS"
90734,"POS"
90735,"NNS"
90736,","
90737,"NNS"
90738,"CC"
90739,"NNS"
90740,","
90741,"CC"
90742,"VBZ"
90743,","
90744,"RB"
90745,","
90746,"IN"
90747,"PRP$"
90748,"JJ"
90749,"NNS"
90750,"VBD"
90751,"VBN"
90752,"IN"
90753,"DT"
90754,"JJ"
90755,"NN"
90756,","
90757,"NNP"
90758,"NNP"
90759,","
90760,"JJ"
90761,"CC"
90762,"RB"
90763,"DT"
90764,"NNS"
90765,"IN"
90766,"PRP$"
90767,"JJ"
90768,"NNS"
90769,"."
90770,"IN"
90771,"DT"
90772,"NNP"
90773,"NNP"
90774,","
90775,"DT"
90776,"JJ"
90777,"NN"
90778,"IN"
90779,"NNP"
90780,"NNP"
90781,","
90782,"VBZ"
90783,"IN"
90784,"JJ"
90785,"VBN"
90786,"NNS"
90787,"IN"
90788,"``"
90789,"NN"
90790,","
90791,"''"
90792,"``"
90793,"NN"
90794,","
90795,"''"
90796,"``"
90797,"NN"
90798,"''"
90799,"CC"
90800,"``"
90801,"NN"
90802,","
90803,"''"
90804,"PRP"
90805,"VBP"
90806,"WRB"
90807,"JJ"
90808,"JJ"
90809,"NNS"
90810,"DT"
90811,"NN"
90812,"."
90813,"NNP"
90814,"POS"
90815,"JJ"
90816,"NN"
90817,"IN"
90818,"DT"
90819,"NN"
90820,"CC"
90821,"JJ"
90822,"NN"
90823,":"
90824,"IN"
90825,"PRP$"
90826,"JJ"
90827,"NN"
90828,"VBZ"
90829,":"
90830,"NNPS"
90831,"PDT"
90832,"PRP"
90833,"VBD"
90834,"VBN"
90835,"TO"
90836,"VB"
90837,"."
90838,"JJ"
90839,"NN"
90840,"VBZ"
90841,"DT"
90842,"NN"
90843,"."
90844,"DT"
90845,"NN"
90846,"VBZ"
90847,"TO"
90848,"DT"
90849,"JJ"
90850,"."
90851,"PRP"
90852,"VBZ"
90853,"CD"
90854,","
90855,"DT"
90856,"NN"
90857,"DT"
90858,"NNP"
90859,"NN"
90860,"VBD"
90861,"DT"
90862,"JJ"
90863,"NN"
90864,"IN"
90865,"NNP"
90866,"."
90867,"IN"
90868,"PRP"
90869,"VBZ"
90870,"IN"
90871,"DT"
90872,"NN"
90873,"IN"
90874,"DT"
90875,"NN"
90876,"IN"
90877,"DT"
90878,"JJ"
90879,"NN"
90880,"NN"
90881,"IN"
90882,"NN"
90883,"TO"
90884,"DT"
90885,","
90886,"WRB"
90887,"DT"
90888,"JJ"
90889,"NN"
90890,"NNS"
90891,","
90892,"RB"
90893,"DT"
90894,"NN"
90895,"IN"
90896,"DT"
90897,"JJ"
90898,"JJ"
90899,"NN"
90900,","
90901,"RB"
90902,"("
90903,"PRP"
90904,"VBZ"
90905,"IN"
90906,"JJR"
90907,"NN"
90908,"IN"
90909,"PRP"
90910,"MD"
90911,"RB"
90912,"VB"
90913,")"
90914,"RB"
90915,"JJ"
90916,"TO"
90917,"VB"
90918,"TO"
90919,"JJ"
90920,"NN"
90921,","
90922,"NNP"
90923,"NNS"
90924,"DT"
90925,"NN"
90926,"CC"
90927,"RB"
90928,"VBZ"
90929,"DT"
90930,"NN"
90931,","
90932,"DT"
90933,"NN"
90934,"CC"
90935,"DT"
90936,"NN"
90937,"POS"
90938,"NN"
90939,"IN"
90940,"DT"
90941,"JJ"
90942,"IN"
90943,"DT"
90944,"NN"
90945,"PRP"
90946,"VBP"
90947,"VBG"
90948,":"
90949,"``"
90950,"PRP"
90951,"VBP"
90952,"DT"
90953,"NN"
90954,"IN"
90955,"NNS"
90956,"NNP"
90957,"NNP"
90958,","
90959,"CC"
90960,"EX"
90961,"MD"
90962,"VB"
90963,"DT"
90964,"WP"
90965,"VBP"
90966,"DT"
90967,"DT"
90968,"RB"
90969,"JJS"
90970,"NN"
90971,"."
90972,"CC"
90973,"PRP"
90974,"MD"
90975,"VB"
90976,"IN"
90977,"DT"
90978,"NN"
90979,"IN"
90980,"PRP$"
90981,"NN"
90982,"RB"
90983,"MD"
90984,"VB"
90985,"DT"
90986,"NN"
90987,"IN"
90988,"DT"
90989,"JJ"
90990,"NN"
90991,":"
90992,"."
90993,"PRP"
90994,"VBZ"
90995,"DT"
90996,"JJ"
90997,"NN"
90998,"IN"
90999,"JJ"
91000,"NN"
91001,"CC"
91002,"NN"
91003,"WDT"
91004,"VBZ"
91005,"DT"
91006,"NN"
91007,"IN"
91008,"PRP$"
91009,"NN"
91010,"RB"
91011,"."
91012,"WP"
91013,"VBZ"
91014,"JJ"
91015,"VBZ"
91016,"DT"
91017,"NN"
91018,"IN"
91019,"DT"
91020,"NN"
91021,","
91022,"PRP$"
91023,"NN"
91024,"IN"
91025,"NN"
91026,"."
91027,"PRP"
91028,"VBZ"
91029,"RB"
91030,"IN"
91031,"DT"
91032,"NN"
91033,"VBZ"
91034,"IN"
91035,"PRP$"
91036,"JJ"
91037,"NN"
91038,","
91039,"IN"
91040,"PRP$"
91041,"JJ"
91042,"NN"
91043,","
91044,"CC"
91045,"VBZ"
91046,"DT"
91047,"NN"
91048,"TO"
91049,"VB"
91050,"PRP"
91051,"."
91052,"IN"
91053,"NN"
91054,","
91055,"DT"
91056,"NNS"
91057,"IN"
91058,"NNS"
91059,"VBN"
91060,"IN"
91061,"JJ"
91062,"NNS"
91063,"IN"
91064,"NNP"
91065,"NNP"
91066,"NNP"
91067,","
91068,"RB"
91069,"RB"
91070,"RB"
91071,"JJ"
91072,","
91073,"MD"
91074,","
91075,"PRP"
91076,"VBP"
91077,"JJ"
91078,","
91079,"VB"
91080,"DT"
91081,"JJ"
91082,"NN"
91083,"IN"
91084,"NN"
91085,"IN"
91086,"NN"
91087,"IN"
91088,"PRP$"
91089,"JJ"
91090,"NN"
91091,"."
91092,"''"
91093,"DT"
91094,"JJ"
91095,"NN"
91096,"."
91097,"DT"
91098,"JJ"
91099,"NN"
91100,"."
91101,"CC"
91102,"NNP"
91103,"NNP"
91104,"VBP"
91105,"IN"
91106,"PRP$"
91107,"JJ"
91108,"NN"
91109,"NN"
91110,"("
91111,"PRP$"
91112,"JJ"
91113,"NNS"
91114,"IN"
91115,"``"
91116,"JJ"
91117,"''"
91118,"RB"
91119,"VBP"
91120,":"
91121,"RBS"
91122,"RB"
91123,")"
91124,":"
91125,"``"
91126,"DT"
91127,"JJ"
91128,"NN"
91129,"VBZ"
91130,"RB"
91131,"JJ"
91132,"TO"
91133,"DT"
91134,"NN"
91135,"IN"
91136,"VBZ"
91137,"VBN"
91138,"JJ"
91139,"NN"
91140,"IN"
91141,"PRP$"
91142,"NN"
91143,"IN"
91144,"DT"
91145,"NNS"
91146,":"
91147,"WP"
91148,"VBZ"
91149,"DT"
91150,"``"
91151,"JJ"
91152,"''"
91153,"NN"
91154,"."
91155,"''"
91156,"PRP$"
91157,"NN"
91158,"VBZ"
91159,"VBN"
91160,"``"
91161,"VBN"
91162,"IN"
91163,"DT"
91164,"NN"
91165,"IN"
91166,"VBG"
91167,"IN"
91168,"PRP$"
91169,"NN"
91170,"."
91171,"''"
91172,"JJ"
91173,"NN"
91174,"``"
91175,"VBZ"
91176,"TO"
91177,"VB"
91178,"RB"
91179,"IN"
91180,"DT"
91181,"NN"
91182,"POS"
91183,"NN"
91184,"RB"
91185,"TO"
91186,"VB"
91187,"DT"
91188,"JJ"
91189,"NN"
91190,"PRP"
91191,"PRP$"
91192,"."
91193,"''"
91194,"PRP"
91195,"``"
91196,"MD"
91197,"RB"
91198,"VB"
91199,"VBN"
91200,"RP"
91201,"IN"
91202,"JJ"
91203,"NNS"
91204,","
91205,"RB"
91206,"JJ"
91207,","
91208,"JJ"
91209,"CC"
91210,"JJ"
91211,":"
91212,"."
91213,"NNS"
91214,"VBP"
91215,"JJ"
91216,"TO"
91217,"VB"
91218,"NNS"
91219,"IN"
91220,"PRP"
91221,"VBP"
91222,"IN"
91223,"DT"
91224,"NN"
91225,"JJ"
91226,"IN"
91227,"DT"
91228,"JJ"
91229,"NN"
91230,"IN"
91231,"RB"
91232,"DT"
91233,"JJ"
91234,"NN"
91235,"VBP"
91236,"JJ"
91237,"IN"
91238,"."
91239,"''"
91240,"IN"
91241,"PRP$"
91242,"JJ"
91243,"NN"
91244,","
91245,"TO"
91246,"VB"
91247,"DT"
91248,"JJ"
91249,"NN"
91250,"VBZ"
91251,"DT"
91252,"JJ"
91253,"NN"
91254,":"
91255,"CD"
91256,"POS"
91257,"VB"
91258,"VBZ"
91259,"``"
91260,"RB"
91261,"IN"
91262,"JJ"
91263,"POS"
91264,"NN"
91265,"IN"
91266,"DT"
91267,"NN"
91268,"."
91269,"''"
91270,"IN"
91271,","
91272,"IN"
91273,"NN"
91274,","
91275,"IN"
91276,"DT"
91277,"NN"
91278,"IN"
91279,"DT"
91280,"JJ"
91281,"JJ"
91282,"NN"
91283,"("
91284,"JJ"
91285,"IN"
91286,"DT"
91287,"JJ"
91288,"NN"
91289,"IN"
91290,"VBG"
91291,"DT"
91292,"NNP"
91293,"NNP"
91294,"IN"
91295,"NNP"
91296,")"
91297,","
91298,"NNP"
91299,"POS"
91300,"JJ"
91301,"NN"
91302,","
91303,"PRP"
91304,"DT"
91305,"JJ"
91306,"NN"
91307,"RB"
91308,","
91309,"MD"
91310,"VB"
91311,"TO"
91312,"VB"
91313,"IN"
91314,"DT"
91315,"NN"
91316,","
91317,"PRP"
91318,"MD"
91319,"VB"
91320,"TO"
91321,"VB"
91322,"DT"
91323,"NN"
91324,":"
91325,"``"
91326,"NN"
91327,"VBP"
91328,"RB"
91329,"VB"
91330,"PRP"
91331,"RB"
91332,"JJ"
91333,"IN"
91334,"RB"
91335,"VBG"
91336,"TO"
91337,"VB"
91338,"PRP$"
91339,"NN"
91340,"IN"
91341,"PRP$"
91342,"JJ"
91343,"NN"
91344,"RB"
91345,"IN"
91346,"DT"
91347,"NN"
91348,"."
91349,"PRP"
91350,"VBP"
91351,","
91352,"PRP"
91353,"VBP"
91354,"PRP$"
91355,"NN"
91356,"MD"
91357,"VB"
91358,"VBN"
91359,"PRP"
91360,"TO"
91361,"VB"
91362,"IN"
91363,"RB"
91364,"RB"
91365,"."
91366,"''"
91367,"PRP"
91368,"VBZ"
91369,"DT"
91370,"NN"
91371,"IN"
91372,"NN"
91373,"CC"
91374,"NN"
91375,"WDT"
91376,"VBZ"
91377,"NNP"
91378,"TO"
91379,"VB"
91380,":"
91381,"``"
91382,"IN"
91383,"PDT"
91384,"PRP$"
91385,"JJ"
91386,"NNS"
91387,","
91388,"WRB"
91389,"PRP"
91390,"VBP"
91391,"DT"
91392,"NN"
91393,"NN"
91394,","
91395,"PRP"
91396,"VBP"
91397,"PRP"
91398,"VBP"
91399,"RB"
91400,"IN"
91401,"DT"
91402,"JJ"
91403,"NN"
91404,"IN"
91405,"NNP"
91406,"."
91407,"''"
91408,"PRP"
91409,"VBP"
91410,"DT"
91411,"JJ"
91412,"NN"
91413,"NN"
91414,"VBN"
91415,"TO"
91416,"VB"
91417,"JJ"
91418,"NN"
91419,"CC"
91420,"NN"
91421,"."
91422,"DT"
91423,"NNP"
91424,"PRP"
91425,"VBZ"
91426,"RB"
91427,"JJ"
91428,"CC"
91429,"JJ"
91430,","
91431,"CC"
91432,"JJ"
91433,"CC"
91434,"JJ"
91435,"CC"
91436,"JJ"
91437,","
91438,"VBZ"
91439,"RB"
91440,"DT"
91441,"NN"
91442,"POS"
91443,"NN"
91444,"."
91445,"NNP"
91446,"NNP"
91447,"POS"
91448,"NN"
91449,"TO"
91450,"VB"
91451,"DT"
91452,"JJ"
91453,"JJ"
91454,"NN"
91455,"WDT"
91456,"VBZ"
91457,"PRP"
91458,"TO"
91459,"VB"
91460,"JJ"
91461,"JJ"
91462,"JJ"
91463,","
91464,"JJ"
91465,"CC"
91466,"JJ"
91467,"NNS"
91468,"VBD"
91469,"RB"
91470,"JJ"
91471,"IN"
91472,"PRP$"
91473,"JJ"
91474,"NN"
91475,","
91476,"``"
91477,"DT"
91478,"NNP"
91479,"IN"
91480,"DT"
91481,"JJ"
91482,"NN"
91483,","
91484,"''"
91485,"VBD"
91486,"IN"
91487,"NNP"
91488,"IN"
91489,"DT"
91490,"NN"
91491,"."
91492,"RB"
91493,"VBG"
91494,"PRP$"
91495,"NN"
91496,"IN"
91497,"DT"
91498,"NN"
91499,"PRP"
91500,"VBD"
91501,"IN"
91502,"CD"
91503,"TO"
91504,"DT"
91505,"NNP"
91506,"PRP"
91507,"VBZ"
91508,"VBN"
91509,"IN"
91510,"IN"
91511,"RB"
91512,"CD"
91513,"NNS"
91514,","
91515,"PRP"
91516,"VBZ"
91517,"VBN"
91518,"DT"
91519,"NN"
91520,"IN"
91521,"DT"
91522,"NN"
91523,"IN"
91524,"NNP"
91525,"NNP"
91526,"CC"
91527,"NNP"
91528,"NNP"
91529,"."
91530,"IN"
91531,"JJ"
91532,"NN"
91533,"PRP"
91534,"VBZ"
91535,"RB"
91536,"RB"
91537,"JJ"
91538,"NN"
91539,"CC"
91540,"("
91541,"RB"
91542,"VBN"
91543,")"
91544,"JJ"
91545,"VBP"
91546,","
91547,"CC"
91548,"JJ"
91549,"NN"
91550,","
91551,"DT"
91552,"NN"
91553,"POS"
91554,"NN"
91555,"IN"
91556,"NN"
91557,"CC"
91558,"NN"
91559,"IN"
91560,"NNP"
91561,","
91562,"CC"
91563,"DT"
91564,"JJ"
91565,"NNS"
91566,"IN"
91567,"NN"
91568,":"
91569,"``"
91570,"PRP"
91571,"VBZ"
91572,","
91573,"IN"
91574,"NN"
91575,","
91576,"RB"
91577,"RB"
91578,"JJ"
91579,"TO"
91580,"VB"
91581,"PDT"
91582,"DT"
91583,"JJ"
91584,"NN"
91585,"IN"
91586,"DT"
91587,"NN"
91588,"CC"
91589,"IN"
91590,"DT"
91591,"JJ"
91592,"NN"
91593,"VB"
91594,"JJ"
91595,"NN"
91596,":"
91597,"."
91598,"``"
91599,"DT"
91600,"NN"
91601,"VBZ"
91602,"RB"
91603,"IN"
91604,"PRP"
91605,"VBP"
91606,"JJ"
91607,"CC"
91608,"JJ"
91609,"."
91610,"PRP"
91611,"MD"
91612,"RB"
91613,"VB"
91614,"PRP"
91615,"TO"
91616,"VBG"
91617,"PRP"
91618,"."
91619,"''"
91620,"DT"
91621,"VBZ"
91622,"NN"
91623,"RB"
91624,"JJ"
91625,"."
91626,"''"
91627,"IN"
91628,"DT"
91629,"NN"
91630,","
91631,"IN"
91632,"NN"
91633,"IN"
91634,"DT"
91635,"JJ"
91636,"NN"
91637,","
91638,"NNP"
91639,"VBZ"
91640,"IN"
91641,"DT"
91642,"NN"
91643,"IN"
91644,"NN"
91645,","
91646,"VBG"
91647,"IN"
91648,"PRP"
91649,"CC"
91650,"IN"
91651,"PRP$"
91652,"NN"
91653,","
91654,"CC"
91655,"VBZ"
91656,"``"
91657,"PRP"
91658,"VBD"
91659,"."
91660,"PRP"
91661,"VBD"
91662,"IN"
91663,"PRP$"
91664,"NN"
91665,"POS"
91666,"NN"
91667,":"
91668,"."
91669,"PRP"
91670,"MD"
91671,"RB"
91672,"RB"
91673,"VB"
91674,"PRP"
91675,"VBD"
91676,"PRP$"
91677,"JJ"
91678,"NNS"
91679,"."
91680,"RB"
91681,":"
91682,"PRP"
91683,"VBZ"
91684,"TO"
91685,"VB"
91686,"PRP"
91687,":"
91688,"WP"
91689,"NN"
91690,"VBZ"
91691,"EX"
91692,"IN"
91693,"WDT"
91694,"."
91695,"''"
91696,"DT"
91697,"JJ"
91698,"NN"
91699,"VBZ"
91700,"VBN"
91701,"JJ"
91702,"NN"
91703,"."
91704,"WP"
91705,"VBZ"
91706,"JJ"
91707,"."
91708,"WP"
91709,"VBZ"
91710,"NN"
91711,"."
91712,"PRP"
91713,"VBP"
91714,"JJ"
91715,"JJ"
91716,"NN"
91717,"MD"
91718,"VB"
91719,"JJ"
91720,":"
91721,"DT"
91722,"NN"
91723,"IN"
91724,"NNP"
91725,"RB"
91726,"VBZ"
91727,"PRP$"
91728,"NNS"
91729,"IN"
91730,"NN"
91731,"."
91732,"CC"
91733,"IN"
91734,"``"
91735,"DT"
91736,"NNS"
91737,"IN"
91738,"DT"
91739,"NNP"
91740,"''"
91741,"RB"
91742,"RB"
91743,"VBZ"
91744,"IN"
91745,"JJ"
91746,"NN"
91747,","
91748,"JJ"
91749,"NN"
91750,"MD"
91751,"VB"
91752,"RB"
91753,"VBN"
91754,"IN"
91755,"NN"
91756,"."
91757,"NNP"
91758,"NNP"
91759,"VBZ"
91760,"JJ"
91761,"CC"
91762,"JJ"
91763,"NN"
91764,"IN"
91765,"NNP"
91766,"NNP"
91767,"."
91768,"O"
91769,"NNP"
91770,"NNP"
91771,"VBD"
91772,"PRP$"
91773,"JJ"
91774,"NN"
91775,"VBD"
91776,"DT"
91777,"RB"
91778,"VBN"
91779,"NN"
91780,"IN"
91781,"PRP$"
91782,"JJ"
91783,"NN"
91784,"NN"
91785,"CC"
91786,"JJ"
91787,"NNS"
91788,"IN"
91789,"NNP"
91790,","
91791,"NNP"
91792,","
91793,"TO"
91794,"NNP"
91795,"NNP"
91796,"NNP"
91797,","
91798,"NNP"
91799,"."
91800,"DT"
91801,"NN"
91802,"VBD"
91803,"RB"
91804,"VBN"
91805,"."
91806,"DT"
91807,"NN"
91808,"VBZ"
91809,"NN"
91810,"IN"
91811,"NNP"
91812,"POS"
91813,"JJ"
91814,"NN"
91815,"TO"
91816,"VB"
91817,"NNP"
91818,"POS"
91819,"JJ"
91820,"NN"
91821,"NNS"
91822,"CC"
91823,"VB"
91824,"DT"
91825,"NN"
91826,"POS"
91827,"NN"
91828,"NN"
91829,"."
91830,"IN"
91831,"NNP"
91832,","
91833,"NNP"
91834,"VBZ"
91835,"VBN"
91836,"JJR"
91837,"IN"
91838,"$"
91839,"CD"
91840,"CD"
91841,"IN"
91842,"JJ"
91843,"NN"
91844,"NNS"
91845,"CC"
91846,"VBN"
91847,"JJR"
91848,"IN"
91849,"$"
91850,"CD"
91851,"CD"
91852,"TO"
91853,"VB"
91854,"CD"
91855,"NN"
91856,"NNS"
91857,"."
91858,"NNP"
91859,"VBZ"
91860,"DT"
91861,"NN"
91862,"CC"
91863,"JJ"
91864,"NN"
91865,"CC"
91866,"VBZ"
91867,"NN"
91868,"RB"
91869,"IN"
91870,"PRP$"
91871,"JJ"
91872,"NN"
91873,"."
91874,"O"
91875,"NNP"
91876,"NN"
91877,","
91878,"WP"
91879,"VBZ"
91880,"DT"
91881,"JJ"
91882,"NN"
91883,"NNP"
91884,"RB"
91885,","
91886,"VBZ"
91887,"DT"
91888,"NNS"
91889,"WDT"
91890,"VBP"
91891,"RB"
91892,"RB"
91893,"IN"
91894,"DT"
91895,"JJ"
91896,"NNS"
91897,"IN"
91898,"NN"
91899,"."
91900,"IN"
91901,"PRP$"
91902,"NN"
91903,"VBG"
91904,"DT"
91905,"NN"
91906,"IN"
91907,"NNP"
91908,"NNP"
91909,","
91910,"NNP"
91911,"NN"
91912,"RB"
91913,"VBZ"
91914,"IN"
91915,"WP"
91916,"PRP"
91917,"VBZ"
91918,"``"
91919,"JJ"
91920,"NNS"
91921,"''"
91922,":"
91923,"LS"
91924,","
91925,"PRP"
91926,"VBZ"
91927,","
91928,"NNP"
91929,"NNP"
91930,"NNP"
91931,","
91932,"DT"
91933,"JJ"
91934,"NN"
91935,"NN"
91936,"NN"
91937,"VBN"
91938,"IN"
91939,"NNP"
91940,","
91941,"MD"
91942,"VB"
91943,"DT"
91944,"IN"
91945,"PRP$"
91946,"NNP"
91947,"NNS"
91948,"TO"
91949,"DT"
91950,"JJ"
91951,"NN"
91952,"."
91953,"RB"
91954,"NNP"
91955,"NNP"
91956,","
91957,"DT"
91958,"JJ"
91959,"NN"
91960,"NN"
91961,","
91962,"MD"
91963,"VB"
91964,"NNP"
91965,"NNS"
91966,"TO"
91967,"VB"
91968,"DT"
91969,"NNS"
91970,","
91971,"CC"
91972,"DT"
91973,"NN"
91974,"MD"
91975,"VB"
91976,"VBN"
91977,"RB"
91978,"IN"
91979,"NNP"
91980,"NNP"
91981,"."
91982,"DT"
91983,"VBZ"
91984,"RB"
91985,"RB"
91986,","
91987,"PRP"
91988,"VBZ"
91989,"."
91990,"NNP"
91991,"NNP"
91992,","
91993,"DT"
91994,"JJ"
91995,"NN"
91996,"NN"
91997,","
91998,"MD"
91999,"VB"
92000,"DT"
92001,"NN"
92002,"NN"
92003,"IN"
92004,"DT"
92005,"NNP"
92006,"NNP"
92007,"."
92008,"NNP"
92009,"MD"
92010,"VB"
92011,"DT"
92012,"IN"
92013,"PRP$"
92014,"NN"
92015,"NNS"
92016,"TO"
92017,"NNP"
92018,"NNP"
92019,","
92020,"IN"
92021,"NN"
92022,","
92023,"IN"
92024,"DT"
92025,"JJ"
92026,"NN"
92027,"NN"
92028,"."
92029,"CC"
92030,"RB"
92031,"RB"
92032,"VBZ"
92033,"PRP$"
92034,"NN"
92035,"IN"
92036,"DT"
92037,"JJ"
92038,"NN"
92039,"NN"
92040,"TO"
92041,"NN"
92042,"NNS"
92043,"TO"
92044,"NNP"
92045,"NNP"
92046,"IN"
92047,"NNP"
92048,"."
92049,"NNP"
92050,"NNP"
92051,"NNS"
92052,"IN"
92053,"NN"
92054,"VBN"
92055,"TO"
92056,"NNP"
92057,"NN"
92058,"POS"
92059,"NN"
92060,"."
92061,"RB"
92062,"."
92063,"DT"
92064,"JJ"
92065,"NN"
92066,"NN"
92067,"VBZ"
92068,"JJ"
92069,"CC"
92070,"RB"
92071,"RB"
92072,"IN"
92073,"NNP"
92074,"NNP"
92075,"."
92076,"NNP"
92077,"VBZ"
92078,"RB"
92079,"VBG"
92080,"IN"
92081,"VBG"
92082,"JJ"
92083,"NNS"
92084,"TO"
92085,"NNP"
92086,"CC"
92087,"RB"
92088,"IN"
92089,"VBG"
92090,"JJ"
92091,"NN"
92092,"NNS"
92093,"."
92094,"NNP"
92095,"NNP"
92096,"VBZ"
92097,"IN"
92098,"NNS"
92099,"IN"
92100,"DT"
92101,"JJ"
92102,"NN"
92103,"IN"
92104,"DT"
92105,"NN"
92106,"NN"
92107,"CC"
92108,"JJ"
92109,"NNS"
92110,"."
92111,"NNP"
92112,"NNP"
92113,"RB"
92114,"VBZ"
92115,"IN"
92116,"JJ"
92117,"NNS"
92118,"IN"
92119,"NNP"
92120,"IN"
92121,"PRP$"
92122,"JJ"
92123,"NN"
92124,"VBZ"
92125,"VBG"
92126,"JJ"
92127,"."
92128,"RB"
92129,"IN"
92130,"PRP"
92131,"MD"
92132,"VB"
92133,","
92134,"JJ"
92135,","
92136,"RB"
92137,"JJ"
92138,"NNP"
92139,"VBZ"
92140,"VBN"
92141,"DT"
92142,"JJ"
92143,"JJ"
92144,"NN"
92145,"NN"
92146,"."
92147,"CC"
92148,"IN"
92149,"NNP"
92150,"VBZ"
92151,"TO"
92152,"VB"
92153,"PRP$"
92154,"NN"
92155,"NNS"
92156,","
92157,"VB"
92158,"PRP$"
92159,"NN"
92160,"CC"
92161,"VB"
92162,"JJ"
92163,"NNS"
92164,","
92165,"DT"
92166,"JJ"
92167,"NN"
92168,"NN"
92169,"VBZ"
92170,"VBN"
92171,"TO"
92172,"VB"
92173,"."
92174,"``"
92175,"JJ"
92176,"CC"
92177,"JJ"
92178,"NNS"
92179,"VBP"
92180,"JJ"
92181,","
92182,"''"
92183,"VBZ"
92184,"NNP"
92185,"NN"
92186,"."
92187,"``"
92188,"PRP"
92189,"VBP"
92190,"DT"
92191,"JJ"
92192,"."
92193,"PRP"
92194,"VBP"
92195,"RB"
92196,"JJ"
92197,"."
92198,"''"
92199,"RB"
92200,","
92201,"PRP"
92202,"VBZ"
92203,","
92204,"JJ"
92205,"NNS"
92206,"VBP"
92207,"JJ"
92208,"CC"
92209,"JJ"
92210,"."
92211,"``"
92212,"PRP"
92213,"VBP"
92214,"TO"
92215,"VB"
92216,"PRP$"
92217,"NN"
92218,"RB"
92219,"RB"
92220,","
92221,"''"
92222,"PRP"
92223,"VBZ"
92224,"."
92225,"``"
92226,"PRP"
92227,"MD"
92228,"VB"
92229,"DT"
92230,"NN"
92231,"TO"
92232,"VB"
92233,"NN"
92234,"."
92235,"''"
92236,"DT"
92237,"CD"
92238,"NNS"
92239,"VBP"
92240,"VBN"
92241,"VBG"
92242,"RB"
92243,"IN"
92244,"DT"
92245,"JJ"
92246,"NNS"
92247,","
92248,"RB"
92249,"IN"
92250,"JJ"
92251,"JJ"
92252,"NNS"
92253,"VBD"
92254,"DT"
92255,"NN"
92256,"IN"
92257,"DT"
92258,"NNP"
92259,"."
92260,"NNP"
92261,"VBD"
92262,"IN"
92263,"CD"
92264,"CD"
92265,"NNS"
92266,"JJ"
92267,"NN"
92268,","
92269,"CC"
92270,"NNP"
92271,"NNP"
92272,","
92273,"DT"
92274,"NN"
92275,"POS"
92276,"JJS"
92277,"NN"
92278,"NN"
92279,"IN"
92280,"DT"
92281,"NNP"
92282,"NNP"
92283,","
92284,"VBD"
92285,"CD"
92286,"NNP"
92287,"NNS"
92288,"CC"
92289,"CD"
92290,"NNS"
92291,"VBP"
92292,"IN"
92293,"."
92294,"DT"
92295,"NN"
92296,"NN"
92297,"IN"
92298,"DT"
92299,"NN"
92300,"VBZ"
92301,"DT"
92302,"NN"
92303,"CC"
92304,"NN"
92305,"NN"
92306,"IN"
92307,"JJR"
92308,"IN"
92309,"CD"
92310,"NNP"
92311,"NNS"
92312,"CC"
92313,"NN"
92314,"NNS"
92315,"."
92316,"DT"
92317,"NN"
92318,"POS"
92319,"JJS"
92320,"NN"
92321,"IN"
92322,"NN"
92323,"NN"
92324,"VBZ"
92325,"DT"
92326,"JJ"
92327,"NN"
92328,"."
92329,"NNS"
92330,"IN"
92331,"DT"
92332,"JJ"
92333,"NN"
92334,"IN"
92335,"NNP"
92336,"DT"
92337,"NN"
92338,"VB"
92339,"CD"
92340,"CD"
92341,"NNS"
92342,"IN"
92343,"NN"
92344,"IN"
92345,"DT"
92346,"JJ"
92347,"NN"
92348,"NN"
92349,"IN"
92350,"DT"
92351,"NN"
92352,"."
92353,"WP"
92354,"NNP"
92355,"VBZ"
92356,"RB"
92357,"VB"
92358,"IN"
92359,"PRP$"
92360,"JJ"
92361,"NN"
92362,"NNS"
92363,"VBZ"
92364,"VBN"
92365,"TO"
92366,"DT"
92367,"NN"
92368,"NN"
92369,","
92370,"WDT"
92371,"VBZ"
92372,"PRP"
92373,"TO"
92374,"CD"
92375,"JJ"
92376,"NNS"
92377,"VBG"
92378,"NNP"
92379,"NNP"
92380,","
92381,"NNP"
92382,"NNP"
92383,"NNP"
92384,"CC"
92385,"NNP"
92386,"NNP"
92387,"NNP"
92388,"."
92389,"NNP"
92390,"RB"
92391,"VBZ"
92392,"PRP$"
92393,"NN"
92394,"NNS"
92395,","
92396,"VBG"
92397,"CC"
92398,"VBG"
92399,"NNS"
92400,"IN"
92401,"NN"
92402,","
92403,"VBG"
92404,"PRP$"
92405,"JJ"
92406,"NN"
92407,"."
92408,"DT"
92409,"VBZ"
92410,"RB"
92411,"RB"
92412,"."
92413,"JJ"
92414,"NN"
92415,","
92416,"DT"
92417,"JJ"
92418,"NN"
92419,"NN"
92420,","
92421,"IN"
92422,"DT"
92423,"JJ"
92424,"NN"
92425,"IN"
92426,"NNP"
92427,","
92428,"VBD"
92429,"CD"
92430,"NN"
92431,"JJ"
92432,"NNS"
92433,"IN"
92434,"NNP"
92435,"POS"
92436,"NNP"
92437,"NNP"
92438,"."
92439,"NNP"
92440,"NNP"
92441,"RB"
92442,"VBZ"
92443,"JJ"
92444,"NNS"
92445,"IN"
92446,"DT"
92447,"NNP"
92448,"JJ"
92449,"NNS"
92450,"IN"
92451,"IN"
92452,"NNP"
92453,"."
92454,"JJ"
92455,"NNS"
92456,"IN"
92457,"NNP"
92458,"POS"
92459,"NNP"
92460,"NNP"
92461,"VBD"
92462,"IN"
92463,"NNP"
92464,","
92465,"CC"
92466,"NN"
92467,"NNS"
92468,"IN"
92469,"JJ"
92470,"NNS"
92471,"CC"
92472,"IN"
92473,"DT"
92474,"JJ"
92475,"NN"
92476,"VBP"
92477,"VBG"
92478,"RB"
92479,"."
92480,"NNP"
92481,"NNP"
92482,"VBZ"
92483,"VBG"
92484,"IN"
92485,"JJ"
92486,"JJ"
92487,"NNS"
92488,"IN"
92489,"NN"
92490,"CC"
92491,"IN"
92492,"NNP"
92493,","
92494,"DT"
92495,"NNP"
92496,"NNP"
92497,"NN"
92498,","
92499,"CC"
92500,"RB"
92501,"VBZ"
92502,"DT"
92503,"JJ"
92504,"NN"
92505,"NN"
92506,"IN"
92507,"DT"
92508,"JJ"
92509,"NN"
92510,"IN"
92511,"NNP"
92512,"."
92513,"NNP"
92514,"POS"
92515,"JJ"
92516,"NN"
92517,"IN"
92518,"JJ"
92519,"NNS"
92520,"VBZ"
92521,"VBG"
92522,"VBN"
92523,"CC"
92524,"VBN"
92525,"IN"
92526,"NNP"
92527,"NNP"
92528,"."
92529,"NNS"
92530,"TO"
92531,"DT"
92532,"JJ"
92533,"NN"
92534,"NN"
92535,"CC"
92536,"DT"
92537,"NN"
92538,"IN"
92539,"JJ"
92540,"NN"
92541,"NNS"
92542,"TO"
92543,"VB"
92544,"NNP"
92545,"NNS"
92546,","
92547,"NNS"
92548,"RB"
92549,"VBP"
92550,"VBG"
92551,"NN"
92552,"IN"
92553,"NNP"
92554,"POS"
92555,"JJ"
92556,"NNS"
92557,"TO"
92558,"NN"
92559,"NNS"
92560,"IN"
92561,"NNP"
92562,"IN"
92563,"NNS"
92564,"IN"
92565,"NNP"
92566,","
92567,"NNP"
92568,"CC"
92569,"NNP"
92570,"NNP"
92571,"."
92572,"DT"
92573,"JJ"
92574,"NN"
92575,"TO"
92576,"NNP"
92577,"VBZ"
92578,"CD"
92579,"JJ"
92580,"NNS"
92581,"("
92582,"$"
92583,"CD"
92584,")"
92585,"."
92586,"NNP"
92587,"VBZ"
92588,"CD"
92589,"NNS"
92590,"."
92591,"DT"
92592,"JJ"
92593,"NN"
92594,"IN"
92595,"NNS"
92596,"VBD"
92597,"VBN"
92598,"IN"
92599,"DT"
92600,"NN"
92601,"IN"
92602,"NNP"
92603,"WRB"
92604,"NNP"
92605,"CC"
92606,"NNP"
92607,"NNP"
92608,"VBD"
92609,"RB"
92610,"IN"
92611,"NNS"
92612,"IN"
92613,"JJ"
92614,"NNP"
92615,"NNP"
92616,"NNP"
92617,"NNP"
92618,"."
92619,"NNP"
92620,"NN"
92621,"NNS"
92622,"VBD"
92623,"VBN"
92624,"."
92625,"PRP"
92626,"RB"
92627,"VBD"
92628,"IN"
92629,"NN"
92630,"."
92631,"WRB"
92632,"PRP"
92633,"VBD"
92634,"IN"
92635,"NNP"
92636,","
92637,"NNP"
92638,"VBD"
92639,"DT"
92640,"JJ"
92641,"NN"
92642,"IN"
92643,"NNP"
92644,"IN"
92645,"JJ"
92646,"NNS"
92647,"VBG"
92648,"IN"
92649,"NNP"
92650,"NNP"
92651,"."
92652,"NNS"
92653,"IN"
92654,"NN"
92655,"NN"
92656,"NN"
92657,"IN"
92658,"DT"
92659,"NNS"
92660,"VBD"
92661,"DT"
92662,"JJ"
92663,"NN"
92664,"JJ"
92665,"IN"
92666,"JJS"
92667,"JJ"
92668,"NN"
92669,"NNS"
92670,","
92671,"CC"
92672,"NNP"
92673,"RB"
92674,"VBZ"
92675,"JJ"
92676,"NNS"
92677,"WDT"
92678,"MD"
92679,"RB"
92680,"VB"
92681,"PRP"
92682,"IN"
92683,"NNP"
92684,"TO"
92685,"NNP"
92686,"IN"
92687,"NNP"
92688,"NNP"
92689,"."
92690,"IN"
92691,"DT"
92692,"NN"
92693,","
92694,"NNP"
92695,"VBD"
92696,"RB"
92697,"VB"
92698,"DT"
92699,"NNS"
92700,"IN"
92701,"PRP"
92702,"VBD"
92703,"IN"
92704,"DT"
92705,"JJ"
92706,"NNP"
92707,"NNP"
92708,"NN"
92709,"IN"
92710,"DT"
92711,"NNP"
92712,"IN"
92713,"NNP"
92714,"IN"
92715,"CD"
92716,","
92717,"IN"
92718,"PRP"
92719,"VBD"
92720,"JJ"
92721,"NN"
92722,"NNS"
92723,"IN"
92724,"CD"
92725,"NNS"
92726,"."
92727,"IN"
92728,"NN"
92729,","
92730,"NNP"
92731,"NNP"
92732,"VBD"
92733,"VBG"
92734,"NNPS"
92735,"IN"
92736,"FW"
92737,"TO"
92738,"NNP"
92739,"NNP"
92740,"WRB"
92741,"NNP"
92742,"VBN"
92743,"NNP"
92744,"IN"
92745,"PRP$"
92746,"NNP"
92747,"NN"
92748,"NNS"
92749,"."
92750,"NNP"
92751,","
92752,"NNP"
92753,"NNP"
92754,"VBZ"
92755,"VBG"
92756,"DT"
92757,"NN"
92758,"IN"
92759,"NN"
92760,"IN"
92761,"PRP$"
92762,"JJ"
92763,"NN"
92764,"."
92765,"CC"
92766,","
92767,"IN"
92768,"DT"
92769,"NNS"
92770,"IN"
92771,"NN"
92772,","
92773,"PRP"
92774,"MD"
92775,"VB"
92776,"RB"
92777,"JJ"
92778,"TO"
92779,"VB"
92780,"NNP"
92781,"NNP"
92782,"CC"
92783,"NNP"
92784,"TO"
92785,"DT"
92786,"NN"
92787,"."
92788,"RB"
92789,","
92790,"RB"
92791,","
92792,"NNP"
92793,"NN"
92794,"POS"
92795,"NNS"
92796,"MD"
92797,"RB"
92798,"VB"
92799,"IN"
92800,"RB"
92801,"JJ"
92802,"NN"
92803,"."
92804,"O"
92805,"NNP"
92806,"POS"
92807,"JJ"
92808,"NN"
92809,"VBD"
92810,"CD"
92811,"NN"
92812,"IN"
92813,"NNP"
92814,"IN"
92815,"NNP"
92816,"NNP"
92817,"VBD"
92818,"RB"
92819,"CD"
92820,"NN"
92821,"IN"
92822,"NNP"
92823,"CD"
92824,","
92825,"VBG"
92826,"TO"
92827,"JJ"
92828,"NNS"
92829,"IN"
92830,"DT"
92831,"NNP"
92832,"NNP"
92833,"NNP"
92834,"."
92835,"NN"
92836,"IN"
92837,"DT"
92838,"NN"
92839,"NN"
92840,","
92841,"WDT"
92842,"MD"
92843,"VB"
92844,"RB"
92845,"IN"
92846,"NNS"
92847,"IN"
92848,"DT"
92849,"NN"
92850,"NN"
92851,","
92852,"VBD"
92853,"CD"
92854,"NN"
92855,"IN"
92856,"NNP"
92857,"IN"
92858,"NNP"
92859,"CC"
92860,"VBD"
92861,"RB"
92862,"CD"
92863,"NN"
92864,"IN"
92865,"DT"
92866,"NN"
92867,"RBR"
92868,"."
92869,"DT"
92870,"JJ"
92871,"NNS"
92872,"VBP"
92873,"IN"
92874,"NNP"
92875,"POS"
92876,"CD"
92877,"NN"
92878,"JJ"
92879,"NN"
92880,"CC"
92881,"CD"
92882,"NN"
92883,"JJ"
92884,"NN"
92885,"."
92886,"O"
92887,"WRB"
92888,"NNP"
92889,"NNP"
92890,"VBZ"
92891,"VBG"
92892,"NN"
92893,"IN"
92894,"DT"
92895,"NN"
92896,"POS"
92897,"JJ"
92898,"NN"
92899,"NN"
92900,"DT"
92901,"NN"
92902,","
92903,"PRP"
92904,"MD"
92905,"VB"
92906,"VBG"
92907,"DT"
92908,"JJ"
92909,"NN"
92910,"IN"
92911,"PRP$"
92912,"JJ"
92913,"NNS"
92914,"."
92915,"DT"
92916,"JJ"
92917,"NN"
92918,","
92919,"WDT"
92920,"VBZ"
92921,"DT"
92922,"JJ"
92923,"JJ"
92924,"NN"
92925,"IN"
92926,"NN"
92927,","
92928,"RB"
92929,"VBZ"
92930,"DT"
92931,"NNS"
92932,"IN"
92933,"VBG"
92934,"JJ"
92935,"NNS"
92936,"."
92937,"DT"
92938,"NNP"
92939,"NNP"
92940,"NNP"
92941,","
92942,"NNP"
92943,"POS"
92944,"NN"
92945,","
92946,"VBZ"
92947,"DT"
92948,"NN"
92949,"POS"
92950,"NN"
92951,"RB"
92952,"MD"
92953,"VB"
92954,"DT"
92955,"NN"
92956,"IN"
92957,"NN"
92958,"IN"
92959,"CD"
92960,"NN"
92961,"NNS"
92962,","
92963,"VBN"
92964,"IN"
92965,"CD"
92966,"TO"
92967,"CD"
92968,"NN"
92969,"NNS"
92970,"IN"
92971,"DT"
92972,"JJ"
92973,"NN"
92974,"."
92975,"``"
92976,"PRP"
92977,"VBP"
92978,"VBN"
92979,"DT"
92980,"NNPS"
92981,"CC"
92982,"NNP"
92983,","
92984,"CC"
92985,"NNS"
92986,"IN"
92987,"NNP"
92988,"VBG"
92989,"PRP"
92990,","
92991,"''"
92992,"NNP"
92993,"NNP"
92994,"NNP"
92995,"."
92996,"``"
92997,"NN"
92998,"IN"
92999,"DT"
93000,"NN"
93001,"VBZ"
93002,"VBG"
93003,"PRP"
93004,"RB"
93005,"RB"
93006,"."
93007,"''"
93008,"RB"
93009,"PRP$"
93010,"NNS"
93011,","
93012,"DT"
93013,"JJ"
93014,"JJ"
93015,"NNS"
93016,"."
93017,"RB"
93018,","
93019,"NNP"
93020,"NNP"
93021,"CC"
93022,"NNP"
93023,"NNP"
93024,"VBP"
93025,"VBG"
93026,"NNP"
93027,"POS"
93028,"NN"
93029,"TO"
93030,"VB"
93031,"IN"
93032,"PRP"
93033,"MD"
93034,"VB"
93035,"PRP"
93036,"."
93037,"VBZ"
93038,"DT"
93039,"JJ"
93040,"NN"
93041,"NN"
93042,"IN"
93043,"DT"
93044,"JJ"
93045,"NN"
93046,"NN"
93047,"NN"
93048,":"
93049,"``"
93050,"PRP"
93051,"VBZ"
93052,"RB"
93053,"JJ"
93054,"."
93055,"''"
93056,"DT"
93057,"NN"
93058,"NN"
93059,"NN"
93060,"VBZ"
93061,"RB"
93062,"TO"
93063,"VB"
93064,"VBN"
93065,"NNP"
93066,"IN"
93067,"DT"
93068,"CD"
93069,"NN"
93070,"NN"
93071,"."
93072,"NNP"
93073,","
93074,"JJ"
93075,"CC"
93076,"JJ"
93077,"NNS"
93078,"VBP"
93079,"PRP"
93080,"JJR"
93081,"IN"
93082,"JJR"
93083,","
93084,"RBR"
93085,"JJ"
93086,"NNS"
93087,"TO"
93088,"VB"
93089,"NN"
93090,"IN"
93091,"DT"
93092,"NN"
93093,"IN"
93094,"WP"
93095,"NNP"
93096,"NNP"
93097,"VBD"
93098,"NNS"
93099,"RB"
93100,"."
93101,"PRP"
93102,"RB"
93103,"VBZ"
93104,"NNS"
93105,"RB"
93106,"TO"
93107,"VB"
93108,"DT"
93109,"NN"
93110,"IN"
93111,"DT"
93112,"JJ"
93113,"NN"
93114,"NN"
93115,":"
93116,"DT"
93117,"JJ"
93118,"NNS"
93119,"POS"
93120,"JJS"
93121,","
93122,"RBS"
93123,"VBN"
93124,","
93125,"CC"
93126,"IN"
93127,"RB"
93128,","
93129,"NNP"
93130,","
93131,"NN"
93132,"."
93133,"CC"
93134,"JJ"
93135,"NNP"
93136,"NN"
93137,"VBZ"
93138,"RB"
93139,"DT"
93140,"NN"
93141,"."
93142,"JJ"
93143,"NNS"
93144,"VBP"
93145,"VBG"
93146,"CC"
93147,"JJ"
93148,"VBG"
93149,","
93150,"WDT"
93151,"IN"
93152,"DT"
93153,"NN"
93154,"IN"
93155,"DT"
93156,"NNS"
93157,"MD"
93158,"VB"
93159,"NN"
93160,"IN"
93161,"JJ"
93162,"NNS"
93163,"CC"
93164,"NN"
93165,"NNS"
93166,"."
93167,"DT"
93168,"JJ"
93169,"NNS"
93170,","
93171,"IN"
93172,"VBG"
93173,"NN"
93174,"CC"
93175,"JJ"
93176,"NNS"
93177,","
93178,"RB"
93179,"VBN"
93180,"IN"
93181,"DT"
93182,"CC"
93183,"JJ"
93184,"NNS"
93185,"IN"
93186,"NN"
93187,"."
93188,"``"
93189,"EX"
93190,"VBZ"
93191,"DT"
93192,"NN"
93193,"RB"
93194,"IN"
93195,"PRP"
93196,"WDT"
93197,"MD"
93198,"RB"
93199,"VB"
93200,"DT"
93201,"NN"
93202,"PRP"
93203,"NN"
93204,"CC"
93205,"VB"
93206,"NN"
93207,","
93208,"''"
93209,"VBZ"
93210,"NNP"
93211,"NNP"
93212,","
93213,"NN"
93214,"NN"
93215,","
93216,"NN"
93217,"CC"
93218,"NN"
93219,","
93220,"IN"
93221,"DT"
93222,"NNP"
93223,"NNP"
93224,"NNP"
93225,"CC"
93226,"NNP"
93227,"NNP"
93228,"."
93229,"PRP"
93230,"VBZ"
93231,"RB"
93232,"IN"
93233,"JJ"
93234,"NNS"
93235,"VBP"
93236,"RB"
93237,"VBN"
93238,"JJ"
93239,"NN"
93240,"."
93241,"IN"
93242,"NN"
93243,","
93244,"PRP"
93245,"VBP"
93246,"VBN"
93247,"NNS"
93248,"IN"
93249,"NNS"
93250,"TO"
93251,"VB"
93252,"DT"
93253,"NN"
93254,"IN"
93255,"NNP"
93256,"NN"
93257,"NN"
93258,"TO"
93259,"CD"
93260,"NN"
93261,"IN"
93262,"CD"
93263,","
93264,"IN"
93265,"CD"
93266,"NN"
93267,"CD"
93268,"NNS"
93269,"RB"
93270,"."
93271,"RB"
93272,","
93273,"PRP$"
93274,"NN"
93275,"NNS"
93276,"VBP"
93277,"JJ"
93278,"IN"
93279,"NN"
93280,","
93281,"PRP$"
93282,"JJ"
93283,"NNS"
93284,"VBD"
93285,","
93286,"CC"
93287,"NN"
93288,"NNS"
93289,"JJ"
93290,"."
93291,"CC"
93292,"DT"
93293,"MD"
93294,"RB"
93295,"JJ"
93296,"."
93297,"``"
93298,"PRP"
93299,"VBZ"
93300,"RB"
93301,"RB"
93302,"JJ"
93303,"TO"
93304,"VB"
93305,"DT"
93306,"NN"
93307,"IN"
93308,"DT"
93309,"NN"
93310,"."
93311,"PRP"
93312,"VBP"
93313,"TO"
93314,"VB"
93315,"NN"
93316,"IN"
93317,"DT"
93318,"NN"
93319,","
93320,"''"
93321,"VBZ"
93322,"NNP"
93323,"NNP"
93324,"."
93325,"PRP"
93326,"VBZ"
93327,"TO"
93328,"VB"
93329,"NNS"
93330,"RBR"
93331,"VBN"
93332,"IN"
93333,"NNS"
93334,"CC"
93335,"JJ"
93336,"NN"
93337,"."
93338,"DT"
93339,"NN"
93340,":"
93341,"PRP"
93342,"VBP"
93343,"VBN"
93344,"IN"
93345,"JJ"
93346,"NNS"
93347,"WDT"
93348,"VBP"
93349,"JJ"
93350,"NN"
93351,"."
93352,"CC"
93353,"NNP"
93354,"NNP"
93355,"JJ"
93356,"NNS"
93357,"JJ"
93358,"IN"
93359,"DT"
93360,"NN"
93361,"WDT"
93362,"VBZ"
93363,"NN"
93364,","
93365,"VBN"
93366,"IN"
93367,"DT"
93368,"JJ"
93369,"NN"
93370,"CC"
93371,"VBN"
93372,"IN"
93373,"NN"
93374,":"
93375,"DT"
93376,"NN"
93377,"POS"
93378,"JJ"
93379,"NN"
93380,"."
93381,"``"
93382,"DT"
93383,"NN"
93384,"NN"
93385,"VBZ"
93386,"VBG"
93387,"TO"
93388,"VB"
93389,"RB"
93390,"JJ"
93391,"TO"
93392,"VBN"
93393,"NNS"
93394,","
93395,"''"
93396,"VBZ"
93397,"NNP"
93398,"NNP"
93399,","
93400,"DT"
93401,"NN"
93402,"IN"
93403,"NNP"
93404,"NNP"
93405,"."
93406,"``"
93407,"PRP"
93408,"VBP"
93409,"VBN"
93410,"RB"
93411,"RB"
93412,"VBN"
93413,"IN"
93414,"DT"
93415,"JJ"
93416,"NN"
93417,"CC"
93418,"PRP"
93419,"MD"
93420,"RB"
93421,"VB"
93422,"PRP$"
93423,"NNS"
93424,"TO"
93425,"VB"
93426,"JJ"
93427,"."
93428,"''"
93429,"DT"
93430,"NN"
93431,"VBZ"
93432,"JJ"
93433,"TO"
93434,"VB"
93435,"JJ"
93436,"JJ"
93437,"NNS"
93438,","
93439,"WP"
93440,"VBP"
93441,"DT"
93442,"JJ"
93443,"NNS"
93444,"IN"
93445,"JJ"
93446,"NN"
93447,"VBN"
93448,"IN"
93449,"NNS"
93450,"CC"
93451,"NNS"
93452,"."
93453,"NNP"
93454,"POS"
93455,"NN"
93456,"IN"
93457,"NNP"
93458,","
93459,"NNP"
93460,","
93461,"RB"
93462,"MD"
93463,"VB"
93464,"RB"
93465,"CD"
93466,"CD"
93467,"NNS"
93468,"RB"
93469,","
93470,"DT"
93471,"NN"
93472,"IN"
93473,"DT"
93474,"JJ"
93475,"JJ"
93476,"NN"
93477,"NN"
93478,","
93479,"CC"
93480,"PRP"
93481,"MD"
93482,"VB"
93483,"NNS"
93484,"IN"
93485,"JJ"
93486,"NNS"
93487,"MD"
93488,"VB"
93489,"IN"
93490,"DT"
93491,"JJ"
93492,"NN"
93493,"."
93494,"RB"
93495,","
93496,"JJ"
93497,"VBZ"
93498,"DT"
93499,"NN"
93500,"NN"
93501,"POS"
93502,"NN"
93503,"CC"
93504,"NN"
93505,","
93506,"VBG"
93507,"IN"
93508,"PDT"
93509,"IN"
93510,"DT"
93511,"CD"
93512,"CD"
93513,"NNS"
93514,"IN"
93515,"NN"
93516,"VBN"
93517,"TO"
93518,"VB"
93519,"VBN"
93520,"DT"
93521,"NN"
93522,"."
93523,"RB"
93524,","
93525,"DT"
93526,"NN"
93527,"VBZ"
93528,"RB"
93529,"IN"
93530,"PRP$"
93531,"NNS"
93532,"."
93533,"IN"
93534,"DT"
93535,"NNS"
93536,"VBP"
93537,"VBN"
93538,","
93539,"CD"
93540,"NN"
93541,"NN"
93542,"VBZ"
93543,"DT"
93544,"JJ"
93545,"NN"
93546,"NN"
93547,"."
93548,"IN"
93549,"DT"
93550,"NN"
93551,","
93552,"DT"
93553,"NN"
93554,"NN"
93555,"VBZ"
93556,"RB"
93557,"VB"
93558,"NN"
93559,"."
93560,"``"
93561,"IN"
93562,"DT"
93563,"NN"
93564,","
93565,"DT"
93566,"JJ"
93567,"NN"
93568,"MD"
93569,"RB"
93570,"VB"
93571,"DT"
93572,"JJ"
93573,"NN"
93574,"IN"
93575,"DT"
93576,"JJ"
93577,"NN"
93578,","
93579,"CC"
93580,"PRP"
93581,"VBZ"
93582,"VB"
93583,"PRP"
93584,"TO"
93585,"VB"
93586,"JJ"
93587,"NNS"
93588,","
93589,"''"
93590,"VBZ"
93591,"NNP"
93592,"NNP"
93593,","
93594,"NN"
93595,"NN"
93596,","
93597,"NNS"
93598,","
93599,"IN"
93600,"NNP"
93601,","
93602,"DT"
93603,"NN"
93604,"CC"
93605,"NN"
93606,"NN"
93607,"VBN"
93608,"IN"
93609,"NNP"
93610,","
93611,"NNP"
93612,"."
93613,"RB"
93614,","
93615,"IN"
93616,"NN"
93617,"IN"
93618,"NN"
93619,"RB"
93620,"VBG"
93621,"RB"
93622,"RB"
93623,"TO"
93624,"VB"
93625,"NN"
93626,","
93627,"NNS"
93628,"MD"
93629,"VB"
93630,"TO"
93631,"VB"
93632,"DT"
93633,"NN"
93634,"PRP"
93635,"VBP"
93636,"NN"
93637,"."
93638,"IN"
93639,"DT"
93640,"NN"
93641,","
93642,"VBZ"
93643,"NNP"
93644,"POS"
93645,"NN"
93646,"NN"
93647,"NNP"
93648,"NNP"
93649,","
93650,"NNS"
93651,"VBD"
93652,"DT"
93653,"NN"
93654,"CC"
93655,"VBD"
93656,"PRP"
93657,"RP"
93658,"IN"
93659,"DT"
93660,"JJ"
93661,"NN"
93662,"."
93663,"``"
93664,"PRP"
93665,"VBD"
93666,":"
93667,"``"
93668,"PRP"
93669,"VBP"
93670,"VBN"
93671,"DT"
93672,"NN"
93673,":"
93674,"IN"
93675,"PRP"
93676,"VBP"
93677,"PRP"
93678,","
93679,"PRP"
93680,"MD"
93681,"VB"
93682,"PRP"
93683,","
93684,"''"
93685,"''"
93686,"PRP"
93687,"VBZ"
93688,","
93689,"VBG"
93690,":"
93691,"``"
93692,"RB"
93693,"PRP"
93694,"VBP"
93695,"VBG"
93696,"RP"
93697,"WP"
93698,"NNS"
93699,"VBP"
93700,","
93701,"CC"
93702,"VBP"
93703,"VBG"
93704,"RB"
93705,"TO"
93706,"VB"
93707,"PRP"
93708,"."
93709,"''"
93710,"NNP"
93711,"POS"
93712,"NNS"
93713,"NNS"
93714,"VB"
93715,"DT"
93716,"NNP"
93717,"NNP"
93718,"NNP"
93719,"POS"
93720,"JJ"
93721,"NN"
93722,"NN"
93723,"IN"
93724,"NNP"
93725,"NNP"
93726,","
93727,"NNP"
93728,","
93729,"CD"
93730,"CC"
93731,"CD"
93732,"NNS"
93733,"DT"
93734,"NN"
93735,"."
93736,"WRB"
93737,"PRP"
93738,"VBD"
93739,"IN"
93740,"NNP"
93741,"VBD"
93742,"NNS"
93743,"RBR"
93744,"RB"
93745,","
93746,"NNP"
93747,"VBN"
93748,"DT"
93749,"NN"
93750,"NN"
93751,"NN"
93752,"TO"
93753,"VB"
93754,"DT"
93755,"NN"
93756,"NN"
93757,"RB"
93758,"IN"
93759,"NNS"
93760,"MD"
93761,"VB"
93762,"VBN"
93763,"IN"
93764,"CD"
93765,"NNS"
93766,"."
93767,"JJ"
93768,"JJ"
93769,"NNS"
93770,"IN"
93771,"JJ"
93772,"NNS"
93773,":"
93774,"NN"
93775,"CC"
93776,"NN"
93777,"NNS"
93778,":"
93779,"VBZ"
93780,"DT"
93781,"NNS"
93782,"IN"
93783,"NN"
93784,","
93785,"RB"
93786,"WRB"
93787,"DT"
93788,"JJ"
93789,"NNS"
93790,"VBP"
93791,"VBG"
93792,"IN"
93793,"DT"
93794,"JJR"
93795,"NN"
93796,"IN"
93797,"NNS"
93798,"CC"
93799,"NN"
93800,"IN"
93801,"NN"
93802,"CC"
93803,"NN"
93804,"NNS"
93805,"."
93806,"IN"
93807,"NN"
93808,","
93809,"WRB"
93810,"NNP"
93811,"VBD"
93812,"VBG"
93813,"IN"
93814,"JJ"
93815,"NNS"
93816,","
93817,"DT"
93818,"NNP"
93819,"NNP"
93820,"CC"
93821,"NNP"
93822,"NNP"
93823,"VBD"
93824,"DT"
93825,"JJ"
93826,"NN"
93827,"NN"
93828,"TO"
93829,"VB"
93830,"NN"
93831,"NNS"
93832,"WRB"
93833,"PRP"
93834,"MD"
93835,"VB"
93836,"NN"
93837,"RBR"
93838,"RB"
93839,"IN"
93840,"RB"
93841,"JJ"
93842,"WRB"
93843,"DT"
93844,"NN"
93845,"NN"
93846,"VBZ"
93847,"VBN"
93848,"."
93849,"CC"
93850,"NNS"
93851,"MD"
93852,"RB"
93853,"VB"
93854,"JJ"
93855,"NNS"
93856,"."
93857,"IN"
93858,"VBG"
93859,"NNS"
93860,"VBP"
93861,"DT"
93862,"NN"
93863,"NN"
93864,","
93865,"DT"
93866,"NN"
93867,"IN"
93868,"DT"
93869,"NN"
93870,"POS"
93871,"JJS"
93872,"NNS"
93873,"VBD"
93874,"DT"
93875,"NN"
93876,"NN"
93877,"TO"
93878,"VB"
93879,"NN"
93880,"NNS"
93881,"TO"
93882,"DT"
93883,"RB"
93884,"JJ"
93885,"NN"
93886,"."
93887,"NNP"
93888,"POS"
93889,"NNP"
93890,"NNP"
93891,"VBZ"
93892,"NNS"
93893,"MD"
93894,"VB"
93895,"JJR"
93896,"IN"
93897,"NN"
93898,"."
93899,"NNP"
93900,"NNP"
93901,"NNP"
93902,","
93903,"NNP"
93904,","
93905,"NNP"
93906,"NNP"
93907,","
93908,"IN"
93909,"NN"
93910,","
93911,"VBZ"
93912,"VBG"
93913,"TO"
93914,"NNS"
93915,"JJ"
93916,"NN"
93917,"NNS"
93918,","
93919,"IN"
93920,"JJ"
93921,"NN"
93922,"NNS"
93923,","
93924,"IN"
93925,"DT"
93926,"JJ"
93927,"CC"
93928,"JJ"
93929,"NN"
93930,"TO"
93931,"NN"
93932,"CC"
93933,"NN"
93934,"NNS"
93935,"."
93936,"JJ"
93937,"NNS"
93938,"JJ"
93939,"NN"
93940,"NNS"
93941,"VBG"
93942,"CD"
93943,"."
93944,"RB"
93945,"NNS"
93946,"VBP"
93947,"VBG"
93948,"IN"
93949,"JJ"
93950,"NNS"
93951,"."
93952,"NNP"
93953,"VBZ"
93954,"JJ"
93955,"NN"
93956,"NN"
93957,"TO"
93958,"NNP"
93959,"NNP"
93960,"NNP"
93961,"."
93962,"DT"
93963,"NN"
93964,","
93965,"DT"
93966,"NN"
93967,"POS"
93968,"JJS"
93969,"NN"
93970,"VBD"
93971,"PRP$"
93972,"JJ"
93973,"JJ"
93974,"NN"
93975,"."
93976,"NNS"
93977,"RB"
93978,"VBP"
93979,"VBG"
93980,"TO"
93981,"VB"
93982,"IN"
93983,"VBG"
93984,"IN"
93985,"JJ"
93986,"NN"
93987,","
93988,"JJ"
93989,"IN"
93990,"JJ"
93991,"CC"
93992,"JJ"
93993,"NNS"
93994,","
93995,"WDT"
93996,"VBP"
93997,"IN"
93998,"DT"
93999,"NN"
94000,"IN"
94001,"NNS"
94002,"."
94003,"RB"
94004,"DT"
94005,"JJ"
94006,"NNS"
94007,"VBN"
94008,"IN"
94009,"JJ"
94010,"NNS"
94011,"IN"
94012,"DT"
94013,"JJ"
94014,"NN"
94015,"VBP"
94016,"VBG"
94017,"JJ"
94018,"NNS"
94019,","
94020,"VBD"
94021,"TO"
94022,"VB"
94023,"NN"
94024,"IN"
94025,"JJ"
94026,"NNS"
94027,"IN"
94028,"NN"
94029,"NNS"
94030,"CC"
94031,"NN"
94032,"NNS"
94033,"."
94034,"CC"
94035,"RB"
94036,","
94037,"DT"
94038,"NN"
94039,"VBZ"
94040,"RB"
94041,"JJR"
94042,"IN"
94043,"DT"
94044,"JJ"
94045,"JJ"
94046,"NN"
94047,"."
94048,"``"
94049,"PRP"
94050,"VBZ"
94051,"IN"
94052,"NN"
94053,"VBG"
94054,"RP"
94055,"IN"
94056,"DT"
94057,"NNP"
94058,"NNP"
94059,"CC"
94060,"VBG"
94061,"IN"
94062,"DT"
94063,"NN"
94064,","
94065,"''"
94066,"VBZ"
94067,"NNP"
94068,"NNP"
94069,","
94070,"DT"
94071,"NN"
94072,"IN"
94073,"NNP"
94074,"NNP"
94075,"."
94076,"``"
94077,"IN"
94078,"DT"
94079,"NN"
94080,","
94081,"NN"
94082,"VBZ"
94083,"TO"
94084,"VB"
94085,"IN"
94086,"DT"
94087,"NN"
94088,"."
94089,"''"
94090,"IN"
94091,"PRP"
94092,"VBZ"
94093,"RB"
94094,"VB"
94095,"DT"
94096,"NNS"
94097,","
94098,"PRP"
94099,"VBZ"
94100,"VB"
94101,"RBR"
94102,"NNS"
94103,"VBG"
94104,"VBN"
94105,"CC"
94106,"VBN"
94107,"."
94108,"NNP"
94109,"NNP"
94110,","
94111,"IN"
94112,"DT"
94113,"NNP"
94114,"NNP"
94115,","
94116,"VBZ"
94117,"."
94118,"``"
94119,"IN"
94120,"EX"
94121,"VBZ"
94122,"DT"
94123,"JJ"
94124,"NN"
94125,"IN"
94126,"JJ"
94127,"NN"
94128,"CC"
94129,"DT"
94130,"JJ"
94131,"NN"
94132,"IN"
94133,"DT"
94134,"NN"
94135,","
94136,"PRP"
94137,"VBZ"
94138,"JJ"
94139,"IN"
94140,"NN"
94141,"IN"
94142,"NNP"
94143,"VBD"
94144,"NN"
94145,"MD"
94146,"VB"
94147,"RB"
94148,"TO"
94149,"VB"
94150,"DT"
94151,"NN"
94152,"IN"
94153,"NNS"
94154,"."
94155,"''"
94156,"RB"
94157,"TO"
94158,"VB"
94159,"DT"
94160,"NN"
94161,"IN"
94162,"NNS"
94163,"."
94164,"JJ"
94165,"CC"
94166,"JJ"
94167,"NNS"
94168,","
94169,"WDT"
94170,"VBP"
94171,"VBN"
94172,"DT"
94173,"JJ"
94174,"NN"
94175,"NNS"
94176,","
94177,"VBP"
94178,"RB"
94179,"VBG"
94180,"DT"
94181,"NN"
94182,"IN"
94183,"NN"
94184,"NNS"
94185,"IN"
94186,"CD"
94187,"."
94188,"RB"
94189,","
94190,"DT"
94191,"NNP"
94192,"MD"
94193,"VB"
94194,"JJR"
94195,"NN"
94196,"IN"
94197,"JJ"
94198,"JJ"
94199,"NNP"
94200,"NNP"
94201,"CC"
94202,"NNP"
94203,"NNP"
94204,"NNS"
94205,"."
94206,"DT"
94207,"JJ"
94208,"NN"
94209,"RB"
94210,"VBD"
94211,"NNS"
94212,"TO"
94213,"VB"
94214,"DT"
94215,"JJ"
94216,"NN"
94217,"."
94218,"``"
94219,"NNS"
94220,"VBP"
94221,"IN"
94222,"DT"
94223,"NN"
94224,"NN"
94225,"IN"
94226,"DT"
94227,"JJ"
94228,"CC"
94229,"JJ"
94230,"NN"
94231,"NN"
94232,","
94233,"''"
94234,"VBZ"
94235,"NNP"
94236,"NNP"
94237,"."
94238,"``"
94239,"PRP"
94240,"VBP"
94241,"JJ"
94242,"JJ"
94243,"."
94244,"''"
94245,"SYM"
94246,"NNP"
94247,","
94248,"NNP"
94249,","
94250,"NNP"
94251,","
94252,"NNP"
94253,","
94254,"NNP"
94255,","
94256,"NNP"
94257,"NNP"
94258,"SYM"
94259,"VBN"
94260,"O"
94261,"NNP"
94262,"NNP"
94263,"POS"
94264,"JJ"
94265,"NNS"
94266,"NN"
94267,"IN"
94268,"NNP"
94269,"NNP"
94270,"NNP"
94271,","
94272,"CD"
94273,"IN"
94274,"DT"
94275,"JJS"
94276,"NNS"
94277,"JJ"
94278,"NNS"
94279,"RB"
94280,","
94281,"VBZ"
94282,"VBG"
94283,"JJ"
94284,"NN"
94285,"IN"
94286,"NNP"
94287,"NNP"
94288,"."
94289,"IN"
94290,"CD"
94291,"NNS"
94292,"IN"
94293,"JJ"
94294,"NN"
94295,"IN"
94296,"JJ"
94297,"NN"
94298,"IN"
94299,"NNP"
94300,","
94301,"DT"
94302,"NN"
94303,"VBZ"
94304,"VBG"
94305,"PDT"
94306,"CC"
94307,"VBN"
94308,"IN"
94309,"NNS"
94310,"CC"
94311,"NN"
94312,"NNS"
94313,"."
94314,"JJS"
94315,"VBP"
94316,"VBN"
94317,"DT"
94318,"JJ"
94319,"NNS"
94320,","
94321,"RB"
94322,","
94323,"CC"
94324,"VBP"
94325,"NNP"
94326,"MD"
94327,"VB"
94328,"VBN"
94329,"TO"
94330,"VB"
94331,"$"
94332,"CD"
94333,"CD"
94334,"TO"
94335,"$"
94336,"CD"
94337,"CD"
94338,"IN"
94339,"VBG"
94340,"IN"
94341,"CD"
94342,"NNP"
94343,"NNS"
94344,"."
94345,"DT"
94346,"MD"
94347,"VB"
94348,"DT"
94349,"JJS"
94350,"NN"
94351,"NN"
94352,"RB"
94353,","
94354,"CC"
94355,"PRP"
94356,"VBZ"
94357,"RB"
94358,"IN"
94359,"DT"
94360,"$"
94361,"CD"
94362,"CD"
94363,"NNP"
94364,"VBZ"
94365,"."
94366,"DT"
94367,"JJS"
94368,"NN"
94369,"NN"
94370,"NN"
94371,"TO"
94372,"NN"
94373,"VBD"
94374,"IN"
94375,"CD"
94376,","
94377,"WRB"
94378,"NNP"
94379,"NNP"
94380,"NNP"
94381,"VBD"
94382,"VBN"
94383,"TO"
94384,"VB"
94385,"$"
94386,"CD"
94387,"CD"
94388,"IN"
94389,"NNP"
94390,"NNP"
94391,"NNP"
94392,"IN"
94393,"NNP"
94394,"IN"
94395,"DT"
94396,"NN"
94397,"IN"
94398,"DT"
94399,"NN"
94400,"NN"
94401,"NN"
94402,"NN"
94403,"."
94404,"DT"
94405,"CD"
94406,"NNS"
94407,"RB"
94408,"VBD"
94409,"TO"
94410,"VB"
94411,"IN"
94412,"$"
94413,"CD"
94414,"CD"
94415,"."
94416,"JJ"
94417,"NNS"
94418,"VBP"
94419,"PRP"
94420,"VBZ"
94421,"IN"
94422,"PRP$"
94423,"NN"
94424,"TO"
94425,"VB"
94426,"IN"
94427,"DT"
94428,"NNP"
94429,"NN"
94430,"NN"
94431,"."
94432,"``"
94433,"PRP"
94434,"VBZ"
94435,"IN"
94436,"NN"
94437,"IN"
94438,"NN"
94439,"NN"
94440,"IN"
94441,"NNP"
94442,"NNP"
94443,"NNP"
94444,"."
94445,"PRP"
94446,"MD"
94447,"VB"
94448,"NN"
94449,","
94450,"CC"
94451,"DT"
94452,"NNS"
94453,"VBP"
94454,"JJ"
94455,","
94456,"''"
94457,"VBD"
94458,"NNP"
94459,"NNP"
94460,","
94461,"DT"
94462,"NN"
94463,"IN"
94464,"NNP"
94465,"NNP"
94466,"CC"
94467,"NNP"
94468,"."
94469,"CC"
94470,"NNP"
94471,"NNP"
94472,","
94473,"DT"
94474,"NN"
94475,"IN"
94476,"NNP"
94477,"NNP"
94478,"NNP"
94479,"NNP"
94480,","
94481,"VBD"
94482,":"
94483,"``"
94484,"IN"
94485,"PRP"
94486,"VBD"
94487,"DT"
94488,"NN"
94489,"TO"
94490,"VB"
94491,"RB"
94492,"PDT"
94493,"DT"
94494,"NN"
94495,"CC"
94496,"VB"
94497,"PRP"
94498,"DT"
94499,"("
94500,"NN"
94501,")"
94502,"IN"
94503,"DT"
94504,"JJ"
94505,"NN"
94506,","
94507,"PRP"
94508,"MD"
94509,"VB"
94510,"JJ"
94511,"TO"
94512,"VB"
94513,"IN"
94514,"PRP"
94515,"MD"
94516,"VB"
94517,"RB"
94518,"''"
94519,"IN"
94520,"DT"
94521,"NN"
94522,"."
94523,"DT"
94524,"JJ"
94525,"NN"
94526,"IN"
94527,"DT"
94528,"JJ"
94529,"NNS"
94530,"VBN"
94531,"IN"
94532,"NNP"
94533,","
94534,"VBN"
94535,"IN"
94536,"NNP"
94537,","
94538,"NNP"
94539,","
94540,"VBN"
94541,"IN"
94542,"NNS"
94543,"IN"
94544,"NNP"
94545,","
94546,"IN"
94547,"NNP"
94548,","
94549,"NNP"
94550,"."
94551,"DT"
94552,"JJ"
94553,"NNS"
94554,"VBG"
94555,"VBP"
94556,"WRB"
94557,"TO"
94558,"VB"
94559,"NNS"
94560,"CC"
94561,"IN"
94562,"DT"
94563,"NN"
94564,"VBD"
94565,"``"
94566,"JJ"
94567,"CC"
94568,"JJ"
94569,"."
94570,"''"
94571,"IN"
94572,"RB"
94573,","
94574,"DT"
94575,"NNS"
94576,"MD"
94577,"VB"
94578,"VBN"
94579,"."
94580,"CD"
94581,"NNS"
94582,"WP"
94583,"VBP"
94584,"VBN"
94585,"DT"
94586,"NNS"
94587,","
94588,"NNP"
94589,"NNP"
94590,"IN"
94591,"NNP"
94592,"NNP"
94593,"NNP"
94594,"NNP"
94595,"CC"
94596,"NNP"
94597,"NNP"
94598,"NNP"
94599,","
94600,"DT"
94601,"NN"
94602,"NN"
94603,"IN"
94604,"NNP"
94605,","
94606,"NNP"
94607,"CC"
94608,"NNP"
94609,","
94610,"VBP"
94611,"NNP"
94612,"NNP"
94613,"NNP"
94614,"NNP"
94615,"MD"
94616,"VB"
94617,"IN"
94618,"NNP"
94619,"POS"
94620,"NN"
94621,"IN"
94622,"DT"
94623,"``"
94624,"JJ"
94625,"CC"
94626,"JJ"
94627,"''"
94628,"NN"
94629,"."
94630,"NNP"
94631,"NNP"
94632,"VBD"
94633,"NN"
94634,"IN"
94635,"NNP"
94636,"POS"
94637,"NN"
94638,"NN"
94639,","
94640,"NNP"
94641,"NNP"
94642,"NNP"
94643,"IN"
94644,"NNP"
94645,"CC"
94646,"NNP"
94647,","
94648,"VBD"
94649,"IN"
94650,"``"
94651,"PRP"
94652,"VBD"
94653,"IN"
94654,"NNP"
94655,"NNP"
94656,"IN"
94657,"DT"
94658,"NN"
94659,"IN"
94660,"DT"
94661,"NN"
94662,"''"
94663,"IN"
94664,"DT"
94665,"NN"
94666,"TO"
94667,"VB"
94668,"NN"
94669,"."
94670,"``"
94671,"NNP"
94672,"VBD"
94673,"NNP"
94674,"IN"
94675,"JJ"
94676,"NNS"
94677,"TO"
94678,"VB"
94679,"JJ"
94680,"NNS"
94681,"IN"
94682,"IN"
94683,"NNP"
94684,"POS"
94685,"NN"
94686,"NNS"
94687,","
94688,"''"
94689,"NNP"
94690,"NNP"
94691,"VBD"
94692,"PRP$"
94693,"NN"
94694,"IN"
94695,"DT"
94696,"NN"
94697,","
94698,"NNP"
94699,"NNP"
94700,"VBD"
94701,"."
94702,"CC"
94703,"NNP"
94704,"NNP"
94705,","
94706,"DT"
94707,"NN"
94708,"NN"
94709,"IN"
94710,"NNP"
94711,"NNP"
94712,"NNP"
94713,"NNP"
94714,"IN"
94715,"NNP"
94716,"WP"
94717,"VBZ"
94718,"JJ"
94719,"IN"
94720,"DT"
94721,"NN"
94722,","
94723,"VBD"
94724,"DT"
94725,"NN"
94726,"IN"
94727,"CD"
94728,"NNS"
94729,"VBD"
94730,"VBN"
94731,"``"
94732,"VBZ"
94733,"WDT"
94734,"FW"
94735,"VBD"
94736,"JJ"
94737,"."
94738,"PRP"
94739,"VBZ"
94740,"JJ"
94741,"TO"
94742,"VB"
94743,"DT"
94744,"RB"
94745,"JJ"
94746,"."
94747,"''"
94748,"NNS"
94749,"RB"
94750,"VBP"
94751,"IN"
94752,"NNP"
94753,"NNP"
94754,"MD"
94755,"VB"
94756,"DT"
94757,"JJ"
94758,"NN"
94759,"IN"
94760,"VBG"
94761,"NNS"
94762,","
94763,"WDT"
94764,"NNP"
94765,"VBZ"
94766,"IN"
94767,"PRP"
94768,"MD"
94769,"VB"
94770,"IN"
94771,"DT"
94772,"JJR"
94773,"NN"
94774,","
94775,"CC"
94776,"DT"
94777,"JJ"
94778,"NN"
94779,"NN"
94780,"."
94781,"NNP"
94782,"VBZ"
94783,"PRP"
94784,"MD"
94785,"VB"
94786,"VBN"
94787,"CC"
94788,"VBN"
94789,"PDT"
94790,"DT"
94791,"JJ"
94792,"NNS"
94793,"CC"
94794,"NN"
94795,"VBN"
94796,"IN"
94797,"NNP"
94798,"IN"
94799,"NNP"
94800,"VBD"
94801,"RB"
94802,"VBN"
94803,"DT"
94804,"NN"
94805,"."
94806,"RB"
94807,","
94808,"NNP"
94809,"VBZ"
94810,"PRP"
94811,"MD"
94812,"VB"
94813,"VBN"
94814,"PRP"
94815,"IN"
94816,"DT"
94817,"JJR"
94818,"NN"
94819,":"
94820,"CC"
94821,"RB"
94822,"VBD"
94823,"JJR"
94824,"NNS"
94825,":"
94826,"IN"
94827,"PRP"
94828,"MD"
94829,"RB"
94830,"VB"
94831,"VBN"
94832,"VBN"
94833,"TO"
94834,"VB"
94835,"NNP"
94836,"POS"
94837,"JJR"
94838,"NNS"
94839,"."
94840,"DT"
94841,"NN"
94842,"VBZ"
94843,"VBN"
94844,"DT"
94845,"NNP"
94846,"NNP"
94847,"NNP"
94848,"NN"
94849,"TO"
94850,"VB"
94851,"IN"
94852,"DT"
94853,"NN"
94854,"."
94855,"NNP"
94856,"VBD"
94857,"NNP"
94858,"NNP"
94859,"NNP"
94860,"NNP"
94861,"VBD"
94862,"IN"
94863,"NNP"
94864,"NNP"
94865,"NNP"
94866,"."
94867,"``"
94868,"EX"
94869,"VBZ"
94870,"NN"
94871,"WDT"
94872,"VBZ"
94873,"IN"
94874,"NNS"
94875,"IN"
94876,"NNP"
94877,"NNP"
94878,"NN"
94879,"VBP"
94880,"TO"
94881,"VB"
94882,"IN"
94883,"DT"
94884,"JJ"
94885,","
94886,"''"
94887,"VBD"
94888,"NNP"
94889,"NNP"
94890,"."
94891,"NNP"
94892,"VBZ"
94893,"VBN"
94894,"TO"
94895,"VB"
94896,"IN"
94897,"JJ"
94898,"NNP"
94899,"."
94900,"DT"
94901,"NN"
94902,"VBZ"
94903,"RB"
94904,"VBN"
94905,"IN"
94906,"DT"
94907,"NN"
94908,"IN"
94909,"NN"
94910,"."
94911,"O"
94912,"NNP"
94913,"NNP"
94914,"NNP"
94915,"NNP"
94916,"VBD"
94917,"NNS"
94918,"VBD"
94919,"CD"
94920,"NN"
94921,"IN"
94922,"DT"
94923,"JJ"
94924,"NN"
94925,","
94926,"RB"
94927,"DT"
94928,"NN"
94929,"RB"
94930,"IN"
94931,"JJ"
94932,","
94933,"VBG"
94934,"DT"
94935,"NN"
94936,"JJ"
94937,"IN"
94938,"DT"
94939,"JJ"
94940,"JJ"
94941,"NNS"
94942,"."
94943,"DT"
94944,"JJ"
94945,"NN"
94946,"VBD"
94947,"DT"
94948,"NN"
94949,"IN"
94950,"NN"
94951,"IN"
94952,"JJ"
94953,"JJ"
94954,"NN"
94955,"NNS"
94956,","
94957,"DT"
94958,"NN"
94959,"IN"
94960,"NNS"
94961,"IN"
94962,"DT"
94963,"CD"
94964,"NN"
94965,"IN"
94966,"NNP"
94967,"POS"
94968,"$"
94969,"CD"
94970,"CD"
94971,"IN"
94972,"JJ"
94973,"NN"
94974,"."
94975,"NNP"
94976,","
94977,"WDT"
94978,"VBD"
94979,"DT"
94980,"JJ"
94981,"NNS"
94982,"CD"
94983,"NNS"
94984,"RB"
94985,","
94986,"RB"
94987,"VBD"
94988,"DT"
94989,"NN"
94990,"IN"
94991,"PRP$"
94992,"NN"
94993,"NN"
94994,","
94995,"WDT"
94996,"VBZ"
94997,"TO"
94998,"VB"
94999,"IN"
95000,"NN"
95001,"JJ"
95002,"CC"
95003,"NN"
95004,"NN"
95005,"IN"
95006,"DT"
95007,"JJ"
95008,"NN"
95009,"."
95010,"IN"
95011,"NN"
95012,","
95013,"NNP"
95014,"VBD"
95015,"IN"
95016,"DT"
95017,"JJR"
95018,"NN"
95019,"VBZ"
95020,"VBN"
95021,"DT"
95022,"NN"
95023,"IN"
95024,"JJ"
95025,"NN"
95026,"CC"
95027,"NNS"
95028,"WRB"
95029,"PRP"
95030,"VBP"
95031,"VBN"
95032,"IN"
95033,"NNS"
95034,"."
95035,"NNS"
95036,"VBD"
95037,"TO"
95038,"$"
95039,"CD"
95040,"CD"
95041,","
95042,"CC"
95043,"$"
95044,"CD"
95045,"DT"
95046,"NN"
95047,","
95048,"RB"
95049,"IN"
95050,"NNS"
95051,"NNS"
95052,"POS"
95053,"JJ"
95054,"NNS"
95055,"IN"
95056,"IN"
95057,"$"
95058,"CD"
95059,"DT"
95060,"NN"
95061,"."
95062,"DT"
95063,"VBN"
95064,"IN"
95065,"DT"
95066,"JJ"
95067,"$"
95068,"CD"
95069,"CD"
95070,","
95071,"CC"
95072,"$"
95073,"CD"
95074,"DT"
95075,"NN"
95076,":"
95077,"WDT"
95078,"VBD"
95079,"VBN"
95080,"IN"
95081,"DT"
95082,"JJ"
95083,"NN"
95084,"IN"
95085,"DT"
95086,"NN"
95087,"IN"
95088,"DT"
95089,"NNP"
95090,"NNP"
95091,"NNP"
95092,"NN"
95093,"NN"
95094,"IN"
95095,"DT"
95096,"JJ"
95097,"NN"
95098,"IN"
95099,"DT"
95100,"NN"
95101,"IN"
95102,"NNP"
95103,"NNP"
95104,"VBG"
95105,"TO"
95106,"DT"
95107,"NN"
95108,"NN"
95109,"."
95110,"NNP"
95111,"VBD"
95112,"CD"
95113,"NN"
95114,"TO"
95115,"$"
95116,"CD"
95117,"CD"
95118,"IN"
95119,"$"
95120,"CD"
95121,"CD"
95122,"."
95123,"NNP"
95124,","
95125,"NNP"
95126,","
95127,"NNP"
95128,","
95129,"VBD"
95130,"JJ"
95131,"."
95132,"DT"
95133,"NN"
95134,"NN"
95135,","
95136,"WP$"
95137,"JJ"
95138,"NNS"
95139,"VBP"
95140,"VBN"
95141,"JJ"
95142,"IN"
95143,"NNS"
95144,","
95145,"VBD"
95146,"DT"
95147,"NN"
95148,"VBD"
95149,"RB"
95150,"IN"
95151,"DT"
95152,"NNP"
95153,"IN"
95154,"DT"
95155,"JJ"
95156,"NN"
95157,","
95158,"VBG"
95159,"DT"
95160,"NN"
95161,"IN"
95162,"DT"
95163,"JJ"
95164,"NN"
95165,"."
95166,"DT"
95167,"NN"
95168,"VBD"
95169,"IN"
95170,"DT"
95171,"NN"
95172,"IN"
95173,"``"
95174,"NN"
95175,"IN"
95176,"NNP"
95177,"NNS"
95178,"CC"
95179,"NNS"
95180,"VBZ"
95181,"TO"
95182,"VB"
95183,"RB"
95184,"JJ"
95185,"."
95186,"PRP"
95187,"VBP"
95188,"RB"
95189,"VB"
95190,"NN"
95191,"IN"
95192,"DT"
95193,"NNS"
95194,"IN"
95195,"PRP$"
95196,"NN"
95197,"WDT"
95198,"MD"
95199,"VB"
95200,"PRP"
95201,"TO"
95202,"VB"
95203,"PRP$"
95204,"NN"
95205,"IN"
95206,"NN"
95207,"IN"
95208,"JJ"
95209,"NN"
95210,"."
95211,"''"
95212,"NNP"
95213,"NNS"
95214,","
95215,"RB"
95216,","
95217,"VBD"
95218,"JJ"
95219,"."
95220,"``"
95221,"PRP"
95222,"VBP"
95223,"CD"
95224,"MD"
95225,"VB"
95226,"DT"
95227,"JJ"
95228,"NN"
95229,","
95230,"''"
95231,"VBD"
95232,"NNP"
95233,"NNP"
95234,"IN"
95235,"NNP"
95236,"NNP"
95237,"."
95238,"NNP"
95239,"NNP"
95240,"IN"
95241,"NNP"
95242,"NNP"
95243,"RB"
95244,"VBD"
95245,"PRP$"
95246,"JJ"
95247,"NN"
95248,"NN"
95249,"TO"
95250,"$"
95251,"CD"
95252,"IN"
95253,"$"
95254,"CD"
95255,"IN"
95256,"CD"
95257,"CC"
95258,"TO"
95259,"$"
95260,"CD"
95261,"IN"
95262,"$"
95263,"CD"
95264,"IN"
95265,"CD"
95266,"IN"
95267,"PRP"
95268,"VBD"
95269,"NNS"
95270,"MD"
95271,"VB"
95272,"RB"
95273,"JJR"
95274,"IN"
95275,"PRP"
95276,"VBD"
95277,"VBN"
95278,"."
95279,"DT"
95280,"NNS"
95281,"MD"
95282,"VB"
95283,"NNS"
95284,"IN"
95285,"DT"
95286,"CD"
95287,"NN"
95288,"IN"
95289,"$"
95290,"CD"
95291,"CD"
95292,","
95293,"CC"
95294,"$"
95295,"CD"
95296,"DT"
95297,"NN"
95298,","
95299,"WDT"
95300,"PRP"
95301,"VBD"
95302,"RB"
95303,"IN"
95304,"DT"
95305,"JJ"
95306,"NNP"
95307,"NN"
95308,"IN"
95309,"CD"
95310,"."
95311,"NNP"
95312,"NNP"
95313,"VBD"
95314,"PRP"
95315,"VBD"
95316,"DT"
95317,"``"
95318,"JJ"
95319,"''"
95320,"NN"
95321,"IN"
95322,"DT"
95323,"NN"
95324,"RB"
95325,"IN"
95326,"``"
95327,"PDT"
95328,"DT"
95329,"NN"
95330,"VBZ"
95331,"VBN"
95332,"VBN"
95333,"."
95334,"''"
95335,"PRP"
95336,"VBD"
95337,"DT"
95338,"NN"
95339,"VBZ"
95340,"RB"
95341,"VBN"
95342,"IN"
95343,"CD"
95344,"CD"
95345,"NNS"
95346,"NN"
95347,"NN"
95348,"IN"
95349,"DT"
95350,"JJ"
95351,"CD"
95352,"NNS"
95353,","
95354,"WDT"
95355,"IN"
95356,"DT"
95357,"NN"
95358,"VBZ"
95359,"TO"
95360,"DT"
95361,"NN"
95362,"NN"
95363,"IN"
95364,"$"
95365,"CD"
95366,"."
95367,"DT"
95368,"NN"
95369,"VBD"
95370,"NN"
95371,"IN"
95372,"$"
95373,"CD"
95374,"DT"
95375,"NN"
95376,","
95377,"RB"
95378,"RB"
95379,"$"
95380,"CD"
95381,"IN"
95382,"JJ"
95383,"NN"
95384,"IN"
95385,"DT"
95386,"NNP"
95387,"NNP"
95388,"NNP"
95389,"NNP"
95390,"IN"
95391,"DT"
95392,"NN"
95393,"VBD"
95394,"."
95395,"NNS"
95396,"VBP"
95397,"IN"
95398,"DT"
95399,"NN"
95400,"CC"
95401,"NN"
95402,"NNS"
95403,"MD"
95404,"VB"
95405,"IN"
95406,"JJS"
95407,"IN"
95408,"DT"
95409,"JJ"
95410,"NN"
95411,"."
95412,"``"
95413,"DT"
95414,"JJ"
95415,"NN"
95416,"IN"
95417,"DT"
95418,"NN"
95419,"VBZ"
95420,","
95421,"WRB"
95422,"RB"
95423,"VBZ"
95424,"DT"
95425,"NN"
95426,"VBN"
95427,"CC"
95428,"WRB"
95429,"RB"
95430,"VBZ"
95431,"NN"
95432,"FW"
95433,"RP"
95434,"."
95435,"''"
95436,"VBD"
95437,"NNP"
95438,"NNP"
95439,"IN"
95440,"NNP"
95441,"NNP"
95442,"NNP"
95443,"."
95444,"``"
95445,"CC"
95446,"DT"
95447,"NN"
95448,"PRP"
95449,"VBP"
95450,"VBN"
95451,"IN"
95452,"NNS"
95453,"VBZ"
95454,"IN"
95455,"PRP"
95456,"RB"
95457,"MD"
95458,"VB"
95459,"DT"
95460,"NN"
95461,"."
95462,"''"
95463,"IN"
95464,"NN"
95465,","
95466,"NNP"
95467,"NNP"
95468,"IN"
95469,"NNP"
95470,"NNP"
95471,"VBD"
95472,"PRP"
95473,"VBZ"
95474,"NNP"
95475,"VBZ"
95476,"VBN"
95477,"PRP"
95478,"RB"
95479,"."
95480,"PRP"
95481,"VBD"
95482,"NNP"
95483,"VBZ"
95484,"VBN"
95485,"PRP$"
95486,"NNS"
95487,"RB"
95488,","
95489,"VBG"
95490,"DT"
95491,"MD"
95492,"VB"
95493,"VB"
95494,"NN"
95495,"."
95496,"CC"
95497,"PRP"
95498,"VBD"
95499,"NNP"
95500,"MD"
95501,"VB"
95502,"VBN"
95503,"DT"
95504,"NN"
95505,"RB"
95506,"IN"
95507,"DT"
95508,"NN"
95509,"TO"
95510,"DT"
95511,"JJ"
95512,"NN"
95513,"WDT"
95514,"MD"
95515,"VB"
95516,"RB"
95517,"VBN"
95518,"DT"
95519,"NN"
95520,"TO"
95521,"DT"
95522,"NN"
95523,"."
95524,"PRP"
95525,"VBD"
95526,"NNP"
95527,"VBZ"
95528,"RB"
95529,"RB"
95530,"VB"
95531,"PRP$"
95532,"JJ"
95533,"NN"
95534,"NN"
95535,"CC"
95536,"VBZ"
95537,"RB"
95538,"VBN"
95539,"JJ"
95540,"NN"
95541,"IN"
95542,"PRP$"
95543,"NNS"
95544,"."
95545,"NNP"
95546,"NNP"
95547,","
95548,"JJ"
95549,"NN"
95550,"NN"
95551,"IN"
95552,"NN"
95553,"IN"
95554,"NNP"
95555,"NNP"
95556,","
95557,"DT"
95558,"JJ"
95559,"NN"
95560,"NN"
95561,","
95562,"VBD"
95563,":"
95564,"``"
95565,"TO"
95566,"VB"
95567,"PRP"
95568,"RB"
95569,","
95570,"NNP"
95571,"NNP"
95572,"VBZ"
95573,"VBN"
95574,"VBG"
95575,"DT"
95576,"IN"
95577,"DT"
95578,"JJS"
95579,"JJ"
95580,"NNS"
95581,"IN"
95582,"DT"
95583,"NN"
95584,"NN"
95585,"PRP"
95586,"VBP"
95587,"RB"
95588,"VBN"
95589,"."
95590,"''"
95591,"NNP"
95592,"VBZ"
95593,"VBN"
95594,"TO"
95595,"VB"
95596,"DT"
95597,"NN"
95598,"RB"
95599,"WRB"
95600,"PRP"
95601,"VBZ"
95602,"DT"
95603,"JJ"
95604,"NNS"
95605,"IN"
95606,"PRP$"
95607,"NNS"
95608,"."
95609,"CC"
95610,"DT"
95611,"JJ"
95612,"NN"
95613,"IN"
95614,"DT"
95615,"NN"
95616,"VBZ"
95617,"RB"
95618,"CD"
95619,"NNS"
95620,"JJ"
95621,","
95622,"WDT"
95623,"VBZ"
95624,"PRP"
95625,"VBZ"
95626,"JJ"
95627,"IN"
95628,"DT"
95629,"NN"
95630,","
95631,"CC"
95632,"NNS"
95633,"VBP"
95634,"VBG"
95635,"IN"
95636,"JJ"
95637,"NNS"
95638,"IN"
95639,"PRP$"
95640,"NN"
95641,"."
95642,"NNP"
95643,"VBZ"
95644,"VBG"
95645,"NN"
95646,"IN"
95647,"DT"
95648,"JJ"
95649,"NN"
95650,","
95651,"CC"
95652,"VBZ"
95653,"VBN"
95654,"TO"
95655,"VB"
95656,"DT"
95657,"JJ"
95658,"NNS"
95659,"RB"
95660,"JJ"
95661,"NN"
95662,"."
95663,"CC"
95664,"PRP"
95665,"VBZ"
95666,"JJ"
95667,"TO"
95668,"VB"
95669,"JJ"
95670,"NN"
95671,"IN"
95672,"IN"
95673,"DT"
95674,"JJ"
95675,"NN"
95676,"DT"
95677,"NN"
95678,","
95679,"CC"
95680,"DT"
95681,"NN"
95682,"NN"
95683,","
95684,"IN"
95685,"JJ"
95686,","
95687,"VBZ"
95688,"RB"
95689,"JJ"
95690,"TO"
95691,"VB"
95692,"IN"
95693,"IN"
95694,"JJ"
95695,"NN"
95696,"."
95697,"DT"
95698,"NN"
95699,"NNS"
95700,"MD"
95701,"RB"
95702,"VB"
95703,"RB"
95704,"WRB"
95705,"PRP"
95706,"RB"
95707,"VB"
95708,"JJ"
95709,"."
95710,"CC"
95711,"DT"
95712,"NN"
95713,","
95714,"NNP"
95715,"VBZ"
95716,"RB"
95717,"JJ"
95718,"NN"
95719,"NN"
95720,","
95721,"VBZ"
95722,"VBG"
95723,"PRP$"
95724,"NN"
95725,","
95726,"CC"
95727,"DT"
95728,"NNS"
95729,"VBD"
95730,"NNS"
95731,"MD"
95732,"RB"
95733,"VB"
95734,"IN"
95735,"DT"
95736,"JJ"
95737,"NN"
95738,"."
95739,"IN"
95740,"NN"
95741,","
95742,"NNP"
95743,"POS"
95744,"NN"
95745,"IN"
95746,"NN"
95747,"IN"
95748,"DT"
95749,"JJ"
95750,"NN"
95751,"VBD"
95752,"RB"
95753,"CD"
95754,"NN"
95755,","
95756,"RB"
95757,"IN"
95758,"JJ"
95759,"NNS"
95760,"RB"
95761,"WRB"
95762,"VBN"
95763,"TO"
95764,"VB"
95765,"JJ"
95766,"NN"
95767,"POS"
95768,"NN"
95769,"IN"
95770,"NNP"
95771,"CC"
95772,"DT"
95773,"JJR"
95774,"NN"
95775,"."
95776,"CC"
95777,"NNS"
95778,","
95779,"RB"
95780,"CD"
95781,"NN"
95782,"IN"
95783,"DT"
95784,"NN"
95785,","
95786,"VBP"
95787,"VBN"
95788,"RB"
95789,"JJ"
95790,"."
95791,"IN"
95792,"DT"
95793,"CD"
95794,"NNS"
95795,","
95796,"NNP"
95797,"VBD"
95798,"$"
95799,"CD"
95800,"CD"
95801,","
95802,"CC"
95803,"$"
95804,"CD"
95805,"DT"
95806,"NN"
95807,","
95808,"RB"
95809,"CD"
95810,"NN"
95811,"IN"
95812,"DT"
95813,"JJ"
95814,"$"
95815,"CD"
95816,"CD"
95817,","
95818,"CC"
95819,"$"
95820,"CD"
95821,"DT"
95822,"NN"
95823,"."
95824,"NNP"
95825,"VBD"
95826,"CD"
95827,"NN"
95828,"TO"
95829,"$"
95830,"CD"
95831,"CD"
95832,"IN"
95833,"$"
95834,"CD"
95835,"CD"
95836,"."
95837,"O"
95838,"NNP"
95839,"NNP"
95840,"POS"
95841,"NN"
95842,"VBD"
95843,"PRP"
95844,"VBZ"
95845,"``"
95846,"JJR"
95847,"IN"
95848,"JJ"
95849,"IN"
95850,"''"
95851,"NNS"
95852,"POS"
95853,"NNS"
95854,"IN"
95855,"JJ"
95856,"NNS"
95857,"VBD"
95858,"TO"
95859,"IN"
95860,"JJS"
95861,"CD"
95862,"NNS"
95863,"TO"
95864,"$"
95865,"CD"
95866,"DT"
95867,"NN"
95868,"IN"
95869,"CD"
95870,"NNS"
95871,"DT"
95872,"NN"
95873,"RBR"
95874,"."
95875,"NNP"
95876,"NNP"
95877,"NNP"
95878,","
95879,"RB"
95880,"JJ"
95881,"NN"
95882,"NN"
95883,"IN"
95884,"DT"
95885,"NN"
95886,","
95887,"VBD"
95888,"IN"
95889,"PRP"
95890,"VBZ"
95891,"NNS"
95892,"TO"
95893,"VB"
95894,"PRP$"
95895,"NNS"
95896,"IN"
95897,"CD"
95898,"IN"
95899,"DT"
95900,"NN"
95901,"VBZ"
95902,"PRP$"
95903,"NNS"
95904,"NN"
95905,"."
95906,"RB"
95907,"RB"
95908,","
95909,"NNS"
95910,"VBP"
95911,"VBN"
95912,"PRP"
95913,"VBP"
95914,"VBG"
95915,"IN"
95916,"$"
95917,"CD"
95918,"TO"
95919,"$"
95920,"CD"
95921,"DT"
95922,"NN"
95923,"."
95924,"IN"
95925,"NN"
95926,"POS"
95927,"NN"
95928,","
95929,"DT"
95930,"NN"
95931,"MD"
95932,"VB"
95933,"TO"
95934,"$"
95935,"CD"
95936,"TO"
95937,"$"
95938,"CD"
95939,"DT"
95940,"NN"
95941,"."
95942,"DT"
95943,"NN"
95944,"VBD"
95945,"PRP"
95946,"RB"
95947,"MD"
95948,"VB"
95949,"JJ"
95950,"IN"
95951,"DT"
95952,"JJ"
95953,"NN"
95954,"."
95955,"IN"
95956,"CD"
95957,","
95958,"DT"
95959,"NN"
95960,"NN"
95961,"VBD"
95962,"$"
95963,"CD"
95964,"DT"
95965,"NN"
95966,"."
95967,"NNS"
95968,"IN"
95969,"NNP"
95970,"MD"
95971,"VB"
95972,"IN"
95973,"CD"
95974,"NNS"
95975,"DT"
95976,"NN"
95977,"IN"
95978,"DT"
95979,"JJ"
95980,"NNS"
95981,"IN"
95982,"NN"
95983,"CC"
95984,"VBG"
95985,"NN"
95986,"NNS"
95987,"."
95988,"IN"
95989,"JJ"
95990,"NN"
95991,"IN"
95992,"DT"
95993,"NNP"
95994,"NNP"
95995,"NNP"
95996,"NNP"
95997,","
95998,"DT"
95999,"NN"
96000,"VBD"
96001,"NN"
96002,"IN"
96003,"$"
96004,"CD"
96005,"DT"
96006,"NN"
96007,","
96008,"IN"
96009,"$"
96010,"CD"
96011,"."
96012,"DT"
96013,"NN"
96014,"VBD"
96015,"JJ"
96016,"NNS"
96017,"VBP"
96018,"VBN"
96019,"TO"
96020,"VB"
96021,"CD"
96022,"NN"
96023,"IN"
96024,"$"
96025,"CD"
96026,"CD"
96027,"IN"
96028,"JJ"
96029,"NN"
96030,"POS"
96031,"JJ"
96032,"NN"
96033,"."
96034,"JJ"
96035,"NN"
96036,"NN"
96037,"NN"
96038,"NNS"
96039,"VBP"
96040,"VBN"
96041,"TO"
96042,"VB"
96043,"VBN"
96044,"RB"
96045,"CD"
96046,"NN"
96047,"IN"
96048,"DT"
96049,"JJ"
96050,"NN"
96051,":"
96052,"RB"
96053,"IN"
96054,"DT"
96055,"CD"
96056,"NN"
96057,"TO"
96058,"CD"
96059,"NN"
96060,"NN"
96061,"IN"
96062,"JJ"
96063,"NNS"
96064,":"
96065,"CC"
96066,"RB"
96067,"IN"
96068,"NN"
96069,"IN"
96070,"DT"
96071,"NN"
96072,"IN"
96073,"DT"
96074,"NN"
96075,"NN"
96076,"."
96077,"NNP"
96078,"NNP"
96079,"VBD"
96080,"DT"
96081,"JJR"
96082,"NN"
96083,"IN"
96084,"NN"
96085,"NN"
96086,","
96087,"DT"
96088,"NN"
96089,"IN"
96090,"JJ"
96091,"NNS"
96092,"IN"
96093,"DT"
96094,"NN"
96095,"CC"
96096,":"
96097,"TO"
96098,"DT"
96099,"RB"
96100,"JJR"
96101,"NN"
96102,":"
96103,"NN"
96104,"."
96105,"NNP"
96106,"VBD"
96107,"PRP$"
96108,"NN"
96109,"NNS"
96110,"VBD"
96111,"IN"
96112,"CD"
96113,"NN"
96114,"JJR"
96115,"IN"
96116,"DT"
96117,"NN"
96118,"."
96119,"NNP"
96120,"NNP"
96121,"RB"
96122,"VBD"
96123,"DT"
96124,"NN"
96125,"NN"
96126,"VBD"
96127,"DT"
96128,"JJ"
96129,"CD"
96130,"NN"
96131,"IN"
96132,"JJ"
96133,"NN"
96134,"POS"
96135,"JJ"
96136,"NN"
96137,","
96138,"VBG"
96139,"DT"
96140,"NN"
96141,"RBR"
96142,"JJ"
96143,"."
96144,"NNP"
96145,"NN"
96146,"NN"
96147,"VBD"
96148,"RB"
96149,"IN"
96150,"CD"
96151,"NN"
96152,"."
96153,"NNP"
96154,"NNP"
96155,"VBD"
96156,"DT"
96157,"JJ"
96158,"CD"
96159,"NN"
96160,"IN"
96161,"DT"
96162,"JJ"
96163,"NN"
96164,","
96165,"IN"
96166,"JJ"
96167,"NN"
96168,"VBN"
96169,"IN"
96170,"JJ"
96171,"PRP$"
96172,","
96173,"NNP"
96174,"NN"
96175,"VBD"
96176,"."
96177,"VBG"
96178,"DT"
96179,"JJ"
96180,"NN"
96181,"NN"
96182,"VBN"
96183,"IN"
96184,"NNP"
96185,","
96186,"NNP"
96187,"JJ"
96188,"NN"
96189,"VBD"
96190,"CD"
96191,"NN"
96192,","
96193,"IN"
96194,"NNS"
96195,"JJ"
96196,"IN"
96197,"NNP"
96198,","
96199,"NNP"
96200,"CC"
96201,"NNP"
96202,"."
96203,"NNP"
96204,"NNP"
96205,"NN"
96206,"VBD"
96207,"CD"
96208,"NN"
96209,"."
96210,"VBN"
96211,"IN"
96212,"NNP"
96213,"NNP"
96214,"CC"
96215,"NNP"
96216,"NNP"
96217,","
96218,"NN"
96219,"NNS"
96220,"VBD"
96221,"IN"
96222,"CD"
96223,"NN"
96224,"IN"
96225,"DT"
96226,"JJ"
96227,"NN"
96228,"IN"
96229,"DT"
96230,"CD"
96231,"NN"
96232,"NNS"
96233,"NN"
96234,"."
96235,"JJ"
96236,"NNS"
96237,"IN"
96238,"NNP"
96239,"NNP"
96240,"VBD"
96241,"IN"
96242,"CD"
96243,"NN"
96244,","
96245,"IN"
96246,"NNP"
96247,"NNP"
96248,"VBZ"
96249,"VBN"
96250,"CD"
96251,"NN"
96252,","
96253,"IN"
96254,"DT"
96255,"NN"
96256,"VBZ"
96257,"TO"
96258,"VB"
96259,"IN"
96260,"PRP$"
96261,"JJ"
96262,"NN"
96263,"."
96264,"NNP"
96265,"NNP"
96266,"VBZ"
96267,"VBN"
96268,"IN"
96269,"VBG"
96270,"NN"
96271,"NNS"
96272,"IN"
96273,"RB"
96274,"VBG"
96275,"DT"
96276,"NN"
96277,"IN"
96278,"PRP$"
96279,"NN"
96280,"."
96281,"NNP"
96282,"NNP"
96283,"IN"
96284,"NNP"
96285,"NNP"
96286,"NNP"
96287,","
96288,"WDT"
96289,"VBZ"
96290,"VBD"
96291,"IN"
96292,"VBN"
96293,"NN"
96294,"IN"
96295,"DT"
96296,"NN"
96297,"NN"
96298,"NN"
96299,"CC"
96300,"DT"
96301,"NN"
96302,"IN"
96303,"JJ"
96304,"NNS"
96305,","
96306,"VBD"
96307,"RB"
96308,"CD"
96309,"NN"
96310,"."
96311,"DT"
96312,"NN"
96313,","
96314,"WDT"
96315,"VBZ"
96316,"VBN"
96317,"JJ"
96318,"TO"
96319,"VB"
96320,"TO"
96321,"NNS"
96322,"POS"
96323,"VBG"
96324,"VBZ"
96325,"RP"
96326,"IN"
96327,"VBN"
96328,"NNS"
96329,","
96330,"VBZ"
96331,"VBN"
96332,"VBG"
96333,"DT"
96334,"JJ"
96335,"NN"
96336,"WDT"
96337,"MD"
96338,"VB"
96339,"VBN"
96340,"RB"
96341,"IN"
96342,"DT"
96343,"NN"
96344,"IN"
96345,"JJ"
96346,"NN"
96347,"."
96348,"DT"
96349,"JJ"
96350,"NN"
96351,"VBZ"
96352,"VBN"
96353,"RB"
96354,"IN"
96355,"DT"
96356,"NN"
96357,"NN"
96358,"IN"
96359,"NNP"
96360,"NNP"
96361,","
96362,"NNP"
96363,","
96364,"NNP"
96365,"NNP"
96366,"VBD"
96367,"."
96368,"IN"
96369,"DT"
96370,"JJ"
96371,","
96372,"$"
96373,"CD"
96374,"CD"
96375,"NN"
96376,"NN"
96377,"WDT"
96378,"VBD"
96379,"DT"
96380,"JJ"
96381,"NN"
96382,"NN"
96383,","
96384,"NN"
96385,"NNS"
96386,","
96387,"DT"
96388,"NN"
96389,"NN"
96390,"CC"
96391,"DT"
96392,"JJ"
96393,"NN"
96394,"NN"
96395,"TO"
96396,"NNP"
96397,","
96398,"NNP"
96399,"NNP"
96400,"VBD"
96401,"PRP"
96402,"VBZ"
96403,"RB"
96404,"VB"
96405,"DT"
96406,"JJ"
96407,"NN"
96408,"IN"
96409,"DT"
96410,"JJ"
96411,"NN"
96412,"CC"
96413,"RB"
96414,"."
96415,"CC"
96416,","
96417,"``"
96418,"PRP"
96419,"RB"
96420,"MD"
96421,"VB"
96422,","
96423,"''"
96424,"PRP"
96425,"VBD"
96426,","
96427,"``"
96428,"PRP"
96429,"VBP"
96430,"TO"
96431,"VB"
96432,"NN"
96433,"IN"
96434,"NNS"
96435,"."
96436,"O"
96437,"NNP"
96438,"NNP"
96439,"VBD"
96440,"NNP"
96441,"NNP"
96442,","
96443,"DT"
96444,"JJ"
96445,"NN"
96446,"IN"
96447,"NNP"
96448,","
96449,"TO"
96450,"VB"
96451,"NN"
96452,"IN"
96453,"DT"
96454,"NNP"
96455,"NNP"
96456,"NNP"
96457,"NNP"
96458,"."
96459,"NNP"
96460,"NNP"
96461,"MD"
96462,"VB"
96463,"NNP"
96464,"NNP"
96465,","
96466,"WP"
96467,"VBZ"
96468,"VBG"
96469,"."
96470,"DT"
96471,"NNP"
96472,"NNP"
96473,"VBD"
96474,"NNP"
96475,"NNP"
96476,","
96477,"DT"
96478,"NNP"
96479,"NN"
96480,"WP"
96481,"RB"
96482,"VBD"
96483,"NNS"
96484,"IN"
96485,"DT"
96486,"NNP"
96487,"NNP"
96488,"CC"
96489,"NNP"
96490,","
96491,"VBZ"
96492,"VBG"
96493,"TO"
96494,"VB"
96495,"DT"
96496,"NN"
96497,"NN"
96498,"IN"
96499,"NNP"
96500,"NNP"
96501,"NNP"
96502,"."
96503,"NNP"
96504,"NNP"
96505,","
96506,"DT"
96507,"NN"
96508,"IN"
96509,"NNP"
96510,","
96511,"NNP"
96512,","
96513,"VBZ"
96514,"VBN"
96515,"NN"
96516,"IN"
96517,"DT"
96518,"NNP"
96519,"NNP"
96520,"."
96521,"PRP"
96522,"VBD"
96523,"NNP"
96524,"NNP"
96525,"IN"
96526,"DT"
96527,"NNS"
96528,","
96529,"WRB"
96530,"DT"
96531,"NN"
96532,"VBD"
96533,"DT"
96534,"JJ"
96535,"NN"
96536,"NN"
96537,"IN"
96538,"NNP"
96539,"CC"
96540,"NNP"
96541,"NNP"
96542,"VBD"
96543,"DT"
96544,"NN"
96545,"IN"
96546,"DT"
96547,"NN"
96548,"NN"
96549,"."
96550,"DT"
96551,"NN"
96552,"VBZ"
96553,"DT"
96554,"JJ"
96555,"NN"
96556,"IN"
96557,"NNP"
96558,"NNS"
96559,"IN"
96560,"NNS"
96561,"IN"
96562,"JJ"
96563,"JJ"
96564,"NN"
96565,"NNS"
96566,"."
96567,"NNP"
96568,"NNP"
96569,"POS"
96570,"NN"
96571,"VBZ"
96572,"JJ"
96573,"TO"
96574,"NN"
96575,"IN"
96576,"DT"
96577,"NNP"
96578,"."
96579,"NNP"
96580,"NNS"
96581,"VBD"
96582,"DT"
96583,"NN"
96584,"IN"
96585,"NNP"
96586,"NNP"
96587,"POS"
96588,"NN"
96589,"VBZ"
96590,"RB"
96591,"VBN"
96592,"VBN"
96593,"."
96594,"O"
96595,"NNP"
96596,"NNP"
96597,"NNP"
96598,"NNP"
96599,"NNP"
96600,"VBD"
96601,"PRP$"
96602,"NNS"
96603,"VBD"
96604,"DT"
96605,"NN"
96606,"IN"
96607,"CD"
96608,"NNS"
96609,"IN"
96610,"NNP"
96611,"NNP"
96612,"JJ"
96613,"NN"
96614,"JJ"
96615,"NNP"
96616,"CD"
96617,"TO"
96618,"NN"
96619,"IN"
96620,"NN"
96621,"NNP"
96622,"CD"
96623,"."
96624,"DT"
96625,"NN"
96626,"VBZ"
96627,"DT"
96628,"NN"
96629,"IN"
96630,"PRP$"
96631,"JJ"
96632,"JJ"
96633,"NN"
96634,"IN"
96635,"CD"
96636,"NNS"
96637,"DT"
96638,"NN"
96639,","
96640,"IN"
96641,"WDT"
96642,"NN"
96643,"VBD"
96644,"VBN"
96645,"NNP"
96646,"CD"
96647,"IN"
96648,"DT"
96649,"JJ"
96650,"NN"
96651,"JJ"
96652,"TO"
96653,"PRP$"
96654,"NN"
96655,"IN"
96656,"NNP"
96657,"NNP"
96658,"NNP"
96659,"NNP"
96660,"NNP"
96661,","
96662,"RB"
96663,"IN"
96664,"NNP"
96665,"."
96666,"DT"
96667,"NN"
96668,"VBD"
96669,"PRP"
96670,"VBZ"
96671,"TO"
96672,"VB"
96673,"PRP$"
96674,"NN"
96675,"IN"
96676,"JJ"
96677,"JJ"
96678,"NNS"
96679,"IN"
96680,"DT"
96681,"NN"
96682,"IN"
96683,"DT"
96684,"NN"
96685,"."
96686,"O"
96687,"NNP"
96688,"VBD"
96689,"PRP"
96690,"VBD"
96691,"NNP"
96692,"NNP"
96693,"NNP"
96694,"NNP"
96695,"PRP"
96696,"MD"
96697,"VB"
96698,"DT"
96699,"$"
96700,"CD"
96701,"CD"
96702,"NN"
96703,"TO"
96704,"VB"
96705,"NN"
96706,"TO"
96707,"DT"
96708,"NNP"
96709,"NN"
96710,"."
96711,"DT"
96712,"NN"
96713,"VBD"
96714,"NN"
96715,"VBD"
96716,"PRP"
96717,"VBZ"
96718,"VBG"
96719,"RP"
96720,"DT"
96721,"NN"
96722,"IN"
96723,"``"
96724,"DT"
96725,"NN"
96726,"POS"
96727,"NNS"
96728,"MD"
96729,"RB"
96730,"VB"
96731,"VBN"
96732,"."
96733,"''"
96734,"NNP"
96735,"VBD"
96736,"NNP"
96737,"NNS"
96738,"POS"
96739,"NN"
96740,"TO"
96741,"VB"
96742,"DT"
96743,"NN"
96744,"RBR"
96745,"DT"
96746,"NN"
96747,"VBD"
96748,"NN"
96749,"IN"
96750,"NN"
96751,"NNS"
96752,"CC"
96753,"VBD"
96754,"NNS"
96755,"IN"
96756,"NN"
96757,"IN"
96758,"NN"
96759,"VBN"
96760,"IN"
96761,"NNP"
96762,"TO"
96763,"JJ"
96764,"NNS"
96765,"."
96766,"``"
96767,"PRP"
96768,"MD"
96769,"RB"
96770,"VB"
96771,"RB"
96772,"JJ"
96773,"TO"
96774,"VB"
96775,"NNS"
96776,"IN"
96777,"CD"
96778,","
96779,"''"
96780,"DT"
96781,"NNP"
96782,"NN"
96783,"VBD"
96784,"."
96785,"DT"
96786,"NN"
96787,"VBD"
96788,"TO"
96789,"VB"
96790,"IN"
96791,"CD"
96792,"TO"
96793,"CD"
96794,"."
96795,"IN"
96796,"DT"
96797,"NN"
96798,"NN"
96799,"VBD"
96800,"TO"
96801,"VB"
96802,"JJ"
96803,"NNS"
96804,"IN"
96805,"NN"
96806,"TO"
96807,"NNP"
96808,"NNP"
96809,"NNP"
96810,"VBG"
96811,"IN"
96812,"CD"
96813,","
96814,"CD"
96815,"NNS"
96816,"VBG"
96817,"IN"
96818,"CD"
96819,"CC"
96820,"CD"
96821,"NNS"
96822,"VBG"
96823,"IN"
96824,"NNP"
96825,"VBD"
96826,"NNP"
96827,"NNS"
96828,"POS"
96829,"NN"
96830,"TO"
96831,"VB"
96832,"DT"
96833,"NN"
96834,"VBZ"
96835,"NNP"
96836,"NNP"
96837,"NNP"
96838,"VBZ"
96839,"VBN"
96840,"PRP$"
96841,"NN"
96842,"IN"
96843,"NN"
96844,"."
96845,"``"
96846,"PRP"
96847,"MD"
96848,"RB"
96849,"VB"
96850,"DT"
96851,"JJ"
96852,"NNS"
96853,"("
96854,"IN"
96855,"NNS"
96856,")"
96857,"VBG"
96858,"JJR"
96859,"IN"
96860,"CD"
96861,","
96862,"''"
96863,"DT"
96864,"NNP"
96865,"NN"
96866,"VBD"
96867,"."
96868,"PRP"
96869,"VBD"
96870,"NNP"
96871,"RB"
96872,"VBZ"
96873,"DT"
96874,"``"
96875,"NNS"
96876,"IN"
96877,"NN"
96878,"''"
96879,"IN"
96880,"DT"
96881,"NN"
96882,"WDT"
96883,"VBD"
96884,"TO"
96885,"VB"
96886,"VBN"
96887,"TO"
96888,"NNP"
96889,"."
96890,"``"
96891,"NN"
96892,"VBZ"
96893,"VBN"
96894,"IN"
96895,"PRP"
96896,"VBD"
96897,"DT"
96898,"NN"
96899,"TO"
96900,"VB"
96901,"PRP$"
96902,"NN"
96903,"IN"
96904,"NNP"
96905,"VBD"
96906,"DT"
96907,"NN"
96908,","
96909,"RBS"
96910,"RB"
96911,"JJ"
96912,"NN"
96913,"IN"
96914,"VBG"
96915,"DT"
96916,"NN"
96917,"IN"
96918,"PRP$"
96919,"NNS"
96920,"POS"
96921,"NN"
96922,"NNS"
96923,"IN"
96924,"DT"
96925,"NN"
96926,"NN"
96927,","
96928,"''"
96929,"VBD"
96930,"NNP"
96931,"NNP"
96932,"JJ"
96933,"NN"
96934,"NN"
96935,"NNP"
96936,"NNP"
96937,"NNP"
96938,"."
96939,"NNP"
96940,"NNP"
96941,"VBD"
96942,"PRP"
96943,"VBZ"
96944,"VBG"
96945,"``"
96946,"JJ"
96947,"NN"
96948,"NNS"
96949,"''"
96950,"TO"
96951,"VB"
96952,"RP"
96953,"IN"
96954,"DT"
96955,"JJ"
96956,"NN"
96957,"NN"
96958,","
96959,"VBG"
96960,"JJ"
96961,"NN"
96962,"NN"
96963,"CC"
96964,"NN"
96965,"NNS"
96966,"IN"
96967,"NNP"
96968,"NNP"
96969,","
96970,"CC"
96971,"RB"
96972,"JJ"
96973,"JJ"
96974,"NNS"
96975,"."
96976,"O"
96977,"NNP"
96978,":"
96979,"NNS"
96980,"NNS"
96981,"VBD"
96982,"IN"
96983,"DT"
96984,"JJ"
96985,"NNS"
96986,"IN"
96987,"NNP"
96988,"POS"
96989,"NN"
96990,"NN"
96991,"NN"
96992,","
96993,"VBG"
96994,"CD"
96995,"JJ"
96996,"NN"
96997,"WDT"
96998,"VBD"
96999,"DT"
97000,"NN"
97001,"$"
97002,"CD"
97003,"CD"
97004,"NN"
97005,"."
97006,"IN"
97007,"NNP"
97008,"POS"
97009,"JJ"
97010,"NNS"
97011,"VBD"
97012,"JJ"
97013,"NNS"
97014,"VB"
97015,"NNS"
97016,","
97017,"JJ"
97018,"NNS"
97019,"NNS"
97020,"CC"
97021,"JJ"
97022,"NNS"
97023,"IN"
97024,"JJ"
97025,"NNS"
97026,"CC"
97027,"DT"
97028,"NNS"
97029,"IN"
97030,"NN"
97031,"NNS"
97032,"VBD"
97033,"VBN"
97034,"IN"
97035,"JJ"
97036,"NNS"
97037,","
97038,"NNS"
97039,"RB"
97040,"CC"
97041,"IN"
97042,"NNP"
97043,"NNP"
97044,"VBD"
97045,"."
97046,"NNS"
97047,"NNS"
97048,"VBD"
97049,"VBN"
97050,"JJR"
97051,"IN"
97052,"NNS"
97053,"IN"
97054,"NNP"
97055,"IN"
97056,"IN"
97057,"DT"
97058,"RB"
97059,"JJ"
97060,"NN"
97061,"IN"
97062,"NNS"
97063,","
97064,"WDT"
97065,"RB"
97066,"VB"
97067,"CC"
97068,"VB"
97069,"IN"
97070,"NN"
97071,"JJ"
97072,"NNS"
97073,"DT"
97074,"NN"
97075,"IN"
97076,"DT"
97077,"NN"
97078,"NN"
97079,"IN"
97080,"DT"
97081,"JJ"
97082,"NN"
97083,"CC"
97084,"NN"
97085,"IN"
97086,"NNS"
97087,"IN"
97088,"WDT"
97089,"PRP"
97090,"VBP"
97091,"VBN"
97092,"."
97093,"RB"
97094,","
97095,"NNS"
97096,"NNS"
97097,"NNP"
97098,"VBD"
97099,"VBN"
97100,"IN"
97101,"NNS"
97102,"WDT"
97103,"RB"
97104,"VBD"
97105,"JJ"
97106,"NNS"
97107,"JJR"
97108,"IN"
97109,"DT"
97110,"VBN"
97111,"IN"
97112,"JJ"
97113,"NN"
97114,"NNS"
97115,"IN"
97116,"NNP"
97117,"NNP"
97118,"."
97119,"NNP"
97120,"NNP"
97121,"IN"
97122,"NNP"
97123,"NNP"
97124,"NNP"
97125,"CC"
97126,"NNP"
97127,"VBD"
97128,"DT"
97129,"VBN"
97130,"DT"
97131,"JJ"
97132,"NN"
97133,"IN"
97134,"NN"
97135,"IN"
97136,"DT"
97137,"NNS"
97138,"NN"
97139,","
97140,"PRP"
97141,"VBZ"
97142,"``"
97143,"RB"
97144,"JJ"
97145,"IN"
97146,"DT"
97147,"NNS"
97148,"TO"
97149,"VB"
97150,"VBN"
97151,"RP"
97152,"."
97153,"DT"
97154,"MD"
97155,"RB"
97156,"VB"
97157,"DT"
97158,"NN"
97159,"IN"
97160,"DT"
97161,"RB"
97162,"JJ"
97163,"JJ"
97164,"NNS"
97165,"."
97166,"''"
97167,"DT"
97168,"NNS"
97169,"NN"
97170,"VBZ"
97171,"DT"
97172,"NN"
97173,"DT"
97174,"NN"
97175,"TO"
97176,"VB"
97177,"("
97178,"NN"
97179,")"
97180,"CC"
97181,"VB"
97182,"("
97183,"VB"
97184,")"
97185,"DT"
97186,"JJ"
97187,"NN"
97188,"IN"
97189,"NN"
97190,","
97191,"CC"
97192,"IN"
97193,"DT"
97194,"NN"
97195,"DT"
97196,"NN"
97197,"IN"
97198,"DT"
97199,"NN"
97200,"NN"
97201,","
97202,"VBN"
97203,"IN"
97204,"DT"
97205,"JJ"
97206,"NN"
97207,"IN"
97208,"DT"
97209,"JJ"
97210,"NN"
97211,"NN"
97212,"."
97213,"NNS"
97214,"NNS"
97215,"WP"
97216,","
97217,"IN"
97218,"NN"
97219,"IN"
97220,"DT"
97221,"JJ"
97222,"NN"
97223,","
97224,"CC"
97225,"NN"
97226,","
97227,"VBD"
97228,"RB"
97229,"VBN"
97230,"VBN"
97231,"NNS"
97232,"IN"
97233,"NNS"
97234,"CC"
97235,"NN"
97236,"NNS"
97237,"VBD"
97238,"VBN"
97239,"IN"
97240,"NNP"
97241,"TO"
97242,"VB"
97243,"DT"
97244,"NNS"
97245,"RB"
97246,"IN"
97247,"DT"
97248,"RB"
97249,"VBN"
97250,"NNS"
97251,","
97252,"WDT"
97253,"VBD"
97254,"RB"
97255,"IN"
97256,"DT"
97257,"IN"
97258,"DT"
97259,"NN"
97260,"IN"
97261,"PRP"
97262,"VBD"
97263,"VBG"
97264,"."
97265,"PRP"
97266,"RB"
97267,"VBD"
97268,"DT"
97269,"NN"
97270,"IN"
97271,"JJ"
97272,"NNS"
97273,"CC"
97274,"TO"
97275,"VB"
97276,"DT"
97277,"NNS"
97278,"IN"
97279,"JJ"
97280,"NNS"
97281,":"
97282,"IN"
97283,"JJS"
97284,"NNS"
97285,"IN"
97286,"DT"
97287,"JJ"
97288,"NN"
97289,"."
97290,"DT"
97291,"JJ"
97292,"NN"
97293,"IN"
97294,"NNS"
97295,"VBZ"
97296,"JJ"
97297,"TO"
97298,"VB"
97299,"DT"
97300,"JJ"
97301,"NN"
97302,"TO"
97303,"DT"
97304,"NNP"
97305,"NNP"
97306,"NNPS"
97307,"NNP"
97308,","
97309,"WDT"
97310,"VBZ"
97311,"RB"
97312,"RB"
97313,"VBN"
97314,"IN"
97315,"DT"
97316,"NN"
97317,"IN"
97318,"NNP"
97319,"NNP"
97320,","
97321,"WRB"
97322,"NNS"
97323,"VBD"
97324,"DT"
97325,"NN"
97326,"IN"
97327,"IN"
97328,"JJ"
97329,"NNS"
97330,"."
97331,"JJ"
97332,"NNS"
97333,"JJR"
97334,"VBD"
97335,"DT"
97336,"NN"
97337,"IN"
97338,"JJ"
97339,"NNP"
97340,"NN"
97341,"DT"
97342,"NNP"
97343,"VBD"
97344,"JJ"
97345,"NNS"
97346,"VBG"
97347,"IN"
97348,"NN"
97349,"IN"
97350,"DT"
97351,"NNP"
97352,"NNP"
97353,"NNP"
97354,"POS"
97355,"NN"
97356,"IN"
97357,"JJ"
97358,"NNS"
97359,"."
97360,"CC"
97361,"IN"
97362,"DT"
97363,"NNP"
97364,"VBD"
97365,"DT"
97366,"NN"
97367,"NN"
97368,"RB"
97369,","
97370,"DT"
97371,"NNP"
97372,"VBD"
97373,"VBN"
97374,","
97375,"VBG"
97376,"JJ"
97377,"NNS"
97378,"NNS"
97379,"JJ"
97380,"TO"
97381,"VB"
97382,"NNS"
97383,"WDT"
97384,"MD"
97385,"VB"
97386,"VBN"
97387,"DT"
97388,"NNS"
97389,"."
97390,"NNP"
97391,"NNP"
97392,"NNP"
97393,"``"
97394,"NNP"
97395,"''"
97396,"NNP"
97397,","
97398,"VBD"
97399,"IN"
97400,","
97401,"IN"
97402,"DT"
97403,"NNS"
97404,"NN"
97405,","
97406,"DT"
97407,"NNS"
97408,"NN"
97409,"VBZ"
97410,"TO"
97411,"VB"
97412,"IN"
97413,"DT"
97414,"NN"
97415,"WDT"
97416,"VBZ"
97417,"DT"
97418,"JJ"
97419,"NNS"
97420,"NN"
97421,"TO"
97422,"VB"
97423,"."
97424,"NNP"
97425,"NNS"
97426,"VBD"
97427,"IN"
97428,"PRP"
97429,"MD"
97430,"RB"
97431,"VB"
97432,"VBN"
97433,"JJ"
97434,"TO"
97435,"VB"
97436,"PDT"
97437,"DT"
97438,"NN"
97439,"IN"
97440,"DT"
97441,"NN"
97442,"VBG"
97443,"NNP"
97444,"NN"
97445,","
97446,"CC"
97447,"IN"
97448,"DT"
97449,"JJ"
97450,"NNS"
97451,"IN"
97452,"DT"
97453,"NN"
97454,"IN"
97455,"NN"
97456,"IN"
97457,"DT"
97458,"JJ"
97459,"CC"
97460,"JJ"
97461,"NN"
97462,","
97463,"DT"
97464,"NNP"
97465,"VBD"
97466,"IN"
97467,"PRP$"
97468,"JJS"
97469,"NN"
97470,"VBD"
97471,"TO"
97472,"VB"
97473,"VBN"
97474,"."
97475,"DT"
97476,"NN"
97477,"VBD"
97478,"RB"
97479,"JJ"
97480,"IN"
97481,"NNP"
97482,"NNP"
97483,","
97484,"DT"
97485,"NNS"
97486,"NN"
97487,"NN"
97488,"RB"
97489,","
97490,"IN"
97491,"PRP"
97492,"VBD"
97493,"VBN"
97494,"TO"
97495,"VB"
97496,"PRP$"
97497,"NNS"
97498,"TO"
97499,"NNP"
97500,"NNS"
97501,"IN"
97502,"NNP"
97503,","
97504,"DT"
97505,"NN"
97506,"IN"
97507,"NNP"
97508,"NNP"
97509,"NNP"
97510,","
97511,"IN"
97512,"DT"
97513,"NN"
97514,"IN"
97515,"NNS"
97516,"NN"
97517,"NNS"
97518,"."
97519,"NNP"
97520,"RB"
97521,"RB"
97522,"VBZ"
97523,"DT"
97524,"JJ"
97525,"NN"
97526,"IN"
97527,"DT"
97528,"JJ"
97529,"NN"
97530,"TO"
97531,"VB"
97532,"VBN"
97533,"TO"
97534,"VB"
97535,"VBN"
97536,"IN"
97537,"IN"
97538,"DT"
97539,"NN"
97540,"IN"
97541,"DT"
97542,"NN"
97543,"IN"
97544,"NNP"
97545,"POS"
97546,"NN"
97547,"."
97548,"NNP"
97549,"RB"
97550,"VBD"
97551,"JJ"
97552,"CD"
97553,"NNS"
97554,"IN"
97555,"NN"
97556,"NN"
97557,"IN"
97558,"NNP"
97559,"POS"
97560,"NN"
97561,"IN"
97562,"NN"
97563,","
97564,"CC"
97565,"RB"
97566,"RB"
97567,"IN"
97568,"NNS"
97569,","
97570,"VBN"
97571,"IN"
97572,"DT"
97573,"JJ"
97574,"NN"
97575,"NN"
97576,"NN"
97577,","
97578,"MD"
97579,"VB"
97580,"PRP"
97581,"VB"
97582,"IN"
97583,"NN"
97584,","
97585,"NNS"
97586,"NN"
97587,"NNS"
97588,"VBD"
97589,"."
97590,"RB"
97591,","
97592,"IN"
97593,"DT"
97594,"JJ"
97595,"NN"
97596,"VBG"
97597,"DT"
97598,"NN"
97599,"IN"
97600,"DT"
97601,"NN"
97602,","
97603,"DT"
97604,"NNP"
97605,","
97606,"DT"
97607,"NNP"
97608,"NNP"
97609,"NNP"
97610,"CC"
97611,"DT"
97612,"NNPS"
97613,"VBG"
97614,"NNP"
97615,","
97616,"RB"
97617,"RB"
97618,"IN"
97619,"DT"
97620,"NN"
97621,"POS"
97622,"NN"
97623,","
97624,"NNP"
97625,"NNP"
97626,","
97627,"VBD"
97628,"IN"
97629,"DT"
97630,"NN"
97631,"IN"
97632,"$"
97633,"CD"
97634,"CD"
97635,"TO"
97636,"VB"
97637,"DT"
97638,"NN"
97639,"VBZ"
97640,"VBG"
97641,"VBN"
97642,"TO"
97643,"DT"
97644,"NN"
97645,"NN"
97646,"NN"
97647,"NN"
97648,"IN"
97649,"NN"
97650,"DT"
97651,"NN"
97652,"VBD"
97653,"RB"
97654,"RB"
97655,"."
97656,"NNP"
97657,"NNP"
97658,"NNP"
97659,"NNP"
97660,","
97661,"NN"
97662,"NN"
97663,"IN"
97664,"NNP"
97665,"NNP"
97666,","
97667,"NNP"
97668,"NNPS"
97669,"POS"
97670,"NN"
97671,"NN"
97672,","
97673,"VBD"
97674,"DT"
97675,"NN"
97676,"VBD"
97677,"IN"
97678,"IN"
97679,"CD"
97680,"NNS"
97681,"RB"
97682,"VBN"
97683,"IN"
97684,"NNP"
97685,","
97686,"RB"
97687,"RB"
97688,"IN"
97689,"PRP"
97690,"VBG"
97691,"TO"
97692,"JJ"
97693,"NN"
97694,"NNS"
97695,"."
97696,"``"
97697,"NNP"
97698,"CC"
97699,"PRP$"
97700,"NN"
97701,"VBD"
97702,"RB"
97703,"IN"
97704,"DT"
97705,"NN"
97706,"IN"
97707,"NN"
97708,","
97709,"''"
97710,"NNP"
97711,"NNP"
97712,"VBD"
97713,"."
97714,"``"
97715,"DT"
97716,"NN"
97717,"IN"
97718,"NN"
97719,"NN"
97720,"VBD"
97721,"VBN"
97722,"RB"
97723,":"
97724,"VBG"
97725,"DT"
97726,"NNS"
97727,"IN"
97728,"NNP"
97729,"CC"
97730,"PRP$"
97731,"NN"
97732,"."
97733,"''"
97734,"DT"
97735,"NN"
97736,"VBD"
97737,"VBN"
97738,"RB"
97739,"IN"
97740,"DT"
97741,"NN"
97742,","
97743,"IN"
97744,"NNS"
97745,"IN"
97746,"DT"
97747,"NNP"
97748,"NNP"
97749,"NNP"
97750,","
97751,"NNP"
97752,"CC"
97753,"NNP"
97754,"NNP"
97755,","
97756,"NN"
97757,"IN"
97758,"DT"
97759,"NNP"
97760,"NNP"
97761,"NNP"
97762,"IN"
97763,"RB"
97764,"IN"
97765,"DT"
97766,"NNS"
97767,"NNS"
97768,"."
97769,"``"
97770,"PRP"
97771,"VBD"
97772,"JJ"
97773,"TO"
97774,"VB"
97775,"DT"
97776,"NN"
97777,"IN"
97778,"NN"
97779,","
97780,"''"
97781,"NNP"
97782,"NNP"
97783,"VBD"
97784,"."
97785,"IN"
97786,"CD"
97787,"NN"
97788,","
97789,"DT"
97790,"NNS"
97791,"NN"
97792,"NN"
97793,"VBD"
97794,"TO"
97795,"VB"
97796,"DT"
97797,"NNP"
97798,"NNP"
97799,"NNP"
97800,"IN"
97801,"NNP"
97802,"POS"
97803,"NN"
97804,"NN"
97805,"IN"
97806,"VBG"
97807,"PRP"
97808,"DT"
97809,"NN"
97810,"NN"
97811,"NN"
97812,"IN"
97813,"NNP"
97814,"NNP"
97815,","
97816,"NNP"
97817,"NNP"
97818,"NN"
97819,"."
97820,"NNP"
97821,"NNS"
97822,"VBD"
97823,"RB"
97824,"VB"
97825,"TO"
97826,"VB"
97827,"DT"
97828,"NN"
97829,"IN"
97830,"DT"
97831,"NN"
97832,"."
97833,"NNP"
97834,"POS"
97835,"NN"
97836,"IN"
97837,"DT"
97838,"NN"
97839,","
97840,"NNS"
97841,"CC"
97842,"NNS"
97843,"NNS"
97844,"VBD"
97845,"NNP"
97846,"CC"
97847,"NNP"
97848,"NNS"
97849,"TO"
97850,"VB"
97851,"IN"
97852,"DT"
97853,"$"
97854,"CD"
97855,"CD"
97856,"IN"
97857,"NNS"
97858,"RB"
97859,"RB"
97860,"MD"
97861,"RB"
97862,"VB"
97863,"TO"
97864,"VB"
97865,"VBN"
97866,"IN"
97867,"JJ"
97868,"NNS"
97869,"."
97870,"DT"
97871,"NNP"
97872,"NN"
97873,"VBD"
97874,"DT"
97875,"NNS"
97876,"CC"
97877,"NN"
97878,"NNS"
97879,"IN"
97880,"DT"
97881,"NNP"
97882,"CD"
97883,"NN"
97884,"IN"
97885,"NN"
97886,","
97887,"NNP"
97888,"NNP"
97889,"VBD"
97890,"."
97891,"DT"
97892,"JJ"
97893,"NN"
97894,"VBD"
97895,"IN"
97896,"NNP"
97897,"NNP"
97898,"VBD"
97899,"IN"
97900,"NNS"
97901,"CC"
97902,"NN"
97903,"NNS"
97904,"IN"
97905,"DT"
97906,"NN"
97907,"TO"
97908,"NN"
97909,"DT"
97910,"NNP"
97911,"NN"
97912,","
97913,"CC"
97914,"DT"
97915,"NNS"
97916,"VBD"
97917,"RB"
97918,"VBN"
97919,"IN"
97920,"DT"
97921,"NNS"
97922,"."
97923,"``"
97924,"PRP"
97925,"VBD"
97926,"PRP$"
97927,"NN"
97928,"NN"
97929,","
97930,"''"
97931,"DT"
97932,"NN"
97933,"VBD"
97934,"."
97935,"NNS"
97936,"IN"
97937,"NNS"
97938,"JJ"
97939,"NNP"
97940,","
97941,"WDT"
97942,"VBZ"
97943,"DT"
97944,"NNS"
97945,"NNS"
97946,"IN"
97947,"NNP"
97948,"NNS"
97949,","
97950,"VBD"
97951,"IN"
97952,"DT"
97953,"$"
97954,"CD"
97955,"CD"
97956,"NN"
97957,"VBD"
97958,"JJ"
97959,","
97960,"CC"
97961,"VBD"
97962,"JJ"
97963,"TO"
97964,"VB"
97965,"VB"
97966,"DT"
97967,"NN"
97968,"IN"
97969,"DT"
97970,"NNS"
97971,"NNS"
97972,"."
97973,"``"
97974,"PRP"
97975,"VBD"
97976,"DT"
97977,"JJ"
97978,"NN"
97979,"IN"
97980,"JJ"
97981,"JJ"
97982,"NNS"
97983,","
97984,"''"
97985,"VBD"
97986,"NNP"
97987,"NNP"
97988,","
97989,"NN"
97990,"NN"
97991,"CC"
97992,"JJ"
97993,"NN"
97994,"NN"
97995,"."
97996,"NNP"
97997,"NNP"
97998,"VBD"
97999,"TO"
98000,"VB"
98001,"DT"
98002,"JJ"
98003,"NNS"
98004,"TO"
98005,"DT"
98006,"$"
98007,"CD"
98008,"CD"
98009,"NN"
98010,"IN"
98011,"DT"
98012,"NN"
98013,"."
98014,"NNP"
98015,"NNP"
98016,"CC"
98017,"NNP"
98018,"NNS"
98019,"VBD"
98020,"IN"
98021,"NNS"
98022,"VBG"
98023,"NNP"
98024,"VBD"
98025,"$"
98026,"CD"
98027,"CD"
98028,"TO"
98029,"DT"
98030,"NN"
98031,","
98032,"DT"
98033,"NNP"
98034,"VBD"
98035,"IN"
98036,"$"
98037,"CD"
98038,"CD"
98039,","
98040,"DT"
98041,"NNP"
98042,"VBD"
98043,"$"
98044,"CD"
98045,"CD"
98046,"CC"
98047,"$"
98048,"CD"
98049,"CD"
98050,"VBD"
98051,"IN"
98052,"NNP"
98053,"NNP"
98054,"POS"
98055,"JJ"
98056,"NNS"
98057,"."
98058,"NNP"
98059,"NNP"
98060,"MD"
98061,"RB"
98062,"VB"
98063,"VBN"
98064,"TO"
98065,"VB"
98066,"."
98067,"O"
98068,"NNP"
98069,"NNP"
98070,"VBZ"
98071,"IN"
98072,"PRP$"
98073,"NN"
98074,","
98075,"VBZ"
98076,"PRP"
98077,"IN"
98078,"DT"
98079,"JJ"
98080,"NN"
98081,"CC"
98082,"RB"
98083,"VBZ"
98084,"RB"
98085,"."
98086,"IN"
98087,"DT"
98088,"NN"
98089,"NN"
98090,"NN"
98091,"RB"
98092,"IN"
98093,"DT"
98094,"NN"
98095,","
98096,"DT"
98097,"JJ"
98098,"NNS"
98099,"IN"
98100,"JJ"
98101,"NNS"
98102,"VBP"
98103,"TO"
98104,"VB"
98105,"IN"
98106,"NNP"
98107,"NNP"
98108,"POS"
98109,"NN"
98110,"CC"
98111,"NNS"
98112,"."
98113,"``"
98114,"PRP"
98115,"VBZ"
98116,"IN"
98117,"DT"
98118,"NN"
98119,"IN"
98120,"DT"
98121,"NN"
98122,","
98123,"''"
98124,"NNP"
98125,"NNP"
98126,"NNP"
98127,"."
98128,"DT"
98129,"NN"
98130,"IN"
98131,"NN"
98132,"VBZ"
98133,"DT"
98134,"NNS"
98135,"POS"
98136,"NN"
98137,"IN"
98138,"NNP"
98139,"NNP"
98140,"NNP"
98141,","
98142,"CD"
98143,"NNS"
98144,"IN"
98145,"DT"
98146,"NN"
98147,"IN"
98148,"NNP"
98149,"."
98150,"RB"
98151,","
98152,"IN"
98153,"NN"
98154,"NNS"
98155,"CC"
98156,"NN"
98157,"NNS"
98158,","
98159,"NNS"
98160,"VBP"
98161,"VBN"
98162,"DT"
98163,"NNP"
98164,"."
98165,"``"
98166,"IN"
98167,"NNS"
98168,"IN"
98169,"PRP"
98170,"VBP"
98171,"RB"
98172,"JJ"
98173,","
98174,"''"
98175,"VBZ"
98176,"NNP"
98177,"NNP"
98178,","
98179,"WP"
98180,"VBZ"
98181,"IN"
98182,"JJ"
98183,"NNS"
98184,"IN"
98185,"DT"
98186,"NN"
98187,","
98188,"``"
98189,"PRP"
98190,"VBZ"
98191,"JJ"
98192,"TO"
98193,"VB"
98194,"NN"
98195,"RB"
98196,"IN"
98197,"DT"
98198,"NN"
98199,"."
98200,"''"
98201,"IN"
98202,"JJ"
98203,"NNS"
98204,"MD"
98205,"RB"
98206,"VB"
98207,"NN"
98208,"NNS"
98209,","
98210,"JJ"
98211,"NN"
98212,","
98213,"IN"
98214,"PRP"
98215,"VBZ"
98216,"VBN"
98217,"IN"
98218,"DT"
98219,"NN"
98220,","
98221,"VBZ"
98222,"RB"
98223,"VBG"
98224,"JJ"
98225,"NNP"
98226,"."
98227,"IN"
98228,"DT"
98229,"NNS"
98230,"JJ"
98231,"NNS"
98232,"NN"
98233,"NN"
98234,"NNS"
98235,"IN"
98236,"DT"
98237,"NN"
98238,","
98239,"JJ"
98240,"IN"
98241,"JJ"
98242,"NNS"
98243,"MD"
98244,"RB"
98245,"VB"
98246,"."
98247,"NNP"
98248,"NNP"
98249,"POS"
98250,"NN"
98251,"VBZ"
98252,"NN"
98253,"IN"
98254,"DT"
98255,"NN"
98256,","
98257,"NNP"
98258,"NNS"
98259,"VBD"
98260,"IN"
98261,"CD"
98262,"NNS"
98263,"."
98264,"CC"
98265,"VBZ"
98266,"PRP"
98267,"IN"
98268,"PDT"
98269,"VB"
98270,"("
98271,"IN"
98272,"WP"
98273,"DT"
98274,"NNS"
98275,"VBP"
98276,")"
98277,"DT"
98278,"RBR"
98279,"JJ"
98280,"NN"
98281,"VBN"
98282,"IN"
98283,"NN"
98284,"NNS"
98285,"IN"
98286,"JJ"
98287,"NNS"
98288,"IN"
98289,"NN"
98290,"."
98291,"IN"
98292,"DT"
98293,"NN"
98294,","
98295,"NN"
98296,"VBZ"
98297,"RB"
98298,"VB"
98299,"NN"
98300,"IN"
98301,"CD"
98302,"JJ"
98303,"NN"
98304,"NNS"
98305,","
98306,"WRB"
98307,"RP"
98308,"NNS"
98309,"VB"
98310,"IN"
98311,"RB"
98312,"VBN"
98313,"NNS"
98314,","
98315,"RB"
98316,"VBN"
98317,"."
98318,"DT"
98319,"VBZ"
98320,"JJ"
98321,"CD"
98322,"NNS"
98323,"CC"
98324,"RB"
98325,"NN"
98326,"IN"
98327,"$"
98328,"CD"
98329,"."
98330,"DT"
98331,"NNS"
98332,","
98333,"VBG"
98334,"NNP"
98335,","
98336,"RB"
98337,"VB"
98338,"NN"
98339,"IN"
98340,"DT"
98341,"NN"
98342,"."
98343,"NNP"
98344,"NNP"
98345,"VBZ"
98346,"VBN"
98347,"VBG"
98348,"DT"
98349,"CD"
98350,"NNS"
98351,"DT"
98352,"NN"
98353,"IN"
98354,"DT"
98355,"NN"
98356,"VBD"
98357,"VBN"
98358,"IN"
98359,"JJ"
98360,"JJ"
98361,"NN"
98362,"."
98363,"NNP"
98364,"NNP"
98365,"NNP"
98366,","
98367,"DT"
98368,"NN"
98369,"POS"
98370,"NN"
98371,","
98372,"NNS"
98373,"IN"
98374,"PRP$"
98375,"NN"
98376,"NN"
98377,","
98378,"VBG"
98379,"JJ"
98380,"NNS"
98381,"VBP"
98382,"DT"
98383,"NN"
98384,"IN"
98385,"PRP$"
98386,"JJ"
98387,"NN"
98388,"NNS"
98389,"."
98390,"JJ"
98391,"NNS"
98392,"VBP"
98393,"IN"
98394,"VBG"
98395,"DT"
98396,"NN"
98397,","
98398,"NNP"
98399,","
98400,"NN"
98401,"CC"
98402,"NN"
98403,"MD"
98404,"VB"
98405,"DT"
98406,"JJ"
98407,"NN"
98408,"IN"
98409,"NN"
98410,"NN"
98411,"CC"
98412,"VBG"
98413,"NN"
98414,"."
98415,"PRP"
98416,"RB"
98417,"VBP"
98418,"IN"
98419,"VBG"
98420,"VBZ"
98421,"DT"
98422,"JJ"
98423,"NN"
98424,","
98425,"IN"
98426,"JJ"
98427,"IN"
98428,"DT"
98429,"NN"
98430,"IN"
98431,"NN"
98432,"CC"
98433,"NN"
98434,","
98435,"CC"
98436,"IN"
98437,"DT"
98438,"NN"
98439,"VBZ"
98440,"RB"
98441,"JJ"
98442,"DT"
98443,"NN"
98444,"IN"
98445,"NN"
98446,"TO"
98447,"VB"
98448,"PRP"
98449,"."
98450,"``"
98451,"DT"
98452,"NN"
98453,"VBZ"
98454,"TO"
98455,"PRP$"
98456,"NN"
98457,","
98458,"PRP"
98459,"VBP"
98460,"VBN"
98461,"CC"
98462,"PRP"
98463,"VBP"
98464,"RB"
98465,"VB"
98466,"NN"
98467,"IN"
98468,"DT"
98469,"NN"
98470,"CC"
98471,"NN"
98472,","
98473,"''"
98474,"VBZ"
98475,"NNP"
98476,"NNP"
98477,","
98478,"DT"
98479,"NNS"
98480,"NN"
98481,"IN"
98482,"DT"
98483,"NNP"
98484,"NNP"
98485,"NN"
98486,"IN"
98487,"NNP"
98488,"NNP"
98489,","
98490,"NNP"
98491,","
98492,"WRB"
98493,"NNS"
98494,"VBD"
98495,"JJ"
98496,"NN"
98497,"."
98498,"``"
98499,"WRB"
98500,"PRP"
98501,"VBP"
98502,"DT"
98503,"NN"
98504,"IN"
98505,"PRP$"
98506,"NN"
98507,","
98508,"NNS"
98509,"VBP"
98510,"PRP"
98511,"VBP"
98512,"IN"
98513,"PRP"
98514,"VBP"
98515,"JJ"
98516,"."
98517,"''"
98518,"NNP"
98519,"NNP"
98520,"NNP"
98521,","
98522,"DT"
98523,"JJ"
98524,"NN"
98525,"WP"
98526,"VBZ"
98527,"PRP$"
98528,"NN"
98529,"IN"
98530,"DT"
98531,"NNP"
98532,"NNP"
98533,"NN"
98534,","
98535,"``"
98536,"PRP"
98537,"VBP"
98538,"IN"
98539,"NN"
98540,"IN"
98541,"PRP$"
98542,"NNS"
98543,"."
98544,"''"
98545,"RB"
98546,"NN"
98547,","
98548,"RB"
98549,","
98550,"VBZ"
98551,"IN"
98552,"NN"
98553,"IN"
98554,"NN"
98555,"NN"
98556,"."
98557,"CD"
98558,"NNS"
98559,"RB"
98560,","
98561,"DT"
98562,"NNP"
98563,"NNP"
98564,"NNP"
98565,"POS"
98566,"NN"
98567,"IN"
98568,"NNP"
98569,"NNP"
98570,","
98571,"NNP"
98572,","
98573,"VBD"
98574,"PRP$"
98575,"NNS"
98576,"TO"
98577,"VB"
98578,"NN"
98579,"."
98580,"CC"
98581,"RB"
98582,"IN"
98583,"NNS"
98584,"VBD"
98585,"DT"
98586,"NN"
98587,","
98588,"NNS"
98589,"VBD"
98590,"."
98591,"``"
98592,"RB"
98593,","
98594,"IN"
98595,"DT"
98596,"NN"
98597,"IN"
98598,"NN"
98599,","
98600,"PRP"
98601,"VBP"
98602,"``"
98603,"FW"
98604,"POS"
98605,"CC"
98606,"``"
98607,"FW"
98608,"POS"
98609,"VBG"
98610,"RP"
98611,"IN"
98612,"DT"
98613,"NN"
98614,","
98615,"''"
98616,"VBZ"
98617,"NNP"
98618,"NNP"
98619,","
98620,"DT"
98621,"NN"
98622,"POS"
98623,"NN"
98624,"NN"
98625,"."
98626,"``"
98627,"CC"
98628,"PRP"
98629,"MD"
98630,"RB"
98631,"VB"
98632,"NNS"
98633,"VBG"
98634,"IN"
98635,"DT"
98636,"NN"
98637,"NN"
98638,"``"
98639,"NNP"
98640,"''"
98641,"CC"
98642,"``"
98643,"NNP"
98644,"."
98645,"''"
98646,"''"
98647,"JJ"
98648,"NN"
98649,","
98650,"DT"
98651,"NNS"
98652,"VBD"
98653,"CC"
98654,"DT"
98655,"NNS"
98656,"VBD"
98657,"."
98658,"``"
98659,"RB"
98660,"PRP"
98661,"VBP"
98662,"VBG"
98663,"IN"
98664,"DT"
98665,"NN"
98666,"IN"
98667,"JJ"
98668,"NNS"
98669,","
98670,"''"
98671,"NNP"
98672,"NNP"
98673,"VBZ"
98674,"."
98675,"NNP"
98676,"RB"
98677,"VBZ"
98678,"DT"
98679,"NN"
98680,"NN"
98681,"TO"
98682,"VB"
98683,"IN"
98684,"."
98685,"DT"
98686,"NNS"
98687,"VBP"
98688,"VBN"
98689,"TO"
98690,"VB"
98691,"IN"
98692,"DT"
98693,"IN"
98694,"VBG"
98695,"PRP"
98696,"``"
98697,"NNS"
98698,"''"
98699,"CC"
98700,"VBG"
98701,"PRP$"
98702,"NN"
98703,"NNS"
98704,"IN"
98705,"``"
98706,"JJ"
98707,"NNS"
98708,"."
98709,"''"
98710,"CC"
98711,"NNP"
98712,","
98713,"DT"
98714,"NN"
98715,"WRB"
98716,"NN"
98717,","
98718,"VBZ"
98719,"RB"
98720,"VBN"
98721,"IN"
98722,"JJ"
98723,"NNS"
98724,"IN"
98725,"JJ"
98726,"NNS"
98727,"IN"
98728,"NN"
98729,","
98730,"CC"
98731,"DT"
98732,"VBZ"
98733,"DT"
98734,"NNS"
98735,"JJ"
98736,"."
98737,"JJ"
98738,"NN"
98739,","
98740,"DT"
98741,"NN"
98742,"CC"
98743,"NN"
98744,"NN"
98745,"IN"
98746,"NNP"
98747,"NNP"
98748,","
98749,"DT"
98750,"JJ"
98751,"JJ"
98752,"NN"
98753,","
98754,"VBD"
98755,"DT"
98756,"NN"
98757,"TO"
98758,"PRP$"
98759,"NN"
98760,","
98761,"NNP"
98762,","
98763,"NNS"
98764,"."
98765,"NNP"
98766,"NNS"
98767,","
98768,"DT"
98769,"NN"
98770,"NN"
98771,","
98772,"VBD"
98773,"DT"
98774,"JJ"
98775,"NN"
98776,"."
98777,"``"
98778,"PRP"
98779,"VBP"
98780,"IN"
98781,"DT"
98782,"NN"
98783,"IN"
98784,"NN"
98785,"NN"
98786,"IN"
98787,"DT"
98788,"NN"
98789,"DT"
98790,"NN"
98791,","
98792,"''"
98793,"PRP"
98794,"VBZ"
98795,"."
98796,"CC"
98797,"IN"
98798,"RB"
98799,"CD"
98800,"NNS"
98801,","
98802,"DT"
98803,"NN"
98804,"NN"
98805,"IN"
98806,"DT"
98807,"NN"
98808,","
98809,"NNP"
98810,"NNP"
98811,","
98812,"VBD"
98813,"IN"
98814,"DT"
98815,"NNS"
98816,"CC"
98817,"VBD"
98818,"PRP"
98819,"TO"
98820,"DT"
98821,"NN"
98822,"."
98823,"NNP"
98824,"NNP"
98825,"VBZ"
98826,"PRP$"
98827,"JJ"
98828,"NN"
98829,"VBD"
98830,"IN"
98831,"DT"
98832,"NN"
98833,"VBD"
98834,"VBG"
98835,"VBN"
98836,"IN"
98837,"DT"
98838,"NN"
98839,"NN"
98840,"NN"
98841,":"
98842,"DT"
98843,"NN"
98844,"POS"
98845,"JJ"
98846,"NN"
98847,"NN"
98848,"MD"
98849,"VB"
98850,"VBN"
98851,"RB"
98852,"."
98853,"``"
98854,"IN"
98855,"PRP$"
98856,"NN"
98857,","
98858,"("
98859,"NNS"
98860,")"
98861,"MD"
98862,"VB"
98863,"VBN"
98864,"IN"
98865,"DT"
98866,"JJ"
98867,"NN"
98868,"IN"
98869,"NNS"
98870,"CC"
98871,"NNS"
98872,"IN"
98873,","
98874,"''"
98875,"PRP"
98876,"VBZ"
98877,"."
98878,"VBN"
98879,"JJ"
98880,"NNS"
98881,","
98882,"DT"
98883,"JJ"
98884,"NNS"
98885,"VBP"
98886,"TO"
98887,"VB"
98888,"IN"
98889,"PRP$"
98890,"NN"
98891,"RB"
98892,"."
98893,"NNP"
98894,"NNP"
98895,"IN"
98896,"NNP"
98897,"NNP"
98898,","
98899,"NNP"
98900,","
98901,"VBZ"
98902,"PRP"
98903,"VBZ"
98904,"VBN"
98905,"VBG"
98906,"IN"
98907,"DT"
98908,"JJ"
98909,"NN"
98910,"IN"
98911,"DT"
98912,"JJ"
98913,"NN"
98914,"CC"
98915,"NN"
98916,"NN"
98917,"IN"
98918,"NNP"
98919,"NNP"
98920,":"
98921,"CD"
98922,"TO"
98923,"DT"
98924,"NN"
98925,"POS"
98926,"NNS"
98927,"."
98928,"PRP"
98929,"VBZ"
98930,"DT"
98931,"JJ"
98932,"NN"
98933,"DT"
98934,"CD"
98935,"CC"
98936,"CD"
98937,"NNS"
98938,"."
98939,"PRP$"
98940,"JJ"
98941,"NN"
98942,"VBZ"
98943,"VBN"
98944,"IN"
98945,"DT"
98946,"NN"
98947,","
98948,"CC"
98949,"DT"
98950,"NN"
98951,"VBZ"
98952,"PRP"
98953,"JJ"
98954,"NN"
98955,"."
98956,"``"
98957,"DT"
98958,"VBZ"
98959,"JJ"
98960,"IN"
98961,"DT"
98962,"NN"
98963,"IN"
98964,"JJ"
98965,"NNS"
98966,","
98967,"''"
98968,"VBZ"
98969,"NNP"
98970,"NNP"
98971,","
98972,"WP"
98973,"VBD"
98974,"IN"
98975,"NNP"
98976,"NNP"
98977,"CC"
98978,"NNP"
98979,"NNP"
98980,"IN"
98981,"CD"
98982,"NNS"
98983,"IN"
98984,"VBG"
98985,"PRP$"
98986,"JJ"
98987,"NN"
98988,"."
98989,"NNS"
98990,","
98991,"PRP"
98992,"VBZ"
98993,","
98994,"``"
98995,"VBP"
98996,"JJ"
98997,"WRB"
98998,"PRP"
98999,"VBP"
99000,"VBG"
99001,"TO"
99002,"VB"
99003,"IN"
99004,"DT"
99005,"NNS"
99006,"IN"
99007,"PRP$"
99008,"NNS"
99009,"."
99010,"PRP$"
99011,"NN"
99012,"VBZ"
99013,"TO"
99014,"VB"
99015,"JJ"
99016,"NN"
99017,"IN"
99018,"NN"
99019,"."
99020,"PRP$"
99021,"NN"
99022,"VBZ"
99023,":"
99024,"VB"
99025,"POS"
99026,"VB"
99027,"RP"
99028,"IN"
99029,"DT"
99030,"NN"
99031,"."
99032,"''"
99033,"RB"
99034,","
99035,"PDT"
99036,"WDT"
99037,"POS"
99038,"VBN"
99039,"VBZ"
99040,"DT"
99041,"JJ"
99042,"NN"
99043,"."
99044,"NNP"
99045,"NNP"
99046,","
99047,"DT"
99048,"NNP"
99049,"NNP"
99050,"NNP"
99051,","
99052,"VBD"
99053,"IN"
99054,"NNS"
99055,"IN"
99056,"NNP"
99057,"NNP"
99058,"NNP"
99059,","
99060,"DT"
99061,"NN"
99062,"IN"
99063,"JJ"
99064,"CC"
99065,"JJ"
99066,"NN"
99067,","
99068,"IN"
99069,"VBG"
99070,"NNS"
99071,"CC"
99072,"JJ"
99073,"NNS"
99074,"VBG"
99075,"DT"
99076,"JJ"
99077,"NNS"
99078,"IN"
99079,"NN"
99080,"."
99081,"PRP"
99082,"VBZ"
99083,"IN"
99084,"PRP"
99085,"RB"
99086,"VBZ"
99087,"NN"
99088,"IN"
99089,"PRP$"
99090,"JJ"
99091,"NNS"
99092,"."
99093,"``"
99094,"PRP"
99095,"VBP"
99096,"PRP$"
99097,"NN"
99098,"RB"
99099,","
99100,"VB"
99101,"DT"
99102,"JJ"
99103,"NN"
99104,"CC"
99105,"VB"
99106,"JJ"
99107,","
99108,"''"
99109,"VBZ"
99110,"NNP"
99111,"NNP"
99112,","
99113,"WP"
99114,"VBZ"
99115,"VBN"
99116,"VBG"
99117,"NNP"
99118,"IN"
99119,"NNP"
99120,"."
99121,"``"
99122,"IN"
99123,"PRP"
99124,"VBP"
99125,"IN"
99126,"EX"
99127,"RB"
99128,"PRP"
99129,"RB"
99130,"VB"
99131,","
99132,"PRP"
99133,"MD"
99134,"VB"
99135,","
99136,"``"
99137,"WP"
99138,"VBZ"
99139,"DT"
99140,"NN"
99141,"."
99142,"''"
99143,"''"
99144,"DT"
99145,"JJ"
99146,"NN"
99147,"IN"
99148,"NNP"
99149,"NNP"
99150,"VBZ"
99151,"NNP"
99152,"NNP"
99153,","
99154,"DT"
99155,"JJ"
99156,"NNP"
99157,"NNP"
99158,"NN"
99159,"WP$"
99160,"NN"
99161,"VBZ"
99162,"TO"
99163,"VB"
99164,"DT"
99165,"JJ"
99166,"NNS"
99167,"."
99168,"TO"
99169,"VB"
99170,"VB"
99171,"DT"
99172,","
99173,"NNP"
99174,"NNP"
99175,"VBD"
99176,"DT"
99177,"JJ"
99178,"NN"
99179,"NN"
99180,"CD"
99181,"NNS"
99182,"RB"
99183,"IN"
99184,"PRP"
99185,"VBZ"
99186,"MD"
99187,"VB"
99188,"``"
99189,"VBN"
99190,"VBG"
99191,"''"
99192,"IN"
99193,"JJ"
99194,"NNP"
99195,"."
99196,"``"
99197,"DT"
99198,"NN"
99199,"VBZ"
99200,"RB"
99201,"JJ"
99202,"TO"
99203,"VB"
99204,"RP"
99205,"PRP$"
99206,"NNS"
99207,","
99208,"VBP"
99209,"RP"
99210,"CC"
99211,"VB"
99212,"VBN"
99213,"IN"
99214,"DT"
99215,"NN"
99216,"IN"
99217,"$"
99218,"CD"
99219,","
99220,"''"
99221,"PRP"
99222,"VBZ"
99223,"."
99224,"``"
99225,"DT"
99226,"NN"
99227,"VBZ"
99228,"TO"
99229,"VB"
99230,"DT"
99231,"NNS"
99232,"IN"
99233,"NNP"
99234,"TO"
99235,"VB"
99236,"NNS"
99237,"JJ"
99238,"."
99239,"DT"
99240,"NN"
99241,"VBZ"
99242,"DT"
99243,"NN"
99244,"TO"
99245,"VB"
99246,"NN"
99247,"."
99248,"''"
99249,"VBG"
99250,"IN"
99251,"CD"
99252,"IN"
99253,"NNP"
99254,"NNP"
99255,"POS"
99256,"NNS"
99257,","
99258,"WDT"
99259,"VBD"
99260,"$"
99261,"CD"
99262,"CC"
99263,"VBP"
99264,"IN"
99265,"VBN"
99266,"VBN"
99267,"IN"
99268,"NNS"
99269,","
99270,"VBZ"
99271,"DT"
99272,"NN"
99273,"IN"
99274,"VBG"
99275,"DT"
99276,"NN"
99277,"."
99278,"NNS"
99279,"JJ"
99280,"RB"
99281,","
99282,"VB"
99283,"PRP$"
99284,"NNS"
99285,"IN"
99286,"NN"
99287,"NNS"
99288,"CC"
99289,"JJ"
99290,"PRP$"
99291,"VBP"
99292,"IN"
99293,"VBG"
99294,"IN"
99295,"DT"
99296,"NN"
99297,"IN"
99298,"DT"
99299,"NN"
99300,"."
99301,"("
99302,"NNP"
99303,"NNP"
99304,","
99305,"DT"
99306,"NNP"
99307,"NNP"
99308,"NNP"
99309,","
99310,"VBZ"
99311,"PRP"
99312,"VBZ"
99313,"VBN"
99314,"DT"
99315,"JJ"
99316,"NN"
99317,"VBN"
99318,"TO"
99319,"NN"
99320,"IN"
99321,"IN"
99322,"DT"
99323,"JJ"
99324,"NN"
99325,"."
99326,")"
99327,"NNP"
99328,"NNP"
99329,","
99330,"WP"
99331,"VBZ"
99332,"IN"
99333,"NN"
99334,"IN"
99335,"DT"
99336,"JJ"
99337,"NN"
99338,"NN"
99339,"CC"
99340,"VBZ"
99341,"DT"
99342,"NN"
99343,"NN"
99344,","
99345,"VBZ"
99346,"DT"
99347,"CD"
99348,"NNS"
99349,":"
99350,"RB"
99351,"IN"
99352,"IN"
99353,"CD"
99354,"JJ"
99355,"NNS"
99356,"IN"
99357,"DT"
99358,"NN"
99359,":"
99360,"RB"
99361,"VB"
99362,"JJ"
99363,"NNS"
99364,"IN"
99365,"DT"
99366,"NN"
99367,","
99368,"RB"
99369,"RB"
99370,"IN"
99371,"IN"
99372,"NN"
99373,"NNS"
99374,","
99375,"IN"
99376,"NNS"
99377,"CC"
99378,"NNS"
99379,","
99380,"CC"
99381,"IN"
99382,"NNS"
99383,"CC"
99384,"JJ"
99385,"NNS"
99386,"WRB"
99387,"JJ"
99388,"NNS"
99389,"MD"
99390,"VB"
99391,"VBN"
99392,"."
99393,"NNP"
99394,"NNP"
99395,","
99396,"DT"
99397,"NN"
99398,"IN"
99399,"NNP"
99400,","
99401,"NNP"
99402,","
99403,"VBD"
99404,"DT"
99405,"JJ"
99406,"NN"
99407,"IN"
99408,"VBG"
99409,"DT"
99410,"NN"
99411,"IN"
99412,"DT"
99413,"NNP"
99414,"NN"
99415,"IN"
99416,"NN"
99417,"IN"
99418,"DT"
99419,"NN"
99420,"NN"
99421,"."
99422,"CD"
99423,"NNS"
99424,"IN"
99425,"DT"
99426,"NN"
99427,","
99428,"DT"
99429,"NN"
99430,"VBD"
99431,"RB"
99432,","
99433,"VBD"
99434,"VBG"
99435,"CC"
99436,"VBN"
99437,"JJ"
99438,"."
99439,"NNS"
99440,"VBD"
99441,"VBN"
99442,"."
99443,"DT"
99444,"NN"
99445,"RB"
99446,","
99447,"DT"
99448,"NN"
99449,"VBD"
99450,"NNP"
99451,"NNP"
99452,"PRP"
99453,"VBD"
99454,"VBN"
99455,"DT"
99456,"JJ"
99457,"NN"
99458,"NN"
99459,"JJ"
99460,"TO"
99461,"DT"
99462,"NN"
99463,"."
99464,"``"
99465,"PRP"
99466,"VBD"
99467,"DT"
99468,"JJ"
99469,"NN"
99470,"IN"
99471,"PRP$"
99472,"NN"
99473,","
99474,"''"
99475,"VBZ"
99476,"DT"
99477,"JJ"
99478,"NNP"
99479,"NNP"
99480,","
99481,"WP"
99482,"VBZ"
99483,"RB"
99484,"VBN"
99485,"IN"
99486,"DT"
99487,"$"
99488,"CD"
99489,"CD"
99490,"NN"
99491,"NN"
99492,"IN"
99493,"PRP$"
99494,"NN"
99495,"."
99496,"``"
99497,"CC"
99498,"PRP"
99499,"VBD"
99500,"RB"
99501,","
99502,"CC"
99503,"IN"
99504,"DT"
99505,"NN"
99506,"VBD"
99507,","
99508,"EX"
99509,"VBD"
99510,"RB"
99511,"CD"
99512,"NNS"
99513,"IN"
99514,"NN"
99515,"NN"
99516,"IN"
99517,"DT"
99518,"NN"
99519,"."
99520,"DT"
99521,"JJ"
99522,"NN"
99523,"VBD"
99524,"JJR"
99525,","
99526,"CC"
99527,"PRP"
99528,"VBD"
99529,"JJ"
99530,"TO"
99531,"VB"
99532,"PRP"
99533,"."
99534,"CC"
99535,"PRP"
99536,"VBZ"
99537,"IN"
99538,"VBG"
99539,"IN"
99540,"DT"
99541,"NN"
99542,"CC"
99543,"VBG"
99544,"RB"
99545,"IN"
99546,"."
99547,"''"
99548,"IN"
99549,"DT"
99550,"NN"
99551,"IN"
99552,"NNS"
99553,"IN"
99554,"NN"
99555,"NN"
99556,"VBZ"
99557,"VBN"
99558,","
99559,"DT"
99560,"NNS"
99561,"VBP"
99562,"RB"
99563,"IN"
99564,"PRP"
99565,","
99566,"VBG"
99567,"DT"
99568,"JJ"
99569,","
99570,"VBP"
99571,"FW"
99572,"VBP"
99573,"DT"
99574,"RB"
99575,"NN"
99576,"TO"
99577,"VB"
99578,"."
99579,"NNP"
99580,"NNP"
99581,","
99582,"WP"
99583,"VBZ"
99584,"NN"
99585,"NN"
99586,"IN"
99587,"NNP"
99588,","
99589,"VBZ"
99590,"DT"
99591,"NN"
99592,"NN"
99593,"NN"
99594,"VBZ"
99595,"JJR"
99596,"IN"
99597,"NN"
99598,","
99599,"JJ"
99600,"NNS"
99601,"MD"
99602,"VB"
99603,"PRP"
99604,"VBZ"
99605,"RB"
99606,"DT"
99607,"NN"
99608,"IN"
99609,"DT"
99610,"NNP"
99611,"."
99612,"``"
99613,"NN"
99614,"NNS"
99615,"IN"
99616,"PRP$"
99617,"NNS"
99618,"VBP"
99619,"VBN"
99620,","
99621,"''"
99622,"PRP"
99623,"VBZ"
99624,","
99625,"VBG"
99626,"WDT"
99627,"NNS"
99628,"FW"
99629,"DT"
99630,"NN"
99631,"."
99632,"``"
99633,"EX"
99634,"VBZ"
99635,"NN"
99636,"IN"
99637,"NN"
99638,"TO"
99639,"NN"
99640,"."
99641,"O"
99642,"IN"
99643,"WP"
99644,"VBZ"
99645,"VBN"
99646,"TO"
99647,"VB"
99648,"DT"
99649,"JJ"
99650,"NN"
99651,"IN"
99652,"DT"
99653,"NN"
99654,"TO"
99655,"NNP"
99656,"IN"
99657,"DT"
99658,"NNP"
99659,"CD"
99660,"NNS"
99661,"IN"
99662,"NNP"
99663,","
99664,"DT"
99665,"JJ"
99666,"NN"
99667,"NN"
99668,"VBZ"
99669,"VBN"
99670,"DT"
99671,"$"
99672,"CD"
99673,"CD"
99674,"NN"
99675,"IN"
99676,"DT"
99677,"NNP"
99678,"NN"
99679,"NN"
99680,"."
99681,"DT"
99682,"NN"
99683,","
99684,"VBN"
99685,"IN"
99686,"NNP"
99687,"NNP"
99688,"NNP"
99689,","
99690,"VBD"
99691,"JJ"
99692,"NNP"
99693,"TO"
99694,"VB"
99695,"DT"
99696,"NN"
99697,"TO"
99698,"NNP"
99699,"NNP"
99700,"NNP"
99701,","
99702,"DT"
99703,"NNP"
99704,"NN"
99705,"NN"
99706,"."
99707,"CC"
99708,"JJ"
99709,"NNS"
99710,"RB"
99711,","
99712,"IN"
99713,"DT"
99714,"NN"
99715,"IN"
99716,"DT"
99717,"NNP"
99718,"NNS"
99719,","
99720,"DT"
99721,"NN"
99722,"VBD"
99723,"VBN"
99724,","
99725,"VBG"
99726,"TO"
99727,"NNS"
99728,"CC"
99729,"NNS"
99730,"RB"
99731,"TO"
99732,"DT"
99733,"NN"
99734,"."
99735,"NNP"
99736,"NNP"
99737,"CC"
99738,"NNP"
99739,"VBD"
99740,"TO"
99741,"VB"
99742,"IN"
99743,"DT"
99744,"NN"
99745,"."
99746,"NNS"
99747,"VBD"
99748,"NNS"
99749,"IN"
99750,"DT"
99751,"NN"
99752,"RB"
99753,"IN"
99754,"NNP"
99755,"CD"
99756,","
99757,"CC"
99758,"DT"
99759,"JJ"
99760,"NN"
99761,","
99762,"WDT"
99763,"VBD"
99764,"JJ"
99765,"NNS"
99766,"TO"
99767,"VB"
99768,"PRP$"
99769,"NNP"
99770,"NNS"
99771,","
99772,"``"
99773,"VBD"
99774,"DT"
99775,"NNS"
99776,"DT"
99777,"RP"
99778,"PRP"
99779,"VBD"
99780,","
99781,"''"
99782,"VBZ"
99783,"DT"
99784,"JJ"
99785,"NN"
99786,"TO"
99787,"DT"
99788,"NNP"
99789,"NN"
99790,"."
99791,"DT"
99792,"NN"
99793,"TO"
99794,"VB"
99795,"DT"
99796,"NN"
99797,"NNS"
99798,"DT"
99799,"JJ"
99800,"NN"
99801,"NNS"
99802,"VBP"
99803,"VBN"
99804,"IN"
99805,"NNP"
99806,"IN"
99807,"NNP"
99808,"CD"
99809,"."
99810,"IN"
99811,"DT"
99812,"JJ"
99813,"NN"
99814,"VBZ"
99815,"VBN"
99816,","
99817,"JJ"
99818,"NNS"
99819,"VBP"
99820,"JJ"
99821,"IN"
99822,"NNP"
99823,"POS"
99824,"JJ"
99825,"NNS"
99826,"CC"
99827,"JJ"
99828,"NN"
99829,":"
99830,"$"
99831,"CD"
99832,"CD"
99833,"IN"
99834,"DT"
99835,"NN"
99836,"IN"
99837,"CD"
99838,"."
99839,"JJ"
99840,"NNS"
99841,"VBP"
99842,"VBG"
99843,"VBN"
99844,","
99845,"RB"
99846,"DT"
99847,"VBN"
99848,"TO"
99849,"DT"
99850,"NN"
99851,"NN"
99852,","
99853,"WDT"
99854,"VBZ"
99855,"VBN"
99856,"VBN"
99857,"RB"
99858,"IN"
99859,"DT"
99860,"JJ"
99861,"CD"
99862,"NN"
99863,"NN"
99864,"."
99865,"JJ"
99866,"NNS"
99867,"VBP"
99868,"JJ"
99869,"NNS"
99870,"IN"
99871,"RB"
99872,"JJ"
99873,"."
99874,"DT"
99875,"VBN"
99876,"NNP"
99877,"NN"
99878,"VBZ"
99879,"NNP"
99880,"NNP"
99881,","
99882,"DT"
99883,"JJ"
99884,"NN"
99885,","
99886,"VBN"
99887,"IN"
99888,"DT"
99889,"JJ"
99890,"JJ"
99891,"NN"
99892,"NN"
99893,"CC"
99894,"JJ"
99895,"NNS"
99896,"."
99897,"DT"
99898,"NN"
99899,"VBZ"
99900,"$"
99901,"CD"
99902,"CD"
99903,"TO"
99904,"DT"
99905,"CD"
99906,"IN"
99907,"NNP"
99908,","
99909,"DT"
99910,"NN"
99911,"POS"
99912,"NNP"
99913,"NNP"
99914,"NN"
99915,","
99916,"CC"
99917,"DT"
99918,"JJ"
99919,","
99920,"RB"
99921,"JJ"
99922,","
99923,"NN"
99924,"IN"
99925,"JJ"
99926,"NNS"
99927,"TO"
99928,"VB"
99929,"NNP"
99930,","
99931,"DT"
99932,"NNP"
99933,"NN"
99934,"NN"
99935,","
99936,"DT"
99937,"NNS"
99938,"VBP"
99939,"."
99940,"DT"
99941,"NN"
99942,","
99943,"VBN"
99944,"IN"
99945,"NNP"
99946,"NNP"
99947,","
99948,"VBZ"
99949,"VBN"
99950,"VBN"
99951,"IN"
99952,"NN"
99953,"."
99954,"WRB"
99955,"DT"
99956,"NN"
99957,"NN"
99958,"VBD"
99959,"VBN"
99960,","
99961,"PRP"
99962,"VBD"
99963,"VBN"
99964,"IN"
99965,"NN"
99966,"IN"
99967,"DT"
99968,"JJ"
99969,"JJ"
99970,"NN"
99971,"NNS"
99972,"RB"
99973,"VBN"
99974,"IN"
99975,"NNP"
99976,"."
99977,"IN"
99978,"JJS"
99979,"NNS"
99980,"TO"
99981,"NNP"
99982,","
99983,"RB"
99984,"VBD"
99985,"DT"
99986,"JJ"
99987,"NN"
99988,"."
99989,"RB"
99990,","
99991,"DT"
99992,"NNS"
99993,"VBD"
99994,"DT"
99995,"NN"
99996,"IN"
99997,"JJ"
99998,"NN"
99999,"IN"
100000,"NNP"
100001,"IN"
100002,"PRP"
100003,"MD"
100004,"VB"
100005,"NNP"
100006,"NNP"
100007,"DT"
100008,"JJ"
100009,"$"
100010,"CD"
100011,"CD"
100012,"IN"
100013,"NN"
100014,"TO"
100015,"VB"
100016,"NN"
100017,"IN"
100018,"DT"
100019,"JJ"
100020,"NN"
100021,"."
100022,"DT"
100023,"NN"
100024,"VBD"
100025,"TO"
100026,"VB"
100027,"VBN"
100028,"IN"
100029,"RB"
100030,"CD"
100031,"TO"
100032,"CD"
100033,"NNS"
100034,","
100035,"RB"
100036,"RB"
100037,"IN"
100038,"NN"
100039,"VBD"
100040,"VBN"
100041,"."
100042,"CC"
100043,"IN"
100044,"DT"
100045,"NN"
100046,"VBD"
100047,"IN"
100048,"NNP"
100049,"TO"
100050,"NNP"
100051,"NNP"
100052,","
100053,"NNP"
100054,"VBD"
100055,"DT"
100056,"NN"
100057,"VBD"
100058,"VBN"
100059,"IN"
100060,"DT"
100061,"NN"
100062,"VBD"
100063,"VBN"
100064,"TO"
100065,"VB"
100066,"JJ"
100067,"JJ"
100068,"NNS"
100069,"CC"
100070,"VB"
100071,"JJ"
100072,"NNS"
100073,"TO"
100074,"DT"
100075,"JJ"
100076,"NN"
100077,"IN"
100078,"NN"
100079,","
100080,"VBG"
100081,"TO"
100082,"NNS"
100083,"RB"
100084,"TO"
100085,"DT"
100086,"NN"
100087,"."
100088,"NNS"
100089,"VBN"
100090,"IN"
100091,"DT"
100092,"NN"
100093,"VBP"
100094,","
100095,"RB"
100096,","
100097,"IN"
100098,"DT"
100099,"NN"
100100,"RB"
100101,"VBD"
100102,"NN"
100103,"TO"
100104,"VB"
100105,"IN"
100106,"DT"
100107,"JJ"
100108,"NNS"
100109,"."
100110,"RB"
100111,","
100112,"DT"
100113,"NNS"
100114,"VBP"
100115,","
100116,"DT"
100117,"NN"
100118,"VBD"
100119,"NN"
100120,"TO"
100121,"NN"
100122,"IN"
100123,"NNP"
100124,"POS"
100125,"JJ"
100126,"NN"
100127,","
100128,"RB"
100129,"RB"
100130,"IN"
100131,"TO"
100132,"VB"
100133,"IN"
100134,"DT"
100135,"NN"
100136,"POS"
100137,"NN"
100138,"."
100139,"DT"
100140,"NN"
100141,"NN"
100142,"VBZ"
100143,"VBN"
100144,"RB"
100145,"RB"
100146,"IN"
100147,"JJ"
100148,"NNS"
100149,","
100150,"CC"
100151,"PRP"
100152,"VBZ"
100153,"NNP"
100154,"POS"
100155,"JJ"
100156,"NN"
100157,"NNP"
100158,"NNP"
100159,"."
100160,"DT"
100161,"CD"
100162,"NNS"
100163,"IN"
100164,"DT"
100165,"NN"
100166,"VBD"
100167,"DT"
100168,"JJ"
100169,"NNS"
100170,"IN"
100171,"NN"
100172,"IN"
100173,"DT"
100174,"NN"
100175,"NN"
100176,"VBD"
100177,"VBN"
100178,"VBN"
100179,"RP"
100180,"."
100181,"O"
100182,"NNP"
100183,"NNP"
100184,"NNP"
100185,"VBD"
100186,"TO"
100187,"VB"
100188,"JJ"
100189,"NN"
100190,"NN"
100191,"NN"
100192,"IN"
100193,"$"
100194,"CD"
100195,"DT"
100196,"NN"
100197,","
100198,"CC"
100199,"$"
100200,"CD"
100201,"CD"
100202,","
100203,"IN"
100204,"DT"
100205,"NN"
100206,"TO"
100207,"VB"
100208,"PRP$"
100209,"NN"
100210,"IN"
100211,"DT"
100212,"RB"
100213,"JJ"
100214,"NN"
100215,"NN"
100216,"."
100217,"DT"
100218,"JJ"
100219,"NN"
100220,"VBZ"
100221,"IN"
100222,"NNP"
100223,"NNP"
100224,"POS"
100225,"NN"
100226,"VBZ"
100227,"VBG"
100228,"JJ"
100229,"NNS"
100230,"IN"
100231,"PRP$"
100232,"JJ"
100233,"NN"
100234,"NNS"
100235,"VBP"
100236,"VBG"
100237,"RBR"
100238,"RB"
100239,"IN"
100240,"IN"
100241,"JJ"
100242,"NNS"
100243,"IN"
100244,"NNP"
100245,"NNPS"
100246,"NNP"
100247,"."
100248,"NNP"
100249,"NNP"
100250,","
100251,"VBN"
100252,"IN"
100253,"NNP"
100254,","
100255,"NNP"
100256,","
100257,"RB"
100258,"VBD"
100259,"JJ"
100260,"NN"
100261,"MD"
100262,"VB"
100263,"IN"
100264,"DT"
100265,"JJ"
100266,"JJ"
100267,"NN"
100268,","
100269,"IN"
100270,"DT"
100271,"CD"
100272,"NN"
100273,"NN"
100274,"IN"
100275,"DT"
100276,"JJ"
100277,"NN"
100278,"IN"
100279,"PRP$"
100280,"JJ"
100281,"JJ"
100282,"NN"
100283,"."
100284,"``"
100285,"DT"
100286,"NN"
100287,"NN"
100288,"NN"
100289,"VBZ"
100290,"JJ"
100291,"NN"
100292,","
100293,"''"
100294,"DT"
100295,"NN"
100296,"POS"
100297,"NN"
100298,","
100299,"NNP"
100300,"NNP"
100301,"NNP"
100302,","
100303,"VBD"
100304,"IN"
100305,"DT"
100306,"NN"
100307,"."
100308,"NN"
100309,"NNS"
100310,"RB"
100311,"VBP"
100312,"JJ"
100313,"NN"
100314,"CC"
100315,"NN"
100316,"NNS"
100317,","
100318,"WDT"
100319,"PRP"
100320,"VBP"
100321,"IN"
100322,"NN"
100323,"TO"
100324,"JJ"
100325,"NNS"
100326,"IN"
100327,"JJ"
100328,"NNS"
100329,"."
100330,"NNP"
100331,","
100332,"JJ"
100333,"IN"
100334,"WP"
100335,"VBP"
100336,"JJ"
100337,"NNS"
100338,","
100339,"VB"
100340,"JJ"
100341,"NN"
100342,"NNS"
100343,","
100344,"WDT"
100345,"VBP"
100346,"DT"
100347,"NN"
100348,"NN"
100349,"IN"
100350,"DT"
100351,"NNS"
100352,"."
100353,"NNP"
100354,"NNP"
100355,"VBD"
100356,"DT"
100357,"JJ"
100358,"NN"
100359,"JJ"
100360,"NN"
100361,"IN"
100362,"PRP$"
100363,"NN"
100364,"IN"
100365,"DT"
100366,"CD"
100367,"NN"
100368,"NN"
100369,"IN"
100370,"NNP"
100371,"NNP"
100372,"."
100373,"CC"
100374,"DT"
100375,"JJ"
100376,"NN"
100377,","
100378,"WDT"
100379,"VBZ"
100380,"IN"
100381,"DT"
100382,"JJ"
100383,"NN"
100384,"IN"
100385,"NNP"
100386,"NNP"
100387,"CC"
100388,"NNP"
100389,"NNP"
100390,"NNP"
100391,"IN"
100392,"DT"
100393,"NNP"
100394,","
100395,"VBZ"
100396,"RB"
100397,"CD"
100398,"NNS"
100399,"CC"
100400,"JJ"
100401,"NNS"
100402,"IN"
100403,"NN"
100404,"NN"
100405,"VBN"
100406,"IN"
100407,"IN"
100408,"$"
100409,"CD"
100410,"CD"
100411,"."
100412,"NNP"
100413,"NNP"
100414,","
100415,"VBN"
100416,"IN"
100417,"NNP"
100418,","
100419,"NNP"
100420,","
100421,"VBZ"
100422,"CD"
100423,"JJ"
100424,"NNS"
100425,"."
100426,"DT"
100427,"NN"
100428,"VBD"
100429,"NNS"
100430,"IN"
100431,"JJ"
100432,"NNS"
100433,"IN"
100434,"VBG"
100435,"JJ"
100436,"IN"
100437,"JJ"
100438,"CD"
100439,"."
100440,"IN"
100441,"DT"
100442,"NN"
100443,"VBD"
100444,"NNP"
100445,"CD"
100446,","
100447,"NNP"
100448,"VBD"
100449,"RP"
100450,"NN"
100451,"IN"
100452,"$"
100453,"CD"
100454,"CD"
100455,","
100456,"CC"
100457,"CD"
100458,"NNS"
100459,"DT"
100460,"NN"
100461,","
100462,"IN"
100463,"DT"
100464,"JJ"
100465,"NN"
100466,","
100467,"IN"
100468,"NNS"
100469,"IN"
100470,"$"
100471,"CD"
100472,"CD"
100473,","
100474,"CC"
100475,"NNS"
100476,"VBP"
100477,"PRP$"
100478,"NNS"
100479,"TO"
100480,"VB"
100481,"TO"
100482,"VB"
100483,"."
100484,"``"
100485,"DT"
100486,"NN"
100487,"VBD"
100488,"DT"
100489,"NN"
100490,"RB"
100491,"RB"
100492,"IN"
100493,"NN"
100494,","
100495,"''"
100496,"VBD"
100497,"NNP"
100498,"NNP"
100499,"IN"
100500,"NNP"
100501,"NNP"
100502,","
100503,"WP"
100504,"VBD"
100505,"VBN"
100506,"VBG"
100507,"DT"
100508,"CD"
100509,"NN"
100510,"NN"
100511,"IN"
100512,"NNP"
100513,"POS"
100514,"JJ"
100515,"NN"
100516,"IN"
100517,"NNS"
100518,"DT"
100519,"NN"
100520,"CC"
100521,"DT"
100522,"CD"
100523,"NN"
100524,"NN"
100525,"IN"
100526,"NN"
100527,"."
100528,"``"
100529,"NN"
100530,"NN"
100531,"VBZ"
100532,"RB"
100533,"VBG"
100534,"TO"
100535,"VB"
100536,"RP"
100537,"."
100538,"''"
100539,"CC"
100540,"DT"
100541,"NNS"
100542,"VBP"
100543,"NNP"
100544,"NNP"
100545,"VBZ"
100546,"VBN"
100547,"TO"
100548,"VB"
100549,"RB"
100550,"JJ"
100551,"IN"
100552,"NNP"
100553,"."
100554,"``"
100555,"RB"
100556,"IN"
100557,"PRP"
100558,"VBP"
100559,"IN"
100560,"PRP"
100561,"IN"
100562,"DT"
100563,"NN"
100564,"NN"
100565,","
100566,"PRP"
100567,"VBZ"
100568,"JJ"
100569,","
100570,"''"
100571,"VBD"
100572,"NNP"
100573,"NNP"
100574,"IN"
100575,"NNP"
100576,"NNP"
100577,"NNP"
100578,"."
100579,"``"
100580,"IN"
100581,"PRP$"
100582,"NN"
100583,","
100584,"PRP"
100585,"MD"
100586,"RB"
100587,"VB"
100588,"DT"
100589,"NN"
100590,"IN"
100591,"NN"
100592,"IN"
100593,"PRP"
100594,"VBD"
100595,"VBG"
100596,"DT"
100597,"JJ"
100598,"NN"
100599,"IN"
100600,"DT"
100601,"NN"
100602,"."
100603,"''"
100604,"NNP"
100605,"NNP"
100606,"IN"
100607,"NNP"
100608,"VBD"
100609,"DT"
100610,"JJ"
100611,"JJ"
100612,"NN"
100613,"IN"
100614,"DT"
100615,"NN"
100616,"."
100617,"``"
100618,"IN"
100619,"NNP"
100620,"NNP"
100621,"MD"
100622,"RB"
100623,"VB"
100624,"PRP$"
100625,"NN"
100626,"RB"
100627,"IN"
100628,"NN"
100629,","
100630,"WRB"
100631,"VBZ"
100632,"PRP"
100633,"NN"
100634,"NN"
100635,"VBG"
100636,"IN"
100637,"JJ"
100638,"NN"
100639,"NNS"
100640,"."
100641,"''"
100642,"PRP"
100643,"VBD"
100644,","
100645,"``"
100646,"PRP"
100647,"MD"
100648,"VB"
100649,"NNP"
100650,"NNP"
100651,"POS"
100652,"NN"
100653,"NN"
100654,"NN"
100655,"VBZ"
100656,"TO"
100657,"VB"
100658,"PRP$"
100659,"JJ"
100660,"NN"
100661,"("
100662,"IN"
100663,"NN"
100664,"NNS"
100665,")"
100666,","
100667,"WDT"
100668,"JJR"
100669,"MD"
100670,"VB"
100671,"TO"
100672,"JJ"
100673,"NN"
100674,"NNS"
100675,"."
100676,"IN"
100677,"DT"
100678,"NN"
100679,","
100680,"RB"
100681,"NN"
100682,"MD"
100683,"VB"
100684,"JJ"
100685,"."
100686,"''"
100687,"CC"
100688,"NNP"
100689,"NNP"
100690,"POS"
100691,"NNP"
100692,"NNP"
100693,"VBZ"
100694,"NN"
100695,"IN"
100696,"VBG"
100697,"DT"
100698,"NN"
100699,"IN"
100700,"JJ"
100701,"JJ"
100702,"NNS"
100703,"."
100704,"IN"
100705,"NN"
100706,","
100707,"NNP"
100708,"NNP"
100709,"VBZ"
100710,"VBG"
100711,"JJ"
100712,"NN"
100713,"CC"
100714,"JJ"
100715,"NN"
100716,"NNS"
100717,","
100718,"VBD"
100719,"NNS"
100720,","
100721,"CC"
100722,"JJ"
100723,"NNS"
100724,"VBG"
100725,"IN"
100726,"NN"
100727,"NNS"
100728,"CC"
100729,"VBG"
100730,"NNS"
100731,"."
100732,"PRP"
100733,"RB"
100734,"VBZ"
100735,"NNS"
100736,","
100737,"FW"
100738,"JJ"
100739,"NNP"
100740,"NNPS"
100741,"CC"
100742,"NNPS"
100743,"NNP"
100744,"NN"
100745,"NN"
100746,"NNS"
100747,"."
100748,"IN"
100749,"JJ"
100750,"NN"
100751,"IN"
100752,"DT"
100753,"NNP"
100754,"NNP"
100755,"NNP"
100756,"NNP"
100757,","
100758,"NNP"
100759,"NNP"
100760,"VBD"
100761,"NN"
100762,"IN"
100763,"$"
100764,"CD"
100765,"DT"
100766,"NN"
100767,","
100768,"RB"
100769,"CD"
100770,"NNS"
100771,"."
100772,"NNP"
100773,"VBD"
100774,"$"
100775,"CD"
100776,"TO"
100777,"VB"
100778,"IN"
100779,"$"
100780,"CD"
100781,"DT"
100782,"NN"
100783,"IN"
100784,"JJ"
100785,"JJ"
100786,"NN"
100787,"."
100788,"DT"
100789,"NNP"
100790,"NNP"
100791,"NN"
100792,"VBD"
100793,"DT"
100794,"NN"
100795,"MD"
100796,"VB"
100797,"VBN"
100798,"IN"
100799,"JJ"
100800,"NNS"
100801,"."
100802,"IN"
100803,"NNS"
100804,"IN"
100805,"DT"
100806,"NN"
100807,","
100808,"DT"
100809,"NNP"
100810,"NNP"
100811,"NN"
100812,"MD"
100813,"RB"
100814,"VB"
100815,"DT"
100816,"NN"
100817,"NN"
100818,"IN"
100819,"NN"
100820,"NNS"
100821,"."
100822,"IN"
100823,"DT"
100824,"NNS"
100825,"IN"
100826,"DT"
100827,"NN"
100828,"VBZ"
100829,"DT"
100830,"NN"
100831,"NNS"
100832,"VB"
100833,"DT"
100834,"NN"
100835,"IN"
100836,"DT"
100837,"NN"
100838,"POS"
100839,"NNS"
100840,"JJ"
100841,"."
100842,"DT"
100843,"NNS"
100844,"VBD"
100845,"NNP"
100846,"MD"
100847,"RB"
100848,"VB"
100849,"TO"
100850,"VB"
100851,"IN"
100852,"PRP$"
100853,"JJ"
100854,"NN"
100855,"."
100856,"O"
100857,"NNP"
100858,"NNP"
100859,"NNP"
100860,","
100861,"NN"
100862,"IN"
100863,"JJ"
100864,"NNS"
100865,","
100866,"VBD"
100867,"VBN"
100868,"JJ"
100869,"NN"
100870,"NN"
100871,"IN"
100872,"DT"
100873,"NN"
100874,"IN"
100875,"DT"
100876,"NNS"
100877,"NN"
100878,","
100879,"JJ"
100880,"NNP"
100881,"CD"
100882,"."
100883,"PRP"
100884,"MD"
100885,"VB"
100886,"NNP"
100887,"NNP"
100888,","
100889,"WP"
100890,"MD"
100891,"VB"
100892,"DT"
100893,"NN"
100894,"NN"
100895,"IN"
100896,"DT"
100897,"NN"
100898,"CC"
100899,"VB"
100900,"TO"
100901,"VB"
100902,"JJ"
100903,"NNS"
100904,"IN"
100905,"JJ"
100906,"NN"
100907,"NNS"
100908,","
100909,"DT"
100910,"NN"
100911,"VBD"
100912,"."
100913,"O"
100914,"RB"
100915,"."
100916,"NNS"
100917,"RB"
100918,"VBG"
100919,"PRP$"
100920,"NN"
100921,"NN"
100922,"NNS"
100923,"NN"
100924,"NN"
100925,"VBD"
100926,"JJ"
100927,"TO"
100928,"VB"
100929,"DT"
100930,"NNP"
100931,"NNP"
100932,"NNP"
100933,"NNP"
100934,"NNP"
100935,"CD"
100936,"NNS"
100937,"IN"
100938,"NNS"
100939,"."
100940,"DT"
100941,"NN"
100942,"RB"
100943,"PRP"
100944,"VBD"
100945,"FW"
100946,"NNS"
100947,","
100948,"RB"
100949,"VBN"
100950,"RP"
100951,"RP"
100952,"CD"
100953,"NNS"
100954,","
100955,"CD"
100956,"IN"
100957,"NNP"
100958,"POS"
100959,"NN"
100960,"."
100961,"``"
100962,"PRP"
100963,"VBD"
100964,"JJ"
100965,","
100966,"''"
100967,"VBD"
100968,"NNP"
100969,"NNP"
100970,","
100971,"JJ"
100972,"NN"
100973,"IN"
100974,"NNP"
100975,"NNP"
100976,"NNP"
100977,"."
100978,"``"
100979,"PRP"
100980,"VBD"
100981,"IN"
100982,"VBG"
100983,"IN"
100984,"DT"
100985,"NN"
100986,"IN"
100987,"DT"
100988,"NN"
100989,"IN"
100990,"DT"
100991,"NN"
100992,"."
100993,"''"
100994,"CC"
100995,"DT"
100996,"WP"
100997,"VBD"
100998,"``"
100999,"DT"
101000,"MD"
101001,"RB"
101002,"VB"
101003,"VBG"
101004,"''"
101005,"VBD"
101006,"JJ"
101007,"."
101008,"DT"
101009,"NNS"
101010,"VBD"
101011,"JJ"
101012,"."
101013,"NNP"
101014,"NNP"
101015,"NNP"
101016,","
101017,"DT"
101018,"NNP"
101019,"NN"
101020,","
101021,"VBD"
101022,"DT"
101023,"JJ"
101024,"NN"
101025,"IN"
101026,"``"
101027,"DT"
101028,"NN"
101029,"NN"
101030,"IN"
101031,"PRP$"
101032,"NN"
101033,"''"
101034,"VBN"
101035,"IN"
101036,"DT"
101037,"JJ"
101038,"JJ"
101039,"NN"
101040,":"
101041,"IN"
101042,"CD"
101043,"CD"
101044,"NNS"
101045,"IN"
101046,"DT"
101047,"JJ"
101048,"NN"
101049,"IN"
101050,"NNP"
101051,"NNP"
101052,"NNP"
101053,"NNP"
101054,"NN"
101055,"."
101056,"DT"
101057,"NNS"
101058,"IN"
101059,"DT"
101060,"JJ"
101061,"NNS"
101062,"WDT"
101063,"VBP"
101064,"IN"
101065,"DT"
101066,"NN"
101067,"VBD"
101068,"JJ"
101069,","
101070,"NNP"
101071,"VBD"
101072,","
101073,"CC"
101074,"DT"
101075,"NN"
101076,"VBD"
101077,"JJ"
101078,"."
101079,"RB"
101080,","
101081,"EX"
101082,"VBD"
101083,"DT"
101084,"JJ"
101085,"NN"
101086,"IN"
101087,"NN"
101088,"."
101089,"IN"
101090,"IN"
101091,"CD"
101092,"NN"
101093,"IN"
101094,"DT"
101095,"JJ"
101096,"NN"
101097,"NN"
101098,"IN"
101099,"DT"
101100,"JJ"
101101,"NN"
101102,"NN"
101103,","
101104,"DT"
101105,"JJ"
101106,"NN"
101107,"WP"
101108,"VBZ"
101109,"CC"
101110,"VBZ"
101111,"DT"
101112,"IN"
101113,"DT"
101114,"RBS"
101115,"JJ"
101116,"NNS"
101117,"VBD"
101118,"IN"
101119,"DT"
101120,"JJ"
101121,"NN"
101122,"CC"
101123,"VBD"
101124,","
101125,"``"
101126,"WP"
101127,"POS"
101128,"VBG"
101129,"IN"
101130,"."
101131,"VBZ"
101132,"DT"
101133,"NN"
101134,"RB"
101135,"CC"
101136,"RB"
101137,"."
101138,"''"
101139,"IN"
101140,"DT"
101141,"NN"
101142,","
101143,"NNP"
101144,"VBD"
101145,"NN"
101146,"IN"
101147,"DT"
101148,"JJ"
101149,"NN"
101150,"VBD"
101151,"RB"
101152,"CD"
101153,"NNS"
101154,"."
101155,"IN"
101156,"NN"
101157,","
101158,"PRP"
101159,"VBD"
101160,"IN"
101161,"CD"
101162,"."
101163,"NNP"
101164,"NNP"
101165,","
101166,"DT"
101167,"NN"
101168,"NN"
101169,"WP"
101170,"VBZ"
101171,"DT"
101172,"NN"
101173,"NN"
101174,"IN"
101175,"NNP"
101176,"NNP"
101177,"NNP"
101178,"NNP"
101179,","
101180,"VBD"
101181,"IN"
101182,"IN"
101183,"PRP"
101184,"VBD"
101185,"IN"
101186,"DT"
101187,"NN"
101188,"NNS"
101189,"VBD"
101190,"JJ"
101191,","
101192,"PRP"
101193,"VBD"
101194,"NNS"
101195,"TO"
101196,"VB"
101197,"PRP"
101198,"."
101199,"``"
101200,"PRP"
101201,"VBZ"
101202,"VBN"
101203,"RB"
101204,"IN"
101205,"JJ"
101206,","
101207,"TO"
101208,"VB"
101209,"DT"
101210,"JJS"
101211,","
101212,"''"
101213,"PRP"
101214,"VBD"
101215,"."
101216,"TO"
101217,"VB"
101218,"NNS"
101219,"RB"
101220,","
101221,"WRB"
101222,"NNP"
101223,"NNP"
101224,"NN"
101225,"RB"
101226,"VBN"
101227,"IN"
101228,"DT"
101229,"NNP"
101230,"NNP"
101231,"NNP"
101232,"NNP"
101233,"IN"
101234,"NNP"
101235,"NN"
101236,","
101237,"DT"
101238,"NN"
101239,"VBD"
101240,"VBN"
101241,"IN"
101242,"$"
101243,"CD"
101244,"DT"
101245,"NN"
101246,","
101247,"RB"
101248,"IN"
101249,"$"
101250,"CD"
101251,"IN"
101252,"NNP"
101253,":"
101254,"IN"
101255,"NN"
101256,","
101257,"PRP$"
101258,"JJ"
101259,"NN"
101260,"VBD"
101261,"$"
101262,"CD"
101263,","
101264,"RB"
101265,"$"
101266,"CD"
101267,"."
101268,"DT"
101269,"VBD"
101270,"DT"
101271,"NNP"
101272,"NNP"
101273,"NNP"
101274,"NNP"
101275,"POS"
101276,"NN"
101277,"."
101278,"DT"
101279,"NN"
101280,"VBD"
101281,"DT"
101282,"``"
101283,"JJ"
101284,"NN"
101285,"''"
101286,"CC"
101287,"VBD"
101288,"TO"
101289,"VB"
101290,"."
101291,"CC"
101292,"EX"
101293,"VBD"
101294,"JJ"
101295,"NNS"
101296,"."
101297,"WRB"
101298,"DT"
101299,"NN"
101300,"VBD"
101301,"IN"
101302,"CD"
101303,"NN"
101304,"NN"
101305,","
101306,"DT"
101307,"NN"
101308,"IN"
101309,"DT"
101310,"NNP"
101311,"NNP"
101312,"VBD"
101313,"DT"
101314,"JJ"
101315,"NN"
101316,"POS"
101317,"NN"
101318,"IN"
101319,"DT"
101320,"CD"
101321,"NN"
101322,"NN"
101323,"WRB"
101324,"PRP"
101325,"RB"
101326,"VBD"
101327,"IN"
101328,"CD"
101329,"NN"
101330,"."
101331,"``"
101332,"PRP"
101333,"VBD"
101334,"DT"
101335,"NN"
101336,"IN"
101337,"JJ"
101338,"NN"
101339,","
101340,"WDT"
101341,"PRP"
101342,"VBD"
101343,"RB"
101344,"RB"
101345,"CC"
101346,"VBN"
101347,","
101348,"''"
101349,"DT"
101350,"NN"
101351,"IN"
101352,"NN"
101353,"IN"
101354,"NNP"
101355,"NNP"
101356,"VBD"
101357,"."
101358,"RB"
101359,","
101360,"DT"
101361,"NN"
101362,"NNS"
101363,"IN"
101364,"JJ"
101365,"JJ"
101366,"NNS"
101367,"IN"
101368,"NNP"
101369,"VBD"
101370,"PRP"
101371,"VBD"
101372,"NNS"
101373,"IN"
101374,"DT"
101375,"NN"
101376,"CC"
101377,"VBD"
101378,"TO"
101379,"VB"
101380,"PRP"
101381,"RB"
101382,"RB"
101383,"IN"
101384,"JJR"
101385,"NNS"
101386,"."
101387,"CC"
101388,"PRP"
101389,"VBD"
101390,"DT"
101391,"NN"
101392,"NNS"
101393,"WDT"
101394,"VBD"
101395,"JJ"
101396,"NNS"
101397,"."
101398,"NNP"
101399,"NNP"
101400,"POS"
101401,"NNP"
101402,"NNP"
101403,"VBD"
101404,"IN"
101405,"JJ"
101406,"NN"
101407,"IN"
101408,"PRP"
101409,"VBD"
101410,"RB"
101411,"VBG"
101412,"NNS"
101413,"CC"
101414,"JJ"
101415,"NNS"
101416,"IN"
101417,"NN"
101418,"TO"
101419,"NN"
101420,","
101421,"CC"
101422,"PRP"
101423,"VBD"
101424,"NN"
101425,"NNS"
101426,"VBD"
101427,"TO"
101428,"VB"
101429,"DT"
101430,"NNS"
101431,"PRP"
101432,"VBD"
101433,"IN"
101434,"DT"
101435,"NN"
101436,"."
101437,"PRP"
101438,"VBD"
101439,"DT"
101440,"JJ"
101441,"NN"
101442,"IN"
101443,"JJR"
101444,"IN"
101445,"DT"
101446,"NN"
101447,"IN"
101448,"NNP"
101449,"VBZ"
101450,"VBN"
101451,"NNS"
101452,"VBG"
101453,"DT"
101454,"JJ"
101455,"NN"
101456,"."
101457,"IN"
101458,"DT"
101459,"NN"
101460,"IN"
101461,"NN"
101462,"JJ"
101463,"NNP"
101464,","
101465,"DT"
101466,"NN"
101467,"VBD"
101468,"TO"
101469,"VB"
101470,"JJR"
101471,"IN"
101472,"CD"
101473,"NNS"
101474,"."
101475,"RB"
101476,","
101477,"PRP"
101478,"VBD"
101479,"RB"
101480,"RB"
101481,"DT"
101482,"JJ"
101483,"NNS"
101484,"IN"
101485,"DT"
101486,"NN"
101487,"."
101488,"NNP"
101489,"VBD"
101490,"DT"
101491,"NN"
101492,","
101493,"WDT"
101494,"VBD"
101495,"CD"
101496,"NNS"
101497,","
101498,"VBN"
101499,"IN"
101500,"DT"
101501,"NN"
101502,"TO"
101503,"VB"
101504,"IN"
101505,"DT"
101506,"JJ"
101507,"NN"
101508,"NN"
101509,"IN"
101510,"NNP"
101511,"NNP"
101512,"NNP"
101513,"."
101514,"DT"
101515,"NNP"
101516,"NN"
101517,"VBD"
101518,"JJ"
101519,"NN"
101520,"NNS"
101521,"MD"
101522,"VB"
101523,"VBN"
101524,"TO"
101525,"NN"
101526,"POS"
101527,"NNS"
101528,"."
101529,"PRP"
101530,"VBD"
101531,"NNP"
101532,"VBD"
101533,"TO"
101534,"DT"
101535,"JJ"
101536,"NN"
101537,"IN"
101538,"DT"
101539,"NNS"
101540,"VBD"
101541,"VBN"
101542,"."
101543,"``"
101544,"NN"
101545,"IN"
101546,"DT"
101547,"NN"
101548,","
101549,"''"
101550,"PRP"
101551,"VBD"
101552,"."
101553,"``"
101554,"DT"
101555,"NNS"
101556,"IN"
101557,"DT"
101558,"NN"
101559,"VBD"
101560,"VBG"
101561,"PRP"
101562,"."
101563,"O"
101564,"NNP"
101565,"NNP"
101566,"NNP"
101567,"VBD"
101568,"VBN"
101569,"DT"
101570,"JJ"
101571,"NN"
101572,"NN"
101573,"IN"
101574,"DT"
101575,"NNS"
101576,"NN"
101577,"NN"
101578,"."
101579,"PRP"
101580,"VBZ"
101581,"PRP$"
101582,"JJ"
101583,"NNS"
101584,"IN"
101585,"JJ"
101586,"JJ"
101587,"NN"
101588,"IN"
101589,"NNP"
101590,"NNP"
101591,"CC"
101592,"NN"
101593,"IN"
101594,"NNP"
101595,"NNP"
101596,"."
101597,"O"
101598,"NNP"
101599,"NN"
101600,"NNP"
101601,"NNP"
101602,","
101603,"VBG"
101604,"DT"
101605,"NN"
101606,"IN"
101607,"DT"
101608,"NN"
101609,"NN"
101610,","
101611,"VBZ"
101612,"PRP"
101613,"VBZ"
101614,"VBN"
101615,"DT"
101616,"NN"
101617,"WDT"
101618,"MD"
101619,"VB"
101620,"DT"
101621,"NN"
101622,"IN"
101623,"PRP$"
101624,"NN"
101625,"."
101626,"RB"
101627,"."
101628,"PRP"
101629,"VBZ"
101630,"IN"
101631,"NNP"
101632,"NNP"
101633,"POS"
101634,"NN"
101635,","
101636,"NNP"
101637,"NNP"
101638,"IN"
101639,"NNP"
101640,","
101641,"VBD"
101642,"RB"
101643,"IN"
101644,"DT"
101645,"NN"
101646,"NN"
101647,"NN"
101648,"NNP"
101649,"NNP"
101650,"VBD"
101651,"IN"
101652,"DT"
101653,"JJ"
101654,"NNS"
101655,"."
101656,"IN"
101657,"PRP"
101658,"VBZ"
101659,"VBN"
101660,"TO"
101661,"VB"
101662,"JJ"
101663,"NNS"
101664,"IN"
101665,"NNP"
101666,"NNP"
101667,"POS"
101668,"NN"
101669,"IN"
101670,"NN"
101671,"IN"
101672,"DT"
101673,"NN"
101674,"TO"
101675,"VB"
101676,"DT"
101677,"NN"
101678,"."
101679,"NNP"
101680,"NNP"
101681,"POS"
101682,"NN"
101683,"RB"
101684,"VBZ"
101685,"TO"
101686,"NNP"
101687,"NNP"
101688,"NNP"
101689,"."
101690,"RB"
101691,"VBZ"
101692,"NNP"
101693,"NNP"
101694,"CC"
101695,"PRP$"
101696,"NN"
101697,"NN"
101698,","
101699,"NNP"
101700,"NNP"
101701,"."
101702,"DT"
101703,"JJ"
101704,"NN"
101705,"VBZ"
101706,"RB"
101707,"IN"
101708,"NNP"
101709,"NNP"
101710,"POS"
101711,"NN"
101712,"IN"
101713,"NNP"
101714,"NNP"
101715,"NNP"
101716,","
101717,"NN"
101718,"IN"
101719,"JJ"
101720,"NNS"
101721,"IN"
101722,"DT"
101723,"JJ"
101724,"NN"
101725,"NN"
101726,"VBN"
101727,"IN"
101728,"NNP"
101729,"NNP"
101730,","
101731,"DT"
101732,"NN"
101733,"IN"
101734,"DT"
101735,"NN"
101736,"NN"
101737,"VBN"
101738,"IN"
101739,"NNP"
101740,"CD"
101741,"IN"
101742,"VBG"
101743,"IN"
101744,"DT"
101745,"JJ"
101746,"NNP"
101747,"NN"
101748,"NN"
101749,"."
101750,"JJ"
101751,"NN"
101752,","
101753,"NNP"
101754,"NNP"
101755,"VBZ"
101756,","
101757,"NNP"
101758,"NNP"
101759,"POS"
101760,"NN"
101761,"VBD"
101762,"DT"
101763,"NN"
101764,"MD"
101765,"VB"
101766,"$"
101767,"CD"
101768,"IN"
101769,"NN"
101770,"IN"
101771,"DT"
101772,"JJ"
101773,"NN"
101774,"."
101775,"CC"
101776,"NNP"
101777,"NNP"
101778,"VBD"
101779,"DT"
101780,"NN"
101781,"IN"
101782,"DT"
101783,"JJ"
101784,"NN"
101785,","
101786,"VBG"
101787,"DT"
101788,"NN"
101789,"POS"
101790,"NN"
101791,"."
101792,"``"
101793,"PRP"
101794,"RB"
101795,"VBD"
101796,"TO"
101797,"PRP"
101798,","
101799,"''"
101800,"NNP"
101801,"NNP"
101802,"VBZ"
101803,","
101804,"VBG"
101805,"IN"
101806,"``"
101807,"PRP"
101808,"VBZ"
101809,"RB"
101810,"JJ"
101811,"TO"
101812,"VB"
101813,"DT"
101814,"JJ"
101815,"NNS"
101816,"."
101817,"''"
101818,"WRB"
101819,"NNP"
101820,"NNP"
101821,"CC"
101822,"PRP$"
101823,"NN"
101824,"VBD"
101825,"IN"
101826,"WP"
101827,"VBD"
101828,"VBN"
101829,","
101830,"NNP"
101831,"NN"
101832,"VBZ"
101833,","
101834,"PRP"
101835,"VBD"
101836,"IN"
101837,"PRP"
101838,"MD"
101839,"VB"
101840,"TO"
101841,"VB"
101842,"NNP"
101843,"NNP"
101844,"DT"
101845,"JJ"
101846,"NN"
101847,"."
101848,"NNP"
101849,"NNP"
101850,"VBZ"
101851,"PRP"
101852,"VBD"
101853,"WDT"
101854,"RP"
101855,"TO"
101856,"PRP$"
101857,"NN"
101858,","
101859,"CC"
101860,"RB"
101861,"PRP"
101862,"VBD"
101863,"VBG"
101864,"IN"
101865,"DT"
101866,"NN"
101867,"NNS"
101868,"IN"
101869,"WDT"
101870,"NNP"
101871,"MD"
101872,"VB"
101873,"PRP$"
101874,"NN"
101875,"CC"
101876,"DT"
101877,"NNS"
101878,"MD"
101879,"VB"
101880,"DT"
101881,"NN"
101882,"IN"
101883,"NNP"
101884,"NNP"
101885,"."
101886,"IN"
101887,"NN"
101888,"CC"
101889,"NN"
101890,"VBP"
101891,"RB"
101892,"TO"
101893,"VB"
101894,"VBN"
101895,","
101896,"DT"
101897,"NNS"
101898,"VBP"
101899,"IN"
101900,"NN"
101901,"."
101902,"NNP"
101903,"NNP"
101904,"VBZ"
101905,"PRP"
101906,"VBD"
101907,"TO"
101908,"VB"
101909,"NNP"
101910,"NNP"
101911,"IN"
101912,"DT"
101913,"NN"
101914,"."
101915,"NNP"
101916,"NNP"
101917,"CC"
101918,"PRP$"
101919,"NN"
101920,"VBD"
101921,"PRP"
101922,"VBP"
101923,"TO"
101924,"``"
101925,"VB"
101926,"PRP"
101927,"VBZ"
101928,"IN"
101929,"IN"
101930,","
101931,"''"
101932,"PRP"
101933,"VBZ"
101934,"."
101935,"NNP"
101936,"NNP"
101937,","
101938,"IN"
101939,"PRP$"
101940,"NN"
101941,","
101942,"VBD"
101943,"IN"
101944,"DT"
101945,"NNS"
101946,"MD"
101947,"RB"
101948,"VB"
101949,"PRP$"
101950,"JJ"
101951,"NNS"
101952,"TO"
101953,"NN"
101954,"RB"
101955,","
101956,"MD"
101957,"RB"
101958,"VB"
101959,"DT"
101960,"JJ"
101961,"NN"
101962,"CC"
101963,"MD"
101964,"RB"
101965,"VB"
101966,"DT"
101967,"JJ"
101968,"NN"
101969,"."
101970,"NNP"
101971,"NNP"
101972,"VBZ"
101973,"PRP"
101974,"VBZ"
101975,"DT"
101976,"NN"
101977,","
101978,"WDT"
101979,"VBZ"
101980,"RB"
101981,"VBN"
101982,"VBN"
101983,"TO"
101984,"DT"
101985,"NN"
101986,","
101987,"IN"
101988,"NN"
101989,"IN"
101990,"DT"
101991,"NN"
101992,"."
101993,"RB"
101994,","
101995,"PRP"
101996,"VBZ"
101997,"PRP"
101998,"``"
101999,"VB"
102000,"DT"
102001,"NN"
102002,"IN"
102003,"VBG"
102004,"DT"
102005,"NN"
102006,"IN"
102007,"PRP"
102008,"IN"
102009,"PRP"
102010,"RB"
102011,"VBP"
102012,"TO"
102013,"."
102014,"''"
102015,"NNP"
102016,"NNP"
102017,"VBZ"
102018,"PRP$"
102019,"NN"
102020,"VBZ"
102021,"``"
102022,"JJ"
102023,"JJ"
102024,"."
102025,"''"
102026,"IN"
102027,"PRP"
102028,"VBP"
102029,"RB"
102030,"VB"
102031,"VBG"
102032,"DT"
102033,"JJ"
102034,"NNS"
102035,","
102036,"PRP"
102037,"VBZ"
102038,"IN"
102039,"NNP"
102040,"NNP"
102041,"MD"
102042,"VB"
102043,"VBN"
102044,"TO"
102045,"VB"
102046,"DT"
102047,"NN"
102048,"IN"
102049,"NN"
102050,","
102051,"RB"
102052,"IN"
102053,"NN"
102054,"."
102055,"O"
102056,"IN"
102057,"CD"
102058,"NNS"
102059,"IN"
102060,"NN"
102061,","
102062,"PRP"
102063,"VBD"
102064,"NN"
102065,"IN"
102066,"DT"
102067,"JJ"
102068,"NNS"
102069,"NNS"
102070,"NN"
102071,"."
102072,"IN"
102073,"JJ"
102074,"NNS"
102075,"VBD"
102076,","
102077,"NN"
102078,"NN"
102079,"IN"
102080,"DT"
102081,"NNP"
102082,"NNP"
102083,"NNP"
102084,"POS"
102085,"JJ"
102086,"NNP"
102087,"CC"
102088,"NNP"
102089,"POS"
102090,"CD"
102091,"NN"
102092,"NNS"
102093,"NN"
102094,"VBD"
102095,","
102096,"VBG"
102097,"JJ"
102098,"NNS"
102099,"IN"
102100,"DT"
102101,"JJ"
102102,"NN"
102103,"IN"
102104,"NNP"
102105,"CD"
102106,"."
102107,"DT"
102108,"JJ"
102109,"NN"
102110,"IN"
102111,"NN"
102112,"VBD"
102113,"JJ"
102114,"NNS"
102115,"TO"
102116,"VB"
102117,"JJ"
102118,"NNS"
102119,"IN"
102120,"DT"
102121,"NN"
102122,"IN"
102123,"NNS"
102124,"IN"
102125,"NNS"
102126,"VBD"
102127,","
102128,"NNS"
102129,"VBD"
102130,"."
102131,"``"
102132,"NNP"
102133,"VBD"
102134,"VBG"
102135,"NN"
102136,"IN"
102137,"EX"
102138,"NN"
102139,","
102140,"''"
102141,"VBD"
102142,"NNP"
102143,"NNP"
102144,","
102145,"DT"
102146,"NNS"
102147,"NN"
102148,"IN"
102149,"NNP"
102150,"NNP"
102151,"NNP"
102152,"IN"
102153,"NNP"
102154,"."
102155,"DT"
102156,"NNP"
102157,"CD"
102158,"NNS"
102159,"NN"
102160,","
102161,"WDT"
102162,"VBZ"
102163,"IN"
102164,"NNS"
102165,"IN"
102166,"DT"
102167,"NN"
102168,"NN"
102169,"IN"
102170,"JJ"
102171,"NNS"
102172,","
102173,"VBD"
102174,"CD"
102175,"TO"
102176,"CD"
102177,"NNS"
102178,"IN"
102179,"NNS"
102180,"JJ"
102181,"NN"
102182,"IN"
102183,"DT"
102184,"JJ"
102185,"NN"
102186,","
102187,"RB"
102188,"VBD"
102189,"RB"
102190,"RBR"
102191,"DT"
102192,"NN"
102193,"IN"
102194,"DT"
102195,"NN"
102196,"."
102197,"DT"
102198,"NN"
102199,"NN"
102200,"VBZ"
102201,"DT"
102202,"$"
102203,"CD"
102204,"NN"
102205,"IN"
102206,"DT"
102207,"NNP"
102208,"CD"
102209,"NN"
102210,"VBD"
102211,"."
102212,"IN"
102213,"DT"
102214,"JJ"
102215,"NN"
102216,"IN"
102217,"DT"
102218,"CD"
102219,"NN"
102220,","
102221,"NNS"
102222,"VBD"
102223,"IN"
102224,"PRP"
102225,"VBD"
102226,"JJ"
102227,"TO"
102228,"VB"
102229,"JJ"
102230,"CD"
102231,"NN"
102232,"CD"
102233,"NNS"
102234,"IN"
102235,"DT"
102236,"NN"
102237,"IN"
102238,"DT"
102239,"RB"
102240,"JJ"
102241,"NN"
102242,"."
102243,"JJ"
102244,"NNS"
102245,"CC"
102246,"JJ"
102247,"NNS"
102248,"VBP"
102249,"VBN"
102250,"RB"
102251,"IN"
102252,"JJ"
102253,"NNS"
102254,","
102255,"VBG"
102256,"PRP"
102257,"IN"
102258,"VBG"
102259,"DT"
102260,"NN"
102261,"NN"
102262,"NN"
102263,"IN"
102264,"NNP"
102265,"NNP"
102266,"CD"
102267,"NNS"
102268,"RB"
102269,"."
102270,"IN"
102271,"DT"
102272,"NN"
102273,","
102274,"JJ"
102275,"NNS"
102276,"NNS"
102277,"VBP"
102278,"RB"
102279,"VBN"
102280,"JJ"
102281,"NNS"
102282,"IN"
102283,"NN"
102284,"IN"
102285,"DT"
102286,"NNP"
102287,"CD"
102288,"NN"
102289,","
102290,"IN"
102291,"JJ"
102292,"IN"
102293,"PRP$"
102294,"NN"
102295,"NN"
102296,"NN"
102297,"VBG"
102298,","
102299,"MD"
102300,"VB"
102301,"RP"
102302,"IN"
102303,"NNS"
102304,"VBN"
102305,"IN"
102306,"PRP"
102307,"."
102308,"JJR"
102309,"IN"
102310,"CD"
102311,"NNS"
102312,"VBD"
102313,"DT"
102314,"NNP"
102315,"CD"
102316,"NNS"
102317,"NN"
102318,"TO"
102319,"VBP"
102320,"DT"
102321,"VBG"
102322,"NN"
102323,"."
102324,"NNS"
102325,"VBD"
102326,"NN"
102327,"NNS"
102328,"CC"
102329,"VBZ"
102330,"DT"
102331,"JJ"
102332,"CD"
102333,"NNS"
102334,"IN"
102335,"DT"
102336,"NN"
102337,"IN"
102338,"NN"
102339,"IN"
102340,"CD"
102341,"VBP"
102342,"DT"
102343,"NN"
102344,"VBD"
102345,"CD"
102346,"NNS"
102347,"IN"
102348,"DT"
102349,"NN"
102350,"TO"
102351,"CD"
102352,","
102353,"DT"
102354,"JJ"
102355,"NN"
102356,"NN"
102357,"VBN"
102358,"IN"
102359,"NNS"
102360,"VBN"
102361,"IN"
102362,"DT"
102363,"NNP"
102364,"TO"
102365,"VB"
102366,"DT"
102367,"NN"
102368,"NN"
102369,"."
102370,"CC"
102371,"JJ"
102372,"NNS"
102373,"RB"
102374,"VBD"
102375,"RP"
102376,"CC"
102377,"NN"
102378,"IN"
102379,"NNS"
102380,","
102381,"VBG"
102382,"NNS"
102383,"RB"
102384,"JJR"
102385,"."
102386,"DT"
102387,"NN"
102388,"VBD"
102389,"IN"
102390,"NNP"
102391,"POS"
102392,"JJ"
102393,"NN"
102394,"IN"
102395,"CD"
102396,"IN"
102397,"IN"
102398,"DT"
102399,"NN"
102400,"NN"
102401,","
102402,"VBG"
102403,"JJ"
102404,"NN"
102405,"NNS"
102406,"JJR"
102407,"CC"
102408,"JJR"
102409,"IN"
102410,"NNS"
102411,","
102412,"RB"
102413,"VBD"
102414,"JJR"
102415,"CC"
102416,"VBD"
102417,"RB"
102418,"VB"
102419,"RB"
102420,"."
102421,"DT"
102422,"NNP"
102423,"CD"
102424,"NN"
102425,"WDT"
102426,"VBZ"
102427,"IN"
102428,"NNP"
102429,"VBD"
102430,"IN"
102431,"DT"
102432,"JJ"
102433,"CD"
102434,"NNS"
102435,"IN"
102436,"NN"
102437,"IN"
102438,"RB"
102439,"CD"
102440,"NNS"
102441,"."
102442,"``"
102443,"NNS"
102444,"CD"
102445,"NNS"
102446,"IN"
102447,"DT"
102448,"JJ"
102449,"VBD"
102450,"VBG"
102451,"NNS"
102452,"CC"
102453,"NNS"
102454,"WDT"
102455,"VBD"
102456,"DT"
102457,"JJ"
102458,"NN"
102459,"RB"
102460,","
102461,"''"
102462,"VBD"
102463,"NNP"
102464,"NNP"
102465,"CD"
102466,"NN"
102467,"."
102468,"``"
102469,"PRP"
102470,"MD"
102471,"VB"
102472,"IN"
102473,"DT"
102474,"NN"
102475,"CC"
102476,"NN"
102477,"IN"
102478,"DT"
102479,"NN"
102480,"CC"
102481,"VB"
102482,"DT"
102483,"NN"
102484,","
102485,"''"
102486,"PRP"
102487,"VBD"
102488,"."
102489,"JJ"
102490,"IN"
102491,"NNP"
102492,"NNP"
102493,"POS"
102494,"JJS"
102495,"NNS"
102496,"NNS"
102497,","
102498,"VBG"
102499,"NNP"
102500,"NNP"
102501,"NNP"
102502,"CC"
102503,"NNP"
102504,"NNP"
102505,","
102506,"VBD"
102507,"RB"
102508,"JJ"
102509,"NNS"
102510,","
102511,"NNS"
102512,"VBD"
102513,"."
102514,"NNP"
102515,"NNP"
102516,"VBD"
102517,"IN"
102518,"DT"
102519,"JJS"
102520,"NNS"
102521,"IN"
102522,"JJ"
102523,"NNS"
102524,"JJ"
102525,"NN"
102526,","
102527,"NNS"
102528,"VBD"
102529,"."
102530,"JJ"
102531,"NNS"
102532,"IN"
102533,"DT"
102534,"NN"
102535,"VBP"
102536,"RB"
102537,"VB"
102538,"IN"
102539,"PRP$"
102540,"NN"
102541,"NN"
102542,"."
102543,"IN"
102544,"DT"
102545,"NN"
102546,"NN"
102547,"NNP"
102548,"NNP"
102549,"CD"
102550,"NNS"
102551,"RB"
102552,","
102553,"JJ"
102554,"NNS"
102555,"IN"
102556,"DT"
102557,"NNP"
102558,"CD"
102559,"NN"
102560,"VBD"
102561,"RB"
102562,"VBG"
102563,"RB"
102564,"JJ"
102565,"IN"
102566,"PRP$"
102567,"JJ"
102568,"NNS"
102569,"."
102570,"``"
102571,"IN"
102572,"DT"
102573,"NNP"
102574,"IN"
102575,"RB"
102576,","
102577,"JJ"
102578,"NNS"
102579,"VBP"
102580,"DT"
102581,"NN"
102582,"IN"
102583,"DT"
102584,"NN"
102585,","
102586,"''"
102587,"VBD"
102588,"CD"
102589,"NN"
102590,","
102591,"VBG"
102592,"TO"
102593,"DT"
102594,"JJ"
102595,"NN"
102596,"IN"
102597,"NNS"
102598,"VBG"
102599,"IN"
102600,"RB"
102601,"RB"
102602,"VBZ"
102603,"VBN"
102604,"IN"
102605,"CD"
102606,"NNS"
102607,"VBN"
102608,"IN"
102609,"NNS"
102610,"IN"
102611,"DT"
102612,"NNP"
102613,"CC"
102614,"DT"
102615,"NNP"
102616,"NNP"
102617,"IN"
102618,"NNP"
102619,"."
102620,"O"
102621,"DT"
102622,"NN"
102623,"IN"
102624,"$"
102625,"CD"
102626,"CD"
102627,"IN"
102628,"JJ"
102629,"NN"
102630,"NNS"
102631,"VBD"
102632,"DT"
102633,"IN"
102634,"PRP$"
102635,"NN"
102636,"IN"
102637,"DT"
102638,"NNP"
102639,"NNP"
102640,"NNP"
102641,"NNP"
102642,"VBD"
102643,"IN"
102644,"NNP"
102645,"POS"
102646,"NN"
102647,"."
102648,"CC"
102649,"DT"
102650,"NN"
102651,"NN"
102652,","
102653,"VBN"
102654,"IN"
102655,"DT"
102656,"JJ"
102657,"NNP"
102658,"NNP"
102659,"NNS"
102660,","
102661,"VBD"
102662,"JJ"
102663,"."
102664,"DT"
102665,"NN"
102666,"VBD"
102667,"IN"
102668,"DT"
102669,"JJ"
102670,"NN"
102671,"IN"
102672,"NN"
102673,"NNS"
102674,","
102675,"NNS"
102676,"NN"
102677,"NNS"
102678,"VBD"
102679,"."
102680,"NNP"
102681,"NNP"
102682,","
102683,"NN"
102684,"IN"
102685,"RB"
102686,"DT"
102687,"NN"
102688,"NN"
102689,"TO"
102690,"DT"
102691,"NN"
102692,"IN"
102693,"JJ"
102694,"NNS"
102695,"VBD"
102696,"CC"
102697,"NN"
102698,"NNS"
102699,"VBD"
102700,"JJ"
102701,"TO"
102702,"VB"
102703,"NN"
102704,"CC"
102705,"NN"
102706,"NNS"
102707,"IN"
102708,"JJS"
102709,"NNS"
102710,"."
102711,"``"
102712,"NN"
102713,"VBN"
102714,"IN"
102715,"NNP"
102716,","
102717,"CC"
102718,"NNS"
102719,"VBD"
102720,"RB"
102721,"RB"
102722,"JJ"
102723,"WRB"
102724,"DT"
102725,"NN"
102726,"MD"
102727,"VB"
102728,"VBN"
102729,"''"
102730,"NN"
102731,","
102732,"VBD"
102733,"NNP"
102734,"NNP"
102735,","
102736,"NN"
102737,"IN"
102738,"NN"
102739,"NN"
102740,"IN"
102741,"NNP"
102742,"NNP"
102743,"CC"
102744,"NNP"
102745,"."
102746,"``"
102747,"CC"
102748,"PRP"
102749,"VBD"
102750,"DT"
102751,"RB"
102752,"JJ"
102753,"NN"
102754,"NN"
102755,"."
102756,"''"
102757,"IN"
102758,"NNP"
102759,"NNP"
102760,"NNP"
102761,"NNP"
102762,","
102763,"DT"
102764,"JJ"
102765,"NN"
102766,"IN"
102767,"NN"
102768,"NNS"
102769,","
102770,"``"
102771,"PRP"
102772,"VBD"
102773,"VBN"
102774,"TO"
102775,"VB"
102776,"IN"
102777,"DT"
102778,"JJ"
102779,"JJ"
102780,"NN"
102781,"NN"
102782,","
102783,"''"
102784,"VBD"
102785,"NNP"
102786,"NNP"
102787,","
102788,"DT"
102789,"NN"
102790,"NN"
102791,"NN"
102792,"."
102793,"``"
102794,"RB"
102795,","
102796,"PRP"
102797,"VBP"
102798,"RB"
102799,"EX"
102800,"VBZ"
102801,"DT"
102802,"JJ"
102803,"NN"
102804,"IN"
102805,"NN"
102806,"."
102807,"''"
102808,"CC"
102809,"IN"
102810,"DT"
102811,"NN"
102812,"NN"
102813,"VBD"
102814,"IN"
102815,"DT"
102816,"JJ"
102817,"JJ"
102818,"NN"
102819,"NN"
102820,","
102821,"PRP"
102822,"VBD"
102823,","
102824,"``"
102825,"PRP"
102826,"MD"
102827,"RB"
102828,"VB"
102829,"("
102830,"NN"
102831,"NNS"
102832,")"
102833,"CC"
102834,"PRP"
102835,"MD"
102836,"RB"
102837,"VB"
102838,"PRP"
102839,"RP"
102840,"."
102841,"''"
102842,"NNP"
102843,"POS"
102844,"NN"
102845,"VBD"
102846,"VBN"
102847,"IN"
102848,"NNP"
102849,"NNP"
102850,"CD"
102851,"CD"
102852,"NN"
102853,"NNS"
102854,","
102855,"WDT"
102856,"RB"
102857,"VBD"
102858,"CD"
102859,"NNS"
102860,","
102861,"CC"
102862,"$"
102863,"CD"
102864,"IN"
102865,"DT"
102866,"$"
102867,"CD"
102868,"NN"
102869,"NN"
102870,","
102871,"TO"
102872,"CD"
102873,"CD"
102874,"IN"
102875,"NN"
102876,"TO"
102877,"CD"
102878,"CD"
102879,"."
102880,"NNS"
102881,"VBN"
102882,"IN"
102883,"NNP"
102884,","
102885,"NNP"
102886,","
102887,"NN"
102888,"CC"
102889,"JJ"
102890,"NNP"
102891,"RB"
102892,"VBD"
102893,"JJ"
102894,"NNS"
102895,","
102896,"VBG"
102897,"RB"
102898,"PDT"
102899,"PRP$"
102900,"NNS"
102901,"IN"
102902,"NNP"
102903,"CC"
102904,"JJ"
102905,"NN"
102906,"."
102907,"CC"
102908,"NNS"
102909,"VBD"
102910,"DT"
102911,"NN"
102912,"NN"
102913,"NN"
102914,"RB"
102915,"VBZ"
102916,"NN"
102917,"IN"
102918,"DT"
102919,"NN"
102920,"NN"
102921,","
102922,"IN"
102923,"WDT"
102924,"NNS"
102925,"MD"
102926,"VB"
102927,"VBN"
102928,"RB"
102929,","
102930,"CC"
102931,"DT"
102932,"JJR"
102933,"NN"
102934,"IN"
102935,"NN"
102936,"NNS"
102937,"IN"
102938,"WDT"
102939,"NN"
102940,":"
102941,"CC"
102942,"DT"
102943,"NN"
102944,"TO"
102945,"VB"
102946,"IN"
102947,"RB"
102948,"JJ"
102949,"NN"
102950,":"
102951,"VBZ"
102952,"RB"
102953,"VBN"
102954,"DT"
102955,"NN"
102956,"."
102957,"``"
102958,"NN"
102959,"VBZ"
102960,"RB"
102961,"VBN"
102962,"TO"
102963,"DT"
102964,"JJ"
102965,"NN"
102966,"NN"
102967,"IN"
102968,"DT"
102969,"NN"
102970,","
102971,"''"
102972,"VBD"
102973,"NNP"
102974,"NNP"
102975,"IN"
102976,"NNP"
102977,"."
102978,"``"
102979,"DT"
102980,"NNS"
102981,"VBP"
102982,"RB"
102983,"NNS"
102984,","
102985,"''"
102986,"VBD"
102987,"NNP"
102988,"NNP"
102989,"IN"
102990,"NNP"
102991,"."
102992,"NNS"
102993,"VBP"
102994,"VBN"
102995,"IN"
102996,"JJ"
102997,"IN"
102998,"DT"
102999,"JJ"
103000,"NN"
103001,"MD"
103002,"VB"
103003,"JJ"
103004,"IN"
103005,"NNS"
103006,"."
103007,"NNP"
103008,"NNP"
103009,","
103010,"JJ"
103011,"NN"
103012,"IN"
103013,"DT"
103014,"NNP"
103015,"NNP"
103016,"IN"
103017,"NNP"
103018,"POS"
103019,"NNP"
103020,"NNP"
103021,"IN"
103022,"NNP"
103023,","
103024,"VBG"
103025,"DT"
103026,"NN"
103027,"IN"
103028,"JJ"
103029,"NN"
103030,"NNS"
103031,"WDT"
103032,"VBP"
103033,"JJ"
103034,"IN"
103035,"DT"
103036,"JJ"
103037,"NNS"
103038,"IN"
103039,"NN"
103040,"CC"
103041,"NN"
103042,"RB"
103043,","
103044,"VBZ"
103045,","
103046,"``"
103047,"PRP"
103048,"VBP"
103049,"RB"
103050,"IN"
103051,"DT"
103052,"NN"
103053,"WRB"
103054,"PRP"
103055,"VBP"
103056,"VBG"
103057,"TO"
103058,"VB"
103059,"NNS"
103060,"IN"
103061,"DT"
103062,"JJ"
103063,"NN"
103064,"NNS"
103065,"IN"
103066,"CD"
103067,"TO"
103068,"CD"
103069,"."
103070,"''"
103071,"NNP"
103072,"NNP"
103073,","
103074,"DT"
103075,"JJ"
103076,"NN"
103077,"NN"
103078,"IN"
103079,"NNP"
103080,"CC"
103081,"NNP"
103082,"POS"
103083,"NNP"
103084,","
103085,"VBZ"
103086,"IN"
103087,"EX"
103088,"VBZ"
103089,"``"
103090,"VBG"
103091,"NN"
103092,"IN"
103093,"DT"
103094,"JJ"
103095,"NN"
103096,"IN"
103097,"DT"
103098,"NN"
103099,"NN"
103100,"NN"
103101,"."
103102,"''"
103103,"``"
103104,"NN"
103105,"NNS"
103106,"VBP"
103107,"DT"
103108,"RB"
103109,"JJ"
103110,"NN"
103111,","
103112,"''"
103113,"VBD"
103114,"NNP"
103115,"NNP"
103116,","
103117,"NN"
103118,"NN"
103119,"IN"
103120,"NNP"
103121,"NNP"
103122,","
103123,"NNP"
103124,"NNP"
103125,"CC"
103126,"NNP"
103127,"."
103128,"``"
103129,"EX"
103130,"VBZ"
103131,"DT"
103132,"JJ"
103133,"NN"
103134,"IN"
103135,"NN"
103136,"WDT"
103137,"VBZ"
103138,"NN"
103139,"NN"
103140,"CC"
103141,"DT"
103142,"JJ"
103143,"NN"
103144,"IN"
103145,"NN"
103146,"WDT"
103147,"VBZ"
103148,"RB"
103149,"RB"
103150,"JJ"
103151,"."
103152,"''"
103153,"NNS"
103154,"IN"
103155,"NNP"
103156,"CC"
103157,"NNP"
103158,"POS"
103159,"VBP"
103160,"NN"
103161,"NN"
103162,"NNS"
103163,"IN"
103164,"``"
103165,"RB"
103166,"VBN"
103167,"''"
103168,"NNS"
103169,"VBP"
103170,"TO"
103171,"VB"
103172,"VBG"
103173,"."
103174,"RB"
103175,"$"
103176,"CD"
103177,"CD"
103178,"IN"
103179,"NN"
103180,"NNS"
103181,"WDT"
103182,"VBP"
103183,"VBN"
103184,"JJ"
103185,"VB"
103186,"NNS"
103187,"IN"
103188,"NNP"
103189,"NNP"
103190,","
103191,"NNP"
103192,"NNP"
103193,"("
103194,"RB"
103195,"VBN"
103196,"TO"
103197,"NNP"
103198,"NNP"
103199,")"
103200,","
103201,"NNP"
103202,","
103203,"NNP"
103204,"NNP"
103205,","
103206,"NNP"
103207,"NNP"
103208,","
103209,"NNP"
103210,"NNP"
103211,"NNP"
103212,","
103213,"JJ"
103214,"NN"
103215,","
103216,"NNP"
103217,"NNP"
103218,","
103219,"NNP"
103220,","
103221,"NNP"
103222,"NNP"
103223,"CC"
103224,"NNP"
103225,"NNP"
103226,"."
103227,"``"
103228,"PRP"
103229,"MD"
103230,"RB"
103231,"VB"
103232,"DT"
103233,"JJ"
103234,"JJ"
103235,"NNS"
103236,"RB"
103237,","
103238,"''"
103239,"VBD"
103240,"NNP"
103241,"NNP"
103242,"."
103243,"``"
103244,"PRP"
103245,"VBZ"
103246,"JJ"
103247,"TO"
103248,"VB"
103249,"DT"
103250,"CD"
103251,"NN"
103252,"NN"
103253,"NN"
103254,"IN"
103255,"CD"
103256,"NN"
103257,","
103258,"IN"
103259,"PRP"
103260,"VBP"
103261,"RB"
103262,"VBG"
103263,"JJ"
103264,"NNS"
103265,"IN"
103266,"DT"
103267,"NN"
103268,"IN"
103269,"DT"
103270,"JJ"
103271,"JJ"
103272,"NN"
103273,"."
103274,"PRP"
103275,"VBP"
103276,"RB"
103277,"RB"
103278,"JJ"
103279,"NN"
103280,"PRP"
103281,"VBP"
103282,"VBN"
103283,"DT"
103284,"NN"
103285,"."
103286,"''"
103287,"CC"
103288,"NN"
103289,"POS"
103290,"NN"
103291,"IN"
103292,"``"
103293,"JJ"
103294,"''"
103295,"NN"
103296,"VBD"
103297,"DT"
103298,"RB"
103299,"VBN"
103300,"NN"
103301,"IN"
103302,"DT"
103303,"NN"
103304,"."
103305,"JJ"
103306,"NNS"
103307,"``"
103308,"VBD"
103309,"RB"
103310,"DT"
103311,"NN"
103312,","
103313,"''"
103314,"NNP"
103315,"NNP"
103316,"VBD"
103317,","
103318,"CC"
103319,"JJ"
103320,"NN"
103321,"NNS"
103322,"``"
103323,"VBD"
103324,"PDT"
103325,"IN"
103326,"PRP$"
103327,"NNS"
103328,"''"
103329,"IN"
103330,"NNP"
103331,"CC"
103332,"JJ"
103333,"NN"
103334,"."
103335,"IN"
103336,"NN"
103337,","
103338,"PRP"
103339,"VBZ"
103340,","
103341,"``"
103342,"DT"
103343,"NN"
103344,"NN"
103345,"VBD"
103346,"RB"
103347,"RB"
103348,"IN"
103349,"PDT"
103350,"WP"
103351,"PRP"
103352,"VBD"
103353,"NNP"
103354,","
103355,"CC"
103356,"DT"
103357,"("
103358,"NN"
103359,")"
103360,"NN"
103361,"NN"
103362,"VBN"
103363,"IN"
103364,"PDT"
103365,"WP"
103366,"PRP"
103367,"VBD"
103368,"NNP"
103369,"."
103370,"''"
103371,"NNS"
103372,"VBD"
103373,"NN"
103374,"POS"
103375,"NN"
103376,"VBD"
103377,"VBN"
103378,"IN"
103379,"NN"
103380,"NNS"
103381,"VBG"
103382,"IN"
103383,"NNS"
103384,"IN"
103385,"DT"
103386,"JJ"
103387,"NN"
103388,"IN"
103389,"NNS"
103390,"DT"
103391,"JJ"
103392,"NN"
103393,"."
103394,"IN"
103395,"NN"
103396,","
103397,"JJ"
103398,"NNS"
103399,"VBD"
103400,"RB"
103401,"VB"
103402,"TO"
103403,"VB"
103404,"JJ"
103405,"NNS"
103406,"IN"
103407,"JJ"
103408,"NNS"
103409,"RB"
103410,"VBD"
103411,"VBN"
103412,"."
103413,"``"
103414,"RB"
103415,"DT"
103416,"NN"
103417,"VBZ"
103418,"JJ"
103419,","
103420,"''"
103421,"VBD"
103422,"NNP"
103423,"NNP"
103424,"NNP"
103425,"NNP"
103426,"."
103427,"``"
103428,"NNS"
103429,"MD"
103430,"VB"
103431,"TO"
103432,"VB"
103433,"RBR"
103434,"JJ"
103435,"."
103436,"IN"
103437,"PRP"
103438,"VBP"
103439,"JJ"
103440,"NN"
103441,"NN"
103442,","
103443,"PRP"
103444,"MD"
103445,"VB"
103446,"DT"
103447,"NN"
103448,"NNS"
103449,"."
103450,"PRP"
103451,"VBP"
103452,"DT"
103453,"NN"
103454,"VBZ"
103455,"IN"
103456,"JJ"
103457,"NN"
103458,"."
103459,"O"
103460,"MD"
103461,"PRP"
103462,"RB"
103463,"JJ"
103464,"NNS"
103465,"."
103466,"DT"
103467,"VBZ"
103468,"DT"
103469,"NN"
103470,"DT"
103471,"NN"
103472,"IN"
103473,"NNS"
103474,"VBP"
103475,"VBG"
103476,","
103477,"VBG"
103478,"DT"
103479,"NN"
103480,"NN"
103481,"POS"
103482,"JJ"
103483,"NN"
103484,"IN"
103485,"NN"
103486,"."
103487,"VBN"
103488,"RB"
103489,"CC"
103490,"RB"
103491,"IN"
103492,"NNP"
103493,"POS"
103494,"JJ"
103495,"JJ"
103496,"NN"
103497,"IN"
103498,"DT"
103499,"NNP"
103500,"NNP"
103501,"NNP"
103502,"NNP"
103503,"NNP"
103504,"NN"
103505,"POS"
103506,"JJ"
103507,"NN"
103508,","
103509,"PRP"
103510,"VBP"
103511,"VBG"
103512,"IN"
103513,"DT"
103514,"NN"
103515,"VBZ"
103516,"DT"
103517,"NN"
103518,"NN"
103519,"IN"
103520,"DT"
103521,"NN"
103522,"."
103523,"DT"
103524,"NN"
103525,","
103526,"VBP"
103527,"JJ"
103528,"NNS"
103529,","
103530,"NN"
103531,"NNS"
103532,"CC"
103533,"NN"
103534,"NNS"
103535,","
103536,"VBZ"
103537,"UH"
103538,":"
103539,"RB"
103540,"RB"
103541,"IN"
103542,"PRP"
103543,"VBP"
103544,"DT"
103545,"NN"
103546,"NN"
103547,"IN"
103548,"DT"
103549,"NN"
103550,"."
103551,"CC"
103552,","
103553,"PRP"
103554,"VBP"
103555,","
103556,"NNS"
103557,"MD"
103558,"RB"
103559,"VB"
103560,"TO"
103561,"VB"
103562,"NNS"
103563,","
103564,"WP"
103565,"VB"
103566,"CC"
103567,"VB"
103568,"IN"
103569,"DT"
103570,"NN"
103571,"TO"
103572,"VB"
103573,"DT"
103574,"JJS"
103575,"JJ"
103576,"NN"
103577,"CC"
103578,"VB"
103579,"DT"
103580,"JJ"
103581,"JJ"
103582,"NN"
103583,"."
103584,"DT"
103585,"NN"
103586,"IN"
103587,"NN"
103588,"NNS"
103589,"IN"
103590,"DT"
103591,"JJ"
103592,"NNS"
103593,"JJ"
103594,"."
103595,"``"
103596,"IN"
103597,"PRP"
103598,"VBP"
103599,"IN"
103600,"CD"
103601,"NNS"
103602,"JJ"
103603,"IN"
103604,"NN"
103605,"NN"
103606,":"
103607,"VBG"
103608,"DT"
103609,"JJ"
103610,"NN"
103611,"CC"
103612,"DT"
103613,"NN"
103614,"NN"
103615,"IN"
103616,":"
103617,"NNS"
103618,"VBP"
103619,"VBN"
103620,"RB"
103621,"NN"
103622,"DT"
103623,"NN"
103624,"MD"
103625,"VB"
103626,"VBN"
103627,"IN"
103628,"DT"
103629,"JJ"
103630,"NN"
103631,","
103632,"''"
103633,"VBZ"
103634,"NNP"
103635,"NNP"
103636,","
103637,"NN"
103638,"NN"
103639,"IN"
103640,"NNP"
103641,"NNP"
103642,"NNP"
103643,"NNP"
103644,"."
103645,"DT"
103646,"NN"
103647,"VBD"
103648,"IN"
103649,"DT"
103650,"NN"
103651,"NN"
103652,"IN"
103653,"NNP"
103654,"MD"
103655,"VB"
103656,"VBN"
103657,"TO"
103658,"$"
103659,"CD"
103660,"IN"
103661,"DT"
103662,"NN"
103663,"IN"
103664,"JJ"
103665,"NNP"
103666,","
103667,"VBG"
103668,"TO"
103669,"NNP"
103670,"NNP"
103671,","
103672,"NN"
103673,"NN"
103674,"IN"
103675,"NNP"
103676,"NNP"
103677,"NNP"
103678,"."
103679,"CC"
103680,"DT"
103681,"NN"
103682,"VBN"
103683,"IN"
103684,"JJ"
103685,"NNS"
103686,"IN"
103687,"NNP"
103688,"MD"
103689,"VB"
103690,"VBN"
103691,"TO"
103692,"RB"
103693,"$"
103694,"CD"
103695,","
103696,"CC"
103697,"DT"
103698,"NN"
103699,"VBD"
103700,"IN"
103701,"NNP"
103702,"NNS"
103703,"MD"
103704,"VB"
103705,"DT"
103706,"NN"
103707,"$"
103708,"CD"
103709,"."
103710,"DT"
103711,"RB"
103712,"DT"
103713,"NN"
103714,"NN"
103715,","
103716,"DT"
103717,"JJR"
103718,"NN"
103719,"EX"
103720,"VBZ"
103721,"IN"
103722,"VBG"
103723,"NN"
103724,"IN"
103725,"DT"
103726,"NN"
103727,"NN"
103728,"."
103729,"IN"
103730,"NN"
103731,","
103732,"DT"
103733,"NNS"
103734,"RB"
103735,"VBP"
103736,"DT"
103737,"NN"
103738,"IN"
103739,"DT"
103740,"JJ"
103741,"NN"
103742,"."
103743,"IN"
103744,"NN"
103745,","
103746,"NNP"
103747,"NNP"
103748,","
103749,"DT"
103750,"NNP"
103751,"NNP"
103752,"NN"
103753,"NN"
103754,","
103755,"VBZ"
103756,"IN"
103757,"IN"
103758,"DT"
103759,"NN"
103760,"VBZ"
103761,"DT"
103762,"NN"
103763,"IN"
103764,"NNS"
103765,"WDT"
103766,"VBZ"
103767,"DT"
103768,"NNP"
103769,"CC"
103770,"NNP"
103771,"POS"
103772,"JJ"
103773,"NN"
103774,","
103775,"DT"
103776,"NN"
103777,"IN"
103778,"JJ"
103779,"NN"
103780,"VBZ"
103781,"CD"
103782,"NN"
103783,"TO"
103784,"CD"
103785,"NN"
103786,"IN"
103787,"DT"
103788,"JJ"
103789,"NN"
103790,","
103791,"VBN"
103792,"IN"
103793,"CD"
103794,"NN"
103795,"IN"
103796,"CD"
103797,"NNS"
103798,"CC"
103799,"CD"
103800,"NN"
103801,"IN"
103802,"CD"
103803,"NN"
103804,"."
103805,"``"
103806,"IN"
103807,"PRP"
103808,"VBP"
103809,"RB"
103810,"VB"
103811,"DT"
103812,"NN"
103813,"IN"
103814,"CD"
103815,"NNS"
103816,","
103817,"EX"
103818,"VBZ"
103819,"DT"
103820,"JJ"
103821,"NN"
103822,"IN"
103823,"VBG"
103824,"TO"
103825,"DT"
103826,"JJ"
103827,"NN"
103828,"IN"
103829,"NNS"
103830,","
103831,"''"
103832,"NNP"
103833,"NNP"
103834,"VBZ"
103835,"."
103836,"JJ"
103837,"NNS"
103838,"RB"
103839,"VB"
103840,"NN"
103841,"DT"
103842,"JJ"
103843,"NNS"
103844,"DT"
103845,"NN"
103846,"VBZ"
103847,","
103848,"VBZ"
103849,"NNP"
103850,"NNP"
103851,"NNP"
103852,","
103853,"NN"
103854,"IN"
103855,"DT"
103856,"NNP"
103857,"IN"
103858,"NNP"
103859,"NNP"
103860,"NNP"
103861,"."
103862,"NNS"
103863,"VBP"
103864,"DT"
103865,"NN"
103866,"IN"
103867,"DT"
103868,"NNS"
103869,"POS"
103870,"NN"
103871,"IN"
103872,"IN"
103873,"JJ"
103874,"NN"
103875,","
103876,"NNS"
103877,","
103878,"JJ"
103879,"NNS"
103880,"CC"
103881,"NN"
103882,","
103883,"PRP"
103884,"VBZ"
103885,"."
103886,"EX"
103887,"VBP"
103888,"DT"
103889,"JJ"
103890,"NNS"
103891,":"
103892,"IN"
103893,"NN"
103894,"IN"
103895,"NNS"
103896,","
103897,"NNS"
103898,"MD"
103899,"VB"
103900,"IN"
103901,"JJS"
103902,"CD"
103903,"TO"
103904,"CD"
103905,"NNS"
103906,"IN"
103907,"NN"
103908,"NNS"
103909,"VBD"
103910,"RB"
103911,"IN"
103912,"DT"
103913,"NN"
103914,","
103915,"JJS"
103916,"NN"
103917,"NNS"
103918,"VBP"
103919,"."
103920,"NNS"
103921,"RB"
103922,"MD"
103923,"VB"
103924,"IN"
103925,"NN"
103926,"NN"
103927,"IN"
103928,"DT"
103929,"NN"
103930,","
103931,"WDT"
103932,"VBZ"
103933,"DT"
103934,"NN"
103935,"IN"
103936,"NN"
103937,","
103938,"RB"
103939,"RB"
103940,"IN"
103941,"DT"
103942,"NN"
103943,"WDT"
103944,"MD"
103945,"VB"
103946,"VBN"
103947,"IN"
103948,"JJ"
103949,"IN"
103950,"NN"
103951,"TO"
103952,"VB"
103953,"VB"
103954,"DT"
103955,"NN"
103956,"IN"
103957,"NN"
103958,"NN"
103959,"."
103960,"NNS"
103961,"RB"
103962,"MD"
103963,"RB"
103964,"VB"
103965,"NN"
103966,"IN"
103967,"NNS"
103968,"IN"
103969,"PRP"
103970,"MD"
103971,"VB"
103972,"IN"
103973,"DT"
103974,"JJ"
103975,"NN"
103976,":"
103977,"IN"
103978,"NN"
103979,","
103980,"IN"
103981,"NN"
103982,"NN"
103983,"NNS"
103984,"CC"
103985,"NN"
103986,"NNS"
103987,"."
103988,"``"
103989,"PRP"
103990,"MD"
103991,"VB"
103992,"TO"
103993,"VB"
103994,"PRP$"
103995,"NNS"
103996,"IN"
103997,"DT"
103998,"NN"
103999,"WRB"
104000,"DT"
104001,"NN"
104002,"VBZ"
104003,"DT"
104004,"NN"
104005,","
104006,"''"
104007,"VBZ"
104008,"NNP"
104009,"NNP"
104010,","
104011,"DT"
104012,"NNP"
104013,"NNP"
104014,","
104015,"NNP"
104016,"JJ"
104017,"NN"
104018,"."
104019,"CC"
104020,"IN"
104021,"DT"
104022,"NNS"
104023,"VBP"
104024,"VBN"
104025,","
104026,"``"
104027,"RB"
104028,"PRP"
104029,"MD"
104030,"VB"
104031,"TO"
104032,"VB"
104033,","
104034,"RB"
104035,"IN"
104036,"PRP"
104037,"VBZ"
104038,"RB"
104039,"JJ"
104040,"IN"
104041,"$"
104042,"CD"
104043,","
104044,"''"
104045,"VBZ"
104046,"NNP"
104047,"NNP"
104048,","
104049,"NN"
104050,"IN"
104051,"NNP"
104052,"NNP"
104053,"NNP"
104054,"NNP"
104055,"."
104056,"PRP"
104057,"VBZ"
104058,"NNS"
104059,"MD"
104060,"VB"
104061,"RB"
104062,"JJ"
104063,"NNS"
104064,","
104065,"CC"
104066,"JJ"
104067,"JJ"
104068,"NNS"
104069,","
104070,"JJ"
104071,"IN"
104072,"JJ"
104073,"NNS"
104074,"."
104075,"IN"
104076,"DT"
104077,"JJ"
104078,"NN"
104079,"IN"
104080,"NNS"
104081,","
104082,"RB"
104083,","
104084,"JJS"
104085,"NNS"
104086,"VBP"
104087,"DT"
104088,"NNS"
104089,"MD"
104090,"RB"
104091,"VB"
104092,"TO"
104093,"VB"
104094,"IN"
104095,"JJ"
104096,"NNS"
104097,"."
104098,"``"
104099,"PRP"
104100,"VBZ"
104101,"RB"
104102,"JJ"
104103,"TO"
104104,"VB"
104105,","
104106,"''"
104107,"VBZ"
104108,"NNP"
104109,"NNP"
104110,","
104111,"DT"
104112,"NN"
104113,"NN"
104114,"IN"
104115,"NNP"
104116,"NNP"
104117,"NNP"
104118,","
104119,"DT"
104120,"NNP"
104121,"NNP"
104122,"NN"
104123,"NN"
104124,"."
104125,"``"
104126,"PRP$"
104127,"NNS"
104128,"VBP"
104129,"RB"
104130,"JJ"
104131,"CC"
104132,"PRP"
104133,"VBP"
104134,"RB"
104135,"JJ"
104136,","
104137,"EX"
104138,"VBZ"
104139,"DT"
104140,"NN"
104141,"DT"
104142,"JJ"
104143,"NN"
104144,"MD"
104145,"VB"
104146,"IN"
104147,"DT"
104148,"NNS"
104149,"."
104150,"''"
104151,"JJ"
104152,"NNS"
104153,"VBP"
104154,"JJ"
104155,"NN"
104156,"NNS"
104157,"IN"
104158,"VBG"
104159,"IN"
104160,"CC"
104161,"IN"
104162,"IN"
104163,"DT"
104164,"NN"
104165,"."
104166,"DT"
104167,"NN"
104168,"IN"
104169,"VBG"
104170,"NN"
104171,"NNS"
104172,"NNS"
104173,"IN"
104174,"NN"
104175,"TO"
104176,"NN"
104177,"CC"
104178,"IN"
104179,"DT"
104180,"NN"
104181,"IN"
104182,"DT"
104183,"NN"
104184,","
104185,"CC"
104186,"CD"
104187,"NN"
104188,"IN"
104189,"DT"
104190,"NN"
104191,"POS"
104192,"NN"
104193,"VBZ"
104194,"DT"
104195,"NN"
104196,","
104197,"VBZ"
104198,"NNP"
104199,"NNP"
104200,","
104201,"NN"
104202,"IN"
104203,"NNP"
104204,"NNP"
104205,"NNP"
104206,"POS"
104207,"NN"
104208,"CC"
104209,"NN"
104210,"JJ"
104211,"NN"
104212,"."
104213,"CC"
104214,"VBG"
104215,"PRP$"
104216,"JJ"
104217,"NN"
104218,"VBZ"
104219,"JJ"
104220,","
104221,"NNS"
104222,"MD"
104223,"VB"
104224,"TO"
104225,"VB"
104226,"NNS"
104227,"IN"
104228,"PRP$"
104229,"NNS"
104230,"."
104231,"DT"
104232,"MD"
104233,"VB"
104234,"NNS"
104235,"IN"
104236,"DT"
104237,"JJ"
104238,"CC"
104239,"JJR"
104240,","
104241,"IN"
104242,"JJ"
104243,"NNS"
104244,"VBP"
104245,"VBN"
104246,","
104247,"NNP"
104248,"NNP"
104249,"VBZ"
104250,"."
104251,"IN"
104252,"DT"
104253,","
104254,"JJ"
104255,"NNS"
104256,"VBP"
104257,"DT"
104258,"NN"
104259,"IN"
104260,"DT"
104261,"JJ"
104262,"NN"
104263,"PRP"
104264,"VBP"
104265,"MD"
104266,"RB"
104267,"VB"
104268,"RB"
104269,":"
104270,"RB"
104271,"PRP$"
104272,"NN"
104273,"NNS"
104274,"MD"
104275,"VB"
104276,"VBN"
104277,"IN"
104278,"NN"
104279,"."
104280,"``"
104281,"PRP"
104282,"VBZ"
104283,"RB"
104284,"JJ"
104285,"IN"
104286,"JJS"
104287,"NNS"
104288,"TO"
104289,"VB"
104290,"DT"
104291,"JJ"
104292,"NNS"
104293,"CC"
104294,"DT"
104295,"NN"
104296,","
104297,"''"
104298,"VBZ"
104299,"NNP"
104300,"NNP"
104301,"."
104302,"``"
104303,"PRP"
104304,"MD"
104305,"RB"
104306,"VB"
104307,"RB"
104308,"IN"
104309,"PRP"
104310,"VBP"
104311,"PRP"
104312,"MD"
104313,"VB"
104314,"DT"
104315,"NN"
104316,"."
104317,"''"
104318,"RB"
104319,","
104320,"RB"
104321,","
104322,"DT"
104323,"JJ"
104324,"NNS"
104325,"VBP"
104326,"DT"
104327,"JJ"
104328,"JJ"
104329,"NN"
104330,"NNS"
104331,"VBP"
104332,"VBZ"
104333,"VBN"
104334,"TO"
104335,"VB"
104336,"IN"
104337,"CC"
104338,"RP"
104339,"IN"
104340,"DT"
104341,"NN"
104342,"."
104343,"RB"
104344,"WP"
104345,"VBZ"
104346,"DT"
104347,"JJS"
104348,"NN"
104349,"TO"
104350,"VB"
104351,"NNS"
104352,"."
104353,"``"
104354,"IN"
104355,"DT"
104356,"NN"
104357,"VBZ"
104358,"DT"
104359,"NN"
104360,"IN"
104361,"IN"
104362,"$"
104363,"CD"
104364,"CC"
104365,"$"
104366,"CD"
104367,"TO"
104368,"VB"
104369,"IN"
104370,"NNS"
104371,","
104372,"PRP"
104373,"VBZ"
104374,"RB"
104375,"JJR"
104376,"RP"
104377,"IN"
104378,"JJ"
104379,"NNS"
104380,"IN"
104381,"IN"
104382,"JJ"
104383,"NNS"
104384,","
104385,"IN"
104386,"NNS"
104387,"IN"
104388,"VBG"
104389,"JJ"
104390,"NN"
104391,"IN"
104392,"DT"
104393,"JJ"
104394,"NN"
104395,","
104396,"''"
104397,"VBZ"
104398,"NNP"
104399,"NNP"
104400,"."
104401,"RB"
104402,","
104403,"PRP"
104404,"VBZ"
104405,","
104406,"``"
104407,"PRP"
104408,"MD"
104409,"VB"
104410,"VBG"
104411,"DT"
104412,","
104413,"VBN"
104414,"WDT"
104415,"NNS"
104416,"RB"
104417,"VBP"
104418,"DT"
104419,"NN"
104420,"IN"
104421,"JJ"
104422,"NNS"
104423,"IN"
104424,"VBG"
104425,"JJ"
104426,"NNS"
104427,"VBN"
104428,"IN"
104429,"PRP$"
104430,"JJ"
104431,"NNS"
104432,","
104433,"''"
104434,"PRP"
104435,"VBZ"
104436,"."
104437,"NNP"
104438,"NNP"
104439,","
104440,"JJ"
104441,"NN"
104442,"NN"
104443,"IN"
104444,"NNP"
104445,"NNP"
104446,"NNP"
104447,"NNP"
104448,","
104449,"VBZ"
104450,"DT"
104451,"NNS"
104452,"VBP"
104453,"DT"
104454,"JJ"
104455,"NN"
104456,"RB"
104457,"IN"
104458,"``"
104459,"JJ"
104460,"TO"
104461,"VB"
104462,"NN"
104463,"NNS"
104464,"IN"
104465,"JJ"
104466,"NNS"
104467,"NNS"
104468,"''"
104469,":"
104470,"DT"
104471,"JJ"
104472,"NN"
104473,"NN"
104474,"IN"
104475,"JJ"
104476,"NNS"
104477,"."
104478,"DT"
104479,"NN"
104480,"NN"
104481,","
104482,"WDT"
104483,"RB"
104484,"VBZ"
104485,"DT"
104486,"JJ"
104487,"NN"
104488,"IN"
104489,"RB"
104490,"IN"
104491,"IN"
104492,"DT"
104493,"NNP"
104494,"CC"
104495,"NNP"
104496,"POS"
104497,"CD"
104498,","
104499,"VBZ"
104500,"TO"
104501,"VB"
104502,"DT"
104503,"IN"
104504,"DT"
104505,"NN"
104506,"POS"
104507,"JJS"
104508,"JJ"
104509,"NNS"
104510,"RB"
104511,"RB"
104512,"."
104513,"``"
104514,"PRP"
104515,"VBZ"
104516,"RB"
104517,"VBG"
104518,"IN"
104519,"DT"
104520,"NN"
104521,"IN"
104522,"RB"
104523,"IN"
104524,"DT"
104525,"NN"
104526,","
104527,"''"
104528,"VBZ"
104529,"NNP"
104530,"NNP"
104531,"."
104532,"RB"
104533,","
104534,"NNP"
104535,"NNP"
104536,"VBZ"
104537,"DT"
104538,"NN"
104539,"IN"
104540,"JJ"
104541,"NN"
104542,"IN"
104543,"JJR"
104544,"NN"
104545,"NNS"
104546,"WDT"
104547,"MD"
104548,"VB"
104549,"DT"
104550,"NN"
104551,"IN"
104552,"DT"
104553,"NNS"
104554,"IN"
104555,"DT"
104556,"JJ"
104557,"NN"
104558,"."
104559,"DT"
104560,"JJ"
104561,"NNP"
104562,"NNP"
104563,"NN"
104564,"NNS"
104565,"WP"
104566,"VBD"
104567,"PRP$"
104568,"NN"
104569,"NN"
104570,"IN"
104571,"NNS"
104572,"IN"
104573,"VBG"
104574,"NN"
104575,"NNS"
104576,"DT"
104577,"JJ"
104578,"NNS"
104579,"RB"
104580,"VBP"
104581,"RB"
104582,"JJ"
104583,"NN"
104584,"IN"
104585,"DT"
104586,"NN"
104587,","
104588,"PRP"
104589,"VBZ"
104590,"."
104591,"``"
104592,"PRP"
104593,"VBP"
104594,"VBG"
104595,"DT"
104596,"JJ"
104597,"NN"
104598,"IN"
104599,"NN"
104600,"IN"
104601,"JJ"
104602,"NN"
104603,"NNS"
104604,","
104605,"''"
104606,"PRP"
104607,"VBZ"
104608,"."
104609,"DT"
104610,"NNS"
104611,"RB"
104612,"VBP"
104613,"NNS"
104614,"TO"
104615,"VB"
104616,"RP"
104617,"IN"
104618,"DT"
104619,"JJS"
104620,"NN"
104621,"NN"
104622,"."
104623,"PRP"
104624,"VBP"
104625,"IN"
104626,"POS"
104627,"RB"
104628,"JJ"
104629,"DT"
104630,"JJ"
104631,"IN"
104632,"DT"
104633,"NN"
104634,"NN"
104635,"IN"
104636,"DT"
104637,"JJ"
104638,"NN"
104639,","
104640,"WRB"
104641,"EX"
104642,"POS"
104643,"DT"
104644,"JJ"
104645,"NN"
104646,"NN"
104647,"TO"
104648,"VB"
104649,"NNS"
104650,"IN"
104651,"IN"
104652,"PRP$"
104653,"NNS"
104654,"."
104655,"NNP"
104656,"POS"
104657,"NN"
104658,"VBZ"
104659,"``"
104660,"DT"
104661,"JJ"
104662,"JJ"
104663,"NN"
104664,"NN"
104665,","
104666,"CC"
104667,"VB"
104668,"POS"
104669,"RB"
104670,"VB"
104671,"IN"
104672,"DT"
104673,"NN"
104674,"IN"
104675,"DT"
104676,"NN"
104677,"NN"
104678,","
104679,"''"
104680,"VBZ"
104681,"NNP"
104682,"NNP"
104683,","
104684,"JJ"
104685,"NN"
104686,"NN"
104687,"NN"
104688,"IN"
104689,"NNP"
104690,"NNP"
104691,"NNP"
104692,"."
104693,"``"
104694,"JJ"
104695,"NNS"
104696,"IN"
104697,"NN"
104698,"IN"
104699,"PRP$"
104700,"JJ"
104701,"NNS"
104702,","
104703,"''"
104704,"PRP"
104705,"VBZ"
104706,"."
104707,"IN"
104708,"DT"
104709,"JJ"
104710,"NN"
104711,","
104712,"NN"
104713,"NNS"
104714,"VBP"
104715,","
104716,"JJS"
104717,"NNS"
104718,"MD"
104719,"VB"
104720,"JJR"
104721,"RP"
104722,"VBG"
104723,"DT"
104724,"FW"
104725,"VBG"
104726,"NN"
104727,"IN"
104728,"NN"
104729,"NNS"
104730,"."
104731,"IN"
104732,"DT"
104733,"NN"
104734,","
104735,"DT"
104736,"NN"
104737,"VBZ"
104738,"DT"
104739,"JJ"
104740,"NN"
104741,"DT"
104742,"NN"
104743,"CC"
104744,"NN"
104745,"IN"
104746,"DT"
104747,"NN"
104748,"NN"
104749,"IN"
104750,"DT"
104751,"NN"
104752,"VBZ"
104753,"RB"
104754,"CC"
104755,"RB"
104756,"."
104757,"DT"
104758,"VBZ"
104759,"DT"
104760,"NN"
104761,","
104762,"NNP"
104763,"NNP"
104764,","
104765,"DT"
104766,"NNP"
104767,"NNP"
104768,"NN"
104769,"NN"
104770,","
104771,"NNS"
104772,"IN"
104773,"."
104774,"``"
104775,"WRB"
104776,"DT"
104777,"NN"
104778,"VBZ"
104779,"JJ"
104780,","
104781,"PRP"
104782,"VBP"
104783,"VBG"
104784,"JJR"
104785,"NNS"
104786,","
104787,"CC"
104788,"WRB"
104789,"PRP"
104790,"VBZ"
104791,"JJ"
104792,","
104793,"PRP"
104794,"VBP"
104795,"VBG"
104796,"JJR"
104797,"NNS"
104798,","
104799,"''"
104800,"PRP"
104801,"VBZ"
104802,"."
104803,"RB"
104804,","
104805,"IN"
104806,"PRP"
104807,"VBD"
104808,"PDT"
104809,"PRP$"
104810,"NN"
104811,"IN"
104812,"IN"
104813,"CD"
104814,"NN"
104815,","
104816,"IN"
104817,"JJ"
104818,"JJ"
104819,"NN"
104820,","
104821,"PRP"
104822,"MD"
104823,"VB"
104824,"DT"
104825,"JJ"
104826,"NN"
104827,","
104828,"CC"
104829,"VBP"
104830,"TO"
104831,"VB"
104832,"CD"
104833,"NNS"
104834,"TO"
104835,"VB"
104836,"RB"
104837,","
104838,"NNP"
104839,"NNP"
104840,"VBZ"
104841,"."
104842,"DT"
104843,"JJ"
104844,"NN"
104845,"MD"
104846,"VB"
104847,"DT"
104848,"RB"
104849,","
104850,"NNP"
104851,"NNP"
104852,"VBZ"
104853,"."
104854,"``"
104855,"CD"
104856,"IN"
104857,"DT"
104858,"JJS"
104859,"NNS"
104860,"TO"
104861,"VBP"
104862,"VBZ"
104863,"TO"
104864,"VB"
104865,"NNS"
104866,"WRB"
104867,"DT"
104868,"NN"
104869,"VBZ"
104870,"RB"
104871,","
104872,"''"
104873,"PRP"
104874,"VBZ"
104875,"."
104876,"``"
104877,"CC"
104878,"WDT"
104879,"POS"
104880,"RB"
104881,"DT"
104882,"NN"
104883,"WRB"
104884,"PRP"
104885,"MD"
104886,"VB"
104887,"VBG"
104888,"PRP"
104889,"."
104890,"''"
104891,"JJ"
104892,"JJ"
104893,"NNS"
104894,","
104895,"VBG"
104896,"NN"
104897,"NNS"
104898,"CC"
104899,"NN"
104900,"IN"
104901,"NN"
104902,"CC"
104903,"NNS"
104904,"SYM"
104905,"JJ"
104906,"NN"
104907,","
104908,"RB"
104909,"JJ"
104910,"NN"
104911,":"
104912,"NNP"
104913,"NNP"
104914,"NNP"
104915,"."
104916,"O"
104917,"DT"
104918,"JJ"
104919,"NNS"
104920,"VBD"
104921,"RB"
104922,"VBN"
104923,"IN"
104924,"DT"
104925,"NNP"
104926,"CC"
104927,"NNP"
104928,"NNP"
104929,":"
104930,"NNP"
104931,"NNP"
104932,","
104933,"JJ"
104934,"NN"
104935,"NN"
104936,"IN"
104937,"CD"
104938,"CD"
104939,"NNS"
104940,"IN"
104941,"JJ"
104942,"NN"
104943,","
104944,"IN"
104945,"WDT"
104946,"CD"
104947,"NNS"
104948,"VBP"
104949,"VBG"
104950,"VBN"
104951,"IN"
104952,"DT"
104953,"NN"
104954,"CC"
104955,"NN"
104956,"NNS"
104957,"IN"
104958,"NNS"
104959,","
104960,"IN"
104961,"NNP"
104962,","
104963,"NNP"
104964,"CC"
104965,"NNP"
104966,"NNP"
104967,"CC"
104968,"NNP"
104969,"NNP"
104970,"NNP"
104971,"CC"
104972,"NNP"
104973,"."
104974,"NNP"
104975,"NNP"
104976,"NNP"
104977,","
104978,"JJ"
104979,"NN"
104980,"NN"
104981,"IN"
104982,"CD"
104983,"JJ"
104984,"NNS"
104985,","
104986,"IN"
104987,"WDT"
104988,"CD"
104989,"MD"
104990,"VB"
104991,"VBN"
104992,"IN"
104993,"DT"
104994,"NN"
104995,","
104996,"CC"
104997,"DT"
104998,"NN"
104999,"IN"
105000,"NNS"
105001,","
105002,"IN"
105003,"NNP"
105004,"NNP"
105005,"NNP"
105006,"NNP"
105007,"CC"
105008,"NNP"
105009,","
105010,"RB"
105011,"NNP"
105012,"."
105013,"NNP"
105014,"NNP"
105015,"NNP"
105016,","
105017,"JJ"
105018,"NN"
105019,"IN"
105020,"CD"
105021,"CD"
105022,"JJ"
105023,"NNS"
105024,","
105025,"IN"
105026,"NNP"
105027,"NNP"
105028,","
105029,"NNP"
105030,"NNP"
105031,"CC"
105032,"NNP"
105033,"."
105034,"NNP"
105035,"NNP"
105036,"NNP"
105037,","
105038,"JJ"
105039,"NN"
105040,"IN"
105041,"CD"
105042,"CD"
105043,"JJ"
105044,"NNS"
105045,","
105046,"IN"
105047,"WDT"
105048,"CD"
105049,"CD"
105050,"MD"
105051,"VB"
105052,"VBN"
105053,"IN"
105054,"DT"
105055,"NNP"
105056,","
105057,"CC"
105058,"DT"
105059,"NN"
105060,"IN"
105061,"DT"
105062,"NNP"
105063,","
105064,"IN"
105065,"NNP"
105066,"NNP"
105067,","
105068,"NNP"
105069,"NNP"
105070,"CC"
105071,"NNP"
105072,"NNP"
105073,"NNP"
105074,","
105075,"NNP"
105076,"CC"
105077,"NNP"
105078,"."
105079,"O"
105080,"NNP"
105081,"NNP"
105082,","
105083,"WP"
105084,"VBD"
105085,"VBG"
105086,"NN"
105087,"IN"
105088,"PRP$"
105089,"NN"
105090,"IN"
105091,"NNP"
105092,"NNP"
105093,"NN"
105094,"NNP"
105095,"NNP"
105096,"RB"
105097,"IN"
105098,"DT"
105099,"NNP"
105100,"NNP"
105101,"NN"
105102,"VBD"
105103,"RP"
105104,"NNP"
105105,","
105106,"VBD"
105107,"PRP$"
105108,"$"
105109,"CD"
105110,"CD"
105111,"NN"
105112,"."
105113,"RB"
105114,","
105115,"NNS"
105116,"VBG"
105117,"DT"
105118,"NN"
105119,"VBG"
105120,"TO"
105121,"VB"
105122,"NNP"
105123,"POS"
105124,"NN"
105125,"NNP"
105126,"NNP"
105127,"VBD"
105128,"IN"
105129,"JJ"
105130,"NNS"
105131,"IN"
105132,"VBG"
105133,"DT"
105134,"NN"
105135,"IN"
105136,"DT"
105137,"JJR"
105138,"NN"
105139,","
105140,"RB"
105141,"IN"
105142,"$"
105143,"CD"
105144,"DT"
105145,"NN"
105146,","
105147,"CC"
105148,"$"
105149,"CD"
105150,"CD"
105151,"."
105152,"CC"
105153,"DT"
105154,"JJR"
105155,"NN"
105156,"MD"
105157,"VB"
105158,"NN"
105159,"IN"
105160,"DT"
105161,"NNP"
105162,"NN"
105163,"."
105164,"NNP"
105165,"NNP"
105166,","
105167,"WP"
105168,"VBD"
105169,"NNP"
105170,"TO"
105171,"``"
105172,"VB"
105173,"RB"
105174,"''"
105175,"IN"
105176,"DT"
105177,"NN"
105178,","
105179,"VBD"
105180,"PRP"
105181,"VBD"
105182,"VBG"
105183,"PRP"
105184,"``"
105185,"IN"
105186,"NN"
105187,"IN"
105188,"DT"
105189,"JJ"
105190,"NN"
105191,"IN"
105192,"NN"
105193,"NNS"
105194,"."
105195,"''"
105196,"PRP"
105197,"VBD"
105198,"PRP"
105199,"MD"
105200,"RB"
105201,"VB"
105202,"PRP$"
105203,"NNP"
105204,"NN"
105205,","
105206,"VB"
105207,"JJR"
105208,"NNS"
105209,","
105210,"CC"
105211,"VB"
105212,"DT"
105213,"NN"
105214,"IN"
105215,"DT"
105216,"JJR"
105217,"NN"
105218,"."
105219,"DT"
105220,"NNP"
105221,"NN"
105222,"NN"
105223,"VBD"
105224,"IN"
105225,"DT"
105226,"NNP"
105227,"NNS"
105228,"VBD"
105229,"TO"
105230,"VB"
105231,"NN"
105232,"IN"
105233,"PRP$"
105234,"RBR"
105235,"$"
105236,"JJ"
105237,"NN"
105238,","
105239,"WDT"
105240,"VBD"
105241,"DT"
105242,"VBG"
105243,"NN"
105244,"IN"
105245,"DT"
105246,"JJ"
105247,"IN"
105248,"DT"
105249,"JJ"
105250,"NN"
105251,"NNP"
105252,"IN"
105253,"DT"
105254,"NNP"
105255,"NNP"
105256,"NNP"
105257,"NNP"
105258,"."
105259,"NNP"
105260,"IN"
105261,"NNP"
105262,"NNP"
105263,"NNP"
105264,","
105265,"WP$"
105266,"NNS"
105267,"RB"
105268,"VBN"
105269,"IN"
105270,"NN"
105271,"VBD"
105272,"VBN"
105273,"NNP"
105274,"IN"
105275,"DT"
105276,"NNP"
105277,"NN"
105278,","
105279,"VBD"
105280,"DT"
105281,"NNS"
105282,"NN"
105283,"IN"
105284,"JJ"
105285,"NN"
105286,"IN"
105287,"DT"
105288,"NNP"
105289,"NNP"
105290,"NNP"
105291,"NNP"
105292,"."
105293,"NNP"
105294,"VBD"
105295,"$"
105296,"CD"
105297,"TO"
105298,"$"
105299,"CD"
105300,"IN"
105301,"NN"
105302,"IN"
105303,"CD"
105304,"CD"
105305,"NNS"
105306,","
105307,"NNP"
105308,"NNP"
105309,"VBD"
105310,"IN"
105311,"$"
105312,"CD"
105313,"TO"
105314,"$"
105315,"CD"
105316,"IN"
105317,"CD"
105318,"CD"
105319,"NNS"
105320,"VBD"
105321,"NNS"
105322,"."
105323,"RB"
105324,","
105325,"DT"
105326,"CD"
105327,"NNS"
105328,"VBD"
105329,"NN"
105330,"IN"
105331,"NN"
105332,"NN"
105333,"NNS"
105334,","
105335,"CC"
105336,"VBD"
105337,"DT"
105338,"CD"
105339,"NN"
105340,"NN"
105341,"IN"
105342,"DT"
105343,"NNP"
105344,"NNP"
105345,"NNP"
105346,"NNP"
105347,","
105348,"JJ"
105349,"IN"
105350,"NN"
105351,"RB"
105352,"TO"
105353,"DT"
105354,"NN"
105355,"NN"
105356,"IN"
105357,"NNP"
105358,"CD"
105359,","
105360,"CD"
105361,"."
105362,"DT"
105363,"VBD"
105364,"NNP"
105365,"POS"
105366,"NN"
105367,"NN"
105368,"VBD"
105369,"VBN"
105370,"NNP"
105371,"NNP"
105372,"DT"
105373,"NN"
105374,"TO"
105375,"VB"
105376,"RP"
105377,"IN"
105378,"DT"
105379,"NN"
105380,"WDT"
105381,"VBD"
105382,"NNS"
105383,"IN"
105384,"VBG"
105385,"RB"
105386,"IN"
105387,"NNS"
105388,"VBN"
105389,"IN"
105390,"DT"
105391,"NNP"
105392,"NN"
105393,"."
105394,"IN"
105395,"VBG"
105396,"DT"
105397,"JJ"
105398,"NN"
105399,"IN"
105400,"$"
105401,"CD"
105402,"DT"
105403,"NN"
105404,"NNP"
105405,"NNP"
105406,"VBD"
105407,"PRP$"
105408,"NN"
105409,"NNP"
105410,"CD"
105411,","
105412,"NNP"
105413,"POS"
105414,"NN"
105415,"VBD"
105416,"VBD"
105417,"RB"
105418,"JJ"
105419,"IN"
105420,"$"
105421,"CD"
105422,"JJ"
105423,"NN"
105424,"."
105425,"DT"
105426,"NN"
105427,"NN"
105428,"NNS"
105429,"VBD"
105430,"VBN"
105431,"VBG"
105432,"IN"
105433,"NNP"
105434,"NNP"
105435,"IN"
105436,"PRP"
105437,"VBZ"
105438,"DT"
105439,"NN"
105440,"IN"
105441,"VBG"
105442,"NNS"
105443,"IN"
105444,"NNS"
105445,"IN"
105446,"JJ"
105447,"JJ"
105448,"NN"
105449,"NNS"
105450,","
105451,"RB"
105452,"VBG"
105453,"IN"
105454,"DT"
105455,"NN"
105456,"IN"
105457,"VBG"
105458,"DT"
105459,"NN"
105460,"."
105461,"``"
105462,"PRP"
105463,"RB"
105464,"VBZ"
105465,"RB"
105466,"VBN"
105467,"PRP$"
105468,"NN"
105469,"IN"
105470,"DT"
105471,"NN"
105472,"IN"
105473,"NN"
105474,","
105475,"''"
105476,"VBD"
105477,"NN"
105478,"NN"
105479,"NNP"
105480,"NNP"
105481,"IN"
105482,"NNP"
105483,"NNP"
105484,"CC"
105485,"NNP"
105486,"."
105487,"``"
105488,"PRP"
105489,"VBZ"
105490,"VBN"
105491,"DT"
105492,"NN"
105493,"WRB"
105494,"PRP"
105495,"MD"
105496,"VB"
105497,"DT"
105498,"JJ"
105499,"NN"
105500,"IN"
105501,"DT"
105502,"NN"
105503,"CC"
105504,"RB"
105505,"VB"
105506,"RP"
105507,"IN"
105508,"PRP"
105509,"."
105510,"PRP"
105511,"VBZ"
105512,"VBN"
105513,"DT"
105514,"NN"
105515,","
105516,"``"
105517,"DT"
105518,"NN"
105519,"IN"
105520,"DT"
105521,"NNP"
105522,"."
105523,"''"
105524,"WRB"
105525,"VBZ"
105526,"RB"
105527,"PRP"
105528,"RB"
105529,"VB"
105530,"IN"
105531,"IN"
105532,"CD"
105533,"IN"
105534,"DT"
105535,"NNS"
105536,"."
105537,"''"
105538,"NNP"
105539,"NNP"
105540,"VBD"
105541,"PRP$"
105542,"NN"
105543,"IN"
105544,"DT"
105545,"NNP"
105546,"NN"
105547,","
105548,"WDT"
105549,"VBZ"
105550,"JJ"
105551,"TO"
105552,"VB"
105553,"NN"
105554,","
105555,"RB"
105556,"RB"
105557,"VBN"
105558,"PRP"
105559,"."
105560,"NNP"
105561,"VBD"
105562,"VBN"
105563,"DT"
105564,"JJ"
105565,"NN"
105566,"IN"
105567,"JJ"
105568,"NNS"
105569,","
105570,"IN"
105571,"JJ"
105572,"NN"
105573,"TO"
105574,"NNS"
105575,"CC"
105576,"JJ"
105577,"NNS"
105578,"WDT"
105579,"MD"
105580,"VB"
105581,"VBN"
105582,"DT"
105583,"NNS"
105584,","
105585,"DT"
105586,"NN"
105587,"NN"
105588,"JJ"
105589,"IN"
105590,"NNP"
105591,"NN"
105592,"NNP"
105593,"NNP"
105594,","
105595,"CC"
105596,"DT"
105597,"."
105598,"NNP"
105599,"VBD"
105600,"RB"
105601,"VBN"
105602,"TO"
105603,"VB"
105604,"NNP"
105605,"NNP"
105606,"IN"
105607,"NNP"
105608,"IN"
105609,"NN"
105610,"IN"
105611,"NN"
105612,"WDT"
105613,"MD"
105614,"VB"
105615,"VBN"
105616,"DT"
105617,"NN"
105618,"IN"
105619,"DT"
105620,"NNP"
105621,"NNP"
105622,"TO"
105623,"VB"
105624,"NN"
105625,"NNS"
105626,"."
105627,"NN"
105628,","
105629,"NNP"
105630,"NNP"
105631,"VBD"
105632,"TO"
105633,"VB"
105634,"DT"
105635,"NN"
105636,"IN"
105637,"DT"
105638,"NN"
105639,"IN"
105640,"DT"
105641,"NNP"
105642,"NN"
105643,"IN"
105644,"NNP"
105645,","
105646,"VBG"
105647,"PRP"
105648,"VBD"
105649,"VBG"
105650,"IN"
105651,"DT"
105652,"NN"
105653,"TO"
105654,"VB"
105655,"NNP"
105656,"NNS"
105657,"."
105658,"``"
105659,"PRP"
105660,"VBP"
105661,"IN"
105662,"DT"
105663,"NN"
105664,"IN"
105665,"NN"
105666,"IN"
105667,"DT"
105668,"NN"
105669,"MD"
105670,"VB"
105671,"RB"
105672,"VBN"
105673,"VBN"
105674,"TO"
105675,"DT"
105676,"NN"
105677,"IN"
105678,"DT"
105679,"NNP"
105680,"NN"
105681,","
105682,"CC"
105683,"DT"
105684,"JJ"
105685,"NN"
105686,"IN"
105687,"DT"
105688,"JJ"
105689,"NNS"
105690,"VBD"
105691,"DT"
105692,"JJ"
105693,"NNP"
105694,","
105695,"''"
105696,"NNP"
105697,"NNP"
105698,"VBD"
105699,"NNS"
105700,"IN"
105701,"NNP"
105702,"."
105703,"NNP"
105704,"VBD"
105705,"TO"
105706,"VB"
105707,","
105708,"CC"
105709,"NNP"
105710,"NNP"
105711,"VBD"
105712,"RB"
105713,"VB"
105714,"TO"
105715,"NNS"
105716,"IN"
105717,"NNS"
105718,"."
105719,"NNP"
105720,"NNP"
105721,"RB"
105722,"VBD"
105723,"WRB"
105724,"JJ"
105725,"NNP"
105726,"NN"
105727,"PRP"
105728,"VBD"
105729,"VBN"
105730,","
105731,"RB"
105732,"IN"
105733,"PRP$"
105734,"NNS"
105735,"VBD"
105736,"``"
105737,"JJ"
105738,"."
105739,"''"
105740,"RB"
105741,","
105742,"PRP"
105743,"RB"
105744,"VBD"
105745,"JJ"
105746,"NN"
105747,"TO"
105748,"VB"
105749,"JJR"
105750,"IN"
105751,"$"
105752,"CD"
105753,"CD"
105754,"IN"
105755,"DT"
105756,"NN"
105757,"IN"
105758,"NNP"
105759,"CD"
105760,","
105761,"WRB"
105762,"DT"
105763,"NN"
105764,"VBD"
105765,"$"
105766,"CD"
105767,"DT"
105768,"NN"
105769,"TO"
105770,"$"
105771,"CD"
105772,"."
105773,"IN"
105774,"RB"
105775,"CC"
105776,"PRP$"
105777,"NN"
105778,"IN"
105779,"NNP"
105780,"CD"
105781,","
105782,"DT"
105783,"NN"
105784,"VBD"
105785,"IN"
105786,"$"
105787,"CD"
105788,"CC"
105789,"$"
105790,"CD"
105791,"."
105792,"IN"
105793,"DT"
105794,"NN"
105795,"TO"
105796,"VB"
105797,"NNS"
105798,"IN"
105799,"PRP$"
105800,"NN"
105801,"VBD"
105802,"RB"
105803,"RB"
105804,"``"
105805,"DT"
105806,"NN"
105807,"NN"
105808,","
105809,"''"
105810,"NNP"
105811,"NNP"
105812,"VBD"
105813,"JJ"
105814,"NN"
105815,"TO"
105816,"VB"
105817,"DT"
105818,"NN"
105819,"IN"
105820,"VBG"
105821,"DT"
105822,"NNS"
105823,"."
105824,"NNP"
105825,"VBD"
105826,"NN"
105827,"IN"
105828,"IN"
105829,"$"
105830,"CD"
105831,"NN"
105832,"IN"
105833,"PRP$"
105834,"NN"
105835,"NN"
105836,","
105837,"RB"
105838,"RB"
105839,"VBD"
105840,"TO"
105841,"IN"
105842,"$"
105843,"CD"
105844,"."
105845,"VBG"
105846,"IN"
105847,"PRP"
105848,"VBD"
105849,"DT"
105850,"JJ"
105851,"NN"
105852,"NN"
105853,"IN"
105854,"$"
105855,"CD"
105856,"DT"
105857,"NN"
105858,","
105859,"CC"
105860,"VBG"
105861,"PRP"
105862,"VBD"
105863,"RB"
105864,"VB"
105865,"IN"
105866,"PRP$"
105867,"NN"
105868,"VBD"
105869,"DT"
105870,"NN"
105871,","
105872,"NNP"
105873,"NNP"
105874,"MD"
105875,"VB"
105876,"VBG"
105877,"IN"
105878,"DT"
105879,"JJ"
105880,"NN"
105881,"IN"
105882,"DT"
105883,"NN"
105884,"IN"
105885,"$"
105886,"CD"
105887,"."
105888,"DT"
105889,"NNS"
105890,"VBD"
105891,"NNP"
105892,"NNP"
105893,"NNP"
105894,"NNP"
105895,"MD"
105896,"VB"
105897,"DT"
105898,"NN"
105899,"VBN"
105900,"IN"
105901,"DT"
105902,"NN"
105903,"NN"
105904,"NN"
105905,"TO"
105906,"VB"
105907,"DT"
105908,"NN"
105909,"POS"
105910,"JJS"
105911,"NN"
105912,"IN"
105913,"DT"
105914,"JJ"
105915,"NN"
105916,","
105917,"JJ"
105918,"IN"
105919,"DT"
105920,"NN"
105921,"IN"
105922,"NN"
105923,"TO"
105924,"DT"
105925,"JJ"
105926,"NN"
105927,"CC"
105928,"NN"
105929,"NNS"
105930,"."
105931,"RB"
105932,","
105933,"JJ"
105934,"JJ"
105935,"NNS"
105936,"VBD"
105937,"PRP"
105938,"VBD"
105939,"NNP"
105940,"NNP"
105941,"CC"
105942,"DT"
105943,"NNP"
105944,"NN"
105945,"MD"
105946,"RB"
105947,"VB"
105948,"TO"
105949,"JJ"
105950,"PRP"
105951,"RP"
105952,"IN"
105953,"VBG"
105954,"DT"
105955,"JJ"
105956,"NNS"
105957,"."
105958,"DT"
105959,"NNS"
105960,"VBD"
105961,"PRP"
105962,"VBD"
105963,"NNP"
105964,"NNP"
105965,","
105966,"WP$"
105967,"JJ"
105968,"NN"
105969,"VBD"
105970,"VBN"
105971,"VBN"
105972,"IN"
105973,"DT"
105974,"IN"
105975,"DT"
105976,"NN"
105977,"TO"
105978,"VB"
105979,"PRP"
105980,"MD"
105981,"RB"
105982,"VB"
105983,"RB"
105984,","
105985,"MD"
105986,"VB"
105987,"RB"
105988,"IN"
105989,"DT"
105990,"JJR"
105991,"NN"
105992,"."
105993,"NNP"
105994,"NNP"
105995,"IN"
105996,"NNP"
105997,"NNP"
105998,"CC"
105999,"NNP"
106000,"VBD"
106001,"NNP"
106002,"NNP"
106003,"``"
106004,"VBZ"
106005,"VBG"
106006,"RP"
106007,"CC"
106008,"VBG"
106009,"IN"
106010,"DT"
106011,"NN"
106012,"TO"
106013,"VB"
106014,"."
106015,"PRP"
106016,"VBP"
106017,"JJ"
106018,"PRP"
106019,"RB"
106020,"VBZ"
106021,"NNP"
106022,"."
106023,"''"
106024,"CC"
106025,"NNS"
106026,"VBD"
106027,"JJ"
106028,"."
106029,"``"
106030,"PRP"
106031,"VBD"
106032,"RB"
106033,"JJ"
106034,"NNP"
106035,"NNP"
106036,"RB"
106037,"VBD"
106038,"TO"
106039,"VB"
106040,"NNP"
106041,","
106042,"''"
106043,"VBD"
106044,"NNP"
106045,"NNP"
106046,","
106047,"DT"
106048,"NN"
106049,"NN"
106050,"IN"
106051,"NNP"
106052,"NNP"
106053,"NNP"
106054,"NNP"
106055,"."
106056,"``"
106057,"WP"
106058,"VBD"
106059,"IN"
106060,"NNP"
106061,"VBD"
106062,"DT"
106063,"JJ"
106064,"NN"
106065,"IN"
106066,"PRP"
106067,"TO"
106068,"FW"
106069,"RP"
106070,"."
106071,"''"
106072,"NNP"
106073,"NNP"
106074,"RB"
106075,"VBD"
106076,"NN"
106077,"IN"
106078,"PRP$"
106079,"NN"
106080,"."
106081,"DT"
106082,"NN"
106083,"MD"
106084,"VB"
106085,"PRP"
106086,"IN"
106087,"DT"
106088,"RB"
106089,"JJR"
106090,"NN"
106091,"NN"
106092,"MD"
106093,"PRP"
106094,"VB"
106095,"WDT"
106096,"MD"
106097,"NN"
106098,"PRP"
106099,"IN"
106100,"DT"
106101,"NN"
106102,"TO"
106103,"VB"
106104,"DT"
106105,"NN"
106106,"IN"
106107,"DT"
106108,"JJ"
106109,"NN"
106110,"."
106111,"RB"
106112,","
106113,"NNP"
106114,"CC"
106115,"NNP"
106116,"NNP"
106117,"NNP"
106118,","
106119,"DT"
106120,"CD"
106121,"NN"
106122,"NNS"
106123,"IN"
106124,"DT"
106125,"NNP"
106126,"NN"
106127,","
106128,"VBN"
106129,"IN"
106130,"JJ"
106131,"NNS"
106132,"NN"
106133,"TO"
106134,"VB"
106135,"IN"
106136,"PRP"
106137,"MD"
106138,"VB"
106139,"JJ"
106140,"TO"
106141,"VB"
106142,"DT"
106143,"NN"
106144,"IN"
106145,"DT"
106146,"JJR"
106147,"NN"
106148,"."
106149,"NNS"
106150,"JJ"
106151,"IN"
106152,"DT"
106153,"NNS"
106154,"VBD"
106155,"NNP"
106156,"VBD"
106157,"VBN"
106158,"VBG"
106159,"DT"
106160,"NN"
106161,"TO"
106162,"$"
106163,"CD"
106164,"DT"
106165,"NN"
106166,","
106167,"CC"
106168,"VBD"
106169,"DT"
106170,"NN"
106171,"VBD"
106172,"DT"
106173,"VBG"
106174,"NN"
106175,"CC"
106176,"IN"
106177,"DT"
106178,"NN"
106179,"VBZ"
106180,"VBN"
106181,"VBN"
106182,"."
106183,"IN"
106184,"$"
106185,"CD"
106186,"DT"
106187,"NN"
106188,","
106189,"DT"
106190,"NN"
106191,"MD"
106192,"VB"
106193,"TO"
106194,"VB"
106195,"IN"
106196,"$"
106197,"CD"
106198,"CD"
106199,"IN"
106200,"NNS"
106201,"."
106202,"DT"
106203,"JJ"
106204,"NNP"
106205,"NN"
106206,"VBN"
106207,"IN"
106208,"NNP"
106209,"CC"
106210,"NNP"
106211,"MD"
106212,"RB"
106213,"VB"
106214,"$"
106215,"CD"
106216,"CD"
106217,"."
106218,"NNP"
106219,"NNP"
106220,"NNP"
106221,"VBD"
106222,"VBN"
106223,"TO"
106224,"VB"
106225,"$"
106226,"CD"
106227,"CD"
106228,","
106229,"CC"
106230,"VBD"
106231,"PRP"
106232,"VBD"
106233,"``"
106234,"RB"
106235,"JJ"
106236,"''"
106237,"IN"
106238,"VBG"
106239,"DT"
106240,"$"
106241,"CD"
106242,"CD"
106243,"."
106244,"RB"
106245,","
106246,"NNP"
106247,"NNP"
106248,"NNP"
106249,"VBD"
106250,"$"
106251,"CD"
106252,"CD"
106253,"IN"
106254,"NNS"
106255,"TO"
106256,"VB"
106257,"DT"
106258,"NN"
106259,"IN"
106260,"DT"
106261,"NN"
106262,"."
106263,"CC"
106264,"JJ"
106265,"NNS"
106266,"VBD"
106267,"IN"
106268,"DT"
106269,"JJ"
106270,"NN"
106271,"NN"
106272,"CC"
106273,"NN"
106274,"NNS"
106275,"DT"
106276,"NNP"
106277,"NN"
106278,"VBD"
106279,"JJ"
106280,"TO"
106281,"VB"
106282,"PRP"
106283,"."
106284,"NNS"
106285,"JJ"
106286,"IN"
106287,"DT"
106288,"NN"
106289,"NNS"
106290,"VBD"
106291,"DT"
106292,"NNP"
106293,"NN"
106294,"NN"
106295,":"
106296,"NNP"
106297,"NNS"
106298,","
106299,"NN"
106300,","
106301,"CC"
106302,"NNP"
106303,"NNP"
106304,"NNP"
106305,":"
106306,"VBZ"
106307,"RB"
106308,"JJ"
106309,"TO"
106310,"VB"
106311,"JJR"
106312,"NN"
106313,"NNS"
106314,"CC"
106315,"NN"
106316,","
106317,"CC"
106318,"VBZ"
106319,"RB"
106320,"JJ"
106321,"TO"
106322,"VB"
106323,"PRP$"
106324,"$"
106325,"CD"
106326,"CD"
106327,"NN"
106328,"NN"
106329,"."
106330,"CC"
106331,"VBZ"
106332,"DT"
106333,"NN"
106334,"JJ"
106335,"TO"
106336,"VB"
106337,"RB"
106338,"IN"
106339,"DT"
106340,"JJ"
106341,"NN"
106342,"IN"
106343,"DT"
106344,"JJ"
106345,"CD"
106346,"NNS"
106347,"IN"
106348,"DT"
106349,"NNS"
106350,"IN"
106351,"JJ"
106352,"NNS"
106353,"."
106354,"DT"
106355,"NN"
106356,"POS"
106357,"NNS"
106358,"VBP"
106359,"TO"
106360,"VB"
106361,"JJ"
106362,"PRP"
106363,"VBP"
106364,"JJ"
106365,"NN"
106366,"NNS"
106367,"DT"
106368,"JJ"
106369,"NN"
106370,"RB"
106371,"."
106372,"RB"
106373,"IN"
106374,"DT"
106375,"NN"
106376,"NN"
106377,"VBZ"
106378,"JJ"
106379,"TO"
106380,"VB"
106381,"NN"
106382,","
106383,"DT"
106384,"NN"
106385,"RB"
106386,"VBZ"
106387,"NNS"
106388,"."
106389,"NNP"
106390,"POS"
106391,"NN"
106392,"MD"
106393,"VB"
106394,"DT"
106395,"JJ"
106396,"NN"
106397,"IN"
106398,"RB"
106399,"JJ"
106400,","
106401,"RB"
106402,"IN"
106403,"EX"
106404,"VBP"
106405,"RB"
106406,"DT"
106407,"JJ"
106408,"NNS"
106409,"."
106410,"NNP"
106411,"NNP"
106412,"NN"
106413,"NNP"
106414,"NNP"
106415,","
106416,"WP$"
106417,"$"
106418,"VBP"
106419,"VB"
106420,"VBD"
106421,"VBN"
106422,"IN"
106423,"NNP"
106424,"POS"
106425,"NN"
106426,","
106427,"VBZ"
106428,"RB"
106429,"VBN"
106430,"NNS"
106431,"IN"
106432,"VBG"
106433,"DT"
106434,"$"
106435,"JJ"
106436,"NN"
106437,"NN"
106438,"PRP"
106439,"VBD"
106440,"JJ"
106441,"NN"
106442,"."
106443,"IN"
106444,"NN"
106445,","
106446,"DT"
106447,"NN"
106448,"IN"
106449,"NN"
106450,"CC"
106451,"NN"
106452,","
106453,"JJ"
106454,"NNS"
106455,"WP"
106456,"VBD"
106457,"NNS"
106458,"RB"
106459,"IN"
106460,"DT"
106461,"NN"
106462,"IN"
106463,"NNP"
106464,"NNP"
106465,"POS"
106466,"NN"
106467,","
106468,"MD"
106469,"VB"
106470,"RB"
106471,"RB"
106472,"."
106473,"DT"
106474,"NN"
106475,"POS"
106476,"NN"
106477,"VBZ"
106478,"PRP$"
106479,"JJ"
106480,"NN"
106481,"NN"
106482,"WRB"
106483,"CD"
106484,"JJ"
106485,"NN"
106486,"NN"
106487,"NNS"
106488,"NN"
106489,"IN"
106490,"NNP"
106491,"IN"
106492,"DT"
106493,"RB"
106494,"VBN"
106495,"NN"
106496,"."
106497,"NNP"
106498,"NNP"
106499,"NNP"
106500,"."
106501,"("
106502,"NNP"
106503,")"
106504,"NNP"
106505,"VBZ"
106506,"DT"
106507,"JJ"
106508,"NN"
106509,"IN"
106510,"VBG"
106511,"WRB"
106512,"NNS"
106513,"VBD"
106514,"TO"
106515,"VB"
106516,"DT"
106517,"NN"
106518,"DT"
106519,"NNS"
106520,"VBD"
106521,"RB"
106522,"JJ"
106523,"NN"
106524,"."
106525,"DT"
106526,"NN"
106527,"NN"
106528,"VBZ"
106529,"VBG"
106530,"TO"
106531,"VB"
106532,"DT"
106533,"NN"
106534,"WDT"
106535,"DT"
106536,"NN"
106537,"VBZ"
106538,"."
106539,"CC"
106540,"IN"
106541,"DT"
106542,"NN"
106543,"VBZ"
106544,"DT"
106545,"JJ"
106546,"NN"
106547,"CC"
106548,"VBZ"
106549,"TO"
106550,"VB"
106551,"JJ"
106552,"NNS"
106553,","
106554,"PRP"
106555,"MD"
106556,"VB"
106557,"WP"
106558,"VBZ"
106559,"VBN"
106560,"DT"
106561,"JJ"
106562,"NN"
106563,"IN"
106564,"DT"
106565,"JJ"
106566,"NN"
106567,"."
106568,"DT"
106569,"NNS"
106570,"MD"
106571,"VB"
106572,"RB"
106573,"IN"
106574,"VBG"
106575,"PRP"
106576,"VBP"
106577,"JJ"
106578,"TO"
106579,"DT"
106580,"NN"
106581,"CC"
106582,"NN"
106583,"IN"
106584,"PRP"
106585,"MD"
106586,"VB"
106587,"TO"
106588,"VB"
106589,"DT"
106590,"NNS"
106591,"."
106592,"IN"
106593,"PRP"
106594,"VBD"
106595,"TO"
106596,"VB"
106597,"IN"
106598,"DT"
106599,"JJ"
106600,"NN"
106601,"IN"
106602,","
106603,"VB"
106604,"$"
106605,"CD"
106606,"DT"
106607,"NN"
106608,","
106609,"DT"
106610,"NN"
106611,"MD"
106612,"RB"
106613,"VB"
106614,"JJ"
106615,"TO"
106616,"VB"
106617,"DT"
106618,"JJR"
106619,"NN"
106620,"IN"
106621,"JJ"
106622,"NNS"
106623,"IN"
106624,"NNS"
106625,"MD"
106626,"VB"
106627,"TO"
106628,"VB"
106629,"DT"
106630,"NN"
106631,"DT"
106632,"NNS"
106633,"VBP"
106634,"."
106635,"RB"
106636,","
106637,"IN"
106638,"NNP"
106639,"NNP"
106640,"NNP"
106641,"NNP"
106642,"CC"
106643,"JJ"
106644,"NNP"
106645,"NNS"
106646,"VBP"
106647,"VBN"
106648,"DT"
106649,"NNS"
106650,"POS"
106651,"NN"
106652,","
106653,"DT"
106654,"NN"
106655,"MD"
106656,"VB"
106657,"VBN"
106658,"TO"
106659,"VB"
106660,"PRP"
106661,"IN"
106662,"PRP$"
106663,"NNS"
106664,"IN"
106665,"NN"
106666,"TO"
106667,"VB"
106668,"JJ"
106669,"TO"
106670,"JJ"
106671,"NNS"
106672,"."
106673,"DT"
106674,"MD"
106675,"VB"
106676,"PRP"
106677,"DT"
106678,"NN"
106679,"TO"
106680,"VB"
106681,"DT"
106682,"NN"
106683,"CC"
106684,"RB"
106685,"VB"
106686,"DT"
106687,"JJ"
106688,"NN"
106689,"."
106690,"O"
106691,"JJ"
106692,"NNS"
106693,"IN"
106694,"DT"
106695,"NNP"
106696,"NNP"
106697,"CC"
106698,"NNP"
106699,"NNP"
106700,"VBD"
106701,"NN"
106702,"WDT"
106703,"MD"
106704,"VB"
106705,"WRB"
106706,"DT"
106707,"JJ"
106708,"JJ"
106709,"NN"
106710,"NN"
106711,"MD"
106712,"VB"
106713,"NN"
106714,","
106715,"VBG"
106716,"DT"
106717,"JJ"
106718,"NN"
106719,"TO"
106720,"DT"
106721,"NN"
106722,"POS"
106723,"NN"
106724,"IN"
106725,"JJ"
106726,"NNS"
106727,"."
106728,"DT"
106729,"NN"
106730,","
106731,"WP$"
106732,"NNS"
106733,"VBP"
106734,"NNP"
106735,"NNP"
106736,"NNP"
106737,"("
106738,"NNP"
106739,","
106740,"NNP"
106741,")"
106742,","
106743,"MD"
106744,"VB"
106745,"DT"
106746,"NNP"
106747,"NNP"
106748,"NNP"
106749,"IN"
106750,"VBG"
106751,"JJ"
106752,"JJ"
106753,"NN"
106754,"IN"
106755,"VBG"
106756,"DT"
106757,"JJ"
106758,"NN"
106759,"CC"
106760,"NN"
106761,"NN"
106762,"NN"
106763,"WDT"
106764,"MD"
106765,"RB"
106766,"VB"
106767,"VBN"
106768,"IN"
106769,"DT"
106770,"JJ"
106771,"NN"
106772,"."
106773,"DT"
106774,"NN"
106775,"VBZ"
106776,"TO"
106777,"VB"
106778,"DT"
106779,"NNP"
106780,"TO"
106781,"NNP"
106782,"NNS"
106783,"RB"
106784,","
106785,"IN"
106786,"DT"
106787,"NN"
106788,"VBZ"
106789,"JJ"
106790,"JJ"
106791,"NN"
106792,"."
106793,"``"
106794,"JJ"
106795,"NN"
106796,"``"
106797,"NNP"
106798,"POS"
106799,"VBG"
106800,"VBZ"
106801,"JJ"
106802,"CC"
106803,"JJ"
106804,","
106805,"RB"
106806,"RBR"
106807,"JJ"
106808,"IN"
106809,"JJ"
106810,"NN"
106811,"NN"
106812,","
106813,"''"
106814,"VBD"
106815,"NNP"
106816,"NNP"
106817,"NNP"
106818,"("
106819,"NNP"
106820,","
106821,"NNP"
106822,")"
106823,","
106824,"DT"
106825,"NN"
106826,"POS"
106827,"JJ"
106828,"NN"
106829,"."
106830,"DT"
106831,"JJ"
106832,"NN"
106833,"NN"
106834,"IN"
106835,"DT"
106836,"NN"
106837,"NN"
106838,"NN"
106839,"VBZ"
106840,"VBG"
106841,"$"
106842,"CD"
106843,"CD"
106844,"IN"
106845,"NN"
106846,"VBN"
106847,"IN"
106848,"DT"
106849,"RB"
106850,"VBN"
106851,"NNP"
106852,"."
106853,"DT"
106854,"NN"
106855,"NN"
106856,"VBD"
106857,"VBN"
106858,"IN"
106859,"DT"
106860,"JJ"
106861,"NN"
106862,"IN"
106863,"NN"
106864,"TO"
106865,"VB"
106866,"DT"
106867,"NN"
106868,"NN"
106869,"IN"
106870,"VBG"
106871,"DT"
106872,"NN"
106873,"NN"
106874,"."
106875,"DT"
106876,"$"
106877,"CD"
106878,"CD"
106879,"MD"
106880,"VB"
106881,"VBN"
106882,"IN"
106883,"NN"
106884,"NNS"
106885,","
106886,"WDT"
106887,"VBP"
106888,"JJR"
106889,"NN"
106890,"NNS"
106891,"."
106892,"CC"
106893,"DT"
106894,"NNP"
106895,"RB"
106896,"VBZ"
106897,"``"
106898,"JJ"
106899,"''"
106900,"NN"
106901,"TO"
106902,"VB"
106903,"DT"
106904,"JJ"
106905,"NNS"
106906,"IN"
106907,"NNS"
106908,"WDT"
106909,"VBP"
106910,"VBN"
106911,","
106912,"IN"
106913,"DT"
106914,"NNS"
106915,"MD"
106916,"VB"
106917,"VBN"
106918,"RB"
106919,"."
106920,"DT"
106921,"NN"
106922,"MD"
106923,"VB"
106924,"VBN"
106925,"RP"
106926,"IN"
106927,"DT"
106928,"NNS"
106929,"VBP"
106930,"VBN"
106931,","
106932,"VBG"
106933,"DT"
106934,"JJ"
106935,"NN"
106936,"IN"
106937,"DT"
106938,"NN"
106939,"IN"
106940,"$"
106941,"CD"
106942,"CD"
106943,","
106944,"CC"
106945,"$"
106946,"CD"
106947,"CD"
106948,"IN"
106949,"NN"
106950,"IN"
106951,"CD"
106952,"NNS"
106953,"."
106954,"``"
106955,"PRP"
106956,"VBZ"
106957,"DT"
106958,"NN"
106959,"WDT"
106960,"RB"
106961,"VBZ"
106962,"TO"
106963,"VB"
106964,"VBN"
106965,","
106966,"''"
106967,"VBD"
106968,"NNP"
106969,"FW"
106970,","
106971,"JJ"
106972,"NN"
106973,"IN"
106974,"DT"
106975,"NNP"
106976,"."
106977,"DT"
106978,"NN"
106979,"VBZ"
106980,"RB"
106981,"VBN"
106982,"RB"
106983,"$"
106984,"CD"
106985,"CD"
106986,"NN"
106987,"CD"
106988,"JJ"
106989,"NNS"
106990,","
106991,"CC"
106992,"PRP"
106993,"VBZ"
106994,"JJ"
106995,"TO"
106996,"VB"
106997,"CC"
106998,"VB"
106999,"NN"
107000,"IN"
107001,"DT"
107002,"NN"
107003,"DT"
107004,"NN"
107005,"VBZ"
107006,"."
107007,"JJ"
107008,"JJ"
107009,"NN"
107010,"NN"
107011,","
107012,"PRP"
107013,"VBD"
107014,","
107015,"DT"
107016,"NNP"
107017,"MD"
107018,"VB"
107019,"VBN"
107020,"TO"
107021,"VB"
107022,"JJ"
107023,"NN"
107024,"NNS"
107025,"IN"
107026,"NN"
107027,"MD"
107028,"VB"
107029,"VBN"
107030,"IN"
107031,"VBG"
107032,"DT"
107033,"JJ"
107034,"NNS"
107035,"."
107036,"``"
107037,"PRP"
107038,"MD"
107039,"VB"
107040,"TO"
107041,"VB"
107042,"IN"
107043,"PRP"
107044,"VBP"
107045,"VBN"
107046,"IN"
107047,"DT"
107048,"NNS"
107049,"IN"
107050,"PRP"
107051,"MD"
107052,"VB"
107053,"RB"
107054,","
107055,"''"
107056,"PRP"
107057,"VBD"
107058,"."
107059,"DT"
107060,"JJ"
107061,"NN"
107062,"IN"
107063,"DT"
107064,"JJ"
107065,"JJ"
107066,"NN"
107067,"VBZ"
107068,"VBN"
107069,"DT"
107070,"NN"
107071,"."
107072,"DT"
107073,"NN"
107074,"VBZ"
107075,"VB"
107076,"DT"
107077,"NNP"
107078,"TO"
107079,"VB"
107080,"IN"
107081,"DT"
107082,"NN"
107083,"IN"
107084,"TO"
107085,"$"
107086,"CD"
107087,"CD"
107088,"IN"
107089,"DT"
107090,"NN"
107091,"."
107092,"RB"
107093,","
107094,"PRP"
107095,"VBZ"
107096,"DT"
107097,"NNP"
107098,"POS"
107099,"JJ"
107100,"NNS"
107101,"MD"
107102,"RB"
107103,"VB"
107104,"$"
107105,"CD"
107106,"CD"
107107,","
107108,"CC"
107109,"DT"
107110,"NN"
107111,"VBZ"
107112,"VBN"
107113,"IN"
107114,"VBG"
107115,"NNS"
107116,"CC"
107117,"JJ"
107118,"NN"
107119,","
107120,"CC"
107121,"NN"
107122,"IN"
107123,"PRP"
107124,"DT"
107125,"NN"
107126,"NN"
107127,"IN"
107128,"DT"
107129,"NNS"
107130,"DT"
107131,"NNP"
107132,"VBZ"
107133,"."
107134,"NNP"
107135,"NNP"
107136,"VBD"
107137,"RB"
107138,"VB"
107139,"CC"
107140,"VB"
107141,"JJR"
107142,"JJ"
107143,"NN"
107144,","
107145,"VBP"
107146,"NNS"
107147,"IN"
107148,"DT"
107149,"NNP"
107150,"POS"
107151,"JJ"
107152,"NN"
107153,","
107154,"CC"
107155,"NNP"
107156,"NNP"
107157,"NNP"
107158,"("
107159,"NNP"
107160,","
107161,"NNP"
107162,"."
107163,")"
107164,"VBD"
107165,"DT"
107166,"NNP"
107167,"NNP"
107168,"NNP"
107169,"VBZ"
107170,"VBN"
107171,"JJ"
107172,"IN"
107173,"RB"
107174,"VBG"
107175,"NNP"
107176,"VBD"
107177,"."
107178,"``"
107179,"DT"
107180,"NN"
107181,"VBZ"
107182,"TO"
107183,"DT"
107184,"NN"
107185,"IN"
107186,"DT"
107187,"NN"
107188,"IN"
107189,"NNP"
107190,"CC"
107191,"NNP"
107192,","
107193,"WDT"
107194,"VBZ"
107195,"TO"
107196,"PRP"
107197,"NN"
107198,"IN"
107199,"NNP"
107200,","
107201,"''"
107202,"PRP"
107203,"VBD"
107204,"."
107205,"``"
107206,"DT"
107207,"NNP"
107208,"VBZ"
107209,"VBG"
107210,"TO"
107211,"VB"
107212,"TO"
107213,"VB"
107214,"DT"
107215,"NN"
107216,"IN"
107217,"JJ"
107218,"NN"
107219,"IN"
107220,"DT"
107221,"NNP"
107222,"IN"
107223,"PRP"
107224,"VBP"
107225,"DT"
107226,"NN"
107227,"IN"
107228,"NN"
107229,"."
107230,"''"
107231,"NNP"
107232,"NNP"
107233,"CC"
107234,"NNP"
107235,"NNP"
107236,"MD"
107237,"VB"
107238,"DT"
107239,"NN"
107240,"IN"
107241,"DT"
107242,"NN"
107243,"IN"
107244,"NNP"
107245,"."
107246,"O"
107247,"PRP"
107248,"VBP"
107249,"RB"
107250,"TO"
107251,"VB"
107252,"IN"
107253,"NN"
107254,"NNS"
107255,"."
107256,"NN"
107257,"IN"
107258,"DT"
107259,"NNS"
107260,"IN"
107261,"NNP"
107262,"POS"
107263,"JJ"
107264,"NN"
107265,"NN"
107266,"CC"
107267,"DT"
107268,"NN"
107269,"WDT"
107270,"VBZ"
107271,"VBN"
107272,","
107273,"DT"
107274,"JJ"
107275,"JJ"
107276,"NN"
107277,"NNS"
107278,"VBP"
107279,"VBG"
107280,"IN"
107281,"JJ"
107282,"NNS"
107283,"VBG"
107284,"DT"
107285,"JJ"
107286,"NN"
107287,":"
107288,"RB"
107289,"IN"
107290,"NN"
107291,","
107292,"DT"
107293,"NN"
107294,"POS"
107295,"JJ"
107296,"NN"
107297,"."
107298,"PRP$"
107299,"NN"
107300,"VBZ"
107301,"TO"
107302,"VB"
107303,"NNS"
107304,"IN"
107305,"VBG"
107306,"DT"
107307,"NN"
107308,","
107309,"IN"
107310,"JJ"
107311,"NNS"
107312,"VBD"
107313,"IN"
107314,"NNS"
107315,"IN"
107316,"DT"
107317,"NN"
107318,"IN"
107319,"NNP"
107320,"RB"
107321,"NNS"
107322,"IN"
107323,"DT"
107324,"CD"
107325,"NN"
107326,","
107327,"JJ"
107328,"NN"
107329,"NNS"
107330,"VBD"
107331,"IN"
107332,"NNS"
107333,"TO"
107334,"VB"
107335,"NNS"
107336,"."
107337,"DT"
107338,"NN"
107339,"RB"
107340,","
107341,"PRP"
107342,"VBP"
107343,"VBG"
107344,"RB"
107345,"RBR"
107346,"."
107347,"NNP"
107348,"NNP"
107349,"VBD"
107350,"DT"
107351,"JJ"
107352,"NN"
107353,"NN"
107354,"IN"
107355,"CD"
107356,"NN"
107357,"NNP"
107358,"NN"
107359,"CC"
107360,"VBD"
107361,"PRP"
107362,"IN"
107363,"DT"
107364,"NN"
107365,"IN"
107366,"JJ"
107367,"NN"
107368,"."
107369,"NNP"
107370,"NNP"
107371,"VBD"
107372,"JJ"
107373,"NNS"
107374,"IN"
107375,"NNS"
107376,"NN"
107377,","
107378,"CC"
107379,"VBD"
107380,"DT"
107381,"JJ"
107382,"NN"
107383,"VBG"
107384,"NN"
107385,"."
107386,"NNP"
107387,"NNP"
107388,"NNP"
107389,"NNP"
107390,"IN"
107391,"NN"
107392,"NN"
107393,"VBD"
107394,"RB"
107395,"VBN"
107396,"JJ"
107397,"NN"
107398,"NNS"
107399,"."
107400,"PRP"
107401,"VBD"
107402,"VBG"
107403,"PRP"
107404,"IN"
107405,"NN"
107406,"NN"
107407,"POS"
107408,"NN"
107409,"NN"
107410,"NN"
107411,"CC"
107412,"VBD"
107413,"RB"
107414,"TO"
107415,"WRB"
107416,"DT"
107417,"NN"
107418,"VBD"
107419,"NN"
107420,"."
107421,"JJ"
107422,"NN"
107423,"NNS"
107424,","
107425,"VBG"
107426,"NNP"
107427,"NNP"
107428,"CC"
107429,"NNP"
107430,","
107431,"VBD"
107432,"VBG"
107433,"IN"
107434,"JJ"
107435,"JJ"
107436,"NN"
107437,"NNS"
107438,"."
107439,"DT"
107440,"NN"
107441,"NNS"
107442,"VBD"
107443,"DT"
107444,"NN"
107445,"DT"
107446,"JJ"
107447,"NN"
107448,"RB"
107449,","
107450,"WRB"
107451,"VBD"
107452,"NNS"
107453,"VBN"
107454,"DT"
107455,"NN"
107456,"NNS"
107457,"CC"
107458,"VBD"
107459,"DT"
107460,"NN"
107461,"IN"
107462,"DT"
107463,"NN"
107464,"."
107465,"DT"
107466,"NN"
107467,","
107468,"DT"
107469,"NNS"
107470,"VBD"
107471,"JJ"
107472,"."
107473,"NNP"
107474,","
107475,"IN"
107476,"NN"
107477,","
107478,"JJ"
107479,"NNS"
107480,"JJ"
107481,"NNS"
107482,"RB"
107483,"IN"
107484,"NN"
107485,"IN"
107486,"DT"
107487,"NN"
107488,"NN"
107489,"."
107490,"WRB"
107491,"DT"
107492,"NN"
107493,"VBD"
107494,"IN"
107495,"PRP$"
107496,"JJ"
107497,"NN"
107498,"NNP"
107499,"NN"
107500,","
107501,"DT"
107502,"NN"
107503,"NN"
107504,"VBD"
107505,"JJ"
107506,"NNS"
107507,"IN"
107508,"DT"
107509,"NNP"
107510,"NNP"
107511,"IN"
107512,"PDT"
107513,"DT"
107514,"NN"
107515,"NNS"
107516,"."
107517,"DT"
107518,"NNS"
107519,"VBD"
107520,"NNP"
107521,"POS"
107522,"JJ"
107523,"NN"
107524,"IN"
107525,"DT"
107526,"JJ"
107527,"NN"
107528,","
107529,"``"
107530,"NNP"
107531,"VBZ"
107532,"JJ"
107533,"IN"
107534,"PRP$"
107535,"NN"
107536,"."
107537,"''"
107538,"DT"
107539,"NNP"
107540,"NN"
107541,"VBZ"
107542,"DT"
107543,"NN"
107544,","
107545,"WDT"
107546,"RB"
107547,"VBD"
107548,"VBG"
107549,"CC"
107550,"WDT"
107551,"JJ"
107552,"NNS"
107553,"VBD"
107554,"RB"
107555,"VB"
107556,"RB"
107557,","
107558,"VBD"
107559,"RB"
107560,"VB"
107561,"DT"
107562,"JJ"
107563,"NN"
107564,"IN"
107565,"NNS"
107566,"IN"
107567,"DT"
107568,"NN"
107569,"."
107570,"``"
107571,"DT"
107572,"NN"
107573,"IN"
107574,"NN"
107575,"NN"
107576,"VBZ"
107577,"IN"
107578,"DT"
107579,"NN"
107580,"IN"
107581,"PRP"
107582,"MD"
107583,"VB"
107584,"TO"
107585,"PRP"
107586,","
107587,"''"
107588,"PRP"
107589,"VBZ"
107590,"."
107591,"``"
107592,"TO"
107593,"VB"
107594,"DT"
107595,"NN"
107596,"VBZ"
107597,"RB"
107598,"JJ"
107599,"."
107600,"PRP"
107601,"MD"
107602,"VB"
107603,"VBN"
107604,"RB"
107605,"JJ"
107606,"TO"
107607,"VB"
107608,"RB"
107609,"IN"
107610,"NNP"
107611,"."
107612,"PRP"
107613,"VBD"
107614,"TO"
107615,"VB"
107616,"IN"
107617,"PRP"
107618,"RB"
107619,"IN"
107620,"NN"
107621,"."
107622,"''"
107623,"NNP"
107624,"POS"
107625,"NNP"
107626,"NN"
107627,"VBZ"
107628,"DT"
107629,"NN"
107630,"RB"
107631,","
107632,"JJ"
107633,"NNS"
107634,"TO"
107635,"VB"
107636,"IN"
107637,"DT"
107638,"NN"
107639,"CC"
107640,"RB"
107641,"TO"
107642,"VB"
107643,"IN"
107644,"IN"
107645,"NNP"
107646,"."
107647,"IN"
107648,"DT"
107649,"NN"
107650,"``"
107651,"NN"
107652,","
107653,"''"
107654,"PRP"
107655,"VBZ"
107656,","
107657,"``"
107658,"VBN"
107659,"IN"
107660,"DT"
107661,"NNS"
107662,"IN"
107663,"DT"
107664,"JJ"
107665,"NN"
107666,","
107667,"DT"
107668,"NNS"
107669,"VBP"
107670,"TO"
107671,"VB"
107672,"PRP$"
107673,"NNS"
107674,"VBP"
107675,"VBN"
107676,"TO"
107677,"VB"
107678,"VB"
107679,"PRP"
107680,"IN"
107681,"DT"
107682,"NN"
107683,"POS"
107684,"NN"
107685,"."
107686,"''"
107687,"PRP"
107688,"VBZ"
107689,"IN"
107690,"TO"
107691,"VB"
107692,"DT"
107693,"JJ"
107694,"JJ"
107695,"NNP"
107696,"NNS"
107697,"IN"
107698,"NN"
107699,"."
107700,"NNP"
107701,"RB"
107702,"VBD"
107703,"JJ"
107704,"TO"
107705,"VBP"
107706,"RP"
107707,"RB"
107708,"NNS"
107709,"TO"
107710,"DT"
107711,"CD"
107712,"NN"
107713,"."
107714,"IN"
107715,"DT"
107716,"NN"
107717,"IN"
107718,"DT"
107719,"CD"
107720,"NN"
107721,","
107722,"DT"
107723,"NN"
107724,"NN"
107725,"VBD"
107726,"NN"
107727,"NNS"
107728,"RB"
107729,","
107730,"RB"
107731,"VBG"
107732,"PRP$"
107733,"NN"
107734,"IN"
107735,"JJ"
107736,"NN"
107737,"TO"
107738,"NN"
107739,"DT"
107740,"NN"
107741,"IN"
107742,"DT"
107743,"NN"
107744,"VBD"
107745,"CC"
107746,"VB"
107747,"PRP"
107748,"IN"
107749,"DT"
107750,"NN"
107751,"IN"
107752,"NN"
107753,"."
107754,"PRP"
107755,"RB"
107756,"VBD"
107757,"DT"
107758,"NN"
107759,"IN"
107760,"NNP"
107761,"NNP"
107762,"NNP"
107763,"IN"
107764,"WDT"
107765,"FW"
107766,"MD"
107767,"VBP"
107768,"TO"
107769,"VB"
107770,"PRP$"
107771,"JJ"
107772,"NNS"
107773,"."
107774,"DT"
107775,"JJ"
107776,"NNP"
107777,"NN"
107778,","
107779,"VBN"
107780,"IN"
107781,"NN"
107782,"NN"
107783,"NNP"
107784,"CC"
107785,"NNP"
107786,"NNP"
107787,","
107788,"VBZ"
107789,"NNP"
107790,"NNP"
107791,","
107792,"NN"
107793,"IN"
107794,"DT"
107795,"NN"
107796,"POS"
107797,"JJS"
107798,"JJ"
107799,"NN"
107800,"NNS"
107801,","
107802,"VBG"
107803,"RB"
107804,"JJ"
107805,"."
107806,"NNP"
107807,"RB"
107808,"IN"
107809,"DT"
107810,"NN"
107811,"VBD"
107812,"NN"
107813,","
107814,"PRP"
107815,"VBZ"
107816,"NNP"
107817,"NNP"
107818,"VBG"
107819,","
107820,"``"
107821,"PRP"
107822,"VBP"
107823,"DT"
107824,"NN"
107825,"RB"
107826,"IN"
107827,"VBG"
107828,"IN"
107829,"DT"
107830,"RB"
107831,"JJ"
107832,"NN"
107833,":"
107834,"."
107835,"PRP"
107836,"VBP"
107837,"TO"
107838,"VB"
107839,"IN"
107840,"DT"
107841,"NN"
107842,"NN"
107843,"VBZ"
107844,"RB"
107845,"DT"
107846,"NN"
107847,"TO"
107848,"VB"
107849,"IN"
107850,"JJ"
107851,"NN"
107852,"."
107853,"''"
107854,"DT"
107855,"NN"
107856,"VBD"
107857,"VBN"
107858,"TO"
107859,"VB"
107860,"CD"
107861,"NNS"
107862,"IN"
107863,"CD"
107864,"JJ"
107865,"NN"
107866,"."
107867,"NNP"
107868,"VBD"
107869,"DT"
107870,"RB"
107871,"RBR"
107872,"VB"
107873,","
107874,"VBG"
107875,"JJ"
107876,"NNS"
107877,"."
107878,"RB"
107879,","
107880,"PRP"
107881,"VBD"
107882,"IN"
107883,"RB"
107884,"VBG"
107885,"DT"
107886,"NNS"
107887,"WP"
107888,"VBP"
107889,"PRP$"
107890,"NN"
107891,"TO"
107892,"VB"
107893,"DT"
107894,"NN"
107895,"IN"
107896,"DT"
107897,"NN"
107898,"."
107899,"``"
107900,"PRP"
107901,"VBP"
107902,"VBG"
107903,"DT"
107904,"JJS"
107905,"NN"
107906,"IN"
107907,"NN"
107908,"MD"
107909,"VB"
107910,"VBZ"
107911,"TO"
107912,"VB"
107913,"DT"
107914,"NN"
107915,"VB"
107916,"RP"
107917,"CC"
107918,"VB"
107919,"NN"
107920,","
107921,"WDT"
107922,"RB"
107923,"VBZ"
107924,"DT"
107925,"NNS"
107926,"RP"
107927,"RBR"
107928,","
107929,"''"
107930,"VBZ"
107931,"NNP"
107932,"NNP"
107933,","
107934,"NNP"
107935,"POS"
107936,"NN"
107937,"IN"
107938,"NN"
107939,"."
107940,"``"
107941,"IN"
107942,"PRP"
107943,"VBD"
107944,"PRP"
107945,"CC"
107946,"VBD"
107947,"PRP"
107948,"NNP"
107949,","
107950,"DT"
107951,"JJ"
107952,"NN"
107953,"VBZ"
107954,"RB"
107955,"VBN"
107956,"."
107957,"''"
107958,"PRP"
107959,"VBZ"
107960,","
107961,"``"
107962,"DT"
107963,"VBZ"
107964,"RB"
107965,"CD"
107966,"JJ"
107967,"."
107968,"''"
107969,"IN"
107970,"DT"
107971,"NN"
107972,"NN"
107973,"CC"
107974,"RB"
107975,"VBG"
107976,"RP"
107977,"JJR"
107978,"IN"
107979,"CD"
107980,"NNS"
107981,"RB"
107982,","
107983,"NN"
107984,"NNS"
107985,"VBD"
107986,"TO"
107987,"RB"
107988,"VB"
107989,"PRP$"
107990,"NN"
107991,"."
107992,"IN"
107993,"NNP"
107994,"NNP"
107995,","
107996,"NNS"
107997,"VBD"
107998,"JJ"
107999,"JJ"
108000,"NNS"
108001,"NNP"
108002,"NN"
108003,"CC"
108004,"IN"
108005,"DT"
108006,"NN"
108007,","
108008,"RB"
108009,"VBD"
108010,"TO"
108011,"VB"
108012,"NN"
108013,"NN"
108014,"."
108015,"DT"
108016,"NN"
108017,"VBD"
108018,"VBN"
108019,"TO"
108020,"VB"
108021,"NN"
108022,"IN"
108023,"NNP"
108024,"POS"
108025,"NNP"
108026,","
108027,"JJ"
108028,"``"
108029,"WRB"
108030,"PRP"
108031,"CC"
108032,"''"
108033,"NNS"
108034,","
108035,"WDT"
108036,"VBP"
108037,"VBN"
108038,"VBG"
108039,"RB"
108040,"IN"
108041,"NN"
108042,"TO"
108043,"NN"
108044,"NNS"
108045,"IN"
108046,"CD"
108047,"."
108048,"DT"
108049,"NN"
108050,"MD"
108051,"VB"
108052,"VBN"
108053,"IN"
108054,"DT"
108055,"NNP"
108056,"NNP"
108057,"NN"
108058,","
108059,"VBG"
108060,"DT"
108061,"NN"
108062,"NN"
108063,"IN"
108064,"NNP"
108065,"POS"
108066,"JJ"
108067,"NN"
108068,"NN"
108069,","
108070,"``"
108071,"NN"
108072,"IN"
108073,"NN"
108074,"."
108075,"''"
108076,"CC"
108077,"IN"
108078,"DT"
108079,"NN"
108080,"IN"
108081,"DT"
108082,"NN"
108083,"VBD"
108084,"NN"
108085,","
108086,"NNP"
108087,"NNS"
108088,"VBD"
108089,"RB"
108090,"TO"
108091,"VB"
108092,"RB"
108093,"IN"
108094,"DT"
108095,"JJ"
108096,"NN"
108097,"."
108098,"``"
108099,"PRP"
108100,"VBP"
108101,"RB"
108102,"VB"
108103,"IN"
108104,"DT"
108105,"NN"
108106,"NN"
108107,"VBZ"
108108,"TO"
108109,"VB"
108110,"VBN"
108111,"."
108112,"DT"
108113,"NN"
108114,"VBZ"
108115,"TO"
108116,"VB"
108117,"VBG"
108118,"RP"
108119,":"
108120,"PRP"
108121,"VBP"
108122,"VBG"
108123,"DT"
108124,"JJ"
108125,"NN"
108126,","
108127,"''"
108128,"VBZ"
108129,"NNP"
108130,"NNP"
108131,"NNP"
108132,","
108133,"JJ"
108134,"NN"
108135,"NN"
108136,"IN"
108137,"NN"
108138,"."
108139,"IN"
108140,"DT"
108141,"NN"
108142,","
108143,"DT"
108144,"NN"
108145,"NNS"
108146,"VBP"
108147,"RB"
108148,"VBG"
108149,"JJR"
108150,"TO"
108151,"VB"
108152,"JJ"
108153,"NNS"
108154,"IN"
108155,"PRP"
108156,"VBD"
108157,"IN"
108158,"DT"
108159,"NN"
108160,"IN"
108161,"CD"
108162,"."
108163,"CC"
108164,"PRP"
108165,"VBZ"
108166,"TO"
108167,"VB"
108168,"VBN"
108169,"IN"
108170,"PRP$"
108171,"NNS"
108172,"MD"
108173,"VB"
108174,"DT"
108175,"RBR"
108176,"JJ"
108177,"."
108178,"IN"
108179,"CD"
108180,","
108181,"IN"
108182,"DT"
108183,"NN"
108184,"IN"
108185,"NNS"
108186,"IN"
108187,"JJS"
108188,"IN"
108189,"DT"
108190,"JJ"
108191,"NN"
108192,"NNS"
108193,","
108194,"NNS"
108195,"VBD"
108196,"IN"
108197,"DT"
108198,"NN"
108199,"IN"
108200,"NNP"
108201,"."
108202,"RB"
108203,"DT"
108204,"NNS"
108205,"MD"
108206,"VB"
108207,"PRP$"
108208,"JJS"
108209,"TO"
108210,"VB"
108211,"IN"
108212,"NN"
108213,"MD"
108214,"VB"
108215,"DT"
108216,"NN"
108217,"RB"
108218,"."
108219,"NNP"
108220,"NNPS"
108221,":"
108222,"."
108223,"NNP"
108224,"NNP"
108225,":"
108226,"NNP"
108227,"NNP"
108228,","
108229,"JJ"
108230,"NN"
108231,"IN"
108232,"NNP"
108233,"NNP"
108234,","
108235,"NNP"
108236,"NNP"
108237,","
108238,"VBD"
108239,"DT"
108240,"NN"
108241,"IN"
108242,"NN"
108243,"TO"
108244,"VB"
108245,"DT"
108246,"NN"
108247,"NN"
108248,"IN"
108249,"NNP"
108250,"NNP"
108251,","
108252,"DT"
108253,"JJ"
108254,"NNP"
108255,"NN"
108256,"."
108257,"NNS"
108258,"VBD"
108259,"RB"
108260,"VBN"
108261,"."
108262,"NNP"
108263,"NNP"
108264,","
108265,"WP"
108266,"VBD"
108267,"PRP$"
108268,"NNP"
108269,"NNP"
108270,"NN"
108271,"IN"
108272,"NNP"
108273,","
108274,"VBZ"
108275,"NN"
108276,"CC"
108277,"JJ"
108278,"NN"
108279,"IN"
108280,"NNP"
108281,"."
108282,"NNP"
108283,"NNP"
108284,","
108285,"DT"
108286,"NN"
108287,"POS"
108288,"NN"
108289,"CC"
108290,"JJ"
108291,"NN"
108292,","
108293,"MD"
108294,"VB"
108295,"DT"
108296,"NN"
108297,"IN"
108298,"NN"
108299,"."
108300,"RB"
108301,","
108302,"NNP"
108303,"POS"
108304,"NNP"
108305,","
108306,"NNP"
108307,"NNP"
108308,","
108309,"NNP"
108310,","
108311,"VBD"
108312,"NNP"
108313,"TO"
108314,"VB"
108315,"PRP$"
108316,"JJ"
108317,"$"
108318,"CD"
108319,"CD"
108320,"JJ"
108321,"NN"
108322,"NN"
108323,"IN"
108324,"DT"
108325,"NNP"
108326,","
108327,"NNP"
108328,","
108329,"NN"
108330,"."
108331,"DT"
108332,"NN"
108333,"VBD"
108334,"VBN"
108335,"VBN"
108336,"IN"
108337,"NNP"
108338,"NNP"
108339,","
108340,"NNP"
108341,"NNP"
108342,"."
108343,"NNP"
108344,"NNP"
108345,":"
108346,"DT"
108347,"JJ"
108348,"NN"
108349,"NN"
108350,"TO"
108351,"NNP"
108352,"NNP"
108353,"POS"
108354,"JJ"
108355,"``"
108356,"NNP"
108357,"NNP"
108358,"''"
108359,"NN"
108360,"NNS"
108361,"IN"
108362,"NN"
108363,"NNS"
108364,"TO"
108365,"VB"
108366,"PRP$"
108367,"NN"
108368,"TO"
108369,"VB"
108370,"VB"
108371,"DT"
108372,"NN"
108373,"POS"
108374,"NN"
108375,"NN"
108376,"."
108377,"DT"
108378,"NN"
108379,","
108380,"DT"
108381,"JJS"
108382,"RB"
108383,"IN"
108384,"DT"
108385,"NN"
108386,","
108387,"VBZ"
108388,"NNS"
108389,"IN"
108390,"CD"
108391,"JJ"
108392,"NNS"
108393,"CC"
108394,"NNS"
108395,"IN"
108396,"DT"
108397,"JJ"
108398,"NN"
108399,"NN"
108400,"NN"
108401,"IN"
108402,"NN"
108403,"."
108404,"DT"
108405,"NN"
108406,"MD"
108407,"VB"
108408,"CD"
108409,"NN"
108410,"IN"
108411,"DT"
108412,"JJ"
108413,"NNS"
108414,"IN"
108415,"DT"
108416,"NN"
108417,"IN"
108418,"NNS"
108419,"TO"
108420,"JJ"
108421,"NNS"
108422,"."
108423,"O"
108424,"PRP"
108425,"VBP"
108426,"WP"
108427,"DT"
108428,"NN"
108429,"IN"
108430,"NNS"
108431,"VBZ"
108432,","
108433,"VBP"
108434,"RB"
108435,"PRP"
108436,"."
108437,"PRP"
108438,"VBZ"
108439,"WP"
108440,"LS"
108441,")"
108442,"VBZ"
108443,"WRB"
108444,"PRP"
108445,"VBP"
108446,"IN"
108447,","
108448,"RB"
108449,","
108450,"PRP"
108451,"RB"
108452,"IN"
108453,"NNP"
108454,"NNP"
108455,":"
108456,"LS"
108457,")"
108458,"NNS"
108459,"WDT"
108460,"PRP"
108461,"POS"
108462,"JJ"
108463,"TO"
108464,"JJ"
108465,"IN"
108466,"DT"
108467,"NN"
108468,"IN"
108469,"NNS"
108470,"CD"
108471,"NNS"
108472,"RB"
108473,":"
108474,"CC"
108475,"LS"
108476,")"
108477,"VBZ"
108478,"WDT"
108479,"CD"
108480,"FW"
108481,"VBN"
108482,"IN"
108483,"CD"
108484,"NNS"
108485,"MD"
108486,"VB"
108487,"JJ"
108488,"JJ"
108489,"NN"
108490,"CC"
108491,"NN"
108492,"NNS"
108493,"."
108494,"NNP"
108495,","
108496,"DT"
108497,"NN"
108498,"IN"
108499,"DT"
108500,"JJ"
108501,"NN"
108502,","
108503,"VBZ"
108504,"DT"
108505,"JJ"
108506,"NN"
108507,"IN"
108508,"DT"
108509,"NN"
108510,","
108511,"CC"
108512,"DT"
108513,"JJ"
108514,"NN"
108515,"NN"
108516,"VBD"
108517,"RB"
108518,"IN"
108519,"DT"
108520,"NNP"
108521,"NNP"
108522,"NNP"
108523,"IN"
108524,"DT"
108525,"NNP"
108526,"NNP"
108527,"JJ"
108528,"NN"
108529,"."
108530,"DT"
108531,"NN"
108532,"IN"
108533,"VBN"
108534,"NNS"
108535,"IN"
108536,"DT"
108537,"NN"
108538,"IN"
108539,"DT"
108540,"NNP"
108541,"NNP"
108542,"IN"
108543,"DT"
108544,"NNP"
108545,"NNP"
108546,"NNS"
108547,"VBD"
108548,"VBN"
108549,"TO"
108550,"RB"
108551,"CD"
108552,"IN"
108553,"CD"
108554,"NNS"
108555,"IN"
108556,"DT"
108557,"NNP"
108558,"NNP"
108559,"NNP"
108560,"VBZ"
108561,","
108562,"DT"
108563,"NN"
108564,"WDT"
108565,"VBD"
108566,"VBN"
108567,"VBN"
108568,"FW"
108569,"RB"
108570,"IN"
108571,"DT"
108572,"NNP"
108573,"NNP"
108574,"NNP"
108575,"CC"
108576,"NNP"
108577,"NNP"
108578,"IN"
108579,"JJ"
108580,"NN"
108581,"POS"
108582,"NN"
108583,"."
108584,"NNP"
108585,","
108586,"RB"
108587,"IN"
108588,"DT"
108589,"NN"
108590,"VBD"
108591,"VBN"
108592,"IN"
108593,"DT"
108594,"POS"
108595,"WP"
108596,"VBD"
108597,"DT"
108598,"VBG"
108599,"RP"
108600,"TO"
108601,"VB"
108602,"."
108603,"IN"
108604,"NN"
108605,"CD"
108606,","
108607,"IN"
108608,"DT"
108609,"JJ"
108610,"NNP"
108611,"NN"
108612,"IN"
108613,"DT"
108614,"NN"
108615,"IN"
108616,"JJ"
108617,"NN"
108618,","
108619,"DT"
108620,"NN"
108621,"IN"
108622,"DT"
108623,"VBG"
108624,"RP"
108625,"VBD"
108626,"VBN"
108627,"IN"
108628,"DT"
108629,"NN"
108630,"POS"
108631,"NN"
108632,","
108633,"NNP"
108634,"NNP"
108635,"."
108636,"PRP"
108637,"VBD"
108638,"DT"
108639,"JJ"
108640,"NN"
108641,"IN"
108642,"NNP"
108643,"NNP"
108644,"IN"
108645,"DT"
108646,"JJ"
108647,"NNS"
108648,"IN"
108649,"NN"
108650,"CD"
108651,"TO"
108652,"VB"
108653,"PRP$"
108654,"NN"
108655,"POS"
108656,"NN"
108657,"IN"
108658,"NNP"
108659,"TO"
108660,"DT"
108661,"JJ"
108662,"NN"
108663,","
108664,"WRB"
108665,"PRP"
108666,"VBD"
108667,"."
108668,"RB"
108669,"WP"
108670,"IN"
108671,"NNP"
108672,"VBD"
108673,"VBN"
108674,"RB"
108675,"CD"
108676,"NN"
108677,"NNS"
108678,"IN"
108679,"CD"
108680,"JJ"
108681,"NNS"
108682,","
108683,"CC"
108684,"VBD"
108685,"IN"
108686,"DT"
108687,"JJ"
108688,"NN"
108689,"IN"
108690,"DT"
108691,"NN"
108692,"POS"
108693,"NN"
108694,"."
108695,"``"
108696,"IN"
108697,"PRP"
108698,"VBP"
108699,"PRP$"
108700,"NN"
108701,","
108702,"CC"
108703,"VB"
108704,"DT"
108705,"JJ"
108706,"NN"
108707,","
108708,"NN"
108709,"MD"
108710,"VB"
108711,","
108712,"''"
108713,"PRP"
108714,"RB"
108715,"VBD"
108716,"."
108717,"IN"
108718,"NNP"
108719,"NN"
108720,","
108721,"RB"
108722,"DT"
108723,"JJ"
108724,"IN"
108725,"DT"
108726,"NNS"
108727,"IN"
108728,"NN"
108729,"CC"
108730,"NN"
108731,"VBD"
108732,"RP"
108733,"NNS"
108734,"TO"
108735,"VB"
108736,"DT"
108737,"NN"
108738,"IN"
108739,"JJ"
108740,"CC"
108741,","
108742,"UH"
108743,"NN"
108744,","
108745,"JJ"
108746,"NNS"
108747,"."
108748,"NNP"
108749,"NNP"
108750,","
108751,"DT"
108752,"JJ"
108753,","
108754,"JJ"
108755,"NNP"
108756,"LS"
108757,"UH"
108758,","
108759,"VBD"
108760,"CD"
108761,"NNS"
108762,"IN"
108763,"CD"
108764,"IN"
108765,"NNS"
108766,","
108767,"CD"
108768,"JJR"
108769,"IN"
108770,"PRP"
108771,"VBD"
108772,"VBN"
108773,"IN"
108774,"DT"
108775,"JJ"
108776,"NN"
108777,"NN"
108778,"IN"
108779,"WDT"
108780,"PRP"
108781,"MD"
108782,"VBN"
108783,"FW"
108784,"."
108785,"DT"
108786,"NN"
108787,"VBG"
108788,"NNP"
108789,"CD"
108790,"IN"
108791,"CD"
108792,","
108793,"NNP"
108794,"DT"
108795,"``"
108796,"NN"
108797,"IN"
108798,"DT"
108799,"NN"
108800,","
108801,"''"
108802,"VBD"
108803,"CD"
108804,"IN"
108805,"PRP$"
108806,"NN"
108807,"VBZ"
108808,"CD"
108809,"NNS"
108810,"CC"
108811,"VBD"
108812,"CD"
108813,"IN"
108814,"PRP$"
108815,"NNS"
108816,"IN"
108817,"DT"
108818,"JJ"
108819,"NN"
108820,"."
108821,"NNP"
108822,"NNP"
108823,"NNP"
108824,"VBD"
108825,"DT"
108826,"NNS"
108827,"TO"
108828,"CD"
108829,"NNS"
108830,"TO"
108831,"VB"
108832,"IN"
108833,"DT"
108834,"NN"
108835,"IN"
108836,"DT"
108837,"JJ"
108838,"NN"
108839,"IN"
108840,"DT"
108841,"NNP"
108842,"NNP"
108843,"."
108844,"IN"
108845,"PRP"
108846,"VBD"
108847,"DT"
108848,"NN"
108849,"POS"
108850,"JJS"
108851,"NN"
108852,"IN"
108853,"PRP$"
108854,"NNP"
108855,"NNP"
108856,"NN"
108857,"IN"
108858,"DT"
108859,"JJ"
108860,"NN"
108861,","
108862,"CC"
108863,"CD"
108864,"NNS"
108865,"IN"
108866,"NNP"
108867,"IN"
108868,"DT"
108869,"NNS"
108870,","
108871,"VBZ"
108872,"PRP"
108873,"MD"
108874,"VB"
108875,"DT"
108876,"NN"
108877,"IN"
108878,"JJ"
108879,","
108880,"CC"
108881,"IN"
108882,"DT"
108883,"NN"
108884,"PRP$"
108885,"JJ"
108886,"NN"
108887,"VBZ"
108888,"VBG"
108889,","
108890,"WDT"
108891,"MD"
108892,"RB"
108893,"VB"
108894,"DT"
108895,"NN"
108896,"."
108897,"DT"
108898,"JJ"
108899,"VBZ"
108900,"IN"
108901,"NNP"
108902,"NNP"
108903,","
108904,"DT"
108905,"NN"
108906,"WP"
108907,"JJ"
108908,"RB"
108909,"VBZ"
108910,"TO"
108911,"VB"
108912,"DT"
108913,"NNP"
108914,"CC"
108915,"DT"
108916,"NN"
108917,"CC"
108918,"CD"
108919,"NNS"
108920,"IN"
108921,"CD"
108922,"NNS"
108923,"IN"
108924,"NNP"
108925,"POS"
108926,"NN"
108927,"."
108928,"``"
108929,"DT"
108930,"NN"
108931,"PRP"
108932,"VBD"
108933,"IN"
108934,"EX"
108935,"VBD"
108936,"DT"
108937,"JJR"
108938,"NN"
108939,"IN"
108940,"DT"
108941,"NN"
108942,"RB"
108943,","
108944,"''"
108945,"VBD"
108946,"NNP"
108947,"NN"
108948,"NNP"
108949,"NNP"
108950,"."
108951,"PRP"
108952,"VBZ"
108953,"DT"
108954,"NN"
108955,"WP"
108956,"VBZ"
108957,"CD"
108958,"IN"
108959,"DT"
108960,"JJ"
108961,"NN"
108962,"IN"
108963,"DT"
108964,"JJ"
108965,"NN"
108966,","
108967,"WDT"
108968,"VBZ"
108969,"IN"
108970,"DT"
108971,"NN"
108972,"IN"
108973,"PRP"
108974,"VBZ"
108975,"IN"
108976,"DT"
108977,"JJ"
108978,"NN"
108979,"."
108980,"DT"
108981,"NN"
108982,"IN"
108983,"DT"
108984,"NN"
108985,"VBZ"
108986,"IN"
108987,"DT"
108988,"NN"
108989,"POS"
108990,"VB"
108991,"IN"
108992,"NNP"
108993,"NNP"
108994,"POS"
108995,"NNP"
108996,"NNP"
108997,"NN"
108998,"IN"
108999,"CD"
109000,"NNS"
109001,"IN"
109002,"NN"
109003,"IN"
109004,"DT"
109005,"JJ"
109006,"NN"
109007,"."
109008,"DT"
109009,"NN"
109010,"TO"
109011,"VB"
109012,"IN"
109013,"RB"
109014,"VBZ"
109015,"IN"
109016,"RB"
109017,"CD"
109018,"IN"
109019,"CD"
109020,"NNS"
109021,"("
109022,"CD"
109023,"IN"
109024,"CD"
109025,")"
109026,"WDT"
109027,"VBD"
109028,"FW"
109029,"NNP"
109030,"VBZ"
109031,"VBD"
109032,"IN"
109033,"TO"
109034,"VB"
109035,"PRP"
109036,"PDT"
109037,"."
109038,"DT"
109039,"VBZ"
109040,"RB"
109041,"DT"
109042,"NN"
109043,"TO"
109044,"DT"
109045,"NNP"
109046,"NNP"
109047,"."
109048,"PRP"
109049,"MD"
109050,"VB"
109051,"IN"
109052,"DT"
109053,"NN"
109054,"NNS"
109055,"IN"
109056,"DT"
109057,"NN"
109058,"IN"
109059,"DT"
109060,"NN"
109061,"VBD"
109062,"NNP"
109063,"("
109064,"WDT"
109065,"POS"
109066,"DT"
109067,"JJR"
109068,"NN"
109069,"IN"
109070,"DT"
109071,"JJ"
109072,"NN"
109073,"IN"
109074,"``"
109075,"NNP"
109076,","
109077,"''"
109078,"VBP"
109079,"RB"
109080,"PRP"
109081,"VBP"
109082,"."
109083,")"
109084,"MD"
109085,"VB"
109086,"VBN"
109087,"JJ"
109088,"IN"
109089,"DT"
109090,"NNS"
109091,","
109092,"CC"
109093,"PRP"
109094,"VBP"
109095,"PRP"
109096,"IN"
109097,"JJ"
109098,"JJ"
109099,"."
109100,"NNS"
109101,"IN"
109102,"DT"
109103,"CD"
109104,"NNS"
109105,"VBD"
109106,"NN"
109107,"IN"
109108,"NN"
109109,"IN"
109110,"DT"
109111,"JJ"
109112,"NNS"
109113,"IN"
109114,"NNP"
109115,"NNP"
109116,","
109117,"CC"
109118,"IN"
109119,"PRP"
109120,"VBD"
109121,"PRP$"
109122,"NNS"
109123,"CC"
109124,"NNS"
109125,"DT"
109126,"NN"
109127,","
109128,"NNS"
109129,"VBD"
109130,"DT"
109131,"JJ"
109132,","
109133,"IN"
109134,"JJS"
109135,"RB"
109136,"RB"
109137,"IN"
109138,"PRP"
109139,"MD"
109140,"VB"
109141,"."
109142,"DT"
109143,"JJ"
109144,"NNS"
109145,"RB"
109146,"VBD"
109147,"IN"
109148,"VBG"
109149,"NNS"
109150,"VBG"
109151,"DT"
109152,"NNS"
109153,"CC"
109154,"NNS"
109155,"IN"
109156,"DT"
109157,"NNS"
109158,"."
109159,"``"
109160,"PRP"
109161,"VBP"
109162,"IN"
109163,"DT"
109164,"NNP"
109165,"NN"
109166,","
109167,"CC"
109168,"RB"
109169,"IN"
109170,"PRP"
109171,"VBD"
109172,"NN"
109173,"."
109174,"PRP"
109175,"VBP"
109176,"PRP"
109177,"PDT"
109178,"."
109179,"DT"
109180,"JJ"
109181,"NN"
109182,"PRP"
109183,"VBP"
109184,"VBG"
109185,"IN"
109186,"VBZ"
109187,"IN"
109188,"DT"
109189,"NN"
109190,"TO"
109191,"VB"
109192,"CD"
109193,"NNS"
109194,","
109195,"''"
109196,"VBD"
109197,"NNP"
109198,"NNP"
109199,","
109200,"DT"
109201,"NNP"
109202,"NNP"
109203,","
109204,"IN"
109205,"DT"
109206,"NN"
109207,"IN"
109208,"NNP"
109209,"POS"
109210,"VB"
109211,"."
109212,"DT"
109213,"JJ"
109214,"VBZ"
109215,"DT"
109216,"FW"
109217,"IN"
109218,"CC"
109219,"FW"
109220,"CC"
109221,"NN"
109222,"."
109223,"PRP"
109224,"VBP"
109225,"TO"
109226,"VB"
109227,"PRP"
109228,"VBZ"
109229,"DT"
109230,"NN"
109231,","
109232,"IN"
109233,"PRP"
109234,"RB"
109235,"VBZ"
109236,"IN"
109237,"DT"
109238,"NN"
109239,"IN"
109240,"RB"
109241,"IN"
109242,"NN"
109243,"IN"
109244,"RB"
109245,","
109246,"VBG"
109247,"DT"
109248,"NN"
109249,"POS"
109250,"CC"
109251,"NNPS"
109252,","
109253,"VBZ"
109254,"RB"
109255,"IN"
109256,"RB"
109257,"RB"
109258,"."
109259,"NNP"
109260,"PRP"
109261,"TO"
109262,"VBP"
109263,"WDT"
109264,"IN"
109265,"DT"
109266,"VBD"
109267,"DT"
109268,"NNP"
109269,"NNP"
109270,"NNS"
109271,"NN"
109272,","
109273,"CC"
109274,"CD"
109275,"IN"
109276,"DT"
109277,"NNP"
109278,"NNP"
109279,"CC"
109280,"NNP"
109281,"NNPS"
109282,"("
109283,"NNP"
109284,","
109285,"PRP"
109286,"VBZ"
109287,"JJ"
109288,")"
109289,","
109290,"PRP"
109291,"MD"
109292,"VB"
109293,"JJ"
109294,"NN"
109295,"IN"
109296,"DT"
109297,"JJ"
109298,"NN"
109299,"TO"
109300,"VB"
109301,"JJ"
109302,"NNS"
109303,","
109304,"CC"
109305,"RB"
109306,"DT"
109307,"NNP"
109308,"MD"
109309,"VB"
109310,"PRP$"
109311,"NNS"
109312,"."
109313,"NNP"
109314,","
109315,"DT"
109316,"NNP"
109317,"POS"
109318,"VBD"
109319,"PRP"
109320,"DT"
109321,"NN"
109322,"IN"
109323,"NNS"
109324,"TO"
109325,"VB"
109326,"IN"
109327,"."
109328,"IN"
109329,"DT"
109330,"JJ"
109331,"NN"
109332,","
109333,"IN"
109334,"NNP"
109335,"CC"
109336,"NNP"
109337,","
109338,"RB"
109339,"VBD"
109340,"NNP"
109341,"NNP"
109342,","
109343,"DT"
109344,"JJ"
109345,","
109346,"JJ"
109347,"NN"
109348,"WP"
109349,"VBD"
109350,"VBN"
109351,"DT"
109352,"NN"
109353,"NNS"
109354,"IN"
109355,"DT"
109356,"NN"
109357,"TO"
109358,"NN"
109359,"NN"
109360,"."
109361,"PRP"
109362,"VBD"
109363,"NNP"
109364,"NNP"
109365,"("
109366,"NNP"
109367,"IN"
109368,"NN"
109369,"CD"
109370,")"
109371,","
109372,"VBD"
109373,"DT"
109374,"NN"
109375,"IN"
109376,"IN"
109377,"DT"
109378,"NN"
109379,"POS"
109380,"JJ"
109381,"JJ"
109382,"NN"
109383,","
109384,"CC"
109385,"VBD"
109386,"IN"
109387,"PRP$"
109388,"NN"
109389,"POS"
109390,"JJ"
109391,"NN"
109392,"."
109393,"JJ"
109394,"VBZ"
109395,"PRP$"
109396,"NN"
109397,"IN"
109398,"DT"
109399,"NNP"
109400,"NNP"
109401,"NNP"
109402,"IN"
109403,"WRB"
109404,"PRP"
109405,"VBD"
109406,"PRP$"
109407,"JJ"
109408,"NN"
109409,"NN"
109410,"NN"
109411,"JJ"
109412,"NN"
109413,","
109414,"DT"
109415,"NN"
109416,"WP"
109417,"VBD"
109418,"PRP"
109419,"VBD"
109420,"TO"
109421,"VB"
109422,"DT"
109423,"NN"
109424,"IN"
109425,"TO"
109426,"PRP"
109427,"IN"
109428,"NN"
109429,"IN"
109430,"DT"
109431,"NN"
109432,"."
109433,"RB"
109434,"PRP$"
109435,"NN"
109436,":"
109437,"NNP"
109438,"NNP"
109439,"VBZ"
109440,"."
109441,"DT"
109442,"NN"
109443,"POS"
109444,"NN"
109445,"IN"
109446,"DT"
109447,"JJ"
109448,"NN"
109449,"VBD"
109450,"NNP"
109451,"NNP"
109452,","
109453,"WP"
109454,"VBZ"
109455,"DT"
109456,"JJ"
109457,"NN"
109458,"IN"
109459,"DT"
109460,"JJ"
109461,"NN"
109462,"."
109463,"PRP"
109464,"VBD"
109465,"NNP"
109466,"IN"
109467,"DT"
109468,"NNS"
109469,"IN"
109470,"CD"
109471,"NNS"
109472,","
109473,"CD"
109474,"VBZ"
109475,"CC"
109476,"CD"
109477,"JJ"
109478,"NNS"
109479,"IN"
109480,"CD"
109481,"IN"
109482,"NNS"
109483,","
109484,"CC"
109485,"VBD"
109486,"IN"
109487,"IN"
109488,"VBG"
109489,"CD"
109490,"IN"
109491,"DT"
109492,"NN"
109493,"NNP"
109494,","
109495,"RB"
109496,"IN"
109497,"NN"
109498,","
109499,"VBG"
109500,"DT"
109501,"NN"
109502,"CC"
109503,"VBG"
109504,"DT"
109505,"NN"
109506,"."
109507,"``"
109508,"WRB"
109509,"PRP"
109510,"VBP"
109511,"IN"
109512,"DT"
109513,"NN"
109514,","
109515,"PRP"
109516,"VBP"
109517,"DT"
109518,"NN"
109519,"RB"
109520,","
109521,"''"
109522,"PRP"
109523,"VBD"
109524,"."
109525,"DT"
109526,"JJ"
109527,"NNS"
109528,"IN"
109529,"DT"
109530,"NN"
109531,"VBD"
109532,"NNP"
109533,"NNP"
109534,","
109535,"NNP"
109536,"NNP"
109537,"CC"
109538,"NNP"
109539,"NNP"
109540,","
109541,"DT"
109542,"NNP"
109543,"POS"
109544,"JJ"
109545,"NNS"
109546,"."
109547,"PRP"
109548,"VBD"
109549,"IN"
109550,"CD"
109551,"NNS"
109552,","
109553,"CD"
109554,"NN"
109555,"NNS"
109556,"CC"
109557,"CD"
109558,"NNS"
109559,"VBD"
109560,"IN"
109561,"IN"
109562,"DT"
109563,"CD"
109564,"NNS"
109565,"IN"
109566,"DT"
109567,"NN"
109568,"."
109569,"PRP"
109570,"VBD"
109571,"DT"
109572,"JJ"
109573,"NN"
109574,"RB"
109575,","
109576,"IN"
109577,"NN"
109578,"NNS"
109579,"CC"
109580,"NNS"
109581,"."
109582,"PRP"
109583,"VBZ"
109584,"DT"
109585,"JJ"
109586,"NN"
109587,"IN"
109588,"NNS"
109589,","
109590,"RB"
109591,"RB"
109592,"IN"
109593,"NN"
109594,"NN"
109595,","
109596,"WDT"
109597,"VBZ"
109598,"DT"
109599,"NNP"
109600,"NN"
109601,"IN"
109602,"DT"
109603,"NN"
109604,"NNS"
109605,"TO"
109606,"VB"
109607,"."
109608,"``"
109609,"PRP"
109610,"VBP"
109611,"IN"
109612,"DT"
109613,"NN"
109614,"IN"
109615,"NNS"
109616,","
109617,"''"
109618,"VBD"
109619,"NNP"
109620,"NNP"
109621,"NNP"
109622,"NN"
109623,"NNP"
109624,"NNP"
109625,"IN"
109626,"NN"
109627,"CD"
109628,"."
109629,"``"
109630,"PRP"
109631,"MD"
109632,"RB"
109633,"VB"
109634,"DT"
109635,"JJ"
109636,"NN"
109637,"WP"
109638,"VBZ"
109639,"JJ"
109640,"VB"
109641,"RP"
109642,"IN"
109643,"DT"
109644,"JJ"
109645,"NN"
109646,"IN"
109647,"DT"
109648,"JJ"
109649,"NN"
109650,"WP"
109651,"VBZ"
109652,"JJ"
109653,"."
109654,"''"
109655,"CC"
109656,"DT"
109657,"JJ"
109658,"NN"
109659,"NN"
109660,"RB"
109661,"VBD"
109662,"DT"
109663,"NN"
109664,"IN"
109665,"WRB"
109666,"JJ"
109667,"NNS"
109668,"MD"
109669,"VB"
109670,"TO"
109671,"PRP$"
109672,"NN"
109673,"."
109674,"``"
109675,"WRB"
109676,"PRP"
109677,"VBZ"
109678,","
109679,"PRP"
109680,"RB"
109681,"VBP"
109682,"WRB"
109683,"PRP"
109684,"MD"
109685,"VB"
109686,"PRP"
109687,"RB"
109688,","
109689,"''"
109690,"PRP"
109691,"VBD"
109692,"."
109693,"``"
109694,"DT"
109695,"VBZ"
109696,"NN"
109697,"."
109698,"O"
109699,"NNP"
109700,"NNP"
109701,"VBD"
109702,"DT"
109703,"CD"
109704,"NN"
109705,"NN"
109706,"IN"
109707,"JJ"
109708,"NN"
109709,"NN"
109710,","
109711,"VBG"
109712,"JJ"
109713,"NN"
109714,"WDT"
109715,"VBD"
109716,"PRP$"
109717,"JJ"
109718,"NN"
109719,"NNS"
109720,"TO"
109721,"NN"
109722,"."
109723,"JJ"
109724,"NN"
109725,"IN"
109726,"DT"
109727,"NN"
109728,"VBD"
109729,"TO"
109730,"$"
109731,"CD"
109732,"CD"
109733,"IN"
109734,"$"
109735,"CD"
109736,"CD"
109737,","
109738,"RB"
109739,"WP"
109740,"NNS"
109741,"VBD"
109742,"VBN"
109743,"."
109744,"CC"
109745,"JJ"
109746,"NN"
109747,"VBD"
109748,"RB"
109749,"CD"
109750,"NN"
109751,"TO"
109752,"$"
109753,"CD"
109754,"DT"
109755,"NN"
109756,"IN"
109757,"$"
109758,"CD"
109759,"DT"
109760,"NN"
109761,","
109762,"IN"
109763,"DT"
109764,"NN"
109765,"VBD"
109766,"PRP$"
109767,"NN"
109768,"NN"
109769,"NN"
109770,"."
109771,"JJ"
109772,"NNS"
109773,"JJ"
109774,"VBD"
109775,"TO"
109776,"CD"
109777,"CD"
109778,"IN"
109779,"CD"
109780,"CD"
109781,"."
109782,"NNP"
109783,"VBD"
109784,"CD"
109785,"NN"
109786,"TO"
109787,"$"
109788,"CD"
109789,"CD"
109790,"IN"
109791,"$"
109792,"CD"
109793,"CD"
109794,"."
109795,"DT"
109796,"NN"
109797,"NN"
109798,","
109799,"WDT"
109800,"VBZ"
109801,"JJR"
109802,"IN"
109803,"PDT"
109804,"PRP$"
109805,"NNS"
109806,"IN"
109807,"DT"
109808,"NNP"
109809,","
109810,"RB"
109811,"VBD"
109812,"DT"
109813,"JJ"
109814,"NN"
109815,"IN"
109816,"DT"
109817,"JJR"
109818,"NNP"
109819,"NN"
109820,"MD"
109821,"``"
109822,"RB"
109823,"VB"
109824,"''"
109825,"PRP$"
109826,"JJ"
109827,"NN"
109828,"CC"
109829,"``"
109830,"VB"
109831,"PRP"
109832,"JJ"
109833,"''"
109834,"TO"
109835,"JJR"
109836,"CD"
109837,"NNS"
109838,"."
109839,"NNP"
109840,"VBD"
109841,"NN"
109842,"VBD"
109843,"DT"
109844,"IN"
109845,"DT"
109846,"NNP"
109847,"CC"
109848,"RB"
109849,","
109850,"VBG"
109851,"DT"
109852,"JJ"
109853,"NN"
109854,"IN"
109855,"DT"
109856,"NN"
109857,"NNS"
109858,"."
109859,"DT"
109860,"NN"
109861,","
109862,"RB"
109863,","
109864,"VBD"
109865,"NNS"
109866,"IN"
109867,"DT"
109868,"NNP"
109869,"VBD"
109870,"``"
109871,"JJ"
109872,"NNS"
109873,"''"
109874,"IN"
109875,"DT"
109876,"JJ"
109877,"NN"
109878,"."
109879,"NNS"
109880,"VBP"
109881,"DT"
109882,"NNS"
109883,"IN"
109884,"CD"
109885,"NN"
109886,"TO"
109887,"CD"
109888,"NN"
109889,","
109890,"DT"
109891,"JJ"
109892,"NN"
109893,"IN"
109894,"PRP"
109895,"VBG"
109896,"IN"
109897,"JJ"
109898,"NNS"
109899,"VBN"
109900,"IN"
109901,"DT"
109902,"JJ"
109903,"IN"
109904,"NNP"
109905,"POS"
109906,"JJ"
109907,"NNS"
109908,"."
109909,"IN"
109910,"NN"
109911,"TO"
109912,"DT"
109913,"JJ"
109914,"NN"
109915,"IN"
109916,"DT"
109917,"NN"
109918,"NN"
109919,","
109920,"NNP"
109921,","
109922,"WDT"
109923,"VBZ"
109924,"JJ"
109925,"NN"
109926,"NNS"
109927,"CC"
109928,"JJ"
109929,"NN"
109930,"NNS"
109931,","
109932,"VBZ"
109933,"RB"
109934,"VBN"
109935,"IN"
109936,"DT"
109937,"JJ"
109938,"CC"
109939,"JJ"
109940,"NNS"
109941,","
109942,"``"
109943,"NNS"
109944,"IN"
109945,"DT"
109946,"NN"
109947,"WDT"
109948,"VBP"
109949,"RB"
109950,"RB"
109951,"VBN"
109952,"JJ"
109953,","
109954,"''"
109955,"VBZ"
109956,"NNP"
109957,"NNP"
109958,"NNP"
109959,","
109960,"DT"
109961,"NN"
109962,"IN"
109963,"NNP"
109964,"NNP"
109965,"NNP"
109966,"."
109967,"DT"
109968,"NNS"
109969,","
109970,"VBN"
109971,"IN"
109972,"DT"
109973,"JJ"
109974,"NN"
109975,","
109976,"MD"
109977,"RB"
109978,"VB"
109979,"DT"
109980,"JJ"
109981,"NN"
109982,"POS"
109983,"NNS"
109984,","
109985,"NNP"
109986,"VBD"
109987,"."
109988,"IN"
109989,"DT"
109990,"JJ"
109991,"JJ"
109992,"NN"
109993,","
109994,"NNP"
109995,"VBD"
109996,"NN"
109997,"IN"
109998,"$"
109999,"CD"
110000,"CD"
110001,","
110002,"CC"
110003,"$"
110004,"CD"
110005,"DT"
110006,"NN"
110007,","
110008,"IN"
110009,"NN"
110010,"IN"
110011,"$"
110012,"CD"
110013,"CD"
110014,"."
110015,"NNP"
110016,"NNP"
110017,"VBD"
110018,"PRP"
110019,"VBD"
110020,"PRP$"
110021,"JJ"
110022,"NNS"
110023,"IN"
110024,"CD"
110025,"TO"
110026,"$"
110027,"CD"
110028,"DT"
110029,"NN"
110030,"IN"
110031,"$"
110032,"CD"
110033,"DT"
110034,"NN"
110035,"."
110036,"NN"
110037,"NNS"
110038,"VBD"
110039,"VBN"
110040,"TO"
110041,"$"
110042,"CD"
110043,"CD"
110044,"IN"
110045,"$"
110046,"CD"
110047,"CD"
110048,"."
110049,"JJ"
110050,"NN"
110051,","
110052,"NNP"
110053,"VBD"
110054,"JJ"
110055,"NN"
110056,"IN"
110057,"$"
110058,"CD"
110059,"CD"
110060,","
110061,"CC"
110062,"$"
110063,"CD"
110064,"DT"
110065,"NN"
110066,","
110067,"IN"
110068,"$"
110069,"CD"
110070,"CD"
110071,"IN"
110072,"NN"
110073,"."
110074,"IN"
110075,"DT"
110076,"CD"
110077,"NNS"
110078,","
110079,"DT"
110080,"NN"
110081,"POS"
110082,"NNS"
110083,"VBD"
110084,"CD"
110085,"NN"
110086,"TO"
110087,"$"
110088,"CD"
110089,"CD"
110090,","
110091,"CC"
110092,"$"
110093,"CD"
110094,"DT"
110095,"NN"
110096,","
110097,"IN"
110098,"$"
110099,"CD"
110100,"CD"
110101,","
110102,"CC"
110103,"$"
110104,"CD"
110105,"DT"
110106,"NN"
110107,"."
110108,"NNS"
110109,"VBD"
110110,"CD"
110111,"NN"
110112,"TO"
110113,"$"
110114,"CD"
110115,"CD"
110116,"IN"
110117,"$"
110118,"CD"
110119,"CD"
110120,"."
110121,"IN"
110122,"NNP"
110123,"NNP"
110124,"NNP"
110125,"NNP"
110126,"JJ"
110127,"NN"
110128,"NN"
110129,","
110130,"NNP"
110131,"NNS"
110132,"VBD"
110133,"CD"
110134,"NNS"
110135,"TO"
110136,"VB"
110137,"IN"
110138,"$"
110139,"CD"
110140,"."
110141,"O"
110142,"VBG"
110143,"PRP$"
110144,"NNP"
110145,"CD"
110146,"NN"
110147,"``"
110148,"NNP"
110149,"NNP"
110150,"NNPS"
110151,"NNP"
110152,"NNS"
110153,"POS"
110154,"FW"
110155,"TO"
110156,"NN"
110157,","
110158,"''"
110159,"PRP"
110160,"VBP"
110161,"JJ"
110162,"IN"
110163,"NNP"
110164,"NNP"
110165,"VBZ"
110166,"RB"
110167,"VBG"
110168,"RP"
110169,"TO"
110170,"DT"
110171,"JJ"
110172,","
110173,"JJ"
110174,"NNS"
110175,"IN"
110176,"DT"
110177,"JJ"
110178,"NN"
110179,"NN"
110180,"."
110181,"IN"
110182,"DT"
110183,"NNS"
110184,"VBP"
110185,"JJ"
110186,","
110187,"RB"
110188,","
110189,"WRB"
110190,"VB"
110191,"DT"
110192,"NN"
110193,"TO"
110194,"DT"
110195,"JJ"
110196,","
110197,"JJ"
110198,"NNS"
110199,"WP$"
110200,"NN"
110201,"TO"
110202,"VB"
110203,"IN"
110204,"DT"
110205,"NN"
110206,"VBZ"
110207,"JJ"
110208,"IN"
110209,"JJS"
110210,"."
110211,"WRB"
110212,"RB"
110213,"VB"
110214,"DT"
110215,"JJ"
110216,"JJ"
110217,"NNS"
110218,"TO"
110219,"DT"
110220,"NNS"
110221,"NN"
110222,","
110223,"CC"
110224,"VB"
110225,"NNS"
110226,"DT"
110227,"JJ"
110228,"NN"
110229,"IN"
110230,"JJ"
110231,"NN"
110232,"VBN"
110233,"IN"
110234,"WRB"
110235,"JJ"
110236,"NN"
110237,"PRP"
110238,"VBD"
110239,"IN"
110240,"PRP$"
110241,"NNS"
110242,"IN"
110243,"DT"
110244,"NN"
110245,"."
110246,"DT"
110247,"MD"
110248,"VB"
110249,"DT"
110250,"NN"
110251,"IN"
110252,"NN"
110253,","
110254,"CC"
110255,"VB"
110256,"DT"
110257,"NN"
110258,"NN"
110259,"VBN"
110260,"RB"
110261,"IN"
110262,"JJ"
110263,"NN"
110264,","
110265,"JJ"
110266,"NN"
110267,"CC"
110268,"JJ"
110269,"NN"
110270,"."
110271,"RB"
110272,","
110273,"MD"
110274,"RB"
110275,"IN"
110276,"VB"
110277,"DT"
110278,"NN"
110279,"."
110280,"NNP"
110281,"NNP"
110282,"NNP"
110283,"NNP"
110284,"NNP"
110285,","
110286,"NNP"
110287,"."
110288,"O"
110289,"NNP"
110290,"NNP"
110291,","
110292,"DT"
110293,"NNP"
110294,"NNP"
110295,"NNP"
110296,"NNP"
110297,"NN"
110298,","
110299,"VBD"
110300,"IN"
110301,"NN"
110302,"IN"
110303,"CD"
110304,"NN"
110305,","
110306,"CD"
110307,"CC"
110308,"DT"
110309,"PDT"
110310,"NNS"
110311,"IN"
110312,"DT"
110313,"JJ"
110314,"NNP"
110315,"NN"
110316,"NN"
110317,"NN"
110318,"."
110319,"IN"
110320,"NNP"
110321,"CC"
110322,"NNP"
110323,","
110324,"NNP"
110325,"NNP"
110326,"NNP"
110327,"VBD"
110328,"RB"
110329,"VB"
110330,"DT"
110331,"NN"
110332,"IN"
110333,"CD"
110334,"NN"
110335,","
110336,"CC"
110337,"RB"
110338,"PRP"
110339,"VBD"
110340,"VBN"
110341,"RP"
110342,"RBS"
110343,"IN"
110344,"DT"
110345,"NN"
110346,"IN"
110347,"NN"
110348,"."
110349,"``"
110350,"PRP"
110351,"VBD"
110352,"VBZ"
110353,"PDT"
110354,"NN"
110355,"RB"
110356,"IN"
110357,"DT"
110358,"NNPS"
110359,","
110360,"''"
110361,"PRP"
110362,"VBD"
110363,"."
110364,"``"
110365,"PRP"
110366,"VBD"
110367,"VBN"
110368,"RP"
110369,"DT"
110370,"NN"
110371,":"
110372,"CD"
110373,","
110374,"CD"
110375,","
110376,"CD"
110377,","
110378,"CD"
110379,"."
110380,"NNS"
110381,"VBP"
110382,"VBG"
110383,"IN"
110384,"JJ"
110385,"NNS"
110386,"TO"
110387,"VB"
110388,","
110389,"CC"
110390,"NN"
110391,"VBZ"
110392,"TO"
110393,"VB"
110394,"PRP$"
110395,"NN"
110396,"IN"
110397,"."
110398,"''"
110399,"IN"
110400,"JJ"
110401,"IN"
110402,"NNP"
110403,"POS"
110404,"NNS"
110405,"NNS"
110406,","
110407,"PRP"
110408,"VBD"
110409,"DT"
110410,"NN"
110411,"WDT"
110412,"VBD"
110413,"RB"
110414,"IN"
110415,"DT"
110416,"JJ"
110417,"NNS"
110418,"."
110419,"IN"
110420,"NNP"
110421,","
110422,"DT"
110423,"NN"
110424,"VBD"
110425,"IN"
110426,"JJ"
110427,"NN"
110428,"."
110429,"CC"
110430,"IN"
110431,"DT"
110432,"NN"
110433,"VBN"
110434,"IN"
110435,"DT"
110436,"JJ"
110437,"NNP"
110438,"NNP"
110439,"NN"
110440,","
110441,"DT"
110442,"NNP"
110443,"VBD"
110444,"DT"
110445,"NN"
110446,"IN"
110447,"NN"
110448,"."
110449,"IN"
110450,"PRP"
110451,"VBD"
110452,"NN"
110453,"IN"
110454,"DT"
110455,"NN"
110456,"NNS"
110457,"IN"
110458,"NNP"
110459,"POS"
110460,"JJ"
110461,"NN"
110462,"."
110463,"IN"
110464,"DT"
110465,"NN"
110466,"IN"
110467,"NNP"
110468,"NNP"
110469,"POS"
110470,"NN"
110471,"JJ"
110472,"NNP"
110473,","
110474,"DT"
110475,"NNP"
110476,"NN"
110477,"VBD"
110478,"VBN"
110479,"RB"
110480,"JJ"
110481,"."
110482,"CC"
110483,"IN"
110484,"DT"
110485,"NN"
110486,"IN"
110487,"NN"
110488,"RB"
110489,"RB"
110490,","
110491,"DT"
110492,"NNS"
110493,"VBD"
110494,"IN"
110495,"JJ"
110496,"NN"
110497,"IN"
110498,"NNP"
110499,"IN"
110500,"DT"
110501,"NN"
110502,"IN"
110503,"TO"
110504,"WRB"
110505,"JJ"
110506,"DT"
110507,"NN"
110508,"MD"
110509,"VB"
110510,"."
110511,"IN"
110512,"DT"
110513,"NN"
110514,"NN"
110515,"RB"
110516,"VBD"
110517,"IN"
110518,"NN"
110519,"IN"
110520,"CD"
110521,"NN"
110522,","
110523,"DT"
110524,"NN"
110525,"IN"
110526,"NNP"
110527,"VBD"
110528,"IN"
110529,"."
110530,"CC"
110531,"PRP"
110532,"VBD"
110533,"JJ"
110534,"NNS"
110535,"IN"
110536,"NNP"
110537,"."
110538,"NNP"
110539,"NNS"
110540,"VBD"
110541,"IN"
110542,"DT"
110543,"JJ"
110544,"CC"
110545,"JJ"
110546,"CD"
110547,"NN"
110548,"IN"
110549,"JJ"
110550,"NN"
110551,":"
110552,"NNP"
110553,"NNP"
110554,"NNS"
110555,"VBD"
110556,"CD"
110557,"NN"
110558,"IN"
110559,"JJ"
110560,"NN"
110561,"."
110562,"IN"
110563,"NNP"
110564,"POS"
110565,"NN"
110566,"NN"
110567,"IN"
110568,"NNP"
110569,"NNP"
110570,","
110571,"DT"
110572,"JJ"
110573,"NN"
110574,"IN"
110575,"DT"
110576,"NN"
110577,"IN"
110578,"DT"
110579,"JJ"
110580,"NN"
110581,","
110582,"NN"
110583,"NN"
110584,"VBZ"
110585,"VBN"
110586,"DT"
110587,"JJ"
110588,"NN"
110589,"POS"
110590,"JJ"
110591,"NN"
110592,":"
110593,"DT"
110594,"NNP"
110595,"NNP"
110596,"NNP"
110597,"CD"
110598,"NN"
110599,"NN"
110600,"."
110601,"JJ"
110602,"NNS"
110603,"IN"
110604,"DT"
110605,"NNS"
110606,"VBD"
110607,"VBG"
110608,"NNS"
110609,":"
110610,"JJ"
110611,"NNS"
110612,","
110613,"VBG"
110614,"NNS"
110615,"."
110616,"RB"
110617,"RB"
110618,","
110619,"DT"
110620,"NNS"
110621,"VBD"
110622,"DT"
110623,"NNS"
110624,","
110625,"CD"
110626,"TO"
110627,"CD"
110628,","
110629,"IN"
110630,"DT"
110631,"NN"
110632,"VBD"
110633,"IN"
110634,"CD"
110635,","
110636,"RB"
110637,"CD"
110638,"NNS"
110639,","
110640,"CC"
110641,"CD"
110642,"NN"
110643,"."
110644,"``"
110645,"PRP"
110646,"VBP"
110647,"NN"
110648,","
110649,"CC"
110650,"PRP"
110651,"VBP"
110652,"RB"
110653,"VB"
110654,"DT"
110655,"NN"
110656,","
110657,"''"
110658,"VBD"
110659,"NNP"
110660,"NNP"
110661,","
110662,"DT"
110663,"JJ"
110664,","
110665,"JJ"
110666,"NNP"
110667,"NNP"
110668,"NN"
110669,"WP"
110670,"VBZ"
110671,"DT"
110672,"NN"
110673,"NN"
110674,"."
110675,"DT"
110676,"NNP"
110677,"NN"
110678,","
110679,"DT"
110680,"NN"
110681,"IN"
110682,"DT"
110683,"NNP"
110684,"JJ"
110685,"NN"
110686,","
110687,"VBD"
110688,"PRP"
110689,"RB"
110690,","
110691,"VBG"
110692,"TO"
110693,"VB"
110694,"NN"
110695,"."
110696,"``"
110697,"DT"
110698,"VBZ"
110699,"RB"
110700,"DT"
110701,"NN"
110702,"IN"
110703,"NN"
110704,"TO"
110705,"VB"
110706,"DT"
110707,"JJ"
110708,"NN"
110709,"IN"
110710,","
110711,"''"
110712,"VBD"
110713,"NNP"
110714,"NNP"
110715,","
110716,"WP"
110717,"VBZ"
110718,"NN"
110719,"IN"
110720,"DT"
110721,"JJ"
110722,"NNS"
110723,"."
110724,"``"
110725,"PRP"
110726,"VBP"
110727,"TO"
110728,"VB"
110729,"DT"
110730,"JJ"
110731,"JJ"
110732,"NN"
110733,"."
110734,"''"
110735,"NNP"
110736,"VBD"
110737,"JJS"
110738,"IN"
110739,"PRP$"
110740,"NNS"
110741,"IN"
110742,"DT"
110743,"NN"
110744,"VBG"
110745,"TO"
110746,"VB"
110747,"NNS"
110748,"CC"
110749,"NNS"
110750,","
110751,"CC"
110752,"RB"
110753,"VBD"
110754,"RB"
110755,"JJ"
110756,"NNS"
110757,"."
110758,"``"
110759,"PDT"
110760,"DT"
110761,"NN"
110762,"NNS"
110763,":"
110764,"NNP"
110765,"CC"
110766,"NNP"
110767,","
110768,"NNP"
110769,","
110770,"NNP"
110771,":"
110772,"VBP"
110773,"VBG"
110774,"RB"
110775,"RB"
110776,"VBN"
110777,"DT"
110778,"NN"
110779,","
110780,"''"
110781,"NNP"
110782,"NNP"
110783,"VBD"
110784,"."
110785,"NNS"
110786,"RB"
110787,","
110788,"DT"
110789,"VBP"
110790,"``"
110791,"VB"
110792,"''"
110793,"NN"
110794,"IN"
110795,"NNP"
110796,"CC"
110797,"NNP"
110798,"VBD"
110799,"IN"
110800,"."
110801,"IN"
110802,"DT"
110803,"JJ"
110804,"NN"
110805,"IN"
110806,"CD"
110807,"NNS"
110808,","
110809,"DT"
110810,"NN"
110811,"JJ"
110812,"TO"
110813,"NNP"
110814,"NNP"
110815,"VBD"
110816,"DT"
110817,"JJ"
110818,"NN"
110819,"TO"
110820,"VB"
110821,"DT"
110822,"NN"
110823,"."
110824,"IN"
110825,"DT"
110826,"NNS"
110827,","
110828,"RB"
110829,"CD"
110830,"JJ"
110831,"JJ"
110832,"NNS"
110833,"VBD"
110834,","
110835,"CC"
110836,"DT"
110837,"NN"
110838,"VBD"
110839,"VBN"
110840,"DT"
110841,"JJ"
110842,"NNS"
110843,"CC"
110844,"VBD"
110845,"RP"
110846,"IN"
110847,"CD"
110848,"."
110849,"``"
110850,"IN"
110851,"NNP"
110852,"VBD"
110853,"RB"
110854,"VB"
110855,","
110856,"VB"
110857,"POS"
110858,"VB"
110859,"RP"
110860,"DT"
110861,"JJ"
110862,"NN"
110863,","
110864,"''"
110865,"NNP"
110866,"NNP"
110867,"VBD"
110868,"."
110869,"PRP"
110870,"VBN"
110871,"CD"
110872,"NNS"
110873,"IN"
110874,"NNP"
110875,"CC"
110876,"VBD"
110877,"DT"
110878,"NN"
110879,"TO"
110880,"VB"
110881,"RP"
110882,"IN"
110883,"PRP$"
110884,"NN"
110885,"JJ"
110886,"NNS"
110887,"POS"
110888,"NN"
110889,"NNS"
110890,"."
110891,"DT"
110892,"JJ"
110893,"NN"
110894,"NNS"
110895,"VBD"
110896,"DT"
110897,"JJS"
110898,"NN"
110899,"IN"
110900,"CD"
110901,"NN"
110902,","
110903,"("
110904,"$"
110905,"CD"
110906,")"
110907,"CC"
110908,"NNP"
110909,"NNP"
110910,"POS"
110911,"NNS"
110912,"VBD"
110913,"VBG"
110914,"RP"
110915,"NNS"
110916,"."
110917,"CC"
110918,"DT"
110919,"NN"
110920,"VBD"
110921,"DT"
110922,"JJ"
110923,"NN"
110924,"IN"
110925,"DT"
110926,"NN"
110927,"VBD"
110928,"IN"
110929,"NN"
110930,","
110931,"CC"
110932,"DT"
110933,"NNS"
110934,"RB"
110935,"VBD"
110936,"TO"
110937,"CD"
110938,"NN"
110939,"."
110940,"``"
110941,"WRB"
110942,"PRP"
110943,"VBP"
110944,"TO"
110945,"VB"
110946,","
110947,"PRP"
110948,"VBP"
110949,"IN"
110950,"PRP"
110951,":"
110952,"PRP"
110953,"VBP"
110954,"VBG"
110955,"PRP$"
110956,"NNS"
110957,","
110958,"''"
110959,"NNP"
110960,"NNP"
110961,"VBD"
110962,"."
110963,"``"
110964,"PRP"
110965,"VBZ"
110966,"RB"
110967,"JJ"
110968,"."
110969,"''"
110970,"PRP"
110971,"RB"
110972,"VBD"
110973,"PRP$"
110974,"NN"
110975,"IN"
110976,"DT"
110977,"NNP"
110978,"NNS"
110979,"."
110980,"IN"
110981,"DT"
110982,"NN"
110983,","
110984,"PRP"
110985,"VBD"
110986,"CD"
110987,"NN"
110988,"IN"
110989,"NNP"
110990,"NNP"
110991,","
110992,"CC"
110993,"NNP"
110994,"NNP"
110995,"VBD"
110996,"DT"
110997,"NN"
110998,"IN"
110999,"DT"
111000,"NNP"
111001,"NNP"
111002,"NN"
111003,"VBG"
111004,"DT"
111005,"NN"
111006,"IN"
111007,"DT"
111008,"JJ"
111009,"NN"
111010,"NN"
111011,","
111012,"WDT"
111013,"VBD"
111014,"VBN"
111015,"VBG"
111016,"NNS"
111017,"IN"
111018,"PRP$"
111019,"JJ"
111020,"RB"
111021,"IN"
111022,"NNP"
111023,"POS"
111024,"NNP"
111025,"NNP"
111026,"NN"
111027,"NN"
111028,"."
111029,"``"
111030,"RB"
111031,"JJ"
111032,":"
111033,","
111034,"''"
111035,"NNP"
111036,"NNP"
111037,"VBD"
111038,","
111039,"RB"
111040,"IN"
111041,"DT"
111042,"NN"
111043,","
111044,"``"
111045,":"
111046,"."
111047,"RB"
111048,"JJ"
111049,":"
111050,"RB"
111051,"JJ"
111052,"RB"
111053,":"
111054,"RB"
111055,"RB"
111056,"VBN"
111057,":"
111058,"PRP"
111059,"VBP"
111060,"IN"
111061,"IN"
111062,"DT"
111063,"NN"
111064,"IN"
111065,"NN"
111066,":"
111067,"."
111068,"''"
111069,"PRP"
111070,"VBD"
111071,"RB"
111072,"."
111073,"IN"
111074,"NN"
111075,","
111076,"DT"
111077,"NNP"
111078,"NN"
111079,"VBD"
111080,"IN"
111081,"JJ"
111082,"NN"
111083,"."
111084,"``"
111085,"PRP"
111086,"VBZ"
111087,"VBG"
111088,"IN"
111089,"DT"
111090,"NN"
111091,","
111092,"''"
111093,"VBD"
111094,"NNP"
111095,"NNP"
111096,","
111097,"DT"
111098,"NN"
111099,"NN"
111100,"WP"
111101,"VBD"
111102,"NN"
111103,"IN"
111104,"DT"
111105,"NNP"
111106,"NNP"
111107,"NNP"
111108,"NNP"
111109,"NNP"
111110,"."
111111,"RB"
111112,"PDT"
111113,"DT"
111114,"JJ"
111115,"NN"
111116,"NN"
111117,"VBN"
111118,"IN"
111119,"DT"
111120,"JJ"
111121,"NN"
111122,"CC"
111123,"NN"
111124,"NN"
111125,"NN"
111126,"IN"
111127,"NNP"
111128,"NNP"
111129,"NNP"
111130,"RB"
111131,"."
111132,"NNP"
111133,"VBD"
111134,"VBN"
111135,"IN"
111136,"JJS"
111137,"NNS"
111138,"VBD"
111139,"DT"
111140,"JJS"
111141,"NN"
111142,"NNS"
111143,"IN"
111144,"NN"
111145,"."
111146,"IN"
111147,"JJ"
111148,"NN"
111149,","
111150,"DT"
111151,"NN"
111152,"VBD"
111153,"PRP$"
111154,"NN"
111155,","
111156,"CD"
111157,","
111158,"IN"
111159,"CD"
111160,"NNS"
111161,"."
111162,"``"
111163,"NNP"
111164,"VBD"
111165,"DT"
111166,"NN"
111167,"RB"
111168,","
111169,"RB"
111170,"IN"
111171,"JJS"
111172,"CD"
111173,"NN"
111174,"IN"
111175,"PRP"
111176,"MD"
111177,"VB"
111178,"DT"
111179,"NN"
111180,","
111181,"WDT"
111182,"PRP"
111183,"MD"
111184,"RB"
111185,","
111186,"''"
111187,"NNP"
111188,"NNP"
111189,","
111190,"DT"
111191,"NNP"
111192,"NN"
111193,","
111194,"VBD"
111195,"RB"
111196,"IN"
111197,"DT"
111198,"NN"
111199,"."
111200,"``"
111201,"NNP"
111202,"VBZ"
111203,"RB"
111204,"CD"
111205,"NN"
111206,"CC"
111207,"VBD"
111208,","
111209,"NNP"
111210,"POS"
111211,"RB"
111212,"CD"
111213,"NN"
111214,","
111215,"NNP"
111216,"NNP"
111217,"NN"
111218,"."
111219,"DT"
111220,"NN"
111221,"VBZ"
111222,"VBN"
111223,"RB"
111224,"RB"
111225,"JJ"
111226,"."
111227,"''"
111228,"IN"
111229,"CD"
111230,"NN"
111231,":"
111232,"NNP"
111233,"NNP"
111234,"POS"
111235,"JJ"
111236,"NN"
111237,":"
111238,"JJ"
111239,","
111240,"NNP"
111241,"NNS"
111242,"CC"
111243,"NNS"
111244,"VBD"
111245,"NNS"
111246,"IN"
111247,"WRB"
111248,"JJ"
111249,"DT"
111250,"NNP"
111251,"NNP"
111252,"NN"
111253,"MD"
111254,"VB"
111255,"."
111256,"IN"
111257,"DT"
111258,"NN"
111259,"IN"
111260,"DT"
111261,"NN"
111262,"NN"
111263,","
111264,"NN"
111265,"NN"
111266,"NNP"
111267,"NNP"
111268,"CC"
111269,"CD"
111270,"NNS"
111271,"VBN"
111272,"IN"
111273,"DT"
111274,"NNS"
111275,"IN"
111276,"RB"
111277,"IN"
111278,"DT"
111279,"NNP"
111280,"NNP"
111281,"NN"
111282,"VBD"
111283,":"
111284,"VBG"
111285,"JJR"
111286,"IN"
111287,"CD"
111288,"NNS"
111289,"IN"
111290,"DT"
111291,"JJ"
111292,"JJ"
111293,"NNS"
111294,"."
111295,"PRP"
111296,"VBD"
111297,"DT"
111298,"NN"
111299,"VBN"
111300,"IN"
111301,"DT"
111302,"NN"
111303,"."
111304,"IN"
111305,"NNP"
111306,"NNP"
111307,"NNS"
111308,"VBD"
111309,"JJ"
111310,"JJ"
111311,"NNS"
111312,"IN"
111313,"NNP"
111314,"NNP"
111315,","
111316,"NNP"
111317,"NNP"
111318,"NNP"
111319,"NN"
111320,"NNP"
111321,"NNP"
111322,"VBD"
111323,"PRP"
111324,"TO"
111325,"VB"
111326,"IN"
111327,"DT"
111328,"NN"
111329,"."
111330,"NNP"
111331,"RB"
111332,"RB"
111333,"VB"
111334,"NNP"
111335,"NNP"
111336,"NNP"
111337,"CC"
111338,"NNP"
111339,"NNPS"
111340,"NNP"
111341,"TO"
111342,"VB"
111343,"IN"
111344,"NNP"
111345,"."
111346,"RB"
111347,","
111348,"IN"
111349,"IN"
111350,"CD"
111351,"NNS"
111352,","
111353,"DT"
111354,"NNP"
111355,"NNS"
111356,"VBD"
111357,"."
111358,"``"
111359,"DT"
111360,"NNP"
111361,"VBZ"
111362,"VBN"
111363,"RB"
111364,","
111365,"''"
111366,"VBD"
111367,"CD"
111368,"NN"
111369,"IN"
111370,"IN"
111371,"NNP"
111372,"NNP"
111373,"NN"
111374,","
111375,"IN"
111376,"DT"
111377,"NNP"
111378,"NNP"
111379,"NNP"
111380,"NNP"
111381,"NN"
111382,"RB"
111383,"VBD"
111384,"DT"
111385,"NN"
111386,"."
111387,"IN"
111388,"NNP"
111389,"NNP"
111390,"VBD"
111391,","
111392,"DT"
111393,"NNP"
111394,"NN"
111395,"NN"
111396,"VBD"
111397,"JJ"
111398,"."
111399,"NNS"
111400,"VBD"
111401,"IN"
111402,"PRP$"
111403,"NNS"
111404,"VBD"
111405,"DT"
111406,"JJ"
111407,"NN"
111408,"IN"
111409,"NNP"
111410,"NNP"
111411,"."
111412,"RB"
111413,","
111414,"CD"
111415,"NNS"
111416,"RB"
111417,","
111418,"NNP"
111419,"NNP"
111420,"RB"
111421,"VBD"
111422,"TO"
111423,"DT"
111424,"NN"
111425,"IN"
111426,"DT"
111427,"NN"
111428,"."
111429,"``"
111430,"NNP"
111431,"."
111432,"NNP"
111433,"."
111434,"NNP"
111435,"."
111436,"''"
111437,"VBD"
111438,"NNP"
111439,"NN"
111440,"NNP"
111441,"NNP"
111442,","
111443,"VBG"
111444,"JJR"
111445,"NNP"
111446,"NNS"
111447,"."
111448,"``"
111449,"DT"
111450,"VBZ"
111451,"NN"
111452,"NN"
111453,"."
111454,"''"
111455,"IN"
111456,"DT"
111457,"NNP"
111458,"NN"
111459,"VBD"
111460,","
111461,"DT"
111462,"JJ"
111463,"IN"
111464,"DT"
111465,"NN"
111466,"IN"
111467,"JJ"
111468,"CC"
111469,"NNS"
111470,"VBD"
111471,"VBN"
111472,"IN"
111473,"PRP"
111474,"."
111475,"DT"
111476,"NNP"
111477,"NN"
111478,"VBD"
111479,"IN"
111480,"CD"
111481,","
111482,"PRP$"
111483,"JJ"
111484,"IN"
111485,"DT"
111486,"NN"
111487,","
111488,"IN"
111489,"NNP"
111490,","
111491,"CC"
111492,"IN"
111493,"CD"
111494,"NN"
111495,"."
111496,"O"
111497,"NNP"
111498,"NNP"
111499,"NNP"
111500,"POS"
111501,"NN"
111502,"("
111503,"JJ"
111504,"CC"
111505,"JJ"
111506,","
111507,"NNP"
111508,"CD"
111509,")"
111510,","
111511,"``"
111512,"IN"
111513,"PRP"
111514,"VBP"
111515,"DT"
111516,"CD"
111517,"NNS"
111518,"VBG"
111519,"IN"
111520,"PRP"
111521,","
111522,"DT"
111523,"JJ"
111524,"NN"
111525,"WDT"
111526,"VBZ"
111527,"CD"
111528,"NN"
111529,"IN"
111530,"DT"
111531,"CD"
111532,"IN"
111533,"VBG"
111534,"RB"
111535,"MD"
111536,"VB"
111537,"JJ"
111538,"IN"
111539,"JJS"
111540,"IN"
111541,"DT"
111542,"NN"
111543,","
111544,"''"
111545,"VBZ"
111546,"DT"
111547,"JJ"
111548,"JJ"
111549,"NN"
111550,"IN"
111551,"VBG"
111552,"IN"
111553,"NNS"
111554,"."
111555,"VBZ"
111556,"RB"
111557,"PRP"
111558,"RB"
111559,"RB"
111560,"JJ"
111561,"TO"
111562,"VB"
111563,"IN"
111564,"IN"
111565,"PRP"
111566,"VBP"
111567,"DT"
111568,"CD"
111569,"NNS"
111570,"VBG"
111571,"IN"
111572,"PRP"
111573,","
111574,"DT"
111575,"JJ"
111576,"NN"
111577,"WDT"
111578,"VBZ"
111579,"CD"
111580,"NN"
111581,"IN"
111582,"DT"
111583,"CD"
111584,"IN"
111585,"VBG"
111586,"NN"
111587,"MD"
111588,"VB"
111589,"JJ"
111590,"IN"
111591,"JJS"
111592,"RB"
111593,"DT"
111594,"NN"
111595,"."
111596,"NNP"
111597,"RB"
111598,"VB"
111599,"PDT"
111600,"DT"
111601,"NN"
111602,","
111603,"NNP"
111604,"NNP"
111605,"."
111606,"NNP"
111607,"NNP"
111608,"O"
111609,"NNP"
111610,"NNP"
111611,"NNP"
111612,"NNP"
111613,"VBD"
111614,"DT"
111615,"NN"
111616,"WDT"
111617,"MD"
111618,"VB"
111619,"DT"
111620,"NN"
111621,"NN"
111622,"NN"
111623,"TO"
111624,"VB"
111625,"CC"
111626,"VB"
111627,"JJ"
111628,"NNS"
111629,"IN"
111630,"JJ"
111631,"JJ"
111632,"NNS"
111633,"."
111634,"DT"
111635,"JJ"
111636,"NN"
111637,"TO"
111638,"VB"
111639,"NNP"
111640,"NNP"
111641,","
111642,"NN"
111643,"IN"
111644,"NNP"
111645,"NNP"
111646,","
111647,"VBN"
111648,"JJ"
111649,"NN"
111650,"IN"
111651,"DT"
111652,"NN"
111653,","
111654,"VBD"
111655,"NNP"
111656,"NNP"
111657,"VBD"
111658,"IN"
111659,"DT"
111660,"NN"
111661,"IN"
111662,"DT"
111663,"NN"
111664,"NN"
111665,"NN"
111666,"."
111667,"DT"
111668,"NN"
111669,"VBZ"
111670,"VBN"
111671,"TO"
111672,"VB"
111673,"VBN"
111674,"RB"
111675,"IN"
111676,"DT"
111677,"NNP"
111678,"NNP"
111679,"CC"
111680,"NNP"
111681,"NNP"
111682,"NN"
111683,","
111684,"CC"
111685,"DT"
111686,"NN"
111687,"NN"
111688,"IN"
111689,"JJ"
111690,"NN"
111691,"MD"
111692,"VB"
111693,"VBN"
111694,"."
111695,"DT"
111696,"NN"
111697,"VBD"
111698,"NN"
111699,"IN"
111700,"DT"
111701,"NNP"
111702,"NN"
111703,"CC"
111704,"DT"
111705,"JJ"
111706,"NN"
111707,"IN"
111708,"NN"
111709,"NNP"
111710,"NNP"
111711,","
111712,"WP"
111713,"NN"
111714,"VBD"
111715,"PRP$"
111716,"NN"
111717,"NN"
111718,"IN"
111719,"NNP"
111720,"NNP"
111721,","
111722,"DT"
111723,"NN"
111724,"IN"
111725,"NNP"
111726,"NNP"
111727,"."
111728,"IN"
111729,"DT"
111730,"NN"
111731,"IN"
111732,"NN"
111733,"NNP"
111734,"NNP"
111735,"NNP"
111736,"("
111737,"NNP"
111738,","
111739,"NNP"
111740,")"
111741,","
111742,"NNP"
111743,"NNP"
111744,"VBD"
111745,"DT"
111746,"NN"
111747,"IN"
111748,"DT"
111749,"JJ"
111750,"NN"
111751,"TO"
111752,"VB"
111753,"PRP$"
111754,"NN"
111755,"IN"
111756,"NNP"
111757,","
111758,"NNP"
111759,"VBD"
111760,"PRP"
111761,"VBD"
111762,"TO"
111763,"DT"
111764,"NN"
111765,"IN"
111766,"DT"
111767,"NN"
111768,"."
111769,"NNP"
111770,"NNP"
111771,","
111772,"JJ"
111773,"NN"
111774,"NN"
111775,","
111776,"RB"
111777,"VBD"
111778,"DT"
111779,"NN"
111780,"TO"
111781,"VB"
111782,"DT"
111783,"NN"
111784,"POS"
111785,"NN"
111786,"TO"
111787,"DT"
111788,"NN"
111789,"``"
111790,"IN"
111791,"PRP$"
111792,"JJ"
111793,"NN"
111794,"."
111795,"''"
111796,"NNP"
111797,"NNP"
111798,"VBD"
111799,"IN"
111800,"NNP"
111801,"NNP"
111802,"POS"
111803,"NNS"
111804,"IN"
111805,"DT"
111806,"``"
111807,"NN"
111808,"IN"
111809,"PRP$"
111810,"JJ"
111811,"NN"
111812,"VBG"
111813,"."
111814,"''"
111815,"PRP"
111816,"RB"
111817,"VBD"
111818,"DT"
111819,"NN"
111820,"IN"
111821,"DT"
111822,"JJ"
111823,"NN"
111824,"VBD"
111825,"RB"
111826,"VBN"
111827,"IN"
111828,"NNP"
111829,"NNP"
111830,"NNP"
111831,"NNP"
111832,"VBD"
111833,"EX"
111834,"VBZ"
111835,"``"
111836,"NN"
111837,"NN"
111838,"''"
111839,"IN"
111840,"DT"
111841,"NN"
111842,"POS"
111843,"NN"
111844,"."
111845,"NNP"
111846,"NNP"
111847,"CC"
111848,"JJ"
111849,"NN"
111850,"NNS"
111851,"RB"
111852,"VBD"
111853,"IN"
111854,"DT"
111855,"NN"
111856,"VBD"
111857,"RB"
111858,"DT"
111859,"NN"
111860,"TO"
111861,"DT"
111862,"JJ"
111863,"NN"
111864,"NN"
111865,"."
111866,"CC"
111867,"PRP"
111868,"VBD"
111869,"DT"
111870,"NNP"
111871,"CC"
111872,"NNP"
111873,"NNS"
111874,"IN"
111875,"NNS"
111876,"TO"
111877,"VB"
111878,"RB"
111879,"TO"
111880,"VB"
111881,"DT"
111882,"NN"
111883,"."
111884,"NNP"
111885,"CC"
111886,"IN"
111887,"DT"
111888,"NNP"
111889,"CC"
111890,"NNP"
111891,"VBD"
111892,"DT"
111893,"NN"
111894,"IN"
111895,"DT"
111896,"NNP"
111897,"NN"
111898,"IN"
111899,"NNP"
111900,"VBZ"
111901,"RB"
111902,"JJ"
111903,"TO"
111904,"VB"
111905,"NNS"
111906,"TO"
111907,"VB"
111908,"DT"
111909,"NN"
111910,"."
111911,"``"
111912,"PRP"
111913,"VBZ"
111914,"RB"
111915,"IN"
111916,"DT"
111917,"JJ"
111918,"NN"
111919,"CC"
111920,"PRP"
111921,"RB"
111922,"VBP"
111923,"TO"
111924,"VB"
111925,"PRP"
111926,","
111927,"''"
111928,"VBD"
111929,"NNP"
111930,"NNP"
111931,"NN"
111932,"."
111933,"DT"
111934,"NN"
111935,"VBZ"
111936,"VBN"
111937,"IN"
111938,"VBG"
111939,"DT"
111940,"NN"
111941,"IN"
111942,"DT"
111943,"NN"
111944,"MD"
111945,"VB"
111946,"JJ"
111947,"NN"
111948,"NNS"
111949,"TO"
111950,"VB"
111951,"IN"
111952,"DT"
111953,"NN"
111954,"VBN"
111955,"IN"
111956,"DT"
111957,"JJ"
111958,"NN"
111959,"."
111960,"RB"
111961,","
111962,"DT"
111963,"NN"
111964,"NN"
111965,"VBZ"
111966,"RB"
111967,"VB"
111968,"RB"
111969,"JJ"
111970,"NN"
111971,"TO"
111972,"VB"
111973,"NNS"
111974,","
111975,"CC"
111976,"MD"
111977,"VB"
111978,"DT"
111979,"JJ"
111980,"NN"
111981,"IN"
111982,"VBG"
111983,"DT"
111984,"NN"
111985,"NN"
111986,"IN"
111987,"DT"
111988,"NN"
111989,"DT"
111990,"NN"
111991,"VBZ"
111992,"JJ"
111993,"."
111994,"NNS"
111995,"IN"
111996,"DT"
111997,"NN"
111998,"NN"
111999,"DT"
112000,"NN"
112001,"IN"
112002,"DT"
112003,"NN"
112004,"TO"
112005,"VB"
112006,"NN"
112007,"CC"
112008,"NN"
112009,"TO"
112010,"DT"
112011,"JJ"
112012,"NN"
112013,","
112014,"CC"
112015,"TO"
112016,"VB"
112017,"DT"
112018,"NN"
112019,"CC"
112020,"NN"
112021,"IN"
112022,"DT"
112023,"NN"
112024,"."
112025,"IN"
112026,"NN"
112027,","
112028,"DT"
112029,"NN"
112030,"MD"
112031,"VB"
112032,"DT"
112033,"NNP"
112034,"NNP"
112035,"DT"
112036,"JJ"
112037,"NN"
112038,"NN"
112039,"IN"
112040,"CD"
112041,"NN"
112042,"CC"
112043,"JJR"
112044,"IN"
112045,"DT"
112046,"NN"
112047,"NN"
112048,"IN"
112049,"DT"
112050,"JJ"
112051,"NNP"
112052,"NN"
112053,"NN"
112054,"MD"
112055,"VB"
112056,"VBN"
112057,"."
112058,"PRP"
112059,"RB"
112060,"MD"
112061,"VB"
112062,"DT"
112063,"VBG"
112064,"NN"
112065,"TO"
112066,"VB"
112067,"DT"
112068,"NN"
112069,"NN"
112070,"CC"
112071,"TO"
112072,"VB"
112073,"DT"
112074,"NN"
112075,"JJ"
112076,"TO"
112077,"VBG"
112078,"DT"
112079,"NN"
112080,"IN"
112081,"DT"
112082,"NN"
112083,"."
112084,"DT"
112085,"NN"
112086,"MD"
112087,"VB"
112088,"DT"
112089,"NN"
112090,"TO"
112091,"VB"
112092,"DT"
112093,"NN"
112094,"IN"
112095,"JJ"
112096,"NN"
112097,"VBZ"
112098,"RB"
112099,"VBN"
112100,"VBN"
112101,","
112102,"CC"
112103,"IN"
112104,"DT"
112105,"NN"
112106,"VBZ"
112107,"JJ"
112108,"TO"
112109,"VB"
112110,"DT"
112111,"NN"
112112,"RB"
112113,","
112114,"NN"
112115,"IN"
112116,"DT"
112117,"JJ"
112118,"NN"
112119,"IN"
112120,"NN"
112121,"IN"
112122,"DT"
112123,"NN"
112124,"IN"
112125,"NN"
112126,"IN"
112127,"NNS"
112128,","
112129,"CC"
112130,"VB"
112131,"NN"
112132,"TO"
112133,"DT"
112134,"JJ"
112135,"NN"
112136,"."
112137,"IN"
112138,"JJ"
112139,"NN"
112140,"VBZ"
112141,"VBN"
112142,","
112143,"DT"
112144,"NN"
112145,"MD"
112146,"VB"
112147,"NN"
112148,"TO"
112149,"VB"
112150,"DT"
112151,"NN"
112152,"NN"
112153,"CD"
112154,"NNS"
112155,"."
112156,"DT"
112157,"JJ"
112158,"NNS"
112159,","
112160,"DT"
112161,"NNS"
112162,"CC"
112163,"NN"
112164,"NNS"
112165,","
112166,"VBD"
112167,"NN"
112168,"IN"
112169,"DT"
112170,"NN"
112171,"IN"
112172,"NN"
112173,"TO"
112174,"VB"
112175,"NNS"
112176,"IN"
112177,"NN"
112178,"IN"
112179,"IN"
112180,"NN"
112181,"NNS"
112182,"IN"
112183,"DT"
112184,"NN"
112185,"IN"
112186,"JJ"
112187,","
112188,"JJ"
112189,"NN"
112190,"."
112191,"CC"
112192,"JJ"
112193,"NN"
112194,"NNS"
112195,"VBN"
112196,","
112197,"DT"
112198,"NN"
112199,"NNP"
112200,"NNP"
112201,"POS"
112202,"NN"
112203,"IN"
112204,"DT"
112205,"NN"
112206,"IN"
112207,"NN"
112208,"VBD"
112209,"DT"
112210,"NN"
112211,"IN"
112212,"DT"
112213,"NNP"
112214,"NN"
112215,"CC"
112216,"DT"
112217,"JJ"
112218,"NN"
112219,"."
112220,"CD"
112221,"IN"
112222,"DT"
112223,"JJ"
112224,"NNS"
112225,"VBN"
112226,"IN"
112227,"DT"
112228,"NNS"
112229,"VBD"
112230,"IN"
112231,"JJ"
112232,"NNS"
112233,"MD"
112234,"VB"
112235,"VBN"
112236,"IN"
112237,"VBG"
112238,"PRP"
112239,"IN"
112240,"JJR"
112241,"NNS"
112242,"CC"
112243,"VBG"
112244,"JJ"
112245,"RP"
112246,"NNS"
112247,"."
112248,"O"
112249,"IN"
112250,"DT"
112251,"JJ"
112252,"NN"
112253,"TO"
112254,"DT"
112255,"NN"
112256,"IN"
112257,"NNS"
112258,"IN"
112259,"NNP"
112260,"NNP"
112261,"CC"
112262,"JJ"
112263,"NNP"
112264,"NN"
112265,"NNS"
112266,","
112267,"DT"
112268,"JJ"
112269,"NN"
112270,"VBD"
112271,"NNS"
112272,"IN"
112273,"DT"
112274,"CD"
112275,"NNS"
112276,"MD"
112277,"VB"
112278,"IN"
112279,"PRP"
112280,"NN"
112281,"."
112282,"``"
112283,"PRP"
112284,"MD"
112285,"VB"
112286,"DT"
112287,"JJ"
112288,"NN"
112289,"CC"
112290,"PRP"
112291,"MD"
112292,"VB"
112293,"DT"
112294,"JJ"
112295,"NN"
112296,","
112297,"''"
112298,"VBD"
112299,"NNP"
112300,"NNP"
112301,","
112302,"DT"
112303,"NN"
112304,","
112305,"WP"
112306,"VBD"
112307,"DT"
112308,"NN"
112309,"TO"
112310,"VB"
112311,"DT"
112312,"JJ"
112313,"NN"
112314,"IN"
112315,"DT"
112316,"NN"
112317,"IN"
112318,"NNS"
112319,"."
112320,"``"
112321,"PRP"
112322,"VBP"
112323,"VBN"
112324,"IN"
112325,"NNS"
112326,"VBP"
112327,"VBN"
112328,"RB"
112329,"CC"
112330,"RB"
112331,"IN"
112332,","
112333,"PRP"
112334,"VBP"
112335,"VBN"
112336,"DT"
112337,"NN"
112338,"IN"
112339,"NNS"
112340,","
112341,"''"
112342,"DT"
112343,"NNP"
112344,"NN"
112345,"VBD"
112346,"."
112347,"DT"
112348,"NNP"
112349,"NN"
112350,"VBZ"
112351,"VBN"
112352,"DT"
112353,"JJ"
112354,"NN"
112355,"NN"
112356,"WDT"
112357,"MD"
112358,"VB"
112359,"VBN"
112360,"DT"
112361,"CD"
112362,"NN"
112363,"NN"
112364,"NN"
112365,"IN"
112366,"DT"
112367,"NN"
112368,"IN"
112369,"DT"
112370,"NN"
112371,","
112372,"IN"
112373,"DT"
112374,"NNS"
112375,"."
112376,"RB"
112377,","
112378,"JJ"
112379,"NN"
112380,"IN"
112381,"NNS"
112382,"VBZ"
112383,"$"
112384,"CD"
112385,"DT"
112386,"NN"
112387,","
112388,"NNP"
112389,"VBD"
112390,"."
112391,"RB"
112392,"IN"
112393,"PRP$"
112394,"JJ"
112395,"NN"
112396,","
112397,"DT"
112398,"NN"
112399,"VBZ"
112400,"VBN"
112401,"IN"
112402,"CD"
112403,"NNS"
112404,"CC"
112405,"VBZ"
112406,"VBN"
112407,"TO"
112408,"VB"
112409,"NN"
112410,"IN"
112411,"DT"
112412,"NNS"
112413,"."
112414,"IN"
112415,"DT"
112416,"NN"
112417,"NN"
112418,"IN"
112419,"IN"
112420,"$"
112421,"CD"
112422,"CD"
112423,","
112424,"DT"
112425,"NN"
112426,"VBD"
112427,"VBD"
112428,"PRP"
112429,"VBD"
112430,"VBN"
112431,"IN"
112432,"DT"
112433,"JJ"
112434,"NN"
112435,"."
112436,"IN"
112437,"DT"
112438,"JJ"
112439,"NN"
112440,"IN"
112441,"NN"
112442,","
112443,"NN"
112444,"NNS"
112445,"MD"
112446,"VB"
112447,"VBG"
112448,"$"
112449,"CD"
112450,"DT"
112451,"NN"
112452,"IN"
112453,"DT"
112454,"NN"
112455,"."
112456,"NN"
112457,"IN"
112458,"NNP"
112459,"VBZ"
112460,"IN"
112461,"NNS"
112462,"CC"
112463,"JJ"
112464,"JJ"
112465,"NNS"
112466,"VBG"
112467,"DT"
112468,"NNS"
112469,"."
112470,"CC"
112471,"IN"
112472,"DT"
112473,"NN"
112474,"POS"
112475,"NNP"
112476,","
112477,"NNP"
112478,","
112479,"NN"
112480,","
112481,"IN"
112482,"CD"
112483,"IN"
112484,"DT"
112485,"CD"
112486,"NNS"
112487,"RB"
112488,"VBP"
112489,"VBG"
112490,","
112491,"NNP"
112492,"VBD"
112493,"."
112494,"IN"
112495,"NNP"
112496,"NNP"
112497,"NNS"
112498,","
112499,"NNS"
112500,"MD"
112501,"RB"
112502,"VB"
112503,"NNS"
112504,"TO"
112505,"VB"
112506,"NN"
112507,"NNS"
112508,"."
112509,"NNP"
112510,"VBZ"
112511,"VBN"
112512,"TO"
112513,"VB"
112514,"WRB"
112515,"JJ"
112516,"NNS"
112517,"VBP"
112518,"VBG"
112519,"IN"
112520,"PRP$"
112521,"JJ"
112522,"NN"
112523,","
112524,"NNP"
112525,","
112526,"NN"
112527,"."
112528,"NNP"
112529,"NNS"
112530,"MD"
112531,"RB"
112532,"VB"
112533,"VBN"
112534,"IN"
112535,"NN"
112536,"."
112537,"O"
112538,"NNP"
112539,"NNP"
112540,"NNP"
112541,","
112542,"DT"
112543,"JJ"
112544,"NN"
112545,"IN"
112546,"NNP"
112547,"NNP"
112548,","
112549,"VBD"
112550,"PRP"
112551,"VBZ"
112552,"TO"
112553,"VB"
112554,"DT"
112555,"NN"
112556,"NN"
112557,"IN"
112558,"DT"
112559,"NN"
112560,"NN"
112561,"NN"
112562,"POS"
112563,"JJ"
112564,"NN"
112565,"."
112566,"NNP"
112567,","
112568,"DT"
112569,"NN"
112570,"VBD"
112571,"IN"
112572,"DT"
112573,"NNP"
112574,"NNP"
112575,"NN"
112576,"NN"
112577,"NNP"
112578,"NNP"
112579,","
112580,"RB"
112581,"VBD"
112582,"PRP"
112583,"VBZ"
112584,"TO"
112585,"VB"
112586,"JJ"
112587,"NNS"
112588,"IN"
112589,"DT"
112590,"NNP"
112591,"CC"
112592,"NNP"
112593,"NNP"
112594,"VBG"
112595,"DT"
112596,"NN"
112597,"NN"
112598,"TO"
112599,"VB"
112600,"NNP"
112601,"POS"
112602,"NN"
112603,"."
112604,"NNP"
112605,"VBZ"
112606,"DT"
112607,"CD"
112608,"NN"
112609,"NN"
112610,"IN"
112611,"NNP"
112612,"NNP"
112613,"VBD"
112614,"DT"
112615,"$"
112616,"JJ"
112617,"NN"
112618,"IN"
112619,"DT"
112620,"NN"
112621,"IN"
112622,"NNP"
112623,","
112624,"CC"
112625,"NNP"
112626,"NN"
112627,"VBD"
112628,"DT"
112629,"$"
112630,"CD"
112631,"CD"
112632,"NN"
112633,"JJ"
112634,"."
112635,"DT"
112636,"NNP"
112637,"NN"
112638,"VBD"
112639,"TO"
112640,"VB"
112641,"IN"
112642,"DT"
112643,"NN"
112644,"POS"
112645,"JJ"
112646,"NN"
112647,"."
112648,"IN"
112649,"NNP"
112650,"NNP"
112651,"NNP"
112652,"JJ"
112653,"NN"
112654,"NN"
112655,","
112656,"NNP"
112657,"NNS"
112658,"VBD"
112659,"CD"
112660,"NNS"
112661,"TO"
112662,"VB"
112663,"IN"
112664,"$"
112665,"CD"
112666,"."
112667,"NNP"
112668,","
112669,"WDT"
112670,"VBD"
112671,"VBN"
112672,"VBG"
112673,"DT"
112674,"NN"
112675,"IN"
112676,"JJ"
112677,"NNS"
112678,","
112679,"VBD"
112680,"DT"
112681,"NN"
112682,"NN"
112683,"IN"
112684,"NNP"
112685,"NNP"
112686,"VBD"
112687,"PRP"
112688,"RP"
112689,"DT"
112690,"NN"
112691,"NN"
112692,"."
112693,"DT"
112694,"NN"
112695,"POS"
112696,"NN"
112697,"VBZ"
112698,"NNS"
112699,"TO"
112700,"VB"
112701,"IN"
112702,"CD"
112703,"NNS"
112704,","
112705,"TO"
112706,"VB"
112707,"IN"
112708,"JJ"
112709,"NN"
112710,"NN"
112711,"NNS"
112712,"CC"
112713,"TO"
112714,"VB"
112715,"PRP$"
112716,"NNP"
112717,"NNP"
112718,"NN"
112719,"."
112720,"IN"
112721,"NN"
112722,"IN"
112723,"DT"
112724,"NN"
112725,","
112726,"NNP"
112727,"VBD"
112728,"DT"
112729,"NN"
112730,"TO"
112731,"VB"
112732,"$"
112733,"CD"
112734,"CD"
112735,"IN"
112736,"PRP$"
112737,"JJ"
112738,"NN"
112739,"NNS"
112740,"TO"
112741,"CD"
112742,"NNS"
112743,"NNP"
112744,","
112745,"DT"
112746,"NN"
112747,"IN"
112748,"NNP"
112749,"POS"
112750,"NNP"
112751,"NNP"
112752,"."
112753,"NNP"
112754,"NNP"
112755,","
112756,"NNP"
112757,"POS"
112758,"NN"
112759,","
112760,"NN"
112761,"CC"
112762,"JJ"
112763,"NN"
112764,"NN"
112765,","
112766,"VBD"
112767,"DT"
112768,"NN"
112769,"``"
112770,"VBZ"
112771,"IN"
112772,"DT"
112773,"NN"
112774,"TO"
112775,"VB"
112776,"NNP"
112777,"POS"
112778,"NNS"
112779,"."
112780,"''"
112781,"PRP"
112782,"VBD"
112783,"NN"
112784,"POS"
112785,"NN"
112786,"``"
112787,"JJ"
112788,"CC"
112789,"JJ"
112790,"''"
112791,"CC"
112792,"VBD"
112793,"DT"
112794,"NN"
112795,"VBZ"
112796,"TO"
112797,"VB"
112798,"IN"
112799,"PRP$"
112800,"NN"
112801,"."
112802,"O"
112803,"NN"
112804,"NNS"
112805,"VBD"
112806,"IN"
112807,"NNP"
112808,"NN"
112809,"IN"
112810,"NN"
112811,"TO"
112812,"NNP"
112813,"POS"
112814,"NNP"
112815,"NNP"
112816,"NN"
112817,","
112818,"CC"
112819,"DT"
112820,"NNS"
112821,"VBD"
112822,"DT"
112823,"JJ"
112824,"NN"
112825,"IN"
112826,"NNP"
112827,"NNP"
112828,"VBD"
112829,"IN"
112830,"DT"
112831,"NN"
112832,"."
112833,"JJ"
112834,"NNS"
112835,"VBP"
112836,"JJ"
112837,"NN"
112838,"IN"
112839,"NN"
112840,"NN"
112841,","
112842,"IN"
112843,"DT"
112844,"JJ"
112845,"NN"
112846,"."
112847,"DT"
112848,"NNP"
112849,"NNP"
112850,"NNP"
112851,","
112852,"WDT"
112853,"VBD"
112854,"IN"
112855,"DT"
112856,"NNP"
112857,"NNP"
112858,"NNS"
112859,"VBD"
112860,","
112861,"VBD"
112862,"DT"
112863,"RBS"
112864,"JJ"
112865,"IN"
112866,"DT"
112867,"JJ"
112868,"JJ"
112869,"NNS"
112870,","
112871,"IN"
112872,"DT"
112873,"NNP"
112874,"NNP"
112875,"VBG"
112876,"CD"
112877,"NN"
112878,"."
112879,"IN"
112880,"NNP"
112881,","
112882,"NNS"
112883,"VBD"
112884,"IN"
112885,"JJ"
112886,"NN"
112887,"CC"
112888,"VBD"
112889,"RB"
112890,"IN"
112891,"JJ"
112892,"IN"
112893,"CD"
112894,"NN"
112895,"IN"
112896,"VBG"
112897,"RB"
112898,"JJ"
112899,"IN"
112900,"DT"
112901,"NNP"
112902,"NNP"
112903,"NN"
112904,"TO"
112905,"VB"
112906,"RB"
112907,"RB"
112908,"CD"
112909,"NN"
112910,"."
112911,"NNP"
112912,"NNP"
112913,"NNP"
112914,"NNP"
112915,"NNP"
112916,"NNP"
112917,"VBD"
112918,","
112919,"``"
112920,"IN"
112921,"PRP$"
112922,"NN"
112923,","
112924,"DT"
112925,"NN"
112926,"NN"
112927,"MD"
112928,"VB"
112929,"RB"
112930,"RB"
112931,"."
112932,"EX"
112933,"MD"
112934,"VB"
112935,"NN"
112936,"CC"
112937,"JJ"
112938,"JJ"
112939,"CC"
112940,"JJ"
112941,"NNS"
112942,","
112943,"CC"
112944,"PRP"
112945,"VBP"
112946,"RB"
112947,"VBN"
112948,"IN"
112949,"NNS"
112950,"."
112951,"DT"
112952,"NN"
112953,"IN"
112954,"NNP"
112955,"NNP"
112956,"CC"
112957,"NNP"
112958,"NNP"
112959,"("
112960,"NNP"
112961,"NNP"
112962,")"
112963,"VBZ"
112964,"RB"
112965,"JJ"
112966,"."
112967,"''"
112968,"NNP"
112969,","
112970,"WDT"
112971,"VBZ"
112972,"VBN"
112973,"DT"
112974,"NN"
112975,"IN"
112976,"NN"
112977,"NN"
112978,"IN"
112979,"JJ"
112980,"NNS"
112981,","
112982,"RB"
112983,"VBD"
112984,"JJ"
112985,"NN"
112986,"."
112987,"NN"
112988,"NNS"
112989,"VBD"
112990,"IN"
112991,"NNP"
112992,","
112993,"NNP"
112994,","
112995,"NNP"
112996,","
112997,"NNP"
112998,"CC"
112999,"NNP"
113000,"."
113001,"NNS"
113002,"IN"
113003,"NNP"
113004,","
113005,"WRB"
113006,"DT"
113007,"NN"
113008,"NN"
113009,"VBN"
113010,"NN"
113011,","
113012,"RB"
113013,"VBD"
113014,"."
113015,"VBG"
113016,"VBZ"
113017,"DT"
113018,"NN"
113019,"IN"
113020,"JJ"
113021,"NN"
113022,"NN"
113023,":"
113024,"NN"
113025,":"
113026,"CD"
113027,"IN"
113028,"DT"
113029,"JJ"
113030,"NNS"
113031,"VBD"
113032,"IN"
113033,"DT"
113034,"JJ"
113035,"NN"
113036,"IN"
113037,"NNP"
113038,"POS"
113039,"JJS"
113040,"NN"
113041,"."
113042,"DT"
113043,"NNP"
113044,"NNP"
113045,"IN"
113046,"CD"
113047,"JJ"
113048,"JJ"
113049,"NN"
113050,"NNS"
113051,"VBD"
113052,"CD"
113053,"NN"
113054,","
113055,"DT"
113056,"JJ"
113057,"NN"
113058,","
113059,"VBG"
113060,"RP"
113061,"DT"
113062,"NN"
113063,"POS"
113064,"NNS"
113065,"."
113066,"DT"
113067,"NN"
113068,"VBD"
113069,"IN"
113070,"CD"
113071,","
113072,"RB"
113073,"CD"
113074,"NNS"
113075,"."
113076,"IN"
113077,"NN"
113078,","
113079,"CD"
113080,"NNS"
113081,"RB"
113082,"IN"
113083,"NNP"
113084,"NNP"
113085,","
113086,"DT"
113087,"JJ"
113088,"NN"
113089,"MD"
113090,"VB"
113091,"VBN"
113092,"CD"
113093,"NN"
113094,","
113095,"VBG"
113096,"TO"
113097,"DT"
113098,"NN"
113099,"IN"
113100,"DT"
113101,"NN"
113102,"."
113103,"NNS"
113104,"MD"
113105,"VB"
113106,"VBN"
113107,"RB"
113108,"RB"
113109,"TO"
113110,"NNP"
113111,"POS"
113112,"NNP"
113113,"NN"
113114,"NN"
113115,"NN"
113116,"IN"
113117,"PRP"
113118,"VBD"
113119,"JJ"
113120,"NNS"
113121,"IN"
113122,"DT"
113123,"NNP"
113124,"NN"
113125,"POS"
113126,"VBG"
113127,"CD"
113128,"NN"
113129,"IN"
113130,"PRP$"
113131,"NN"
113132,"IN"
113133,"DT"
113134,"CD"
113135,"NN"
113136,"CC"
113137,"PRP$"
113138,"NN"
113139,"."
113140,"DT"
113141,"NN"
113142,","
113143,"RB"
113144,","
113145,"DT"
113146,"JJ"
113147,"NNS"
113148,"MD"
113149,"VB"
113150,"VBN"
113151,"VBN"
113152,"IN"
113153,"VBG"
113154,"RB"
113155,"RB"
113156,"."
113157,"``"
113158,"PRP"
113159,"RB"
113160,"VBD"
113161,"IN"
113162,"DT"
113163,"JJ"
113164,"NN"
113165,","
113166,"''"
113167,"VBD"
113168,"NNP"
113169,"NNP"
113170,","
113171,"DT"
113172,"NN"
113173,"NN"
113174,"IN"
113175,"DT"
113176,"NN"
113177,"IN"
113178,"NNP"
113179,"POS"
113180,"NNP"
113181,"NN"
113182,"."
113183,"PRP"
113184,"VBD"
113185,"PRP"
113186,"VBD"
113187,"NNS"
113188,"TO"
113189,"VB"
113190,"JJ"
113191,"JJ"
113192,"JJ"
113193,"NN"
113194,"NNS"
113195,"IN"
113196,"PRP"
113197,"VBD"
113198,"IN"
113199,"IN"
113200,"CD"
113201,"NN"
113202,"."
113203,"IN"
113204,"DT"
113205,"NN"
113206,"VBD"
113207,"VBN"
113208,"CD"
113209,"NNS"
113210,"IN"
113211,"IN"
113212,"DT"
113213,"NN"
113214,"IN"
113215,"JJ"
113216,"NNS"
113217,","
113218,"NNP"
113219,"POS"
113220,"JJ"
113221,"JJ"
113222,"NN"
113223,"NN"
113224,"VBD"
113225,"VBN"
113226,"CD"
113227,"NNS"
113228,"TO"
113229,"VB"
113230,"DT"
113231,"JJ"
113232,"NN"
113233,"."
113234,"``"
113235,"DT"
113236,"NN"
113237,"VBD"
113238,"JJ"
113239,","
113240,"''"
113241,"VBD"
113242,"NNP"
113243,"NNP"
113244,","
113245,"DT"
113246,"NN"
113247,"IN"
113248,"NNP"
113249,"NNP"
113250,"."
113251,"``"
113252,"PRP"
113253,"VBD"
113254,"NNS"
113255,"IN"
113256,"DT"
113257,"NN"
113258,"IN"
113259,"JJ"
113260,"NNS"
113261,"MD"
113262,"VB"
113263,"VBN"
113264,"RP"
113265,"TO"
113266,"VB"
113267,"DT"
113268,"NN"
113269,"IN"
113270,"DT"
113271,"NN"
113272,"."
113273,"''"
113274,"JJ"
113275,"NNS"
113276,"CC"
113277,"NNS"
113278,","
113279,"JJ"
113280,"IN"
113281,"WP"
113282,"VBD"
113283,"DT"
113284,"NN"
113285,"IN"
113286,"IN"
113287,"PRP$"
113288,"NNS"
113289,"VBG"
113290,"NNP"
113291,"NNP"
113292,"NNS"
113293,","
113294,"VBD"
113295,"RB"
113296,"JJ"
113297,"IN"
113298,"DT"
113299,"JJ"
113300,"CD"
113301,"NN"
113302,"NN"
113303,"IN"
113304,"NNP"
113305,"NN"
113306,"NNS"
113307,"."
113308,"``"
113309,"NN"
113310,"VBD"
113311,"RB"
113312,"JJ"
113313,","
113314,"VBG"
113315,"RBS"
113316,"JJ"
113317,"NNS"
113318,"."
113319,"DT"
113320,"VBZ"
113321,"WRB"
113322,"NN"
113323,"VBD"
113324,"DT"
113325,"JJ"
113326,"JJ"
113327,"IN"
113328,"DT"
113329,"NN"
113330,"IN"
113331,"JJ"
113332,"NNS"
113333,"IN"
113334,"JJ"
113335,"JJ"
113336,"NNS"
113337,","
113338,"''"
113339,"VBD"
113340,"NNP"
113341,"NNP"
113342,","
113343,"DT"
113344,"JJ"
113345,"NN"
113346,"IN"
113347,"NNP"
113348,"NNP"
113349,"."
113350,"DT"
113351,"JJ"
113352,"NNS"
113353,","
113354,"VBG"
113355,"NNS"
113356,","
113357,"VBD"
113358,"VBG"
113359,"RP"
113360,"JJ"
113361,"NNS"
113362,"JJ"
113363,"NN"
113364,","
113365,"CC"
113366,"JJS"
113367,"NNS"
113368,"VBD"
113369,"TO"
113370,"VB"
113371,"WP"
113372,"MD"
113373,"VB"
113374,"IN"
113375,"NNP"
113376,"NNP"
113377,"IN"
113378,"VBG"
113379,"."
113380,"CC"
113381,"RB"
113382,"IN"
113383,"NNP"
113384,"NNP"
113385,"VBZ"
113386,"TO"
113387,"VB"
113388,","
113389,"NNS"
113390,"RB"
113391,"VBP"
113392,"DT"
113393,"JJ"
113394,"NN"
113395,"TO"
113396,"NN"
113397,"NN"
113398,"MD"
113399,"VB"
113400,"DT"
113401,"JJ"
113402,"NN"
113403,"IN"
113404,"DT"
113405,"NNP"
113406,"NN"
113407,","
113408,"WDT"
113409,"RB"
113410,"VBD"
113411,"NN"
113412,"NNS"
113413,"IN"
113414,"NN"
113415,"IN"
113416,"DT"
113417,"NNP"
113418,"VBD"
113419,"VBN"
113420,"IN"
113421,"DT"
113422,"CD"
113423,"NN"
113424,"IN"
113425,"CD"
113426,"IN"
113427,"NNP"
113428,"CD"
113429,"."
113430,"DT"
113431,"IN"
113432,"NNP"
113433,"NNP"
113434,"POS"
113435,"JJ"
113436,"NNS"
113437,"VBD"
113438,"RB"
113439,"IN"
113440,"DT"
113441,"JJS"
113442,"NNS"
113443,"."
113444,"DT"
113445,"CD"
113446,"NN"
113447,"NN"
113448,"IN"
113449,"NNP"
113450,"NNP"
113451,"CC"
113452,"NNP"
113453,"NNP"
113454,"NNP"
113455,"POS"
113456,"CD"
113457,"NN"
113458,"NN"
113459,"VBD"
113460,"RB"
113461,"JJ"
113462,"IN"
113463,"PRP$"
113464,"JJ"
113465,"NNS"
113466,","
113467,"WP$"
113468,"NNS"
113469,"IN"
113470,"JJ"
113471,"NNS"
113472,"NNS"
113473,"IN"
113474,"NNP"
113475,"MD"
113476,"RB"
113477,"VB"
113478,"IN"
113479,"NN"
113480,"."
113481,"NNP"
113482,"NNP"
113483,"JJ"
113484,"NN"
113485,"VBD"
113486,"PRP"
113487,"VBD"
113488,"TO"
113489,"VB"
113490,"CD"
113491,"CD"
113492,"NNS"
113493,"("
113494,"$"
113495,"CD"
113496,"CD"
113497,")"
113498,"IN"
113499,"VBG"
113500,"CD"
113501,"CD"
113502,"NNS"
113503,"IN"
113504,"CD"
113505,"NNS"
113506,"DT"
113507,"."
113508,"CC"
113509,"NN"
113510,"POS"
113511,"NN"
113512,"VBD"
113513,"NNP"
113514,"POS"
113515,"NN"
113516,"NN"
113517,"IN"
113518,"CD"
113519,"NNS"
113520,"TO"
113521,"CD"
113522,"NNS"
113523,"DT"
113524,"NN"
113525,","
113526,"VBG"
113527,"JJ"
113528,"NN"
113529,"IN"
113530,"NNS"
113531,"TO"
113532,"VB"
113533,"TO"
113534,"DT"
113535,"JJ"
113536,"NN"
113537,"IN"
113538,"DT"
113539,"NN"
113540,"NNS"
113541,"RB"
113542,"."
113543,"NNP"
113544,":"
113545,"VBN"
113546,"IN"
113547,"DT"
113548,"JJ"
113549,"NN"
113550,"IN"
113551,"NN"
113552,","
113553,"DT"
113554,"NNP"
113555,"NN"
113556,"NN"
113557,"VBD"
113558,"NNS"
113559,"IN"
113560,"PRP$"
113561,"NNS"
113562,"IN"
113563,"DT"
113564,"NN"
113565,"IN"
113566,"NNP"
113567,"NNP"
113568,"POS"
113569,"JJ"
113570,"NN"
113571,"."
113572,"DT"
113573,"NNP"
113574,"NNP"
113575,"NNP"
113576,"CD"
113577,"NN"
113578,"NN"
113579,"VBD"
113580,"RB"
113581,"CD"
113582,"NNS"
113583,","
113584,"IN"
113585,"CD"
113586,","
113587,"PRP$"
113588,"JJ"
113589,"IN"
113590,"DT"
113591,"NN"
113592,","
113593,"IN"
113594,"VBG"
113595,"VBD"
113596,"CD"
113597,"NNS"
113598,"IN"
113599,"CD"
113600,"NN"
113601,"."
113602,"PRP"
113603,"VBD"
113604,"JJ"
113605,"NNS"
113606,"JJ"
113607,"IN"
113608,"NNP"
113609,"NNP"
113610,"NNP"
113611,"NNP"
113612,","
113613,"NNP"
113614,"NNP"
113615,"NNP"
113616,"NNPS"
113617,"CC"
113618,"NNP"
113619,"NNP"
113620,"NNP"
113621,"NNP"
113622,"IN"
113623,"JJ"
113624,"DT"
113625,"NN"
113626,"."
113627,"VBN"
113628,"IN"
113629,"JJ"
113630,"NNS"
113631,"CC"
113632,"VBN"
113633,"IN"
113634,"NNP"
113635,"NNP"
113636,"POS"
113637,"NN"
113638,","
113639,"PRP"
113640,"VBD"
113641,"RP"
113642,"NNS"
113643,"IN"
113644,"DT"
113645,"NN"
113646,"."
113647,"NN"
113648,"VBD"
113649,"CD"
113650,"CD"
113651,"NNS"
113652,","
113653,"JJR"
113654,"IN"
113655,"JJ"
113656,"JJ"
113657,"NNS"
113658,"."
113659,"NNP"
113660,":"
113661,"RB"
113662,"NN"
113663,"VBD"
113664,"DT"
113665,"NNP"
113666,"NNP"
113667,"DT"
113668,"NN"
113669,"IN"
113670,"PRP$"
113671,"JJ"
113672,"NN"
113673,"RB"
113674,"IN"
113675,"DT"
113676,"NN"
113677,"."
113678,"DT"
113679,"NNP"
113680,"NNP"
113681,"NNP"
113682,"VBD"
113683,"RB"
113684,"CD"
113685,"NN"
113686,"IN"
113687,"CD"
113688,","
113689,"DT"
113690,"NN"
113691,"IN"
113692,"CD"
113693,"NNS"
113694,"IN"
113695,"NNP"
113696,"."
113697,"``"
113698,"EX"
113699,"VBD"
113700,"DT"
113701,"NN"
113702,"IN"
113703,"DT"
113704,"NN"
113705,"IN"
113706,"PRP"
113707,"VBP"
113708,"RB"
113709,"VBN"
113710,"IN"
113711,","
113712,"''"
113713,"VBD"
113714,"NNP"
113715,"NNP"
113716,","
113717,"DT"
113718,"NN"
113719,"IN"
113720,"NN"
113721,"NN"
113722,"VBD"
113723,"JJ"
113724,"."
113725,"``"
113726,"WRB"
113727,"NNP"
113728,"NNP"
113729,"VBD"
113730,"RB"
113731,"RB"
113732,"IN"
113733,"DT"
113734,"NN"
113735,","
113736,"EX"
113737,"VBD"
113738,"NN"
113739,"VBG"
113740,"IN"
113741,"NNP"
113742,"."
113743,"''"
113744,"NNS"
113745,"VBD"
113746,"IN"
113747,"IN"
113748,"DT"
113749,"NN"
113750,"NN"
113751,"IN"
113752,"NNP"
113753,"NNP"
113754,"VBD"
113755,"VBG"
113756,"RP"
113757,","
113758,"NNS"
113759,"WP"
113760,"VBD"
113761,"VBN"
113762,"TO"
113763,"VB"
113764,"NN"
113765,"NNS"
113766,"VBD"
113767,"PRP$"
113768,"NN"
113769,"IN"
113770,"NN"
113771,","
113772,"VBG"
113773,"NNS"
113774,"RB"
113775,"."
113776,"NNP"
113777,"VBD"
113778,"VBN"
113779,"RB"
113780,"IN"
113781,"JJ"
113782,"NNS"
113783,"CC"
113784,"NNS"
113785,","
113786,"IN"
113787,"JJ"
113788,"NNS"
113789,"VBG"
113790,"IN"
113791,"DT"
113792,"NNS"
113793,"IN"
113794,"JJ"
113795,"IN"
113796,"DT"
113797,"NN"
113798,"."
113799,"WRB"
113800,"NNP"
113801,"NNP"
113802,"VBD"
113803,","
113804,"RB"
113805,","
113806,"DT"
113807,"JJ"
113808,"NNS"
113809,"VBD"
113810,"DT"
113811,"NN"
113812,","
113813,"VBG"
113814,"IN"
113815,"NNS"
113816,"."
113817,"O"
113818,"NNP"
113819,"NNP"
113820,"CC"
113821,"NNP"
113822,"NNP"
113823,"TO"
113824,"DT"
113825,"NN"
113826,"IN"
113827,"DT"
113828,"JJ"
113829,"NN"
113830,","
113831,"IN"
113832,"NNP"
113833,"NNP"
113834,"VBD"
113835,"JJ"
113836,"NN"
113837,"JJR"
113838,"IN"
113839,"VBN"
113840,","
113841,"CC"
113842,"NNP"
113843,"NNP"
113844,"NNP"
113845,"JJ"
113846,"VBD"
113847,"CD"
113848,"NN"
113849,"."
113850,"NNP"
113851,"NNP"
113852,"CC"
113853,"NNP"
113854,"."
113855,"NNP"
113856,"NNP"
113857,","
113858,"IN"
113859,"VBN"
113860,","
113861,"VBD"
113862,"DT"
113863,"$"
113864,"CD"
113865,"CD"
113866,"NN"
113867,"NN"
113868,"IN"
113869,"DT"
113870,"NN"
113871,","
113872,"VBG"
113873,"DT"
113874,"NNP"
113875,"NNP"
113876,"NN"
113877,"POS"
113878,"NN"
113879,"JJ"
113880,"NN"
113881,"TO"
113882,"VB"
113883,"$"
113884,"CD"
113885,"CD"
113886,"IN"
113887,"NNS"
113888,"IN"
113889,"NNS"
113890,"IN"
113891,"NNS"
113892,"TO"
113893,"JJ"
113894,"NNS"
113895,"."
113896,"DT"
113897,"NN"
113898,"NN"
113899,"VBD"
113900,"DT"
113901,"NN"
113902,"IN"
113903,"NNP"
113904,"NNP"
113905,"NNP"
113906,"NNP"
113907,"IN"
113908,"DT"
113909,"JJ"
113910,"JJ"
113911,"NNP"
113912,"NNS"
113913,"WDT"
113914,"VBP"
113915,"VBN"
113916,"RB"
113917,"PDT"
113918,"PRP$"
113919,"NN"
113920,"CC"
113921,"JJ"
113922,"NNS"
113923,"TO"
113924,"JJ"
113925,"NNS"
113926,"IN"
113927,"NNS"
113928,"."
113929,"DT"
113930,"JJ"
113931,"NN"
113932,"POS"
113933,"NN"
113934,"VBZ"
113935,"$"
113936,"CD"
113937,"DT"
113938,"NN"
113939,"."
113940,"IN"
113941,"DT"
113942,"JJ"
113943,"NN"
113944,","
113945,"NNP"
113946,"VBD"
113947,"$"
113948,"CD"
113949,"CD"
113950,","
113951,"CC"
113952,"$"
113953,"CD"
113954,"DT"
113955,"NN"
113956,"."
113957,"NNP"
113958,"NNP"
113959,"NNP"
113960,","
113961,"NN"
113962,"IN"
113963,"NNP"
113964,"NNP"
113965,"NNP"
113966,","
113967,"VBD"
113968,"DT"
113969,"NNS"
113970,"``"
113971,"RB"
113972,"JJ"
113973,"."
113974,"''"
113975,"VBG"
113976,"DT"
113977,"$"
113978,"CD"
113979,"CD"
113980,"NN"
113981,"CC"
113982,"VBG"
113983,"IN"
113984,"DT"
113985,"NNS"
113986,"NNP"
113987,"VBN"
113988,","
113989,"NNS"
113990,"VBD"
113991,"IN"
113992,"CD"
113993,"NNS"
113994,"DT"
113995,"NN"
113996,","
113997,"NNP"
113998,"NNP"
113999,"VBD"
114000,"."
114001,"IN"
114002,"NNP"
114003,"NNP"
114004,"NNP"
114005,"NNP"
114006,"JJ"
114007,"NN"
114008,"NN"
114009,","
114010,"NNP"
114011,"VBD"
114012,"$"
114013,"CD"
114014,"DT"
114015,"NN"
114016,"TO"
114017,"$"
114018,"CD"
114019,"."
114020,"JJ"
114021,"NN"
114022,"NN"
114023,"VBD"
114024,"CD"
114025,"NN"
114026,"IN"
114027,"DT"
114028,"NN"
114029,"TO"
114030,"$"
114031,"CD"
114032,"CD"
114033,"IN"
114034,"$"
114035,"CD"
114036,"CD"
114037,"."
114038,"DT"
114039,"NN"
114040,"NN"
114041,"IN"
114042,"JJ"
114043,"NNS"
114044,","
114045,"WDT"
114046,"NNS"
114047,"VBP"
114048,"TO"
114049,"VB"
114050,"JJ"
114051,"NNS"
114052,"TO"
114053,"NNS"
114054,","
114055,"VBD"
114056,"``"
114057,"RB"
114058,"JJR"
114059,","
114060,"''"
114061,"NNP"
114062,"VBD"
114063,"."
114064,"NNP"
114065,"VBD"
114066,"$"
114067,"CD"
114068,"CD"
114069,"IN"
114070,"NN"
114071,"NNS"
114072,"IN"
114073,"PRP$"
114074,"NN"
114075,"CC"
114076,"JJ"
114077,"JJ"
114078,"NNS"
114079,":"
114080,"VBD"
114081,"PRP"
114082,"VBN"
114083,"JJ"
114084,"NN"
114085,","
114086,"JJ"
114087,"NN"
114088,"NN"
114089,"MD"
114090,"VB"
114091,"VBN"
114092,"$"
114093,"CD"
114094,"CD"
114095,"JJR"
114096,"IN"
114097,"DT"
114098,"NN"
114099,","
114100,"NNP"
114101,"VBD"
114102,"."
114103,"JJ"
114104,"NNS"
114105,"TO"
114106,"NNP"
114107,"RB"
114108,"VB"
114109,"VBN"
114110,"IN"
114111,"JJ"
114112,","
114113,"VBG"
114114,"DT"
114115,"NN"
114116,"$"
114117,"CD"
114118,"CD"
114119,"IN"
114120,"NN"
114121,"NN"
114122,"IN"
114123,"DT"
114124,"JJ"
114125,"NN"
114126,"."
114127,"NN"
114128,"IN"
114129,"NNS"
114130,"JJ"
114131,"IN"
114132,"NN"
114133,"VBD"
114134,"CD"
114135,"NN"
114136,"TO"
114137,"$"
114138,"CD"
114139,"CD"
114140,","
114141,"VBG"
114142,"JJR"
114143,"JJ"
114144,"CC"
114145,"JJ"
114146,"NNS"
114147,"CC"
114148,"NNS"
114149,"IN"
114150,"NNS"
114151,"IN"
114152,"NN"
114153,"NNS"
114154,"."
114155,"``"
114156,"DT"
114157,"NNS"
114158,"VBD"
114159,"RB"
114160,"VBN"
114161,"IN"
114162,"JJR"
114163,"JJ"
114164,"''"
114165,"NN"
114166,","
114167,"DT"
114168,"NN"
114169,"VBD"
114170,"."
114171,"JJ"
114172,"NNS"
114173,"VBD"
114174,"CD"
114175,"NN"
114176,"TO"
114177,"$"
114178,"CD"
114179,"CD"
114180,"."
114181,"NNP"
114182,"NNP"
114183,"."
114184,"NNP"
114185,"NNP"
114186,"POS"
114187,"JJ"
114188,"NN"
114189,"RBR"
114190,"IN"
114191,"VBN"
114192,"IN"
114193,"DT"
114194,"NN"
114195,","
114196,"RB"
114197,"IN"
114198,"IN"
114199,"JJ"
114200,"JJ"
114201,"NN"
114202,"IN"
114203,"DT"
114204,"NN"
114205,"POS"
114206,"NNP"
114207,"NNS"
114208,"."
114209,"DT"
114210,"NNP"
114211,","
114212,"NNP"
114213,","
114214,"NN"
114215,"VBD"
114216,"NNS"
114217,"VBD"
114218,"TO"
114219,"$"
114220,"CD"
114221,"CD"
114222,","
114223,"CC"
114224,"$"
114225,"CD"
114226,"DT"
114227,"NN"
114228,","
114229,"IN"
114230,"$"
114231,"CD"
114232,"CD"
114233,","
114234,"CC"
114235,"CD"
114236,"NNS"
114237,"DT"
114238,"NN"
114239,","
114240,"DT"
114241,"NN"
114242,"RBR"
114243,"."
114244,"DT"
114245,"JJ"
114246,"NN"
114247,"VBD"
114248,"DT"
114249,"NN"
114250,"IN"
114251,"$"
114252,"CD"
114253,"CD"
114254,","
114255,"CC"
114256,"CD"
114257,"NNS"
114258,"DT"
114259,"NN"
114260,","
114261,"VBN"
114262,"TO"
114263,"DT"
114264,"NN"
114265,"IN"
114266,"DT"
114267,"JJ"
114268,"CD"
114269,"NN"
114270,"IN"
114271,"NNP"
114272,"NNP"
114273,"NNP"
114274,"NNP"
114275,"IN"
114276,"DT"
114277,"NNP"
114278,"NNP"
114279,"NNP"
114280,"NNP"
114281,"."
114282,"DT"
114283,"JJ"
114284,"NN"
114285,","
114286,"RB"
114287,","
114288,"VBN"
114289,"IN"
114290,"DT"
114291,"RB"
114292,"JJ"
114293,"NN"
114294,"IN"
114295,"DT"
114296,"NN"
114297,"IN"
114298,"NNP"
114299,"POS"
114300,"NN"
114301,"NNS"
114302,","
114303,"RB"
114304,"IN"
114305,"DT"
114306,"NNP"
114307,"."
114308,"IN"
114309,"DT"
114310,"JJ"
114311,"NN"
114312,","
114313,"JJ"
114314,"NNS"
114315,"VBD"
114316,"TO"
114317,"$"
114318,"CD"
114319,"CD"
114320,","
114321,"CC"
114322,"CD"
114323,"NN"
114324,"IN"
114325,"JJ"
114326,"NNS"
114327,"CC"
114328,"NNS"
114329,","
114330,"IN"
114331,"$"
114332,"CD"
114333,"CD"
114334,","
114335,"CC"
114336,"CD"
114337,"NN"
114338,"IN"
114339,"DT"
114340,"JJ"
114341,"NN"
114342,"."
114343,"NNS"
114344,"VBD"
114345,"$"
114346,"CD"
114347,"CD"
114348,","
114349,"CC"
114350,"CD"
114351,"NN"
114352,"IN"
114353,"DT"
114354,"JJ"
114355,"JJ"
114356,"NN"
114357,"."
114358,"VBN"
114359,"IN"
114360,"DT"
114361,"NN"
114362,"IN"
114363,"DT"
114364,"RBS"
114365,"JJ"
114366,"NN"
114367,"VBZ"
114368,"DT"
114369,"$"
114370,"CD"
114371,"CD"
114372,"NN"
114373,","
114374,"WDT"
114375,"NNP"
114376,"VBD"
114377,"PRP"
114378,"``"
114379,"VBZ"
114380,"TO"
114381,"VB"
114382,"RB"
114383,"VBN"
114384,","
114385,"IN"
114386,"DT"
114387,"NN"
114388,","
114389,"RB"
114390,"IN"
114391,"DT"
114392,"JJ"
114393,"NN"
114394,"."
114395,"''"
114396,"DT"
114397,"NN"
114398,"IN"
114399,"NN"
114400,"NN"
114401,"VBN"
114402,"JJ"
114403,"NN"
114404,"NN"
114405,"IN"
114406,"CD"
114407,"NN"
114408,"IN"
114409,"NNP"
114410,"POS"
114411,"JJ"
114412,"NNS"
114413,","
114414,"RB"
114415,"RB"
114416,"IN"
114417,"DT"
114418,"CD"
114419,"NN"
114420,"NN"
114421,"IN"
114422,"NNS"
114423,"VBG"
114424,"IN"
114425,"DT"
114426,"JJ"
114427,"NN"
114428,"NN"
114429,"."
114430,"DT"
114431,"JJR"
114432,"NNS"
114433,"VBN"
114434,"IN"
114435,"NNS"
114436,"RB"
114437,"VBD"
114438,"NN"
114439,"NNP"
114440,"POS"
114441,"JJ"
114442,"NN"
114443,"NN"
114444,"IN"
114445,"DT"
114446,"NNP"
114447,"TO"
114448,"CD"
114449,"NN"
114450,"IN"
114451,"CD"
114452,"NN"
114453,"DT"
114454,"NN"
114455,"RBR"
114456,"."
114457,"IN"
114458,"NNP"
114459,"NNP"
114460,"JJ"
114461,"NN"
114462,"NN"
114463,","
114464,"NNP"
114465,"VBD"
114466,"$"
114467,"CD"
114468,"DT"
114469,"NN"
114470,","
114471,"TO"
114472,"$"
114473,"CD"
114474,"."
114475,"NNS"
114476,"VBD"
114477,"VBN"
114478,"IN"
114479,"DT"
114480,"NN"
114481,"VBD"
114482,"."
114483,"NNP"
114484,"NNP"
114485,"NNP"
114486,","
114487,"VBN"
114488,"IN"
114489,"DT"
114490,"NNS"
114491,"IN"
114492,"IN"
114493,"DT"
114494,"JJ"
114495,"NNP"
114496,"NNP"
114497,"NNP"
114498,"IN"
114499,"NNP"
114500,","
114501,"VBD"
114502,"$"
114503,"CD"
114504,"CD"
114505,"TO"
114506,"NNP"
114507,"POS"
114508,"JJ"
114509,"NN"
114510,"IN"
114511,"DT"
114512,"JJ"
114513,"NN"
114514,"."
114515,"NNP"
114516,"VBD"
114517,"PRP$"
114518,"JJ"
114519,"NNS"
114520,"VBP"
114521,"CD"
114522,"NN"
114523,"IN"
114524,"NNS"
114525,"IN"
114526,"DT"
114527,"NNP"
114528,"NN"
114529,"IN"
114530,"NNP"
114531,"CD"
114532,"."
114533,"NNP"
114534,"VBD"
114535,"DT"
114536,"$"
114537,"CD"
114538,"CD"
114539,"IN"
114540,"JJ"
114541,"NN"
114542,"IN"
114543,"DT"
114544,"NN"
114545,"TO"
114546,"VB"
114547,"DT"
114548,"NNP"
114549,"NNP"
114550,"NN"
114551,","
114552,"CC"
114553,"TO"
114554,"VB"
114555,"JJ"
114556,"JJ"
114557,"JJ"
114558,"NNS"
114559,"TO"
114560,"VB"
114561,"IN"
114562,"PRP$"
114563,"JJ"
114564,"NN"
114565,"."
114566,"JJ"
114567,"NN"
114568,","
114569,"DT"
114570,"NN"
114571,"NN"
114572,"VBD"
114573,"PRP"
114574,"VBD"
114575,"DT"
114576,"NNP"
114577,"NNP"
114578,"CC"
114579,"NNP"
114580,"NNP"
114581,","
114582,"NNP"
114583,","
114584,"NNP"
114585,","
114586,"CC"
114587,"NNP"
114588,"NNP"
114589,"NNP"
114590,"NNP"
114591,"IN"
114592,"NNP"
114593,"NNP"
114594,","
114595,"NNP"
114596,","
114597,"IN"
114598,"$"
114599,"CD"
114600,"CD"
114601,"."
114602,"IN"
114603,"DT"
114604,"JJ"
114605,"CD"
114606,"NNS"
114607,","
114608,"NNP"
114609,"POS"
114610,"JJ"
114611,"NN"
114612,"VBD"
114613,"CD"
114614,"NN"
114615,"TO"
114616,"$"
114617,"CD"
114618,"CD"
114619,","
114620,"CC"
114621,"$"
114622,"CD"
114623,"DT"
114624,"NN"
114625,","
114626,"IN"
114627,"$"
114628,"CD"
114629,"CD"
114630,","
114631,"CC"
114632,"$"
114633,"CD"
114634,"DT"
114635,"NN"
114636,","
114637,"DT"
114638,"NN"
114639,"RBR"
114640,"."
114641,"NNP"
114642,"NNP"
114643,"NNP"
114644,"."
114645,"NNP"
114646,"NNP"
114647,"POS"
114648,"NN"
114649,"NN"
114650,"VBD"
114651,"IN"
114652,"DT"
114653,"JJ"
114654,"NN"
114655,","
114656,"CC"
114657,"DT"
114658,"NNP"
114659,"NNP"
114660,"NN"
114661,"NN"
114662,"NN"
114663,"VBD"
114664,"RB"
114665,"JJ"
114666,"TO"
114667,"VB"
114668,"DT"
114669,"CD"
114670,"NN"
114671,"NN"
114672,"IN"
114673,"JJ"
114674,"NN"
114675,"IN"
114676,"IN"
114677,"JJ"
114678,"NN"
114679,"IN"
114680,"JJ"
114681,"NN"
114682,"CC"
114683,"NN"
114684,"NNS"
114685,"."
114686,"NN"
114687,"VBD"
114688,"TO"
114689,"$"
114690,"CD"
114691,"CD"
114692,","
114693,"CC"
114694,"$"
114695,"CD"
114696,"DT"
114697,"NN"
114698,","
114699,"IN"
114700,"$"
114701,"CD"
114702,"CD"
114703,","
114704,"CC"
114705,"$"
114706,"CD"
114707,"DT"
114708,"NN"
114709,","
114710,"DT"
114711,"NN"
114712,"RBR"
114713,"."
114714,"DT"
114715,"NN"
114716,"VBD"
114717,"DT"
114718,"NN"
114719,"VBD"
114720,"RB"
114721,"IN"
114722,"DT"
114723,"$"
114724,"CD"
114725,"CD"
114726,"NN"
114727,"IN"
114728,"JJ"
114729,"NN"
114730,"NN"
114731,","
114732,"VBG"
114733,"DT"
114734,"CD"
114735,"NN"
114736,"NN"
114737,"IN"
114738,"JJ"
114739,"NN"
114740,"NNS"
114741,"("
114742,"RB"
114743,"JJ"
114744,")"
114745,","
114746,"CC"
114747,"DT"
114748,"CD"
114749,"NN"
114750,"NN"
114751,"IN"
114752,"NN"
114753,"NNS"
114754,"."
114755,"DT"
114756,"JJ"
114757,"NNS"
114758,"IN"
114759,"NN"
114760,"VBD"
114761,"DT"
114762,"JJ"
114763,"NNS"
114764,"JJ"
114765,"IN"
114766,"JJ"
114767,"NNS"
114768,","
114769,"WDT"
114770,"VBD"
114771,"VBN"
114772,"TO"
114773,"VB"
114774,"."
114775,"IN"
114776,"DT"
114777,"NN"
114778,","
114779,"NNP"
114780,"NNP"
114781,"POS"
114782,"JJ"
114783,"NN"
114784,"NN"
114785,"VBD"
114786,"RB"
114787,"CD"
114788,"NN"
114789,"NNS"
114790,","
114791,"DT"
114792,"RBR"
114793,"JJ"
114794,"NN"
114795,"IN"
114796,"DT"
114797,"JJ"
114798,"NNS"
114799,"IN"
114800,"NNP"
114801,","
114802,"WDT"
114803,"VBP"
114804,"VBN"
114805,"VBG"
114806,"JJR"
114807,"JJ"
114808,"NNS"
114809,"."
114810,"NNP"
114811,"NNP"
114812,"NNS"
114813,"VBD"
114814,"IN"
114815,"$"
114816,"CD"
114817,","
114818,"RB"
114819,"CD"
114820,"NNS"
114821,","
114822,"IN"
114823,"NNP"
114824,"NNP"
114825,"JJ"
114826,"NN"
114827,"."
114828,"DT"
114829,"NNS"
114830,"VBP"
114831,"DT"
114832,"JJ"
114833,"NN"
114834,"NN"
114835,"IN"
114836,"NNS"
114837,"IN"
114838,"NNP"
114839,"NNP"
114840,","
114841,"CC"
114842,"DT"
114843,"CD"
114844,"NN"
114845,"NN"
114846,"IN"
114847,"NN"
114848,"."
114849,"DT"
114850,"NN"
114851,"NN"
114852,"VBD"
114853,"JJ"
114854,"NN"
114855,"NN"
114856,"NNS"
114857,"IN"
114858,"DT"
114859,"JJ"
114860,"NNP"
114861,"NN"
114862,"."
114863,"NNP"
114864,"NNP"
114865,"VBD"
114866,"DT"
114867,"CD"
114868,"NN"
114869,"NN"
114870,"IN"
114871,"JJ"
114872,"NN"
114873,"NNS"
114874,"IN"
114875,"DT"
114876,"NN"
114877,","
114878,"TO"
114879,"$"
114880,"CD"
114881,"CD"
114882,"IN"
114883,"$"
114884,"CD"
114885,"CD"
114886,"IN"
114887,"DT"
114888,"JJ"
114889,"NN"
114890,"."
114891,"JJ"
114892,"NNS"
114893,"VBD"
114894,"RB"
114895,"TO"
114896,"$"
114897,"CD"
114898,"CD"
114899,"IN"
114900,"NNP"
114901,"CD"
114902,","
114903,"IN"
114904,"$"
114905,"CD"
114906,"CD"
114907,"DT"
114908,"NN"
114909,"RB"
114910,"."
114911,"NNP"
114912,"NNP"
114913,"POS"
114914,"JJ"
114915,"NN"
114916,"VBD"
114917,"RB"
114918,"CD"
114919,"NN"
114920,","
114921,"CC"
114922,"$"
114923,"CD"
114924,"CD"
114925,","
114926,"IN"
114927,"PRP"
114928,"VBD"
114929,"TO"
114930,"PRP$"
114931,"FW"
114932,"NN"
114933,"DT"
114934,"NN"
114935,"IN"
114936,"."
114937,"JJ"
114938,"NN"
114939,"VBD"
114940,"CD"
114941,"NN"
114942,"IN"
114943,"DT"
114944,"NN"
114945,","
114946,"RB"
114947,"IN"
114948,"IN"
114949,"DT"
114950,"JJ"
114951,"NN"
114952,"DT"
114953,"NN"
114954,"RBR"
114955,"IN"
114956,"DT"
114957,"NN"
114958,"IN"
114959,"NNP"
114960,"NNP"
114961,"NN"
114962,"NNS"
114963,"."
114964,"JJ"
114965,"NN"
114966,"VBD"
114967,"RB"
114968,"CD"
114969,"NN"
114970,"IN"
114971,"DT"
114972,"NN"
114973,"."
114974,"IN"
114975,"DT"
114976,"CD"
114977,"NNS"
114978,","
114979,"NNP"
114980,"VBD"
114981,"CD"
114982,"NN"
114983,"TO"
114984,"$"
114985,"CD"
114986,"CD"
114987,","
114988,"CC"
114989,"$"
114990,"CD"
114991,"DT"
114992,"NN"
114993,","
114994,"IN"
114995,"$"
114996,"CD"
114997,"CD"
114998,","
114999,"CC"
115000,"$"
115001,"CD"
115002,"DT"
115003,"NN"
115004,","
115005,"DT"
115006,"NN"
115007,"RBR"
115008,"."
115009,"O"
115010,"NNP"
115011,"NNP"
115012,"NNP"
115013,"VBD"
115014,"PRP"
115015,"MD"
115016,"RB"
115017,"VB"
115018,"DT"
115019,"NN"
115020,"IN"
115021,"DT"
115022,"JJ"
115023,"NN"
115024,"NN"
115025,"IN"
115026,"NNP"
115027,"NNP"
115028,"NNP"
115029,"NNP"
115030,"TO"
115031,"VB"
115032,"NNP"
115033,"NNP"
115034,"VBZ"
115035,"VBN"
115036,"IN"
115037,"NN"
115038,"IN"
115039,"DT"
115040,"NN"
115041,"."
115042,"DT"
115043,"JJ"
115044,"NN"
115045,","
115046,"WDT"
115047,"VBZ"
115048,"CD"
115049,"NN"
115050,"IN"
115051,"DT"
115052,"JJ"
115053,"NN"
115054,"NN"
115055,"NN"
115056,","
115057,"VBZ"
115058,"IN"
115059,"$"
115060,"CD"
115061,"DT"
115062,"NN"
115063,"IN"
115064,"CD"
115065,"CD"
115066,"JJ"
115067,"NNS"
115068,"."
115069,"NNP"
115070,"POS"
115071,"JJ"
115072,"NN"
115073,"NN"
115074,"MD"
115075,"VB"
115076,"NNP"
115077,"TO"
115078,"VB"
115079,"DT"
115080,"NN"
115081,"NN"
115082,"IN"
115083,"NNP"
115084,"CD"
115085,"WDT"
115086,"MD"
115087,"VB"
115088,"IN"
115089,"VBG"
115090,"NNS"
115091,"IN"
115092,"DT"
115093,"JJ"
115094,"NN"
115095,"RB"
115096,"JJ"
115097,"TO"
115098,"WP"
115099,"DT"
115100,"JJ"
115101,"NN"
115102,"MD"
115103,"RB"
115104,"VB"
115105,"TO"
115106,"VB"
115107,"IN"
115108,"DT"
115109,"IN"
115110,"NNP"
115111,"."
115112,"NNP"
115113,"VBZ"
115114,"VBG"
115115,"NN"
115116,"TO"
115117,"VB"
115118,"PRP$"
115119,"NN"
115120,"NN"
115121,","
115122,"WDT"
115123,"VBZ"
115124,"DT"
115125,"NN"
115126,"IN"
115127,"NNP"
115128,"NNP"
115129,"CC"
115130,"NNP"
115131,"TO"
115132,"VB"
115133,"PRP$"
115134,"NN"
115135,"NNS"
115136,"."
115137,"NNP"
115138,"VBZ"
115139,"VBN"
115140,"JJ"
115141,"IN"
115142,"PRP"
115143,"MD"
115144,"``"
115145,"RB"
115146,"VB"
115147,"TO"
115148,"DT"
115149,"NN"
115150,"NN"
115151,"IN"
115152,"RB"
115153,"JJ"
115154,"CC"
115155,"JJ"
115156,"DT"
115157,"NN"
115158,"RB"
115159,"VBZ"
115160,"VBN"
115161,"."
115162,"''"
115163,"DT"
115164,"NNP"
115165,"NN"
115166,"VBD"
115167,"NNS"
115168,"MD"
115169,"VB"
115170,"VBN"
115171,"IN"
115172,"DT"
115173,"NN"
115174,"IN"
115175,"DT"
115176,"NNP"
115177,"NN"
115178,"IN"
115179,"``"
115180,"NNS"
115181,"''"
115182,"JJ"
115183,"NN"
115184,"NN"
115185,"IN"
115186,"CD"
115187,"NNS"
115188,"IN"
115189,"DT"
115190,"JJ"
115191,"NNS"
115192,"."
115193,"NNP"
115194,"VBZ"
115195,"``"
115196,"DT"
115197,"NN"
115198,"TO"
115199,"VB"
115200,"CC"
115201,"DT"
115202,"NN"
115203,"IN"
115204,"JJ"
115205,"NN"
115206,"NN"
115207,"VBZ"
115208,"JJ"
115209,","
115210,"''"
115211,"DT"
115212,"NNP"
115213,"NN"
115214,"VBD"
115215,"."
115216,"DT"
115217,"NN"
115218,"VBD"
115219,"DT"
115220,"NN"
115221,"MD"
115222,"VB"
115223,"JJ"
115224,"TO"
115225,"VB"
115226,"NNP"
115227,"POS"
115228,"NNS"
115229,"CC"
115230,"MD"
115231,","
115232,"``"
115233,"RB"
115234,","
115235,"VB"
115236,"NNP"
115237,"IN"
115238,"DT"
115239,"NN"
115240,"WDT"
115241,"MD"
115242,"VB"
115243,"PRP$"
115244,"JJ"
115245,"NN"
115246,"NN"
115247,"CC"
115248,"NN"
115249,"TO"
115250,"DT"
115251,"JJ"
115252,"NN"
115253,"IN"
115254,"CD"
115255,"NNS"
115256,"."
115257,"''"
115258,"IN"
115259,"JJ"
115260,"JJ"
115261,"NN"
115262,","
115263,"NNP"
115264,"VBD"
115265,"IN"
115266,"$"
115267,"CD"
115268,","
115269,"RB"
115270,"$"
115271,"CD"
115272,"."
115273,"O"
115274,"DT"
115275,"NN"
115276,"IN"
115277,"JJ"
115278,"NNS"
115279,"IN"
115280,"NNP"
115281,"NNP"
115282,"VBD"
115283,"IN"
115284,"NNP"
115285,"NNP"
115286,"CC"
115287,"NNP"
115288,"POS"
115289,"$"
115290,"VBP"
115291,"NN"
115292,"IN"
115293,"DT"
115294,"JJ"
115295,"JJ"
115296,"NN"
115297,"NNS"
115298,"NN"
115299,"VBZ"
115300,"``"
115301,"RB"
115302,"JJ"
115303,"."
115304,"''"
115305,"IN"
115306,"DT"
115307,"NN"
115308,"VBN"
115309,"IN"
115310,"DT"
115311,"NNP"
115312,"CC"
115313,"NNP"
115314,"NNP"
115315,","
115316,"DT"
115317,"NN"
115318,","
115319,"WDT"
115320,"VBZ"
115321,"IN"
115322,"CD"
115323,"CD"
115324,"NNP"
115325,"NNS"
115326,","
115327,"CC"
115328,"IN"
115329,"CD"
115330,"NN"
115331,"IN"
115332,"DT"
115333,"NNS"
115334,"JJ"
115335,","
115336,"VBD"
115337,"``"
115338,":"
115339,"IN"
115340,"JJ"
115341,"NN"
115342,"IN"
115343,"PRP"
115344,"VBZ"
115345,"DT"
115346,"NN"
115347,"IN"
115348,"JJR"
115349,"IN"
115350,"$"
115351,"CD"
115352,"NN"
115353,"NN"
115354,"MD"
115355,"VB"
115356,"JJ"
115357,"CC"
115358,"DT"
115359,"VBP"
115360,"WDT"
115361,"$"
115362,"CD"
115363,"VBZ"
115364,"RB"
115365,"JJ"
115366,"."
115367,"''"
115368,"DT"
115369,"NN"
115370,"VBD"
115371,"VBN"
115372,"NNP"
115373,"CD"
115374,"."
115375,"IN"
115376,"JJ"
115377,"NN"
115378,"IN"
115379,"DT"
115380,"NNP"
115381,"NNP"
115382,"NNP"
115383,"NNP"
115384,","
115385,"NNP"
115386,"NNS"
115387,"VBD"
115388,"NN"
115389,"IN"
115390,"$"
115391,"CD"
115392,","
115393,"RB"
115394,"CD"
115395,"NNS"
115396,"DT"
115397,"NN"
115398,"."
115399,"NNP"
115400,"NNP"
115401,","
115402,"NN"
115403,"IN"
115404,"DT"
115405,"NNP"
115406,"NNP"
115407,"NNP"
115408,","
115409,"VBZ"
115410,"VBN"
115411,"DT"
115412,"$"
115413,"VBP"
115414,","
115415,"CC"
115416,"$"
115417,"CD"
115418,"CD"
115419,","
115420,"NN"
115421,"NN"
115422,"TO"
115423,"VB"
115424,"DT"
115425,"JJ"
115426,"NNP"
115427,"NNS"
115428,"JJ"
115429,":"
115430,"NNP"
115431,"NNP"
115432,"VBZ"
115433,"CD"
115434,"NN"
115435,"IN"
115436,"NNP"
115437,"."
115438,"NNP"
115439,"VBZ"
115440,"VBN"
115441,"DT"
115442,"NN"
115443,","
115444,"WDT"
115445,"VBZ"
115446,"NNP"
115447,"CD"
115448,"."
115449,"DT"
115450,"NN"
115451,"VBZ"
115452,"NNP"
115453,"NNP"
115454,"CC"
115455,"JJ"
115456,"NNS"
115457,"VBN"
115458,"IN"
115459,"NNP"
115460,":"
115461,"NNP"
115462,"NNP"
115463,"NNP"
115464,","
115465,"NNP"
115466,"NNP"
115467,":"
115468,"DT"
115469,"NNP"
115470,"NNP"
115471,"NNP"
115472,"NNP"
115473,"NNP"
115474,","
115475,"NNP"
115476,","
115477,"NNP"
115478,","
115479,"CC"
115480,"NNP"
115481,"NNP"
115482,"NNP"
115483,"NNP"
115484,"NNP"
115485,","
115486,"NNP"
115487,"."
115488,"IN"
115489,"JJ"
115490,"NNS"
115491,","
115492,"DT"
115493,"NN"
115494,"POS"
115495,"NN"
115496,"VBD"
115497,"PRP"
115498,"VBZ"
115499,"``"
115500,"NNS"
115501,"IN"
115502,"TO"
115503,"IN"
115504,"NNP"
115505,"NNP"
115506,"POS"
115507,"NN"
115508,"VBZ"
115509,"DT"
115510,"JJ"
115511,"NNS"
115512,"IN"
115513,"JJ"
115514,"NN"
115515,"."
115516,"''"
115517,"DT"
115518,"NN"
115519,"IN"
115520,"NNP"
115521,"NNP"
115522,"VBD"
115523,"PRP"
115524,"VBD"
115525,"RB"
115526,"VBN"
115527,"DT"
115528,"NN"
115529,"POS"
115530,"NN"
115531,","
115532,"CC"
115533,"VBD"
115534,","
115535,"``"
115536,"RB"
115537,"NNP"
115538,"NNP"
115539,"VBZ"
115540,"IN"
115541,"PRP$"
115542,"NNS"
115543,"."
115544,"PRP$"
115545,"NN"
115546,"VBZ"
115547,"TO"
115548,"VB"
115549,"DT"
115550,"CC"
115551,"DT"
115552,"NNS"
115553,"VBD"
115554,"IN"
115555,"$"
115556,"CD"
115557,"DT"
115558,"NN"
115559,"."
115560,"O"
115561,"NNP"
115562,"NNP"
115563,"NNP"
115564,"NNP"
115565,"NNP"
115566,"VBD"
115567,"DT"
115568,"JJ"
115569,"NN"
115570,"NN"
115571,"VBD"
115572,"RB"
115573,"IN"
115574,"DT"
115575,"JJ"
115576,"``"
115577,"JJ"
115578,"NN"
115579,"''"
115580,"NN"
115581,"VBZ"
115582,"VBN"
115583,"IN"
115584,"NNP"
115585,"POS"
115586,"NNS"
115587,"IN"
115588,"NNS"
115589,"IN"
115590,"JJ"
115591,"NN"
115592,"CC"
115593,"NN"
115594,"VBP"
115595,"DT"
115596,"NN"
115597,"."
115598,"NNP"
115599,"NNP"
115600,"VBD"
115601,"DT"
115602,"NNP"
115603,"CC"
115604,"NNP"
115605,"VBP"
115606,"IN"
115607,"NNP"
115608,"CD"
115609,"TO"
115610,"VB"
115611,"DT"
115612,"NN"
115613,"."
115614,"IN"
115615,"DT"
115616,"NN"
115617,"VBZ"
115618,"RB"
115619,"VBN"
115620,"IN"
115621,"RB"
115622,","
115623,"PRP"
115624,"VBD"
115625,","
115626,"DT"
115627,"NNP"
115628,"MD"
115629,"VB"
115630,"DT"
115631,"NN"
115632,"TO"
115633,"VB"
115634,"DT"
115635,"NN"
115636,"NNS"
115637,"TO"
115638,"NNP"
115639,"NN"
115640,"IN"
115641,"NN"
115642,"TO"
115643,"DT"
115644,"NNS"
115645,"VBN"
115646,"IN"
115647,"NNP"
115648,"NNP"
115649,"NNS"
115650,"IN"
115651,"NNP"
115652,"CC"
115653,"DT"
115654,"NNP"
115655,"NNP"
115656,"."
115657,"RB"
115658,","
115659,"IN"
115660,"NNP"
115661,","
115662,"NNP"
115663,"NNP"
115664,"NNP"
115665,"NNP"
115666,"NNP"
115667,"VBD"
115668,"DT"
115669,"JJ"
115670,"NN"
115671,"VBD"
115672,"DT"
115673,"``"
115674,"NN"
115675,"IN"
115676,"NNP"
115677,"POS"
115678,"NN"
115679,"IN"
115680,"DT"
115681,"NN"
115682,"IN"
115683,"DT"
115684,"NN"
115685,"NNS"
115686,"TO"
115687,"VB"
115688,"CC"
115689,"VB"
115690,"DT"
115691,"JJ"
115692,"NNS"
115693,"."
115694,"''"
115695,"VBN"
115696,"IN"
115697,"DT"
115698,"JJ"
115699,"NN"
115700,"IN"
115701,"DT"
115702,"NNP"
115703,"CC"
115704,"JJ"
115705,"NN"
115706,"NNS"
115707,"IN"
115708,"DT"
115709,"NN"
115710,"POS"
115711,"NN"
115712,","
115713,"DT"
115714,"NN"
115715,"IN"
115716,"NNP"
115717,"NNP"
115718,"VBD"
115719,"DT"
115720,"NN"
115721,"VBD"
115722,"RB"
115723,"VBN"
115724,"IN"
115725,"DT"
115726,"JJ"
115727,"NN"
115728,"NNS"
115729,"``"
115730,"VBP"
115731,"JJ"
115732,"."
115733,"''"
115734,"DT"
115735,"NNP"
115736,"NN"
115737,"NN"
115738,"VBD"
115739,"TO"
115740,"VB"
115741,"DT"
115742,"NN"
115743,"NN"
115744,"IN"
115745,"DT"
115746,"NNS"
115747,"VBG"
115748,"IN"
115749,"DT"
115750,"JJ"
115751,"NN"
115752,"NNS"
115753,"."
115754,"NNP"
115755,"RB"
115756,"VBD"
115757,"DT"
115758,"NN"
115759,"NN"
115760,"WDT"
115761,"VBD"
115762,"VBN"
115763,"IN"
115764,"NNS"
115765,"VBG"
115766,"IN"
115767,"JJ"
115768,"NN"
115769,"VBD"
115770,"TO"
115771,"VB"
115772,"VBN"
115773,"RB"
115774,"IN"
115775,"NNP"
115776,"NNP"
115777,"IN"
115778,"JJ"
115779,"NNS"
115780,"RB"
115781,"TO"
115782,"VB"
115783,"."
115784,"DT"
115785,"NN"
115786,"VBD"
115787,"VBD"
115788,"IN"
115789,"DT"
115790,"JJ"
115791,"NN"
115792,"IN"
115793,"NN"
115794,"NNS"
115795,"."
115796,"NNP"
115797,"NNP"
115798,"VBD"
115799,"NN"
115800,"IN"
115801,"DT"
115802,"JJ"
115803,"NN"
115804,"VBD"
115805,"DT"
115806,"JJ"
115807,"NN"
115808,"NN"
115809,"."
115810,"``"
115811,"PRP"
115812,"RB"
115813,"VBP"
115814,"IN"
115815,"NNP"
115816,"MD"
115817,"VB"
115818,"IN"
115819,"DT"
115820,"NN"
115821,"POS"
115822,"NN"
115823,"''"
115824,"IN"
115825,"DT"
115826,"``"
115827,"NN"
115828,"NN"
115829,"''"
115830,"RB"
115831,"MD"
115832,"VB"
115833,"VBN"
115834,","
115835,"PRP"
115836,"VBD"
115837,"."
115838,"RB"
115839,","
115840,"DT"
115841,"JJ"
115842,"NN"
115843,"VBD"
115844,"RB"
115845,"IN"
115846,"DT"
115847,"NNS"
115848,"IN"
115849,"DT"
115850,"JJ"
115851,"NN"
115852,"IN"
115853,"NNP"
115854,"CC"
115855,"NNP"
115856,"IN"
115857,"NNP"
115858,"VBD"
115859,"IN"
115860,"DT"
115861,"JJ"
115862,"JJ"
115863,"NN"
115864,"NNS"
115865,"VBD"
115866,"NNP"
115867,"NNS"
115868,"."
115869,"NNP"
115870,"NNP"
115871,"VBD"
115872,"DT"
115873,"NNP"
115874,"MD"
115875,"RB"
115876,"VB"
115877,"DT"
115878,"NNS"
115879,"IN"
115880,"NNP"
115881,"CD"
115882,"IN"
115883,"NNP"
115884,"NNP"
115885,"NNS"
115886,"VBP"
115887,"IN"
115888,"NNS"
115889,"IN"
115890,"DT"
115891,"NN"
115892,"TO"
115893,"VB"
115894,"DT"
115895,"JJ"
115896,"NN"
115897,"POS"
115898,"NN"
115899,"."
115900,"PRP"
115901,"VBD"
115902,"DT"
115903,"JJ"
115904,"NNS"
115905,"MD"
115906,"VB"
115907,"VBN"
115908,"IN"
115909,"JJ"
115910,"NNS"
115911,"VBP"
115912,"VBN"
115913,"."
115914,"O"
115915,"NNP"
115916,"NNP"
115917,"TO"
115918,"VB"
115919,"DT"
115920,"JJ"
115921,","
115922,"JJ"
115923,"NN"
115924,","
115925,"WRB"
115926,"NN"
115927,"NNS"
115928,","
115929,"TO"
115930,"VB"
115931,"DT"
115932,"VB"
115933,","
115934,"TO"
115935,"IN"
115936,"DT"
115937,"JJ"
115938,"NNS"
115939,"RB"
115940,":"
115941,"RBR"
115942,"VBZ"
115943,"WP"
115944,"PRP"
115945,"VBP"
115946,"."
115947,":"
115948,"NNP"
115949,"NNP"
115950,"."
115951,"NNP"
115952,"NNP"
115953,"NN"
115954,"WP"
115955,"VBZ"
115956,"DT"
115957,"JJ"
115958,"NN"
115959,"PRP$"
115960,"WP"
115961,"NNS"
115962,"MD"
115963,"RB"
115964,"VB"
115965,"VBN"
115966,"IN"
115967,"PRP"
115968,"IN"
115969,"NN"
115970,"MD"
115971,"VB"
115972,"PRP$"
115973,"NNS"
115974,"."
115975,":"
115976,"NNP"
115977,"NNP"
115978,"."
115979,"O"
115980,"NNP"
115981,"NNP"
115982,"VBD"
115983,"PRP"
115984,"VBD"
115985,"DT"
115986,"NN"
115987,"NN"
115988,"RB"
115989,"VBD"
115990,"TO"
115991,"IN"
115992,"DT"
115993,"NNP"
115994,"NNP"
115995,"NNP"
115996,"NNP"
115997,","
115998,"NN"
115999,"NNS"
116000,"CC"
116001,"JJ"
116002,"NN"
116003,"NNS"
116004,"."
116005,"DT"
116006,"NN"
116007,"MD"
116008,"VB"
116009,"DT"
116010,"NN"
116011,"NN"
116012,"NN"
116013,"TO"
116014,"VB"
116015,"PRP$"
116016,"NN"
116017,"CC"
116018,"NN"
116019,"NNS"
116020,"IN"
116021,"NNS"
116022,"IN"
116023,"NN"
116024,"CC"
116025,"NN"
116026,"."
116027,"NNP"
116028,"NNP"
116029,","
116030,"WDT"
116031,"IN"
116032,"CD"
116033,"VBD"
116034,"$"
116035,"CD"
116036,"CD"
116037,"IN"
116038,"JJ"
116039,"NN"
116040,"TO"
116041,"NNP"
116042,"POS"
116043,"NNP"
116044,"IN"
116045,"NNP"
116046,","
116047,"NNP"
116048,","
116049,"NN"
116050,"MD"
116051,"VB"
116052,"TO"
116053,"VB"
116054,"$"
116055,"CD"
116056,"CD"
116057,"IN"
116058,"JJ"
116059,"NN"
116060,"IN"
116061,"DT"
116062,"JJ"
116063,"NN"
116064,"NN"
116065,"."
116066,"IN"
116067,"NN"
116068,"IN"
116069,"DT"
116070,"JJ"
116071,"$"
116072,"CD"
116073,"CD"
116074,","
116075,"DT"
116076,"NNP"
116077,"MD"
116078,"VB"
116079,"JJ"
116080,"NNS"
116081,"VBG"
116082,"PRP"
116083,"TO"
116084,"VB"
116085,"CD"
116086,"NN"
116087,"IN"
116088,"NNP"
116089,"POS"
116090,"JJ"
116091,"NN"
116092,"JJ"
116093,","
116094,"RB"
116095,"IN"
116096,"DT"
116097,"CD"
116098,"NN"
116099,"NN"
116100,"DT"
116101,"NNP"
116102,"VBD"
116103,"IN"
116104,"NNS"
116105,"IN"
116106,"DT"
116107,"CD"
116108,"NN"
116109,"NN"
116110,"."
116111,"IN"
116112,"NN"
116113,"IN"
116114,"DT"
116115,"$"
116116,"CD"
116117,"CD"
116118,"PRP"
116119,"VBP"
116120,"VBN"
116121,","
116122,"NN"
116123,"NNS"
116124,"MD"
116125,"VB"
116126,"CD"
116127,"CD"
116128,"NNS"
116129,"IN"
116130,"NNP"
116131,"JJ"
116132,"NN"
116133,"CC"
116134,"DT"
116135,"NNS"
116136,"IN"
116137,"DT"
116138,"JJ"
116139,"NNS"
116140,"IN"
116141,"CD"
116142,"NN"
116143,"NNS"
116144,"TO"
116145,"JJ"
116146,"NNS"
116147,","
116148,"DT"
116149,"NN"
116150,"NN"
116151,"NN"
116152,"VBD"
116153,"."
116154,"RB"
116155,"IN"
116156,"DT"
116157,"NN"
116158,","
116159,"NN"
116160,"NNS"
116161,"MD"
116162,"VB"
116163,"CD"
116164,"CD"
116165,"NNS"
116166,"IN"
116167,"JJ"
116168,"NN"
116169,"IN"
116170,"NN"
116171,"IN"
116172,"$"
116173,"CD"
116174,"CD"
116175,"IN"
116176,"NNS"
116177,"CC"
116178,"NNS"
116179,"IN"
116180,"NNP"
116181,"POS"
116182,"NN"
116183,"NN"
116184,"VBD"
116185,"NN"
116186,"MD"
116187,"VB"
116188,"CD"
116189,"NNS"
116190,"IN"
116191,"JJ"
116192,"NN"
116193,"IN"
116194,"DT"
116195,"NN"
116196,"IN"
116197,"JJ"
116198,"PRP"
116199,"JJ"
116200,","
116201,"DT"
116202,"NN"
116203,"VBD"
116204,"."
116205,"O"
116206,"NNP"
116207,"NNP"
116208,"POS"
116209,"JJ"
116210,"NN"
116211,","
116212,"NNP"
116213,"NNP"
116214,","
116215,"IN"
116216,"DT"
116217,"NNP"
116218,"CD"
116219,"NN"
116220,"IN"
116221,"DT"
116222,"NN"
116223,"POS"
116224,"JJ"
116225,"NN"
116226,":"
116227,"RB"
116228,"PRP"
116229,"JJ"
116230,"IN"
116231,"DT"
116232,"JJ"
116233,"NN"
116234,"VBZ"
116235,"DT"
116236,"NN"
116237,"IN"
116238,"NN"
116239,"NNS"
116240,","
116241,"RB"
116242,"RB"
116243,"NNP"
116244,"MD"
116245,"VB"
116246,"DT"
116247,"NN"
116248,"IN"
116249,"NN"
116250,"POS"
116251,"JJ"
116252,"NN"
116253,"."
116254,"O"
116255,"NNP"
116256,"NNP"
116257,"VBD"
116258,"PRP"
116259,"MD"
116260,"VB"
116261,"DT"
116262,"NN"
116263,"NN"
116264,"TO"
116265,"VB"
116266,"RB"
116267,"TO"
116268,"CD"
116269,"CD"
116270,"IN"
116271,"PRP$"
116272,"JJ"
116273,"NNS"
116274,"CC"
116275,"DT"
116276,"IN"
116277,"PRP$"
116278,"$"
116279,"CD"
116280,"CD"
116281,"IN"
116282,"CD"
116283,"CD"
116284,"NN"
116285,"NN"
116286,"NNS"
116287,"JJ"
116288,"CD"
116289,"IN"
116290,"DT"
116291,"NN"
116292,"IN"
116293,"JJ"
116294,"NN"
116295,"CC"
116296,"JJ"
116297,"NN"
116298,"NNS"
116299,"."
116300,"IN"
116301,"NNS"
116302,"IN"
116303,"DT"
116304,"NN"
116305,","
116306,"DT"
116307,"VBG"
116308,"NNS"
116309,"NN"
116310,"MD"
116311,"VB"
116312,"$"
116313,"CD"
116314,"NN"
116315,"NN"
116316,"IN"
116317,"CD"
116318,"CD"
116319,"NN"
116320,"JJ"
116321,"NNS"
116322,"JJ"
116323,"CD"
116324,"CC"
116325,"CD"
116326,"NN"
116327,"IN"
116328,"DT"
116329,"JJ"
116330,"NN"
116331,"."
116332,"DT"
116333,"NN"
116334,"VBZ"
116335,"DT"
116336,"NN"
116337,"TO"
116338,"VB"
116339,"CD"
116340,"NNP"
116341,"NN"
116342,"IN"
116343,"$"
116344,"CD"
116345,"DT"
116346,"NN"
116347,"IN"
116348,"DT"
116349,"NN"
116350,"IN"
116351,"DT"
116352,"JJ"
116353,"CD"
116354,"NNS"
116355,"."
116356,"NNP"
116357,"RB"
116358,"VBZ"
116359,"CD"
116360,"CD"
116361,"JJ"
116362,"NNS"
116363,"JJ"
116364,"."
116365,"NNP"
116366,"RB"
116367,"VBZ"
116368,"VBG"
116369,"$"
116370,"CD"
116371,"NN"
116372,"NN"
116373,"IN"
116374,"JJ"
116375,"NNS"
116376,"CC"
116377,"CD"
116378,"JJ"
116379,"NNS"
116380,"IN"
116381,"DT"
116382,"$"
116383,"CD"
116384,"NN"
116385,"NN"
116386,"IN"
116387,"PRP$"
116388,"JJ"
116389,"NN"
116390,"JJ"
116391,"."
116392,"DT"
116393,"NN"
116394,"VBD"
116395,"PRP"
116396,"MD"
116397,"VB"
116398,"DT"
116399,"NNS"
116400,"IN"
116401,"PRP$"
116402,"NN"
116403,"IN"
116404,"$"
116405,"CD"
116406,"DT"
116407,"."
116408,"DT"
116409,"NN"
116410,"VBZ"
116411,"RB"
116412,"JJ"
116413,"IN"
116414,"DT"
116415,"JJ"
116416,"NN"
116417,"IN"
116418,"NN"
116419,"CC"
116420,"NN"
116421,"NN"
116422,"VBD"
116423,"."
116424,"NNP"
116425,"VBD"
116426,"PRP"
116427,"VBZ"
116428,"VBG"
116429,"DT"
116430,"NN"
116431,"TO"
116432,"VB"
116433,"PRP$"
116434,"NN"
116435,"CC"
116436,"NN"
116437,"NN"
116438,"NN"
116439,"."
116440,"IN"
116441,"DT"
116442,"JJ"
116443,"NNS"
116444,"CC"
116445,"NNS"
116446,"IN"
116447,"CD"
116448,"CD"
116449,"JJ"
116450,"NNS"
116451,"VBP"
116452,"DT"
116453,"NN"
116454,","
116455,"NNP"
116456,"MD"
116457,"VB"
116458,"PRP$"
116459,"NN"
116460,"IN"
116461,"$"
116462,"CD"
116463,"CD"
116464,","
116465,"CC"
116466,"PRP"
116467,"RB"
116468,"MD"
116469,"VB"
116470,"DT"
116471,"$"
116472,"CD"
116473,"CD"
116474,"NN"
116475,"IN"
116476,"VBG"
116477,"DT"
116478,"JJ"
116479,"NN"
116480,","
116481,"VBD"
116482,"NNP"
116483,"NNP"
116484,"NNP"
116485,","
116486,"NN"
116487,"."
116488,"``"
116489,"PRP"
116490,"VBP"
116491,"JJ"
116492,"NN"
116493,"NN"
116494,"TO"
116495,"VB"
116496,"IN"
116497,","
116498,"''"
116499,"PRP"
116500,"VBD"
116501,"."
116502,"DT"
116503,"NNS"
116504,"VBP"
116505,"VBN"
116506,"TO"
116507,"VB"
116508,"IN"
116509,"NNP"
116510,"TO"
116511,"JJ"
116512,"NNP"
116513,"."
116514,"O"
116515,"NNP"
116516,"NNP"
116517,"CC"
116518,"NNP"
116519,"POS"
116520,"JJ"
116521,"NN"
116522,"VBD"
116523,"CD"
116524,"NN"
116525,","
116526,"IN"
116527,"NNP"
116528,"NNP"
116529,"NNP"
116530,"VBD"
116531,"DT"
116532,"CD"
116533,"NN"
116534,"NN"
116535,"IN"
116536,"NN"
116537,","
116538,"CC"
116539,"NNP"
116540,"NNP"
116541,"NNP"
116542,"POS"
116543,"NN"
116544,"VBD"
116545,","
116546,"CC"
116547,"MD"
116548,"VB"
116549,"VBN"
116550,"IN"
116551,"DT"
116552,"JJ"
116553,"NN"
116554,"DT"
116555,"NN"
116556,"RB"
116557,"."
116558,"IN"
116559,"NNP"
116560,"NNP"
116561,","
116562,"NNP"
116563,"NNP"
116564,"VBD"
116565,"$"
116566,"CD"
116567,"CD"
116568,","
116569,"CC"
116570,"CD"
116571,"NNS"
116572,"DT"
116573,"NN"
116574,","
116575,"RB"
116576,"IN"
116577,"$"
116578,"CD"
116579,"CD"
116580,","
116581,"CC"
116582,"CD"
116583,"NNS"
116584,"DT"
116585,"NN"
116586,","
116587,"DT"
116588,"NN"
116589,"RB"
116590,"."
116591,"JJ"
116592,"NN"
116593,"VBD"
116594,"$"
116595,"CD"
116596,"CD"
116597,","
116598,"RB"
116599,"CD"
116600,"NN"
116601,"IN"
116602,"$"
116603,"CD"
116604,"CD"
116605,"."
116606,"DT"
116607,"NN"
116608,"POS"
116609,"NN"
116610,"IN"
116611,"NN"
116612,"VBD"
116613,"JJR"
116614,"NN"
116615,"IN"
116616,"NNS"
116617,"IN"
116618,"PRP$"
116619,"JJ"
116620,"NN"
116621,":"
116622,"DT"
116623,"NN"
116624,"IN"
116625,"CD"
116626,"NN"
116627,"TO"
116628,"$"
116629,"CD"
116630,"CD"
116631,"IN"
116632,"JJ"
116633,"NN"
116634,"IN"
116635,"NN"
116636,"NN"
116637,"NNS"
116638,"."
116639,"NNP"
116640,"NN"
116641,"NN"
116642,"VBD"
116643,"CD"
116644,"NN"
116645,"TO"
116646,"$"
116647,"CD"
116648,"CD"
116649,"IN"
116650,"JJR"
116651,"NN"
116652,"CC"
116653,"JJ"
116654,"NNS"
116655,"."
116656,"NNP"
116657,"NNP"
116658,"POS"
116659,"NN"
116660,"NN"
116661,"VBD"
116662,"CD"
116663,"NN"
116664,","
116665,"RB"
116666,","
116667,"TO"
116668,"$"
116669,"CD"
116670,"CD"
116671,","
116672,"IN"
116673,"JJR"
116674,"NN"
116675,"NNS"
116676,"CC"
116677,"NN"
116678,"NN"
116679,"IN"
116680,"JJ"
116681,"NNS"
116682,"IN"
116683,"JJ"
116684,"NNS"
116685,"."
116686,"NN"
116687,"VBN"
116688,"IN"
116689,"NN"
116690,"CC"
116691,"NNS"
116692,"VBD"
116693,"CD"
116694,"NN"
116695,"TO"
116696,"$"
116697,"CD"
116698,"CD"
116699,"."
116700,"JJ"
116701,"NN"
116702,"NN"
116703,"VBD"
116704,"CD"
116705,"NN"
116706,"TO"
116707,"$"
116708,"CD"
116709,"CD"
116710,"."
116711,"DT"
116712,"NN"
116713,"RB"
116714,"VBD"
116715,"DT"
116716,"NN"
116717,"IN"
116718,"$"
116719,"CD"
116720,"CD"
116721,"IN"
116722,"DT"
116723,"JJ"
116724,"NNS"
116725,"CC"
116726,"NN"
116727,"IN"
116728,"PRP$"
116729,"NNP"
116730,"NNPS"
116731,"NNP"
116732,"NNP"
116733,"NNP"
116734,"NN"
116735,"NN"
116736,"."
116737,"NNP"
116738,"NNP"
116739,"VBD"
116740,"NN"
116741,"IN"
116742,"DT"
116743,"JJ"
116744,"NN"
116745,"VBD"
116746,"NNP"
116747,"CD"
116748,"VBD"
116749,"$"
116750,"CD"
116751,"CD"
116752,","
116753,"CC"
116754,"CD"
116755,"NNS"
116756,"DT"
116757,"NN"
116758,","
116759,"IN"
116760,"$"
116761,"CD"
116762,"CD"
116763,","
116764,"CC"
116765,"CD"
116766,"NNS"
116767,"DT"
116768,"NN"
116769,","
116770,"IN"
116771,"DT"
116772,"JJ"
116773,"NN"
116774,"."
116775,"JJ"
116776,"NN"
116777,"VBD"
116778,"CD"
116779,"NN"
116780,"TO"
116781,"$"
116782,"CD"
116783,"CD"
116784,"IN"
116785,"$"
116786,"CD"
116787,"CD"
116788,"."
116789,"NN"
116790,"IN"
116791,"NN"
116792,"IN"
116793,"PRP$"
116794,"JJ"
116795,"NN"
116796,"VBD"
116797,","
116798,"DT"
116799,"NNS"
116800,"NN"
116801,"VBD"
116802,"."
116803,"NNP"
116804,"NN"
116805,"NN"
116806,"VBD"
116807,"CD"
116808,"NN"
116809,","
116810,"IN"
116811,"NN"
116812,"NN"
116813,"VBD"
116814,"CD"
116815,"NN"
116816,"IN"
116817,"DT"
116818,"JJR"
116819,"NN"
116820,"NN"
116821,"."
116822,"NNP"
116823,"NNP"
116824,"VBZ"
116825,"DT"
116826,"NN"
116827,"NN"
116828,"IN"
116829,"NNP"
116830,","
116831,"NNP"
116832,"CC"
116833,"NNP"
116834,","
116835,"DT"
116836,"NN"
116837,"NN"
116838,"CC"
116839,"NN"
116840,"NN"
116841,"."
116842,"IN"
116843,"NNP"
116844,"NNP"
116845,"NNP"
116846,"NNP"
116847,"JJ"
116848,"NN"
116849,"NN"
116850,","
116851,"NNP"
116852,"NNP"
116853,"NNS"
116854,"VBD"
116855,"IN"
116856,"$"
116857,"CD"
116858,","
116859,"RB"
116860,"CD"
116861,"NNS"
116862,"."
116863,"RB"
116864,","
116865,"NNP"
116866,"VBD"
116867,"JJ"
116868,"NN"
116869,"IN"
116870,"DT"
116871,"JJ"
116872,"NN"
116873,"IN"
116874,"$"
116875,"CD"
116876,"CD"
116877,","
116878,"CC"
116879,"CD"
116880,"NNS"
116881,"DT"
116882,"NN"
116883,","
116884,"VBG"
116885,"DT"
116886,"``"
116887,"JJ"
116888,"NN"
116889,"''"
116890,"IN"
116891,"DT"
116892,"NN"
116893,"POS"
116894,"JJ"
116895,"NNS"
116896,"."
116897,"JJ"
116898,"NN"
116899,"VBD"
116900,","
116901,"CC"
116902,"DT"
116903,"NN"
116904,"VBD"
116905,"PRP"
116906,"VBD"
116907,"RB"
116908,"DT"
116909,"``"
116910,"JJ"
116911,"NN"
116912,"''"
116913,"TO"
116914,"JJ"
116915,"NNS"
116916,"."
116917,"DT"
116918,"NN"
116919,"RB"
116920,","
116921,"NN"
116922,"IN"
116923,"DT"
116924,"NNP"
116925,"NNP"
116926,"NN"
116927,"NN"
116928,"NN"
116929,"VBD"
116930,"$"
116931,"CD"
116932,"CD"
116933,","
116934,"CC"
116935,"CD"
116936,"NNS"
116937,"DT"
116938,"NN"
116939,","
116940,"VBG"
116941,"DT"
116942,"JJ"
116943,"NN"
116944,"NN"
116945,"IN"
116946,"$"
116947,"CD"
116948,"CD"
116949,"IN"
116950,"DT"
116951,"NN"
116952,"IN"
116953,"DT"
116954,"NN"
116955,"POS"
116956,"NN"
116957,"IN"
116958,"NNP"
116959,"NNP"
116960,"NNP"
116961,"NNP"
116962,"NNP"
116963,"."
116964,"NNP"
116965,"VBD"
116966,"$"
116967,"CD"
116968,"CD"
116969,","
116970,"VBG"
116971,"JJ"
116972,"NN"
116973,","
116974,"RB"
116975,"RB"
116976,"IN"
116977,"$"
116978,"CD"
116979,"CD"
116980,"."
116981,"IN"
116982,"NNP"
116983,"NNP"
116984,"JJ"
116985,"NN"
116986,"NN"
116987,","
116988,"NNP"
116989,"VBD"
116990,"IN"
116991,"$"
116992,"CD"
116993,","
116994,"RB"
116995,"CD"
116996,"NNS"
116997,"."
116998,"O"
116999,"NNP"
117000,"NNP"
117001,"VBD"
117002,"PRP"
117003,"VBD"
117004,"DT"
117005,"NN"
117006,"IN"
117007,"NNP"
117008,"NNP"
117009,"NNP"
117010,"TO"
117011,"VB"
117012,"PRP$"
117013,"NN"
117014,"NN"
117015,","
117016,"DT"
117017,"NNP"
117018,"NNP"
117019,"NNP"
117020,","
117021,"IN"
117022,"$"
117023,"CD"
117024,"CD"
117025,"."
117026,"NN"
117027,"IN"
117028,"DT"
117029,"JJ"
117030,"NN"
117031,"VBZ"
117032,"JJ"
117033,"TO"
117034,"NN"
117035,"IN"
117036,"DT"
117037,"JJ"
117038,"NN"
117039,","
117040,"NN"
117041,"IN"
117042,"DT"
117043,"NNS"
117044,"IN"
117045,"NNP"
117046,"CC"
117047,"PRP$"
117048,"NN"
117049,"NN"
117050,"NNP"
117051,"NNP"
117052,","
117053,"CC"
117054,"NN"
117055,"IN"
117056,"NNS"
117057,"."
117058,"O"
117059,"DT"
117060,"NN"
117061,"NN"
117062,"RB"
117063,"VBZ"
117064,"RB"
117065,"VBN"
117066,"DT"
117067,"NN"
117068,"NN"
117069,":"
117070,"RB"
117071,"."
117072,"JJ"
117073,"NNS"
117074,","
117075,"NN"
117076,"NNS"
117077,"CC"
117078,"NNS"
117079,"WP"
117080,"VBP"
117081,"IN"
117082,"DT"
117083,"NNS"
117084,"IN"
117085,"NN"
117086,"NNS"
117087,"MD"
117088,"VB"
117089,"NN"
117090,"CC"
117091,"NN"
117092,"NNS"
117093,"WRB"
117094,"NNS"
117095,"VBP"
117096,":"
117097,"DT"
117098,"NNS"
117099,"RB"
117100,"VBP"
117101,"RB"
117102,"TO"
117103,"VB"
117104,"PRP$"
117105,"NNS"
117106,"CC"
117107,"VB"
117108,"DT"
117109,"NNS"
117110,"IN"
117111,"NN"
117112,"IN"
117113,"NNS"
117114,"."
117115,"CC"
117116,"JJ"
117117,"JJ"
117118,"NNS"
117119,"VBD"
117120,"NN"
117121,"PRP"
117122,"VBD"
117123,"DT"
117124,"NNS"
117125,"IN"
117126,"JJ"
117127,"NN"
117128,"IN"
117129,"NN"
117130,"WDT"
117131,"MD"
117132,"VB"
117133,"JJ"
117134,"NNS"
117135,"."
117136,"``"
117137,"PRP"
117138,"VBP"
117139,"VBG"
117140,"NN"
117141,"RB"
117142,"IN"
117143,"DT"
117144,"JJ"
117145,","
117146,"''"
117147,"VBD"
117148,"CD"
117149,"NN"
117150,"IN"
117151,"DT"
117152,"JJ"
117153,"CD"
117154,"NN"
117155,"."
117156,"``"
117157,"DT"
117158,"VBZ"
117159,"JJ"
117160,"NN"
117161,","
117162,"IN"
117163,"PRP"
117164,"RB"
117165,"VBP"
117166,"IN"
117167,"DT"
117168,"NN"
117169,"."
117170,"''"
117171,"VBD"
117172,"DT"
117173,"NN"
117174,"IN"
117175,"DT"
117176,"JJ"
117177,"NN"
117178,":"
117179,"``"
117180,"PRP"
117181,"VBD"
117182,"RB"
117183,"DT"
117184,"JJ"
117185,"NN"
117186,"IN"
117187,"DT"
117188,"NN"
117189,"VBG"
117190,"TO"
117191,"VB"
117192,"WP"
117193,"MD"
117194,"VB"
117195,"("
117196,"NNP"
117197,")"
117198,","
117199,"CC"
117200,"PRP"
117201,"VBZ"
117202,"VBN"
117203,"RB"
117204,"JJ"
117205,"."
117206,"RB"
117207,","
117208,"RB"
117209,"IN"
117210,"NN"
117211,","
117212,"NN"
117213,","
117214,"WP"
117215,"VBZ"
117216,"."
117217,"O"
117218,"WP"
117219,"VBD"
117220,"NNP"
117221,"VBZ"
117222,"WDT"
117223,"JJ"
117224,"NNS"
117225,"VBP"
117226,"RB"
117227,"RB"
117228,"RB"
117229,"JJ"
117230,"TO"
117231,"VB"
117232,"DT"
117233,"JJ"
117234,"IN"
117235,"NNS"
117236,"."
117237,"DT"
117238,"NN"
117239,"IN"
117240,"NNS"
117241,"CC"
117242,"NNS"
117243,"MD"
117244,"RB"
117245,"VB"
117246,"NNS"
117247,"IN"
117248,"VBG"
117249,"DT"
117250,"NN"
117251,"NN"
117252,"IN"
117253,"NN"
117254,"."
117255,"CC"
117256,"NNS"
117257,"MD"
117258,"VB"
117259,"IN"
117260,"JJR"
117261,"CC"
117262,"JJR"
117263,"NN"
117264,"."
117265,"IN"
117266,"DT"
117267,"CD"
117268,"NN"
117269,","
117270,"NNS"
117271,"VBD"
117272,"IN"
117273,"PRP"
117274,"MD"
117275,"VB"
117276,"JJ"
117277,"TO"
117278,"VB"
117279,"NN"
117280,"WRB"
117281,"NN"
117282,"NNS"
117283,"VBD"
117284,"."
117285,"DT"
117286,"NNP"
117287,"NNP"
117288,"NNP"
117289,"NNP"
117290,"VBD"
117291,"CD"
117292,"JJ"
117293,"NN"
117294,"NNS"
117295,":"
117296,"IN"
117297,"DT"
117298,"NNP"
117299,"NNP"
117300,"NN"
117301,"VBZ"
117302,"CD"
117303,"NNS"
117304,"IN"
117305,"DT"
117306,"NN"
117307,","
117308,"DT"
117309,"NN"
117310,"MD"
117311,"VB"
117312,"NN"
117313,"IN"
117314,"CD"
117315,"NN"
117316,":"
117317,"IN"
117318,"DT"
117319,"NN"
117320,"VBZ"
117321,"CD"
117322,"NNS"
117323,","
117324,"DT"
117325,"NN"
117326,"MD"
117327,"VB"
117328,"IN"
117329,"DT"
117330,"JJ"
117331,"CD"
117332,"NNS"
117333,"."
117334,"DT"
117335,"NN"
117336,"VBZ"
117337,"IN"
117338,"DT"
117339,"NN"
117340,"IN"
117341,"NN"
117342,"MD"
117343,"VB"
117344,"NNS"
117345,"TO"
117346,"VB"
117347,"PRP$"
117348,"NNS"
117349,","
117350,"JJ"
117351,"NNS"
117352,"CC"
117353,"JJ"
117354,"NNS"
117355,"TO"
117356,"VB"
117357,"DT"
117358,"NN"
117359,"IN"
117360,"JJ"
117361,"JJ"
117362,"NN"
117363,"NNS"
117364,"."
117365,"PRP"
117366,"VBZ"
117367,"JJ"
117368,"TO"
117369,"VB"
117370,"IN"
117371,"DT"
117372,"NN"
117373,"VBZ"
117374,"JJ"
117375,"."
117376,"DT"
117377,"JJ"
117378,"NN"
117379,"IN"
117380,"NN"
117381,"MD"
117382,"RB"
117383,"VB"
117384,"DT"
117385,"NN"
117386,"NN"
117387,"IN"
117388,"VBG"
117389,"IN"
117390,"PRP"
117391,"."
117392,"CC"
117393,"EX"
117394,"VBZ"
117395,"RB"
117396,"DT"
117397,"NN"
117398,"IN"
117399,"VBG"
117400,"IN"
117401,"NNS"
117402,"MD"
117403,"VB"
117404,"NNS"
117405,"CC"
117406,"VB"
117407,"DT"
117408,"RB"
117409,"RBR"
117410,"JJ"
117411,"NN"
117412,"IN"
117413,"NNS"
117414,"."
117415,"WP"
117416,"VBD"
117417,"NNP"
117418,"VBD"
117419,"DT"
117420,"JJS"
117421,"IN"
117422,"DT"
117423,"NNS"
117424,"."
117425,"DT"
117426,"NNS"
117427,"NNS"
117428,"VBD"
117429,"PRP$"
117430,"JJ"
117431,"NN"
117432,"NN"
117433,"NNS"
117434,"CC"
117435,"VBD"
117436,"RP"
117437,"IN"
117438,"IN"
117439,"LS"
117440,"NN"
117441,"IN"
117442,"CD"
117443,"NNS"
117444,","
117445,"IN"
117446,"DT"
117447,"NNP"
117448,"CC"
117449,"NNP"
117450,"POS"
117451,"CD"
117452,"NN"
117453,"NN"
117454,"VBD"
117455,"VBN"
117456,"CD"
117457,"NNS"
117458,","
117459,"CC"
117460,"IN"
117461,"CD"
117462,"NNS"
117463,"IN"
117464,"DT"
117465,"NNP"
117466,"NNP"
117467,"NN"
117468,"."
117469,"NNS"
117470,"NNS"
117471,"VBD"
117472,"NN"
117473,"IN"
117474,"JJ"
117475,"NNS"
117476,"."
117477,"DT"
117478,"NNP"
117479,"NNP"
117480,"NNP"
117481,"NNP"
117482,","
117483,"IN"
117484,"PRP$"
117485,"JJ"
117486,"NNS"
117487,","
117488,"VBD"
117489,"JJ"
117490,"."
117491,"IN"
117492,"RB"
117493,"RB"
117494,"TO"
117495,"VB"
117496,","
117497,"NNS"
117498,","
117499,"CC"
117500,"RB"
117501,"NN"
117502,"NNS"
117503,","
117504,"VBD"
117505,"DT"
117506,"PRP$"
117507,"NN"
117508,"IN"
117509,"DT"
117510,"NNP"
117511,"NNP"
117512,"NNP"
117513,"NNP"
117514,"."
117515,"IN"
117516,"NN"
117517,"IN"
117518,"DT"
117519,"NN"
117520,"VBD"
117521,","
117522,"NNS"
117523,"VBD"
117524,"RB"
117525,"."
117526,"VBD"
117527,"DT"
117528,"NNS"
117529,"CC"
117530,"NNS"
117531,"VBZ"
117532,"VBN"
117533,"JJ"
117534,","
117535,"JJ"
117536,"NN"
117537,"MD"
117538,"VB"
117539,"VBN"
117540,"VBN"
117541,"CC"
117542,"DT"
117543,"NN"
117544,","
117545,"RBS"
117546,"RB"
117547,","
117548,"MD"
117549,"VB"
117550,"VBN"
117551,"RBR"
117552,"JJ"
117553,"."
117554,"IN"
117555,"CD"
117556,","
117557,"IN"
117558,"JJ"
117559,"NN"
117560,"NNS"
117561,"IN"
117562,"DT"
117563,"NN"
117564,"NNS"
117565,"CC"
117566,"NNP"
117567,","
117568,"DT"
117569,"NNS"
117570,"NNS"
117571,"VBD"
117572,"."
117573,"NNP"
117574,"NN"
117575,","
117576,"RB"
117577,","
117578,"VBD"
117579,"VBN"
117580,"RB"
117581,"IN"
117582,"NNP"
117583,","
117584,"IN"
117585,"DT"
117586,"NNS"
117587,"NNS"
117588,"VBD"
117589,"VBN"
117590,"DT"
117591,"JJ"
117592,"CD"
117593,"NNS"
117594,","
117595,"WDT"
117596,"VBZ"
117597,"DT"
117598,"JJ"
117599,"NN"
117600,"IN"
117601,"NN"
117602,"NNS"
117603,"."
117604,"IN"
117605,"DT"
117606,"NN"
117607,","
117608,"DT"
117609,"NNS"
117610,"NNS"
117611,"RB"
117612,"VBD"
117613,"RP"
117614,"CC"
117615,"RB"
117616,"RBR"
117617,"VBN"
117618,"PDT"
117619,"NNS"
117620,"TO"
117621,"VB"
117622,"VBN"
117623,"IN"
117624,"DT"
117625,"NNP"
117626,"NNP"
117627,"NNP"
117628,"NNP"
117629,"."
117630,"PRP"
117631,"VBZ"
117632,"NN"
117633,"TO"
117634,"VB"
117635,"IN"
117636,"DT"
117637,"NNP"
117638,"NNP"
117639,"NNP"
117640,"NNP"
117641,","
117642,"DT"
117643,"NNS"
117644,"NNS"
117645,"CC"
117646,"DT"
117647,"NNS"
117648,"NNS"
117649,","
117650,"RB"
117651,"RB"
117652,"JJ"
117653,","
117654,"VBP"
117655,"RB"
117656,"VBN"
117657,"RB"
117658,"RB"
117659,"VBN"
117660,"IN"
117661,"TO"
117662,"VB"
117663,"CD"
117664,"NN"
117665,"RB"
117666,"."
117667,"NNS"
117668,"MD"
117669,"VB"
117670,"PRP$"
117671,"NNS"
117672,"CC"
117673,"VB"
117674,"PRP$"
117675,"NNS"
117676,"IN"
117677,"DT"
117678,"NN"
117679,"IN"
117680,"PRP"
117681,"."
117682,"PRP"
117683,"RB"
117684,"VBZ"
117685,"DT"
117686,"NN"
117687,"IN"
117688,"DT"
117689,"NN"
117690,"TO"
117691,"VB"
117692,"JJ"
117693,"NN"
117694,"NNS"
117695,"."
117696,"TO"
117697,"VB"
117698,"JJ"
117699,"NN"
117700,"CC"
117701,"VB"
117702,"NN"
117703,"NN"
117704,","
117705,"CC"
117706,"DT"
117707,"NNS"
117708,"MD"
117709,"VB"
117710,"JJ"
117711,"TO"
117712,"NN"
117713,"CC"
117714,"NN"
117715,"."
117716,"JJ"
117717,"NN"
117718,"NNS"
117719,"MD"
117720,"RB"
117721,"VB"
117722,"VBN"
117723,"DT"
117724,"NN"
117725,"IN"
117726,"NNS"
117727,"IN"
117728,"NNP"
117729,","
117730,"CC"
117731,"PRP"
117732,"RB"
117733,"MD"
117734,"VB"
117735,"VBN"
117736,"IN"
117737,"NNP"
117738,","
117739,"CC"
117740,"JJ"
117741,"NNS"
117742,"."
117743,"PRP"
117744,"VBZ"
117745,"NN"
117746,"IN"
117747,"DT"
117748,"NNS"
117749,"CC"
117750,"DT"
117751,"NNP"
117752,"CC"
117753,"NNP"
117754,"NNP"
117755,"TO"
117756,"VB"
117757,"IN"
117758,"JJ"
117759,"NNS"
117760,"IN"
117761,"JJ"
117762,"NN"
117763,"CC"
117764,"NN"
117765,"JJ"
117766,"."
117767,"NNP"
117768,"VBZ"
117769,"RB"
117770,"VB"
117771,"CD"
117772,"NN"
117773,"VBN"
117774,"RB"
117775,"IN"
117776,"CD"
117777,"NNS"
117778,"WRB"
117779,"DT"
117780,"NNP"
117781,"VBZ"
117782,"CD"
117783,"NNS"
117784,"CC"
117785,"DT"
117786,"VBN"
117787,"RP"
117788,"IN"
117789,"DT"
117790,"NN"
117791,"IN"
117792,"DT"
117793,"JJ"
117794,"NN"
117795,"."
117796,"DT"
117797,"NN"
117798,"IN"
117799,"JJ"
117800,"JJ"
117801,"NN"
117802,"NNS"
117803,"IN"
117804,"NN"
117805,"NNS"
117806,"MD"
117807,"VB"
117808,"IN"
117809,"NNS"
117810,"VBP"
117811,"IN"
117812,"NN"
117813,"IN"
117814,"JJ"
117815,"NN"
117816,"NNS"
117817,"IN"
117818,"DT"
117819,"NNS"
117820,"."
117821,"DT"
117822,"JJ"
117823,"NN"
117824,"NNS"
117825,","
117826,"IN"
117827,"PRP"
117828,"VBP"
117829,"TO"
117830,"VB"
117831,"VBN"
117832,"IN"
117833,"NNP"
117834,","
117835,"MD"
117836,"VB"
117837,"DT"
117838,"NNS"
117839,"CC"
117840,"NNS"
117841,"NN"
117842,"VBP"
117843,"RB"
117844,"JJ"
117845,"IN"
117846,"DT"
117847,"NNP"
117848,"NNP"
117849,"NNP"
117850,"NNP"
117851,"VBZ"
117852,"JJ"
117853,"."
117854,"DT"
117855,"NNS"
117856,"MD"
117857,"VB"
117858,"VBN"
117859,"IN"
117860,"NN"
117861,"IN"
117862,"DT"
117863,"NNS"
117864,"IN"
117865,"DT"
117866,"JJ"
117867,"NNS"
117868,"NN"
117869,"IN"
117870,"DT"
117871,"NN"
117872,"CC"
117873,"IN"
117874,"DT"
117875,"NN"
117876,"IN"
117877,"DT"
117878,"NN"
117879,"JJ"
117880,"NNS"
117881,"."
117882,"MD"
117883,"DT"
117884,"NNP"
117885,"CC"
117886,"DT"
117887,"NNP"
117888,"NNP"
117889,"NNP"
117890,"NNP"
117891,"("
117892,"WDT"
117893,","
117894,"IN"
117895,"DT"
117896,"NNP"
117897,","
117898,"VBZ"
117899,"DT"
117900,"NNP"
117901,"NN"
117902,"NNS"
117903,")"
117904,"VB"
117905,"JJ"
117906,"TO"
117907,"VB"
117908,","
117909,"DT"
117910,"NN"
117911,"MD"
117912,"VB"
117913,"TO"
117914,"VB"
117915,"VBN"
117916,"IN"
117917,"NN"
117918,"IN"
117919,"DT"
117920,"NN"
117921,"NN"
117922,"."
117923,"IN"
117924,"JJ"
117925,"NNS"
117926,","
117927,"JJ"
117928,"JJ"
117929,"NNS"
117930,"VBP"
117931,"RBR"
117932,"JJ"
117933,"NN"
117934,"TO"
117935,"VB"
117936,"DT"
117937,"NN"
117938,"IN"
117939,"PRP"
117940,"VBD"
117941,"CD"
117942,"NNS"
117943,"RB"
117944,"."
117945,"DT"
117946,"NNP"
117947,"NNP"
117948,"NNP"
117949,"NNP"
117950,"NNP"
117951,"VBZ"
117952,"DT"
117953,"NN"
117954,"TO"
117955,"VB"
117956,"DT"
117957,"NN"
117958,"IN"
117959,"RB"
117960,"DT"
117961,"CD"
117962,"NNS"
117963,"DT"
117964,"NN"
117965,"."
117966,"NNP"
117967,"NN"
117968,"VBZ"
117969,"VBN"
117970,"VBN"
117971,"IN"
117972,"NNS"
117973,"VBG"
117974,"TO"
117975,"VB"
117976,"PRP$"
117977,"NNS"
117978,","
117979,"CC"
117980,"NNS"
117981,":"
117982,"WP"
117983,"PRP"
117984,"VBP"
117985,"MD"
117986,"VB"
117987,","
117988,"IN"
117989,"DT"
117990,"NNS"
117991,"IN"
117992,"DT"
117993,"JJ"
117994,"NNS"
117995,":"
117996,"VB"
117997,"JJR"
117998,"NN"
117999,"NNS"
118000,"."
118001,"("
118002,"IN"
118003,"NN"
118004,","
118005,"NNS"
118006,"POS"
118007,"NNS"
118008,"RB"
118009,"MD"
118010,"RB"
118011,"VB"
118012,"DT"
118013,"JJ"
118014,"NN"
118015,"IN"
118016,"NN"
118017,"NNS"
118018,"."
118019,"JJ"
118020,"DT"
118021,"NN"
118022,"IN"
118023,"NN"
118024,"IN"
118025,"DT"
118026,"NNS"
118027,"VBD"
118028,"JJ"
118029,"NNP"
118030,"CC"
118031,"VBD"
118032,"JJ"
118033,"NNP"
118034,"IN"
118035,"IN"
118036,"DT"
118037,"NN"
118038,"IN"
118039,"JJ"
118040,"NNS"
118041,"."
118042,")"
118043,"CC"
118044,"DT"
118045,"NN"
118046,"IN"
118047,"VBG"
118048,"NN"
118049,"NN"
118050,"VBZ"
118051,"VBN"
118052,"."
118053,"NNP"
118054,"NNP"
118055,","
118056,"JJ"
118057,"NN"
118058,"NN"
118059,"IN"
118060,"DT"
118061,"NNP"
118062,"NNP"
118063,"NNP"
118064,"NNP"
118065,","
118066,"VBZ"
118067,"DT"
118068,"NN"
118069,"IN"
118070,"NNS"
118071,"IN"
118072,"NNP"
118073,"NNP"
118074,"POS"
118075,"NN"
118076,"NN"
118077,"IN"
118078,"NNP"
118079,"NNP"
118080,"."
118081,"O"
118082,"NNP"
118083,"NNP"
118084,"NNP"
118085,"VBZ"
118086,"NN"
118087,"NNS"
118088,"CC"
118089,"NNS"
118090,"IN"
118091,"JJ"
118092,"NNS"
118093,"."
118094,"DT"
118095,"``"
118096,"JJ"
118097,"NN"
118098,"''"
118099,":"
118100,"NN"
118101,"NNS"
118102,":"
118103,"IN"
118104,"DT"
118105,"NNP"
118106,"NNP"
118107,"POS"
118108,"NN"
118109,"TO"
118110,"VB"
118111,"PRP$"
118112,"JJ"
118113,"NNS"
118114,"IN"
118115,"CD"
118116,"MD"
118117,"VB"
118118,"DT"
118119,"NN"
118120,"``"
118121,"RP"
118122,"DT"
118123,"FW"
118124,"''"
118125,"IN"
118126,"RB"
118127,"VBN"
118128,"RB"
118129,","
118130,"VBZ"
118131,"NNP"
118132,"NNP"
118133,"JJ"
118134,"NN"
118135,"NN"
118136,"NNP"
118137,"NNP"
118138,"."
118139,"NNP"
118140,"NNS"
118141,"VBG"
118142,"TO"
118143,"VB"
118144,"IN"
118145,"NNP"
118146,"VB"
118147,"``"
118148,"JJ"
118149,"NN"
118150,"''"
118151,"IN"
118152,"NNS"
118153,"IN"
118154,"NNS"
118155,"JJ"
118156,"IN"
118157,"NNP"
118158,"NNP"
118159,","
118160,"WDT"
118161,"VBP"
118162,"DT"
118163,"JJ"
118164,"NN"
118165,"NN"
118166,"IN"
118167,"NN"
118168,"NNS"
118169,","
118170,"PRP"
118171,"VBZ"
118172,"."
118173,"NNP"
118174,"NNP"
118175,"CC"
118176,"NNP"
118177,"NNP"
118178,"VBP"
118179,"NNS"
118180,"RB"
118181,"MD"
118182,"RB"
118183,"VB"
118184,"NN"
118185,"NNS"
118186,"CC"
118187,"JJ"
118188,"NN"
118189,","
118190,"WDT"
118191,"VBZ"
118192,"NNS"
118193,"."
118194,"JJ"
118195,"NNS"
118196,"VBP"
118197,"RB"
118198,"VBN"
118199,"VBG"
118200,"TO"
118201,"JJ"
118202,"NNS"
118203,"PDT"
118204,"IN"
118205,"NNP"
118206,"CC"
118207,"NNP"
118208,","
118209,"WRB"
118210,"NNS"
118211,"VBP"
118212,"JJ"
118213,"CC"
118214,"NNS"
118215,"VBP"
118216,"JJR"
118217,":"
118218,"NN"
118219,"IN"
118220,"JJ"
118221,"NN"
118222,"CC"
118223,"NNS"
118224,"MD"
118225,"VB"
118226,"RB"
118227,","
118228,"FW"
118229,"VBZ"
118230,"."
118231,"NNP"
118232,","
118233,"NNP"
118234,"CC"
118235,"NNP"
118236,"VBP"
118237,"JJ"
118238,"``"
118239,"NNP"
118240,"CD"
118241,"''"
118242,"VBZ"
118243,":"
118244,"DT"
118245,"VB"
118246,"IN"
118247,"NN"
118248,"NN"
118249,"CC"
118250,"VB"
118251,"IN"
118252,"VBG"
118253,"CC"
118254,"VBG"
118255,"NNS"
118256,"."
118257,"NNP"
118258,"NNP"
118259,"NNP"
118260,"VBD"
118261,"RB"
118262,"DT"
118263,"NNP"
118264,"NNP"
118265,"POS"
118266,"NN"
118267,"."
118268,"RB"
118269,"VBD"
118270,"DT"
118271,"JJ"
118272,"NN"
118273,","
118274,"IN"
118275,"DT"
118276,"NN"
118277,"VBG"
118278,"CD"
118279,"NNS"
118280,"IN"
118281,"DT"
118282,"JJ"
118283,"NN"
118284,"NN"
118285,","
118286,"NNP"
118287,","
118288,"NNP"
118289,","
118290,"DT"
118291,"NNP"
118292,"NN"
118293,"NN"
118294,"."
118295,"DT"
118296,"NNS"
118297,"VBD"
118298,"VBN"
118299,"IN"
118300,"DT"
118301,"NN"
118302,"IN"
118303,"DT"
118304,"NNP"
118305,"CD"
118306,","
118307,"CD"
118308,","
118309,"NN"
118310,"IN"
118311,"DT"
118312,"NNP"
118313,"NNP"
118314,"."
118315,"IN"
118316,"PRP$"
118317,"NN"
118318,"IN"
118319,"NN"
118320,","
118321,"``"
118322,"NNP"
118323,"VBD"
118324,"RB"
118325,"VBG"
118326,"DT"
118327,"JJ"
118328,"NN"
118329,","
118330,"''"
118331,"DT"
118332,"NN"
118333,"VBD"
118334,"."
118335,"IN"
118336,"DT"
118337,"NN"
118338,"("
118339,"``"
118340,"NNP"
118341,"VBN"
118342,","
118343,"FW"
118344,","
118345,"VBG"
118346,"CD"
118347,"NNS"
118348,"IN"
118349,":"
118350,"DT"
118351,"JJ"
118352,","
118353,"''"
118354,"PRP"
118355,"VBD"
118356,")"
118357,","
118358,"NN"
118359,"VBD"
118360,"."
118361,"RBR"
118362,"JJ"
118363,"IN"
118364,"DT"
118365,"NN"
118366,"NN"
118367,","
118368,"DT"
118369,"NNS"
118370,"VBD"
118371,","
118372,"VBD"
118373,"TO"
118374,"DT"
118375,"NN"
118376,"."
118377,"DT"
118378,"NN"
118379,"VBD"
118380,"PRP"
118381,"VBD"
118382,"VBN"
118383,"CC"
118384,"VBN"
118385,"IN"
118386,"CD"
118387,"NN"
118388,"CC"
118389,"IN"
118390,"DT"
118391,"JJ"
118392,"VBD"
118393,"PRP$"
118394,"FW"
118395,"IN"
118396,"DT"
118397,"NN"
118398,"NN"
118399,"."
118400,"DT"
118401,"NN"
118402,"VBD"
118403,"DT"
118404,"NN"
118405,"POS"
118406,"NN"
118407,"IN"
118408,"DT"
118409,"NN"
118410,","
118411,"RB"
118412,","
118413,"VBG"
118414,"DT"
118415,"NNS"
118416,"JJ"
118417,"IN"
118418,"JJ"
118419,"NN"
118420,","
118421,"CC"
118422,"RB"
118423,"JJ"
118424,"IN"
118425,"DT"
118426,"NN"
118427,"WDT"
118428,"VBD"
118429,"IN"
118430,"DT"
118431,"NNS"
118432,"POS"
118433,"NN"
118434,"."
118435,"NNP"
118436,"NNP"
118437,"IN"
118438,"NNP"
118439,"IN"
118440,"DT"
118441,"NN"
118442,"IN"
118443,"NNS"
118444,"."
118445,"DT"
118446,"NN"
118447,"IN"
118448,"NNP"
118449,"NNP"
118450,"NNP"
118451,"NN"
118452,"VBZ"
118453,"VBG"
118454,"NNS"
118455,"IN"
118456,"NNS"
118457,"WDT"
118458,"VBP"
118459,"RB"
118460,"VB"
118461,"JJ"
118462,"NNS"
118463,"."
118464,"PRP"
118465,"RB"
118466,"VBZ"
118467,"JJR"
118468,"NN"
118469,"CC"
118470,"VBP"
118471,"NNS"
118472,","
118473,"CC"
118474,"JJ"
118475,"NN"
118476,"IN"
118477,"NN"
118478,","
118479,"NN"
118480,"CC"
118481,"NNS"
118482,"POS"
118483,"VBG"
118484,"NN"
118485,"NNS"
118486,"."
118487,"CC"
118488,"PRP"
118489,"VBZ"
118490,"DT"
118491,"NNP"
118492,"NNP"
118493,"NNP"
118494,"NN"
118495,"IN"
118496,"VBG"
118497,"DT"
118498,"``"
118499,"JJ"
118500,"NN"
118501,"NN"
118502,","
118503,"''"
118504,"IN"
118505,"``"
118506,"RB"
118507,"JJ"
118508,"''"
118509,":"
118510,"PRP"
118511,"VBZ"
118512,"DT"
118513,"NN"
118514,"MD"
118515,"VB"
118516,"DT"
118517,"JJ"
118518,"JJ"
118519,"NN"
118520,"VBZ"
118521,"``"
118522,"JJ"
118523,"''"
118524,"NN"
118525,"."
118526,"IN"
118527,"DT"
118528,"NN"
118529,"IN"
118530,"JJ"
118531,"NNS"
118532,"VBN"
118533,"IN"
118534,"NN"
118535,"NNP"
118536,"NNP"
118537,"NN"
118538,"DT"
118539,"``"
118540,"JJ"
118541,"NN"
118542,","
118543,"''"
118544,"NNP"
118545,"NNP"
118546,"IN"
118547,"NN"
118548,"CC"
118549,"NN"
118550,"."
118551,"DT"
118552,"RB"
118553,"VBP"
118554,"VBG"
118555,"NNS"
118556,","
118557,"NN"
118558,"NN"
118559,","
118560,"NN"
118561,"NN"
118562,"CC"
118563,"JJ"
118564,"NN"
118565,"."
118566,"DT"
118567,"VBP"
118568,"JJ"
118569,"NNS"
118570,"."
118571,"NNP"
118572,"NNP"
118573,"NNP"
118574,"NNS"
118575,"IN"
118576,"NNS"
118577,"IN"
118578,"VBN"
118579,"NN"
118580,","
118581,"JJ"
118582,"JJ"
118583,"NN"
118584,"IN"
118585,"TO"
118586,"$"
118587,"CD"
118588,"CC"
118589,"JJ"
118590,"CC"
118591,"JJ"
118592,"NN"
118593,"."
118594,"NNP"
118595,"NNP"
118596,"IN"
118597,"NN"
118598,"VBZ"
118599,"JJ"
118600,"IN"
118601,"NNS"
118602,","
118603,"VBZ"
118604,"NN"
118605,"FW"
118606,"NNP"
118607,"IN"
118608,"NNS"
118609,"IN"
118610,"DT"
118611,"CD"
118612,"NNS"
118613,"."
118614,"PRP"
118615,"VBZ"
118616,"IN"
118617,"PRP$"
118618,"JJ"
118619,"CD"
118620,"``"
118621,"NN"
118622,"NNS"
118623,"."
118624,"''"
118625,"RB"
118626,"CD"
118627,"NN"
118628,"IN"
118629,"NNS"
118630,"WP"
118631,"VBP"
118632,"PRP$"
118633,"NNS"
118634,"VBP"
118635,"PRP"
118636,"IN"
118637,"NN"
118638,","
118639,"CC"
118640,"RB"
118641,"DT"
118642,"NN"
118643,"IN"
118644,"DT"
118645,"WP"
118646,"VBP"
118647,"RB"
118648,"VB"
118649,"JJ"
118650,"VBP"
118651,"PRP"
118652,"VBP"
118653,"VBN"
118654,"IN"
118655,"WRB"
118656,"PRP"
118657,"VBP"
118658,"."
118659,"NNP"
118660,"NNP"
118661,"DT"
118662,"NN"
118663,":"
118664,"IN"
118665,"CD"
118666,"NNS"
118667,"IN"
118668,"DT"
118669,"NNP"
118670,"NNP"
118671,"IN"
118672,"NNP"
118673,"CC"
118674,"NNP"
118675,"NNP"
118676,"IN"
118677,"CD"
118678,"NNS"
118679,"VBD"
118680,"NNS"
118681,","
118682,"JJ"
118683,"CC"
118684,"JJ"
118685,"NNS"
118686,","
118687,"VBD"
118688,"NNS"
118689,","
118690,"VBN"
118691,"NNS"
118692,"CC"
118693,"NNS"
118694,","
118695,"CC"
118696,"JJ"
118697,"NNS"
118698,"IN"
118699,"DT"
118700,"NN"
118701,"POS"
118702,"NNP"
118703,"NN"
118704,"."
118705,"DT"
118706,"CD"
118707,"NNS"
118708,"IN"
118709,"NN"
118710,"MD"
118711,"VB"
118712,"DT"
118713,"NN"
118714,"$"
118715,"CD"
118716,"."
118717,"NNP"
118718,"NNP"
118719,"NNP"
118720,"MD"
118721,"VB"
118722,"JJ"
118723,"NN"
118724,"RB"
118725,"IN"
118726,"CD"
118727,"JJ"
118728,"NN"
118729,","
118730,"DT"
118731,"NNP"
118732,"IN"
118733,"NNP"
118734,"NNP"
118735,"NN"
118736,"IN"
118737,"CD"
118738,"NNS"
118739,"IN"
118740,"JJ"
118741,"NN"
118742,"IN"
118743,"NN"
118744,"VBZ"
118745,"."
118746,"IN"
118747,"JJ"
118748,"NNS"
118749,","
118750,"CD"
118751,"NN"
118752,"NN"
118753,"IN"
118754,"JJ"
118755,"NN"
118756,"NNS"
118757,"IN"
118758,"IN"
118759,"CD"
118760,"NN"
118761,":"
118762,"NNP"
118763,"CD"
118764,"NN"
118765,"VBP"
118766,"PRP"
118767,"MD"
118768,"VB"
118769,"TO"
118770,"VB"
118771,"NNS"
118772,","
118773,"IN"
118774,"VBN"
118775,","
118776,"CC"
118777,"MD"
118778,"VB"
118779,"PRP"
118780,"."
118781,"NNP"
118782,"NNS"
118783,"VBP"
118784,"JJ"
118785,"NNS"
118786,","
118787,"DT"
118788,"NNP"
118789,"NNP"
118790,"IN"
118791,"NNP"
118792,"NNP"
118793,"VBZ"
118794,":"
118795,"PRP$"
118796,"NN"
118797,"IN"
118798,"JJ"
118799,"JJ"
118800,"NNS"
118801,"VBZ"
118802,"CD"
118803,"NN"
118804,"IN"
118805,"JJR"
118806,"IN"
118807,"DT"
118808,"JJ"
118809,"NN"
118810,","
118811,"CC"
118812,"CD"
118813,"NN"
118814,"IN"
118815,"NN"
118816,"NNS"
118817,"."
118818,"IN"
118819,"CD"
118820,"NN"
118821,"VBP"
118822,"VBN"
118823,"IN"
118824,"DT"
118825,"JJ"
118826,"NN"
118827,","
118828,"IN"
118829,"CD"
118830,"NN"
118831,"VBD"
118832,"VBN"
118833,"TO"
118834,"VB"
118835,"IN"
118836,"JJ"
118837,"NN"
118838,"."
118839,"NNP"
118840,"NNP"
118841,"NN"
118842,","
118843,"CC"
118844,"PRP"
118845,"VBP"
118846,"RB"
118847,"VBN"
118848,"IN"
118849,"NNS"
118850,"."
118851,"CC"
118852,"PRP"
118853,"NN"
118854,"IN"
118855,"NNS"
118856,"TO"
118857,"VB"
118858,"DT"
118859,"NN"
118860,"."
118861,"DT"
118862,"NN"
118863,"IN"
118864,"JJ"
118865,"NNS"
118866,"VBN"
118867,"IN"
118868,"DT"
118869,"NNP"
118870,"NNP"
118871,"NNP"
118872,"NN"
118873,"DT"
118874,"NN"
118875,"IN"
118876,"CD"
118877,"JJ"
118878,"NNS"
118879,"IN"
118880,"CD"
118881,"."
118882,"IN"
118883,"CD"
118884,"NN"
118885,"VB"
118886,"IN"
118887,"DT"
118888,"CC"
118889,"DT"
118890,"NNS"
118891,"."
118892,"IN"
118893,"CD"
118894,","
118895,"RBR"
118896,"NNS"
118897,"VB"
118898,"VBP"
118899,"NN"
118900,","
118901,"IN"
118902,"JJ"
118903,"NN"
118904,"NNS"
118905,"VBD"
118906,","
118907,"DT"
118908,"NN"
118909,"VBZ"
118910,"."
118911,"NNP"
118912,"NNP"
118913,"VBZ"
118914,"RB"
118915,"TO"
118916,"$"
118917,"CD"
118918,"IN"
118919,"NNS"
118920,","
118921,"VBG"
118922,"NNS"
118923,"."
118924,"NNP"
118925,"MD"
118926,"RB"
118927,"VB"
118928,"NN"
118929,"NN"
118930,","
118931,"CC"
118932,"MD"
118933,"VB"
118934,"DT"
118935,"``"
118936,"JJ"
118937,"NN"
118938,"''"
118939,":"
118940,"PRP"
118941,"VBZ"
118942,"VBN"
118943,"DT"
118944,"NNS"
118945,"DT"
118946,"JJ"
118947,"NN"
118948,"NN"
118949,"WRB"
118950,"NNS"
118951,"VBD"
118952,"IN"
118953,"NN"
118954,"IN"
118955,"NNS"
118956,"VBN"
118957,"IN"
118958,"DT"
118959,"NN"
118960,"NN"
118961,"."
118962,"NNP"
118963,"NNP"
118964,","
118965,"NNP"
118966,"NNP"
118967,","
118968,"NNP"
118969,"CC"
118970,"NNP"
118971,"NNP"
118972,"NNP"
118973,"MD"
118974,"VB"
118975,"DT"
118976,"NN"
118977,"CC"
118978,"VB"
118979,"DT"
118980,"NN"
118981,"NN"
118982,"TO"
118983,"DT"
118984,"JJ"
118985,"NN"
118986,","
118987,"CC"
118988,"RB"
118989,"MD"
118990,"RB"
118991,"VB"
118992,"DT"
118993,"NN"
118994,"."
118995,"IN"
118996,"CD"
118997,","
118998,"NNS"
118999,"VBG"
119000,"JJ"
119001,"NN"
119002,"NNS"
119003,","
119004,"TO"
119005,"VB"
119006,"NN"
119007,","
119008,"VBD"
119009,"TO"
119010,"CD"
119011,"NN"
119012,"IN"
119013,"DT"
119014,"JJ"
119015,"NN"
119016,"VBD"
119017,","
119018,"IN"
119019,"CD"
119020,"NN"
119021,"."
119022,"DT"
119023,"NN"
119024,":"
119025,"DT"
119026,"NNP"
119027,"NNP"
119028,"IN"
119029,"NNP"
119030,"VBZ"
119031,"CD"
119032,"NNS"
119033,"IN"
119034,"DT"
119035,"NN"
119036,"NN"
119037,"DT"
119038,"$"
119039,"CD"
119040,"NN"
119041,"NN"
119042,":"
119043,"."
119044,"RB"
119045,","
119046,"IN"
119047,"POS"
119048,"PDT"
119049,":"
119050,"RBR"
119051,"NNPS"
119052,"NN"
119053,"NN"
119054,"NNP"
119055,"NNP"
119056,"VBZ"
119057,"NNP"
119058,"NNP"
119059,"NNP"
119060,"NNP"
119061,"IN"
119062,"``"
119063,"FW"
119064,"NN"
119065,":"
119066,"JJ"
119067,"NN"
119068,"NNS"
119069,"."
119070,"O"
119071,"NNP"
119072,"VBD"
119073,","
119074,"IN"
119075,"DT"
119076,"NNS"
119077,"IN"
119078,"NNP"
119079,"NNP"
119080,"NNP"
119081,"NNP"
119082,"NNP"
119083,"NNP"
119084,"NNP"
119085,"NNP"
119086,"NNP"
119087,","
119088,"RB"
119089,"PRP$"
119090,"``"
119091,"RB"
119092,"JJ"
119093,","
119094,"CD"
119095,"VBP"
119096,","
119097,"RP"
119098,"NNS"
119099,"NN"
119100,"."
119101,"''"
119102,"WRB"
119103,"PRP"
119104,"VBD"
119105,"PDT"
119106,"RP"
119107,"CC"
119108,"NNS"
119109,"VBD"
119110,"VBD"
119111,"DT"
119112,"JJ"
119113,"NN"
119114,","
119115,"NNP"
119116,"NNP"
119117,"NNS"
119118,"VBD"
119119,"JJ"
119120,"IN"
119121,"WRB"
119122,"UH"
119123,"DT"
119124,"NN"
119125,"VBD"
119126,"VBN"
119127,"."
119128,"PRP"
119129,"VBD"
119130,"DT"
119131,"NN"
119132,"POS"
119133,"NN"
119134,"NNS"
119135,","
119136,"NNS"
119137,","
119138,"NN"
119139,"CC"
119140,"NN"
119141,"IN"
119142,"JJ"
119143,"NNS"
119144,"MD"
119145,"RB"
119146,"VB"
119147,"VBN"
119148,"JJR"
119149,"."
119150,"``"
119151,"PRP"
119152,"VBD"
119153,"DT"
119154,"NN"
119155,"NNS"
119156,"IN"
119157,"NNP"
119158,","
119159,"''"
119160,"NNP"
119161,"NNP"
119162,"VBD"
119163,"IN"
119164,"DT"
119165,"NN"
119166,"VBD"
119167,"."
119168,"``"
119169,"PDT"
119170,"DT"
119171,"NNS"
119172,"IN"
119173,"PRP"
119174,"VBD"
119175,"RB"
119176,"TO"
119177,"VB"
119178,"IN"
119179,"DT"
119180,"NN"
119181,","
119182,"TO"
119183,"VB"
119184,"NNS"
119185,"VB"
119186,"IN"
119187,"DT"
119188,"NN"
119189,"VBD"
119190,"IN"
119191,"DT"
119192,"JJ"
119193,"NN"
119194,","
119195,"VBD"
119196,"RB"
119197,"RB"
119198,"."
119199,"''"
119200,"NNS"
119201,"IN"
119202,"DT"
119203,"CD"
119204,"CD"
119205,"NNS"
119206,"IN"
119207,"JJ"
119208,"NNS"
119209,"IN"
119210,"DT"
119211,"NN"
119212,"VBD"
119213,"VBN"
119214,"IN"
119215,"DT"
119216,"NN"
119217,"POS"
119218,"NN"
119219,"NN"
119220,"IN"
119221,"RB"
119222,"DT"
119223,"NN"
119224,","
119225,"NNS"
119226,"VBD"
119227,"."
119228,"IN"
119229,"VBG"
119230,"JJ"
119231,"NNS"
119232,"NN"
119233,","
119234,"DT"
119235,"NN"
119236,"VBD"
119237,"RB"
119238,"RB"
119239,"IN"
119240,"DT"
119241,"NN"
119242,"VBP"
119243,"NN"
119244,"IN"
119245,"DT"
119246,"NN"
119247,"VBZ"
119248,"VBN"
119249,"PRP"
119250,"MD"
119251,"VB"
119252,"JJ"
119253,"IN"
119254,"VBG"
119255,"RP"
119256,"PRP$"
119257,"NNS"
119258,"IN"
119259,"DT"
119260,"NNP"
119261,"CD"
119262,"NN"
119263,"."
119264,"DT"
119265,"JJ"
119266,"NN"
119267,"NNS"
119268,"VBN"
119269,"IN"
119270,"DT"
119271,"NNP"
119272,"NNP"
119273,"CC"
119274,"DT"
119275,"NNP"
119276,"NNP"
119277,"NNP"
119278,"TO"
119279,"VB"
119280,"JJ"
119281,"VBZ"
119282,"IN"
119283,"NN"
119284,"CC"
119285,"NNS"
119286,"NNS"
119287,"VBD"
119288,"RB"
119289,"VBN"
119290,"NN"
119291,"IN"
119292,"DT"
119293,"NNS"
119294,"VBD"
119295,"JJR"
119296,"IN"
119297,"JJS"
119298,"IN"
119299,"DT"
119300,"NN"
119301,"."
119302,"IN"
119303,"NNS"
119304,"POS"
119305,"NNS"
119306,","
119307,"NNP"
119308,"NNP"
119309,"VBD"
119310,"DT"
119311,"NN"
119312,"IN"
119313,"DT"
119314,"NNP"
119315,"NNS"
119316,"NN"
119317,"VBD"
119318,"RB"
119319,"VBN"
119320,"IN"
119321,"NNP"
119322,"POS"
119323,"NN"
119324,"TO"
119325,"VB"
119326,"DT"
119327,"JJ"
119328,"NN"
119329,"."
119330,"IN"
119331,"JJR"
119332,"NN"
119333,","
119334,"DT"
119335,"NNP"
119336,"NNP"
119337,"NN"
119338,"VBD"
119339,","
119340,"VBD"
119341,"DT"
119342,"``"
119343,"JJ"
119344,"NN"
119345,"NN"
119346,"''"
119347,"IN"
119348,"DT"
119349,"NN"
119350,","
119351,"WDT"
119352,"VBD"
119353,"DT"
119354,"JJ"
119355,"NN"
119356,"IN"
119357,"``"
119358,"VBN"
119359,"NN"
119360,"RP"
119361,"TO"
119362,"DT"
119363,"NN"
119364,"."
119365,"O"
119366,"NNP"
119367,"NNP"
119368,"VBD"
119369,"IN"
119370,"NNP"
119371,"IN"
119372,"NNP"
119373,"NNP"
119374,"NNP"
119375,"NNS"
119376,","
119377,"VBN"
119378,"IN"
119379,"DT"
119380,"NN"
119381,"NN"
119382,"NN"
119383,","
119384,"VBP"
119385,"VBG"
119386,"TO"
119387,"VB"
119388,"DT"
119389,"JJ"
119390,"NN"
119391,"NNS"
119392,"."
119393,"DT"
119394,"JJ"
119395,"NNP"
119396,","
119397,"WDT"
119398,"VBZ"
119399,"NN"
119400,"NNS"
119401,","
119402,"VBZ"
119403,"NN"
119404,"NN"
119405,"IN"
119406,"JJ"
119407,"NNS"
119408,"VBD"
119409,"CD"
119410,"NN"
119411,"IN"
119412,"DT"
119413,"JJ"
119414,"NN"
119415,","
119416,"IN"
119417,"DT"
119418,"JJ"
119419,"NN"
119420,"NN"
119421,"NN"
119422,"VBD"
119423,"RB"
119424,"CD"
119425,"NN"
119426,"."
119427,"JJ"
119428,"NN"
119429,"VBZ"
119430,"RB"
119431,"RB"
119432,"IN"
119433,"IN"
119434,"JJR"
119435,"NN"
119436,"IN"
119437,"JJ"
119438,"NN"
119439,"NN"
119440,","
119441,"JJ"
119442,"NN"
119443,"CC"
119444,"JJ"
119445,"NN"
119446,"NN"
119447,","
119448,"VBZ"
119449,"DT"
119450,"NN"
119451,"IN"
119452,"DT"
119453,"NN"
119454,","
119455,"DT"
119456,"NN"
119457,"IN"
119458,"NNP"
119459,"NNP"
119460,","
119461,"DT"
119462,"NN"
119463,"NN"
119464,"NN"
119465,"IN"
119466,"NNP"
119467,"NNP"
119468,","
119469,"NNP"
119470,"."
119471,"DT"
119472,"NN"
119473,"IN"
119474,"JJ"
119475,"NNS"
119476,"VBZ"
119477,"DT"
119478,"JJS"
119479,"IN"
119480,"DT"
119481,"NN"
119482,"IN"
119483,"NNS"
119484,"."
119485,"NNP"
119486,"POS"
119487,"NNP"
119488,"NNP"
119489,"NNP"
119490,"CC"
119491,"NNP"
119492,"POS"
119493,"NNP"
119494,"NNP"
119495,"NNP"
119496,"NNP"
119497,","
119498,"WDT"
119499,"VBP"
119500,"VBN"
119501,","
119502,"VBP"
119503,"RB"
119504,"VBN"
119505,"IN"
119506,"JJ"
119507,"NN"
119508,"NNS"
119509,"."
119510,"JJ"
119511,"NNS"
119512,"RB"
119513,"VBP"
119514,"VBG"
119515,"JJR"
119516,"NN"
119517,"IN"
119518,"NNP"
119519,"POS"
119520,"NNP"
119521,","
119522,"WDT"
119523,"VBD"
119524,"PRP$"
119525,"JJ"
119526,"NN"
119527,"DT"
119528,"NN"
119529,"CC"
119530,"RB"
119531,"VBD"
119532,"DT"
119533,"NN"
119534,"IN"
119535,"JJ"
119536,"NNS"
119537,"IN"
119538,"NNP"
119539,"."
119540,"JJ"
119541,"NN"
119542,"IN"
119543,"NNP"
119544,"NNP"
119545,"NNP"
119546,","
119547,"DT"
119548,"NN"
119549,"IN"
119550,"NNP"
119551,"NNP"
119552,","
119553,"VBZ"
119554,"VBN"
119555,"RB"
119556,"IN"
119557,"JJ"
119558,"NN"
119559,"CC"
119560,"JJ"
119561,"JJ"
119562,"NNS"
119563,"IN"
119564,"DT"
119565,"NN"
119566,"NN"
119567,"."
119568,"CC"
119569,"DT"
119570,"NN"
119571,"VBZ"
119572,"VBG"
119573,"NNS"
119574,"WDT"
119575,"VBP"
119576,"RB"
119577,"JJ"
119578,","
119579,"JJ"
119580,"IN"
119581,"``"
119582,"JJ"
119583,"''"
119584,"NN"
119585,","
119586,"TO"
119587,"VB"
119588,"TO"
119589,"VB"
119590,"JJ"
119591,"NNS"
119592,"."
119593,"NNP"
119594,"NNP"
119595,"NNP"
119596,"RB"
119597,"VBZ"
119598,"VBG"
119599,"NN"
119600,"IN"
119601,"NNP"
119602,","
119603,"WDT"
119604,"MD"
119605,"VB"
119606,"DT"
119607,"NN"
119608,"IN"
119609,"JJ"
119610,"NNS"
119611,"."
119612,"CC"
119613,"DT"
119614,"JJ"
119615,"NN"
119616,"NNS"
119617,"VBP"
119618,"NNS"
119619,"IN"
119620,"VBG"
119621,"JJ"
119622,"JJ"
119623,"CC"
119624,"JJ"
119625,"MD"
119626,"VB"
119627,"VBN"
119628,"RB"
119629,"."
119630,"DT"
119631,"NNP"
119632,"NNP"
119633,"NNP"
119634,"NN"
119635,","
119636,"RB"
119637,","
119638,"VBD"
119639,"DT"
119640,"NN"
119641,"IN"
119642,"DT"
119643,"NN"
119644,"NN"
119645,"VBD"
119646,"NNS"
119647,"IN"
119648,"DT"
119649,"NNS"
119650,"WRB"
119651,"NN"
119652,"VBZ"
119653,"VBN"
119654,"VBN"
119655,"."
119656,"PRP"
119657,"VBZ"
119658,"DT"
119659,"NN"
119660,"VBZ"
119661,"VBG"
119662,"IN"
119663,"NNP"
119664,","
119665,"NNP"
119666,","
119667,"NNP"
119668,","
119669,"CC"
119670,"DT"
119671,"JJ"
119672,"JJ"
119673,"NNS"
119674,"."
119675,"DT"
119676,"NN"
119677,"NN"
119678,"VBZ"
119679,"VBG"
119680,"IN"
119681,"NNS"
119682,"IN"
119683,"NNP"
119684,"NNP"
119685,"NNP"
119686,"MD"
119687,"VB"
119688,"NNP"
119689,"CC"
119690,"NNP"
119691,"CC"
119692,"VB"
119693,"DT"
119694,"JJ"
119695,"NN"
119696,"NN"
119697,"."
119698,"CC"
119699,"DT"
119700,"NN"
119701,"VBZ"
119702,"TO"
119703,"VB"
119704,"."
119705,"NNP"
119706,"NNP"
119707,","
119708,"DT"
119709,"NNP"
119710,"NNP"
119711,"NN"
119712,","
119713,"VBZ"
119714,"NNP"
119715,"NNP"
119716,"NNP"
119717,"MD"
119718,"VB"
119719,"DT"
119720,"CD"
119721,"NN"
119722,"NN"
119723,"IN"
119724,"CD"
119725,"NN"
119726,"NN"
119727,"."
119728,"``"
119729,"PRP"
119730,"VBP"
119731,"VBN"
119732,"JJ"
119733,","
119734,"''"
119735,"PRP"
119736,"VBZ"
119737,","
119738,"``"
119739,"CC"
119740,"PRP"
119741,"MD"
119742,"VB"
119743,"TO"
119744,"VB"
119745,"RBR"
119746,"JJ"
119747,"."
119748,"''"
119749,"JJ"
119750,"NNS"
119751,"VBP"
119752,"JJ"
119753,"NNS"
119754,"JJ"
119755,"PRP"
119756,"VBG"
119757,"."
119758,"NNP"
119759,"NN"
119760,"NNP"
119761,"NNP"
119762,"VBZ"
119763,"VBG"
119764,"DT"
119765,"JJ"
119766,"NN"
119767,"TO"
119768,"NNS"
119769,"WP"
119770,"VBP"
119771,"NN"
119772,"RB"
119773,"FW"
119774,"JJ"
119775,"NNS"
119776,"."
119777,"PRP$"
119778,"NN"
119779,":"
119780,"JJ"
119781,"NN"
119782,"NNS"
119783,"IN"
119784,"NN"
119785,"JJ"
119786,"NNS"
119787,"."
119788,"DT"
119789,"JJ"
119790,"NN"
119791,"IN"
119792,"DT"
119793,"NN"
119794,"VBZ"
119795,"DT"
119796,"JJ"
119797,"NN"
119798,"IN"
119799,"DT"
119800,"NN"
119801,"IN"
119802,"DT"
119803,"NN"
119804,"."
119805,"DT"
119806,"NNS"
119807,"VBP"
119808,"DT"
119809,"NNP"
119810,"NNP"
119811,","
119812,"DT"
119813,"JJ"
119814,"NN"
119815,"IN"
119816,"NN"
119817,"NNS"
119818,"VBN"
119819,"IN"
119820,"NNP"
119821,"NNP"
119822,"CC"
119823,"VBN"
119824,"IN"
119825,"NN"
119826,"NNS"
119827,"IN"
119828,"JJ"
119829,"JJ"
119830,"NNS"
119831,"."
119832,"NNP"
119833,"NNS"
119834,"VBP"
119835,"NNP"
119836,"NNP"
119837,"NNP"
119838,"NNP"
119839,"NNP"
119840,","
119841,"DT"
119842,"NNP"
119843,","
119844,"NNP"
119845,","
119846,"JJ"
119847,"NN"
119848,"."
119849,"PRP$"
119850,"NN"
119851,"NN"
119852,"VBZ"
119853,"JJ"
119854,"NNS"
119855,"IN"
119856,"``"
119857,"NNS"
119858,":"
119859,"VBG"
119860,"JJ"
119861,"IN"
119862,"NNP"
119863,"NNP"
119864,"''"
119865,"CC"
119866,"``"
119867,"VBG"
119868,"DT"
119869,"NN"
119870,"TO"
119871,"NNP"
119872,"."
119873,"''"
119874,"DT"
119875,"RBR"
119876,"VB"
119877,","
119878,"VBZ"
119879,"NNP"
119880,"NNP"
119881,","
119882,"DT"
119883,"NN"
119884,"POS"
119885,"NN"
119886,","
119887,"MD"
119888,"``"
119889,"VB"
119890,"IN"
119891,"DT"
119892,"NN"
119893,"."
119894,"''"
119895,"NNS"
119896,"VBP"
119897,"VBN"
119898,"RB"
119899,"TO"
119900,"VB"
119901,"DT"
119902,"NNS"
119903,"TO"
119904,"VB"
119905,"NNS"
119906,","
119907,"CC"
119908,"NNP"
119909,"NNP"
119910,"NNP"
119911,"VBZ"
119912,"VBG"
119913,"DT"
119914,"NN"
119915,"TO"
119916,"VB"
119917,"NN"
119918,"NNS"
119919,"TO"
119920,"NNS"
119921,"."
119922,"CC"
119923,"JJ"
119924,"NNS"
119925,"MD"
119926,"VB"
119927,"RB"
119928,"JJ"
119929,"."
119930,"``"
119931,"EX"
119932,"VBZ"
119933,"RB"
119934,"DT"
119935,"NN"
119936,"IN"
119937,"JJ"
119938,"NNS"
119939,","
119940,"''"
119941,"VBZ"
119942,"NNP"
119943,"NNP"
119944,","
119945,"NN"
119946,"IN"
119947,"NNP"
119948,"NNP"
119949,"NNP"
119950,","
119951,"WDT"
119952,"VBD"
119953,"JJ"
119954,"NN"
119955,"NNS"
119956,"IN"
119957,"NNP"
119958,"NNP"
119959,"NNP"
119960,"."
119961,"``"
119962,"PRP"
119963,"VBZ"
119964,"DT"
119965,"NN"
119966,"IN"
119967,"WRB"
119968,"JJ"
119969,"NN"
119970,"PRP"
119971,"VBP"
119972,"IN"
119973,"DT"
119974,"JJ"
119975,"NN"
119976,"IN"
119977,"NN"
119978,"."
119979,"''"
119980,"NNP"
119981,"NNP"
119982,"NNP"
119983,"IN"
119984,"NNP"
119985,"NNP"
119986,"NNP"
119987,"VBZ"
119988,"DT"
119989,"NN"
119990,"WDT"
119991,"VBZ"
119992,"VBG"
119993,"JJ"
119994,"IN"
119995,"DT"
119996,"NN"
119997,"IN"
119998,"RB"
119999,"JJ"
120000,"NN"
120001,"CC"
120002,"NNS"
120003,"."
120004,"NNP"
120005,"NNP"
120006,"NNPS"
120007,"NNP"
120008,","
120009,"DT"
120010,"NN"
120011,"NN"
120012,"VBN"
120013,"IN"
120014,"NNP"
120015,"NNP"
120016,","
120017,"VBZ"
120018,"TO"
120019,"VB"
120020,"NN"
120021,"NNS"
120022,"CC"
120023,"VB"
120024,"NNS"
120025,"VBG"
120026,"NNS"
120027,"VBD"
120028,"JJ"
120029,"IN"
120030,"DT"
120031,"NN"
120032,"."
120033,"DT"
120034,"NNS"
120035,"MD"
120036,"VB"
120037,"VBN"
120038,"IN"
120039,"NN"
120040,"IN"
120041,"DT"
120042,"NNP"
120043,"NNP"
120044,"NNP"
120045,"NNP"
120046,"NNP"
120047,"NNP"
120048,"MD"
120049,"VB"
120050,"NNS"
120051,"IN"
120052,"NNP"
120053,"POS"
120054,"NNP"
120055,"NNP"
120056,"CC"
120057,"JJ"
120058,"JJ"
120059,"NNS"
120060,"."
120061,"CC"
120062,"DT"
120063,"NN"
120064,"VBZ"
120065,"RB"
120066,"VBG"
120067,"DT"
120068,"NNS"
120069,"IN"
120070,"JJ"
120071,"NNS"
120072,"."
120073,"IN"
120074,"NN"
120075,","
120076,"PRP"
120077,"VBZ"
120078,"VBN"
120079,"PRP$"
120080,"NN"
120081,"CC"
120082,"VBZ"
120083,"VBN"
120084,"IN"
120085,"PRP$"
120086,"RB"
120087,"JJ"
120088,"NN"
120089,"."
120090,"DT"
120091,"VBZ"
120092,"RB"
120093,"NNP"
120094,"NNP"
120095,"CC"
120096,"NNP"
120097,"NNP"
120098,","
120099,"NN"
120100,"IN"
120101,"NNP"
120102,"NNP"
120103,"NN"
120104,"."
120105,"DT"
120106,"NN"
120107,"NN"
120108,"VBD"
120109,"DT"
120110,"NN"
120111,"IN"
120112,"DT"
120113,"NN"
120114,","
120115,"VBG"
120116,"DT"
120117,"NN"
120118,"VBZ"
120119,"JJ"
120120,"IN"
120121,"DT"
120122,"JJ"
120123,"NN"
120124,"NNS"
120125,"."
120126,"IN"
120127,"NN"
120128,","
120129,"NNP"
120130,"NNP"
120131,"VBZ"
120132,"IN"
120133,"PRP$"
120134,"JJ"
120135,"NN"
120136,"VBZ"
120137,"VB"
120138,"NNP"
120139,"NNP"
120140,","
120141,"RB"
120142,"IN"
120143,"PRP"
120144,"VBZ"
120145,"RB"
120146,"VBN"
120147,"IN"
120148,"DT"
120149,"NN"
120150,"IN"
120151,"DT"
120152,"JJ"
120153,"NN"
120154,"."
120155,"NNP"
120156,"NNP"
120157,"NNP"
120158,","
120159,"NNP"
120160,"NNP"
120161,"POS"
120162,"JJ"
120163,"NN"
120164,"NN"
120165,","
120166,"VBD"
120167,"DT"
120168,"NN"
120169,"VBZ"
120170,"RB"
120171,"VBG"
120172,"PRP$"
120173,"NN"
120174,"NN"
120175,"TO"
120176,"VB"
120177,"JJ"
120178,"NNS"
120179,"."
120180,"``"
120181,"PRP$"
120182,"NN"
120183,"VBZ"
120184,"TO"
120185,"VB"
120186,"DT"
120187,"JJS"
120188,"NN"
120189,","
120190,"''"
120191,"PRP"
120192,"VBZ"
120193,"."
120194,"``"
120195,"CC"
120196,"PRP"
120197,"VBZ"
120198,"JJ"
120199,"IN"
120200,"PRP"
120201,"VB"
120202,"JJ"
120203,"."
120204,"''"
120205,"CC"
120206,"IN"
120207,"DT"
120208,"NN"
120209,","
120210,"NNS"
120211,"POS"
120212,"NNS"
120213,"VBP"
120214,"WP"
120215,"MD"
120216,"VB"
120217,"."
120218,"NNP"
120219,"NNP"
120220,"VBZ"
120221,"RB"
120222,"VB"
120223,"IN"
120224,"JJ"
120225,"NNS"
120226,","
120227,"WDT"
120228,"VBP"
120229,"RB"
120230,"JJ"
120231,"."
120232,"CC"
120233,"NNS"
120234,"VBP"
120235,"PRP"
120236,"."
120237,"VBZ"
120238,"NNP"
120239,"NNP"
120240,","
120241,"``"
120242,"PRP"
120243,"MD"
120244,"RB"
120245,"VB"
120246,"VBN"
120247,"TO"
120248,"VB"
120249,"NNS"
120250,"PRP"
120251,"MD"
120252,"RB"
120253,"RB"
120254,"VB"
120255,"IN"
120256,"."
120257,"''"
120258,"NNS"
120259,"CC"
120260,"NNPS"
120261,"FW"
120262,"VBZ"
120263,"VB"
120264,":"
120265,"IN"
120266,"JJS"
120267,"IN"
120268,"DT"
120269,"NN"
120270,"NN"
120271,"."
120272,"DT"
120273,"NN"
120274,"IN"
120275,"NNP"
120276,"POS"
120277,"NNP"
120278,"NNP"
120279,"NNP"
120280,"VBZ"
120281,"NN"
120282,"NNS"
120283,"VBD"
120284,"CD"
120285,"NN"
120286,"WRB"
120287,"NNS"
120288,"VBD"
120289,"RB"
120290,"VBN"
120291,"IN"
120292,"NNS"
120293,"RB"
120294,"IN"
120295,"VBN"
120296,"IN"
120297,"DT"
120298,"NN"
120299,"NN"
120300,":"
120301,"."
120302,"WDT"
120303,"NN"
120304,"NNS"
120305,"VBP"
120306,"RBS"
120307,"JJ"
120308,"."
120309,"IN"
120310,"DT"
120311,"JJ"
120312,"NN"
120313,"IN"
120314,"DT"
120315,"NN"
120316,","
120317,"NNS"
120318,"VBD"
120319,"NNP"
120320,"NNP"
120321,"JJ"
120322,"CC"
120323,"NNP"
120324,"NNP"
120325,"JJ"
120326,"IN"
120327,"NN"
120328,"IN"
120329,"NNS"
120330,"IN"
120331,"NN"
120332,"NNS"
120333,","
120334,"VBG"
120335,"TO"
120336,"NNP"
120337,"NNP"
120338,"NNS"
120339,","
120340,"NNP"
120341,"NNP"
120342,"."
120343,"NNP"
120344,"NNP"
120345,"NNP"
120346,"VBD"
120347,"NNP"
120348,"NNP"
120349,"IN"
120350,"JJ"
120351,"NN"
120352,":"
120353,"PRP"
120354,"VBD"
120355,"JJ"
120356,"IN"
120357,"DT"
120358,"JJ"
120359,"NN"
120360,"."
120361,"O"
120362,"NNP"
120363,"NNP"
120364,"NNP"
120365,"NNP"
120366,"NNP"
120367,"NNP"
120368,"NNP"
120369,"VBZ"
120370,"VBN"
120371,"NNP"
120372,"NNP"
120373,"TO"
120374,"VB"
120375,"DT"
120376,"JJ"
120377,"NN"
120378,"NN"
120379,","
120380,"NNP"
120381,"NN"
120382,"NNS"
120383,"VBD"
120384,"."
120385,"IN"
120386,"PRP"
120387,"VBZ"
120388,"VBN"
120389,"IN"
120390,"NNP"
120391,"NNP"
120392,"NNP"
120393,"VBD"
120394,"IN"
120395,"DT"
120396,"NNP"
120397,","
120398,"NNP"
120399,"NNP"
120400,"MD"
120401,"VB"
120402,"NNP"
120403,"NNP"
120404,"NN"
120405,","
120406,"WP"
120407,"JJ"
120408,"NNS"
120409,"CC"
120410,"NNS"
120411,"RB"
120412,"IN"
120413,"PRP$"
120414,"JJ"
120415,"NNS"
120416,"IN"
120417,"DT"
120418,"NN"
120419,"IN"
120420,"NN"
120421,"NNS"
120422,"."
120423,"NNP"
120424,"NNP"
120425,","
120426,"DT"
120427,"NN"
120428,"IN"
120429,"JJ"
120430,"NN"
120431,"NNS"
120432,","
120433,"VBZ"
120434,"JJ"
120435,"NN"
120436,"IN"
120437,"DT"
120438,"NNP"
120439,"NNP"
120440,"IN"
120441,"NNP"
120442,"NNP"
120443,"CC"
120444,"NNP"
120445,"NNP"
120446,"."
120447,"PRP"
120448,"VBZ"
120449,"RB"
120450,"VBN"
120451,"IN"
120452,"JJ"
120453,"NN"
120454,"NNS"
120455,"IN"
120456,"VBN"
120457,"JJ"
120458,"NN"
120459,"NN"
120460,"."
120461,"NNP"
120462,"NNP"
120463,"POS"
120464,"NN"
120465,"VBD"
120466,"PRP"
120467,"MD"
120468,"RB"
120469,"VB"
120470,"IN"
120471,"NNS"
120472,","
120473,"CC"
120474,"PRP"
120475,"VBD"
120476,"TO"
120477,"VB"
120478,"DT"
120479,"NN"
120480,"IN"
120481,"NNP"
120482,"."
120483,"DT"
120484,"NN"
120485,"NN"
120486,"CC"
120487,"NNP"
120488,","
120489,"WDT"
120490,"RB"
120491,"VBD"
120492,"PRP$"
120493,"NN"
120494,"IN"
120495,"NNP"
120496,"NNP"
120497,","
120498,"VBD"
120499,"PRP"
120500,"VBZ"
120501,"CD"
120502,"NNS"
120503,"JJ"
120504,"CC"
120505,"PRP"
120506,"VBD"
120507,"IN"
120508,"DT"
120509,"NN"
120510,"IN"
120511,"NNP"
120512,"NNP"
120513,"NNP"
120514,"IN"
120515,"NNP"
120516,"."
120517,"O"
120518,"DT"
120519,"JJ"
120520,"NN"
120521,"IN"
120522,"NNP"
120523,"NNS"
120524,"VBZ"
120525,"DT"
120526,"JJ"
120527,"JJ"
120528,"NN"
120529,"IN"
120530,"JJ"
120531,"NNS"
120532,"."
120533,"RB"
120534,","
120535,"NNS"
120536,"JJ"
120537,"IN"
120538,"DT"
120539,"NNP"
120540,"NNP"
120541,"IN"
120542,"NNP"
120543,"NNP"
120544,"("
120545,"NNP"
120546,")"
120547,"VBP"
120548,"TO"
120549,"VB"
120550,"NNP"
120551,"NNP"
120552,"IN"
120553,"RBR"
120554,"JJS"
120555,"NN"
120556,"."
120557,"NNP"
120558,"NNP"
120559,","
120560,"NN"
120561,"NN"
120562,"NN"
120563,"NN"
120564,","
120565,"VBZ"
120566,"IN"
120567,"DT"
120568,"NNP"
120569,"VBZ"
120570,"DT"
120571,"JJ"
120572,"NN"
120573,"NN"
120574,":"
120575,"VBN"
120576,"NN"
120577,"IN"
120578,"NNS"
120579,"IN"
120580,"JJ"
120581,"NNS"
120582,","
120583,"VBN"
120584,"NN"
120585,","
120586,"CC"
120587,"JJR"
120588,"NN"
120589,"NN"
120590,"NNS"
120591,":"
120592,"WDT"
120593,"MD"
120594,"VB"
120595,"``"
120596,"RB"
120597,"JJ"
120598,"''"
120599,"TO"
120600,"VB"
120601,"``"
120602,"IN"
120603,"VBN"
120604,"JJ"
120605,"NNS"
120606,"."
120607,"''"
120608,"EX"
120609,"POS"
120610,"NN"
120611,"JJ"
120612,"IN"
120613,"NN"
120614,"NNS"
120615,"VBG"
120616,"IN"
120617,"JJR"
120618,"NN"
120619,"NN"
120620,"."
120621,"CC"
120622,"DT"
120623,"NN"
120624,"VBD"
120625,"VBN"
120626,"IN"
120627,"NNP"
120628,"IN"
120629,"IN"
120630,"DT"
120631,"NN"
120632,"WDT"
120633,"VBD"
120634,"PRP$"
120635,"NN"
120636,"VBG"
120637,"DT"
120638,"NNP"
120639,"NN"
120640,"NN"
120641,"TO"
120642,"VB"
120643,"IN"
120644,"DT"
120645,"NN"
120646,"NN"
120647,"NN"
120648,"."
120649,"IN"
120650,"DT"
120651,"NNS"
120652,"DT"
120653,"NN"
120654,"VBZ"
120655,"VBN"
120656,"DT"
120657,"JJ"
120658,"NN"
120659,"IN"
120660,"DT"
120661,"NN"
120662,"POS"
120663,"NN"
120664,","
120665,"VBG"
120666,"IN"
120667,"JJ"
120668,"NNS"
120669,"IN"
120670,"DT"
120671,"JJ"
120672,"NN"
120673,"."
120674,"CC"
120675,"IN"
120676,"NNS"
120677,"RB"
120678,"TO"
120679,","
120680,"FW"
120681,","
120682,"NN"
120683,":"
120684,"``"
120685,"DT"
120686,"NNP"
120687,"NN"
120688,"VBZ"
120689,"VBN"
120690,"IN"
120691,"JJR"
120692,"IN"
120693,"CD"
120694,"NN"
120695,"IN"
120696,"CD"
120697,","
120698,"''"
120699,"VBZ"
120700,"NNP"
120701,"NNP"
120702,"."
120703,"``"
120704,"PRP"
120705,"VBP"
120706,"VBN"
120707,"RBR"
120708,"IN"
120709,"PRP$"
120710,"JJ"
120711,"NN"
120712,"."
120713,"PRP"
120714,"MD"
120715,"RB"
120716,"VB"
120717,"DT"
120718,"NN"
120719,"IN"
120720,"JJ"
120721,"NNS"
120722,"VBD"
120723,"VBN"
120724,"DT"
120725,"JJ"
120726,"NN"
120727,"."
120728,"''"
120729,"CC"
120730,"NNP"
120731,"NN"
120732,"IN"
120733,"NNS"
120734,"VBZ"
120735,"RB"
120736,"VBN"
120737,"TO"
120738,"DT"
120739,"JJ"
120740,"NN"
120741,"NN"
120742,":"
120743,"IN"
120744,"DT"
120745,"NNS"
120746,"DT"
120747,"CD"
120748,"VBZ"
120749,"VBN"
120750,"DT"
120751,"NN"
120752,"IN"
120753,"JJ"
120754,"NNS"
120755,"."
120756,"PRP"
120757,"RB"
120758,"VBD"
120759,"IN"
120760,"DT"
120761,"JJ"
120762,"NN"
120763,"NN"
120764,"NN"
120765,"NN"
120766,"IN"
120767,"DT"
120768,"JJ"
120769,"NN"
120770,"CC"
120771,"VBZ"
120772,"RB"
120773,"JJ"
120774,"NN"
120775,"NN"
120776,"NNS"
120777,"."
120778,"RB"
120779,","
120780,"VBZ"
120781,"NNP"
120782,"NNP"
120783,"NN"
120784,","
120785,"DT"
120786,"NN"
120787,"VBZ"
120788,"JJ"
120789,"TO"
120790,"JJ"
120791,"NN"
120792,"IN"
120793,"NNS"
120794,"IN"
120795,"VB"
120796,"IN"
120797,"JJ"
120798,"NN"
120799,"."
120800,"DT"
120801,"NN"
120802,"VBZ"
120803,"VBG"
120804,"DT"
120805,"JJ"
120806,"CC"
120807,"JJ"
120808,"NN"
120809,","
120810,"WDT"
120811,"MD"
120812,"RB"
120813,"VB"
120814,"NN"
120815,"IN"
120816,"DT"
120817,"JJ"
120818,"NN"
120819,"IN"
120820,"JJR"
120821,"IN"
120822,"$"
120823,"CD"
120824,"CD"
120825,"RB"
120826,"."
120827,"PRP"
120828,"MD"
120829,"VB"
120830,"TO"
120831,"VB"
120832,"DT"
120833,"NN"
120834,"IN"
120835,"NNP"
120836,"NNP"
120837,"NNP"
120838,"NN"
120839,"NNS"
120840,"TO"
120841,"CD"
120842,"NN"
120843,"IN"
120844,"DT"
120845,"JJ"
120846,"NN"
120847,"IN"
120848,"DT"
120849,"JJ"
120850,"NN"
120851,","
120852,"RB"
120853,"IN"
120854,"VBG"
120855,"PRP"
120856,"TO"
120857,"$"
120858,"FW"
120859,":"
120860,"VB"
120861,"("
120862,"CC"
120863,"RB"
120864,"VB"
120865,")"
120866,"NNP"
120867,"FW"
120868,"NNS"
120869,"CC"
120870,"VB"
120871,"DT"
120872,"NN"
120873,"IN"
120874,"JJ"
120875,"NNS"
120876,":"
120877,"VB"
120878,"DT"
120879,"NNPS"
120880,"NNPS"
120881,"NNP"
120882,"NN"
120883,"NN"
120884,"NN"
120885,":"
120886,"VB"
120887,"``"
120888,"JJ"
120889,"''"
120890,"NN"
120891,"IN"
120892,"DT"
120893,"NNP"
120894,"NNP"
120895,"NNP"
120896,"("
120897,"NNP"
120898,")"
120899,":"
120900,"VB"
120901,"JJ"
120902,"NN"
120903,"CC"
120904,"NN"
120905,"NNS"
120906,"IN"
120907,"DT"
120908,"NN"
120909,"IN"
120910,"JJ"
120911,"CC"
120912,"JJ"
120913,"NN"
120914,","
120915,"VBG"
120916,"$"
120917,"CD"
120918,"CD"
120919,"IN"
120920,"NN"
120921,"NNS"
120922,"TO"
120923,"NNS"
120924,"CC"
120925,"NNS"
120926,":"
120927,"CC"
120928,"``"
120929,"RB"
120930,"NN"
120931,"''"
120932,"DT"
120933,"NNP"
120934,"NNP"
120935,","
120936,"DT"
120937,"$"
120938,"CD"
120939,"CD"
120940,"NN"
120941,"IN"
120942,"DT"
120943,"NN"
120944,"."
120945,"JJ"
120946,"JJ"
120947,"NNS"
120948,"IN"
120949,"NN"
120950,"NN"
120951,"VBP"
120952,"VBN"
120953,"RB"
120954,"JJ"
120955,"IN"
120956,"DT"
120957,"NN"
120958,","
120959,"CC"
120960,"RB"
120961,"VBP"
120962,"VBN"
120963,"TO"
120964,"DT"
120965,"NN"
120966,"IN"
120967,"JJ"
120968,"NNS"
120969,"CC"
120970,"NNS"
120971,","
120972,"RB"
120973,"VBN"
120974,"IN"
120975,"DT"
120976,"JJ"
120977,"NNP"
120978,"NN"
120979,","
120980,"CC"
120981,"NNS"
120982,"."
120983,"JJ"
120984,"NNS"
120985,","
120986,"IN"
120987,"DT"
120988,"NNP"
120989,","
120990,"IN"
120991,"NN"
120992,","
120993,"VBP"
120994,"RB"
120995,"RBR"
120996,"."
120997,"NNP"
120998,"NNP"
120999,"NNP"
121000,"VBZ"
121001,"VBG"
121002,"NNP"
121003,"NN"
121004,"MD"
121005,"VB"
121006,"IN"
121007,"``"
121008,"DT"
121009,"NN"
121010,"TO"
121011,"DT"
121012,"NN"
121013,","
121014,"''"
121015,"DT"
121016,"JJ"
121017,"NN"
121018,"IN"
121019,"NNS"
121020,"IN"
121021,"JJ"
121022,"NNS"
121023,"IN"
121024,"DT"
121025,"NN"
121026,"NN"
121027,"IN"
121028,"JJ"
121029,"NNS"
121030,"IN"
121031,"NN"
121032,"("
121033,"PDT"
121034,"IN"
121035,"JJ"
121036,")"
121037,"TO"
121038,"DT"
121039,"JJ"
121040,"NN"
121041,"NN"
121042,"MD"
121043,"VB"
121044,"IN"
121045,"DT"
121046,"JJ"
121047,"NN"
121048,"."
121049,"RBR"
121050,"JJ"
121051,","
121052,"NN"
121053,"NNS"
121054,"VBN"
121055,"IN"
121056,"NNP"
121057,","
121058,"DT"
121059,"NN"
121060,","
121061,"CC"
121062,"NNP"
121063,"NNP"
121064,"NNP"
121065,"IN"
121066,"NNP"
121067,"NNP"
121068,"."
121069,"DT"
121070,"NNP"
121071,"RB"
121072,"VBD"
121073,"$"
121074,"CD"
121075,"CD"
121076,"IN"
121077,"JJ"
121078,"CD"
121079,":"
121080,"DT"
121081,"NN"
121082,"POS"
121083,"NN"
121084,"IN"
121085,"DT"
121086,"NN"
121087,","
121088,"RB"
121089,"PRP$"
121090,"NN"
121091,"NN"
121092,","
121093,"VBD"
121094,"TO"
121095,"IN"
121096,"$"
121097,"CD"
121098,"CD"
121099,"."
121100,"DT"
121101,"JJ"
121102,"NN"
121103,"VBZ"
121104,"VBN"
121105,"TO"
121106,"VB"
121107,"IN"
121108,"$"
121109,"CD"
121110,"CD"
121111,"IN"
121112,"DT"
121113,"JJ"
121114,"NN"
121115,"NN"
121116,"IN"
121117,"CD"
121118,"TO"
121119,"VB"
121120,"DT"
121121,"NN"
121122,"NN"
121123,"CC"
121124,"DT"
121125,"NN"
121126,"VBD"
121127,"DT"
121128,"JJ"
121129,"$"
121130,"CD"
121131,"CD"
121132,"IN"
121133,"DT"
121134,"JJ"
121135,"NN"
121136,"RB"
121137,"VBN"
121138,"."
121139,"NNP"
121140,"VBD"
121141,","
121142,"DT"
121143,"JJ"
121144,"NN"
121145,"RB"
121146,"VBZ"
121147,"JJR"
121148,"IN"
121149,"$"
121150,"CD"
121151,"CD"
121152,"IN"
121153,"NNS"
121154,"."
121155,"IN"
121156,"PRP$"
121157,"RB"
121158,"VBN"
121159,"NN"
121160,"``"
121161,"WRB"
121162,"MD"
121163,"PRP$"
121164,"NNS"
121165,"JJ"
121166,"."
121167,"''"
121168,"DT"
121169,"NN"
121170,"VBZ"
121171,"VBP"
121172,"WDT"
121173,"``"
121174,"IN"
121175,"NN"
121176,","
121177,"DT"
121178,"JJ"
121179,"NN"
121180,"IN"
121181,"NN"
121182,"NN"
121183,"MD"
121184,"RB"
121185,"VB"
121186,"VBN"
121187,"IN"
121188,"DT"
121189,"JJ"
121190,"NN"
121191,"."
121192,"''"
121193,"PRP"
121194,"VBZ"
121195,"TO"
121196,"DT"
121197,"JJ"
121198,"NN"
121199,"IN"
121200,"JJ"
121201,"NN"
121202,"NN"
121203,","
121204,"RB"
121205,"NN"
121206,"CC"
121207,"NN"
121208,"NNS"
121209,","
121210,"WDT"
121211,"VBZ"
121212,"DT"
121213,"NN"
121214,"IN"
121215,"NN"
121216,"NN"
121217,"IN"
121218,"DT"
121219,"NN"
121220,"IN"
121221,"NNP"
121222,"CC"
121223,"JJ"
121224,"NNS"
121225,"."
121226,"CC"
121227,"IN"
121228,"DT"
121229,"NN"
121230,"VBZ"
121231,"VBN"
121232,"NNS"
121233,"IN"
121234,"NNS"
121235,"CC"
121236,"NNS"
121237,"MD"
121238,"VB"
121239,"TO"
121240,"VB"
121241,"JJ"
121242,"NNS"
121243,","
121244,"DT"
121245,"NN"
121246,"VBZ"
121247,"VBN"
121248,"DT"
121249,"JJ"
121250,"JJ"
121251,"NN"
121252,":"
121253,"JJ"
121254,"TO"
121255,","
121256,"VBP"
121257,","
121258,"PRP$"
121259,"JJ"
121260,"NN"
121261,"IN"
121262,"JJ"
121263,"JJ"
121264,"NNS"
121265,":"
121266,"TO"
121267,"VB"
121268,"JJ"
121269,"NNS"
121270,"."
121271,"DT"
121272,"NN"
121273,","
121274,"DT"
121275,"NN"
121276,"IN"
121277,"WP$"
121278,"CD"
121279,"NNS"
121280,"VB"
121281,"JJR"
121282,"IN"
121283,"CD"
121284,"NNS"
121285,"DT"
121286,"NN"
121287,","
121288,"VBZ"
121289,"IN"
121290,"DT"
121291,"JJ"
121292,"NN"
121293,"NNS"
121294,"."
121295,"NNP"
121296,"NNP"
121297,"NNP"
121298,"IN"
121299,"DT"
121300,"NNP"
121301,"NNP"
121302,"NNP"
121303,":"
121304,"``"
121305,"PRP"
121306,"VBZ"
121307,"IN"
121308,"CD"
121309,"NNS"
121310,"."
121311,"DT"
121312,"NNS"
121313,"IN"
121314,"DT"
121315,"NNS"
121316,","
121317,"CC"
121318,"IN"
121319,"DT"
121320,"JJ"
121321,"NN"
121322,"PRP"
121323,"VBP"
121324,"TO"
121325,"VB"
121326,"JJ"
121327,"NNS"
121328,"IN"
121329,"NNS"
121330,"IN"
121331,"JJ"
121332,"NNS"
121333,","
121334,"JJ"
121335,"IN"
121336,"DT"
121337,"JJ"
121338,"NN"
121339,"."
121340,"''"
121341,"RB"
121342,","
121343,"DT"
121344,"NN"
121345,"POS"
121346,"NN"
121347,"IN"
121348,"NN"
121349,"VBZ"
121350,"TO"
121351,"VB"
121352,"PRP$"
121353,"NN"
121354,"TO"
121355,"JJ"
121356,"JJ"
121357,"NN"
121358,"."
121359,"CD"
121360,"NNS"
121361,"RB"
121362,"WRB"
121363,"DT"
121364,"FW"
121365,"VBN"
121366,"IN"
121367,"DT"
121368,"$"
121369,"CD"
121370,"CD"
121371,"NN"
121372,"NN"
121373,"NN"
121374,","
121375,"DT"
121376,"NN"
121377,"``"
121378,"RB"
121379,"VBD"
121380,"RP"
121381,"IN"
121382,"DT"
121383,"NNS"
121384,"POS"
121385,"NN"
121386,","
121387,"''"
121388,"VBZ"
121389,"NNP"
121390,"NNP"
121391,"."
121392,"IN"
121393,"NNP"
121394,"NNP"
121395,"IN"
121396,"DT"
121397,"NN"
121398,"VBZ"
121399,":"
121400,"``"
121401,"NN"
121402,"VBZ"
121403,"RB"
121404,"VBG"
121405,"TO"
121406,"VB"
121407,"DT"
121408,"NN"
121409,":"
121410,"."
121411,"DT"
121412,"JJ"
121413,"NN"
121414,"VBZ"
121415,"TO"
121416,"VB"
121417,"DT"
121418,"NN"
121419,"NN"
121420,"CC"
121421,"NN"
121422,"NNS"
121423,"RB"
121424,"."
121425,"''"
121426,"JJR"
121427,"NN"
121428,"IN"
121429,"NNP"
121430,"MD"
121431,"VB"
121432,"DT"
121433,"NN"
121434,"CC"
121435,"VB"
121436,"DT"
121437,"NN"
121438,":"
121439,"JJR"
121440,"NN"
121441,"TO"
121442,"NNS"
121443,"IN"
121444,"VBP"
121445,"VBG"
121446,"PRP$"
121447,"JJ"
121448,"NN"
121449,"NNS"
121450,"MD"
121451,"RB"
121452,"VB"
121453,"PRP"
121454,"IN"
121455,"DT"
121456,"JJ"
121457,"NNS"
121458,"IN"
121459,"PRP$"
121460,"NNS"
121461,"."
121462,"VBZ"
121463,"DT"
121464,"WP"
121465,"DT"
121466,"NN"
121467,"NNS"
121468,"VBP"
121469,"."
121470,"NNP"
121471,"NNP"
121472,"VBZ"
121473,"DT"
121474,"NNP"
121475,"NNP"
121476,"NN"
121477,"."
121478,"("
121479,"VB"
121480,"VBN"
121481,"NN"
121482,":"
121483,"``"
121484,"CC"
121485,"NNS"
121486,"TO"
121487,"VB"
121488,"NNS"
121489,"JJ"
121490,"VB"
121491,"''"
121492,":"
121493,"NNP"
121494,"NNP"
121495,"CD"
121496,","
121497,"CD"
121498,"."
121499,"O"
121500,"IN"
121501,"DT"
121502,"NN"
121503,"TO"
121504,"VB"
121505,"JJ"
121506,"NN"
121507,"TO"
121508,"JJ"
121509,"NN"
121510,"NNS"
121511,"IN"
121512,"DT"
121513,"JJ"
121514,"NN"
121515,","
121516,"NNP"
121517,"NN"
121518,"NNS"
121519,"VBP"
121520,"JJ"
121521,"TO"
121522,"VB"
121523,"TO"
121524,"VB"
121525,"DT"
121526,"NN"
121527,"IN"
121528,"VBG"
121529,"JJ"
121530,"NNS"
121531,"IN"
121532,"VBG"
121533,"DT"
121534,"NNP"
121535,"POS"
121536,"JJ"
121537,"NNP"
121538,"IN"
121539,"NNP"
121540,"."
121541,"VBG"
121542,"TO"
121543,"JJ"
121544,"NNS"
121545,"IN"
121546,"NNP"
121547,","
121548,"RBS"
121549,"NNP"
121550,"NNS"
121551,"VBP"
121552,"IN"
121553,"NNS"
121554,"MD"
121555,"VB"
121556,"IN"
121557,"DT"
121558,"JJ"
121559,"NN"
121560,"IN"
121561,"CD"
121562,","
121563,"CC"
121564,"MD"
121565,"VB"
121566,"DT"
121567,"NN"
121568,"IN"
121569,"DT"
121570,"IN"
121571,"DT"
121572,"NN"
121573,"NN"
121574,"IN"
121575,"NNP"
121576,","
121577,"NNP"
121578,","
121579,"IN"
121580,"NNP"
121581,"CD"
121582,"CC"
121583,"CD"
121584,"."
121585,"DT"
121586,"JJ"
121587,"JJ"
121588,"NN"
121589,"TO"
121590,"VBG"
121591,"DT"
121592,"NNP"
121593,"NN"
121594,"VBZ"
121595,"IN"
121596,"NNP"
121597,"NNP"
121598,"NNP"
121599,"NNP"
121600,"NNP"
121601,","
121602,"WP"
121603,"VBZ"
121604,"VBN"
121605,"TO"
121606,"VBG"
121607,"DT"
121608,"JJ"
121609,"NNP"
121610,"NN"
121611,"."
121612,"CC"
121613,"DT"
121614,"NN"
121615,"IN"
121616,"VBG"
121617,"DT"
121618,"JJ"
121619,"NN"
121620,"VBZ"
121621,"RB"
121622,"VB"
121623,"NN"
121624,"."
121625,"VBG"
121626,"DT"
121627,"NN"
121628,"TO"
121629,"VB"
121630,"NN"
121631,"NNS"
121632,"VBZ"
121633,"DT"
121634,"JJ"
121635,"NN"
121636,"IN"
121637,"PRP"
121638,","
121639,"CC"
121640,"MD"
121641,"VB"
121642,"VBN"
121643,"IN"
121644,"DT"
121645,"JJ"
121646,"JJ"
121647,"NN"
121648,"."
121649,"NNP"
121650,"NNP"
121651,"NNP"
121652,"NNP"
121653,"VBD"
121654,"TO"
121655,"VB"
121656,"DT"
121657,"NN"
121658,"IN"
121659,"DT"
121660,"NN"
121661,"IN"
121662,"DT"
121663,"NNP"
121664,"NN"
121665,"IN"
121666,"JJ"
121667,"JJ"
121668,"NNP"
121669,","
121670,"CC"
121671,"DT"
121672,"NN"
121673,"VBD"
121674,"VBN"
121675,"IN"
121676,"IN"
121677,"NN"
121678,"IN"
121679,"NNP"
121680,"NNP"
121681,"CC"
121682,"NNP"
121683,"NNP"
121684,"NNP"
121685,"NNP"
121686,"NNP"
121687,"."
121688,"JJ"
121689,"NNS"
121690,"VBD"
121691,"NNP"
121692,"NNP"
121693,"MD"
121694,"RB"
121695,"VB"
121696,"TO"
121697,"VB"
121698,"DT"
121699,"NN"
121700,"IN"
121701,"DT"
121702,"NN"
121703,"TO"
121704,"VB"
121705,"PRP"
121706,"JJ"
121707,"IN"
121708,"NNP"
121709,"NNP"
121710,"VBZ"
121711,"RB"
121712,"VBN"
121713,"TO"
121714,"NNP"
121715,"NN"
121716,"."
121717,"O"
121718,"DT"
121719,"JJS"
121720,"FW"
121721,"IN"
121722,"DT"
121723,"NNS"
121724,"NNS"
121725,"VBZ"
121726,"PRP"
121727,"IN"
121728,"DT"
121729,"NN"
121730,"NNP"
121731,"NNP"
121732,"NNP"
121733,"VBZ"
121734,"IN"
121735,"DT"
121736,"NN"
121737,"WP"
121738,"VBD"
121739,"VBN"
121740,"IN"
121741,"IN"
121742,"DT"
121743,"NN"
121744,"."
121745,"WRB"
121746,"VBD"
121747,"``"
121748,"WP"
121749,"VBD"
121750,"JJ"
121751,"."
121752,"''"
121753,"DT"
121754,"JJ"
121755,"NN"
121756,"VBD"
121757,","
121758,"``"
121759,"PRP"
121760,"VBD"
121761,"DT"
121762,"NN"
121763,"IN"
121764,"NNS"
121765,"."
121766,"''"
121767,"CC"
121768,"IN"
121769,"PRP"
121770,"VBD"
121771,"IN"
121772,"NNP"
121773,"NNP"
121774,"."
121775,"DT"
121776,"JJ"
121777,"NN"
121778,"IN"
121779,"DT"
121780,"NN"
121781,"MD"
121782,"VB"
121783,"TO"
121784,"VB"
121785,"VBN"
121786,"JJ"
121787,"NN"
121788,"."
121789,"RB"
121790,"IN"
121791,"DT"
121792,"VBZ"
121793,"RB"
121794,","
121795,"RB"
121796,","
121797,"PRP"
121798,"VBZ"
121799,"RB"
121800,"DT"
121801,"NN"
121802,"IN"
121803,"DT"
121804,"NNS"
121805,"MD"
121806,"VB"
121807,"VBN"
121808,"JJ"
121809,"TO"
121810,"VB"
121811,"DT"
121812,"NN"
121813,"IN"
121814,"DT"
121815,"NN"
121816,"IN"
121817,"DT"
121818,"NN"
121819,"("
121820,"LS"
121821,")"
121822,"."
121823,"DT"
121824,"NNS"
121825,"VBD"
121826,"NNP"
121827,"NN"
121828,"WRB"
121829,"NN"
121830,"NN"
121831,"WDT"
121832,"DT"
121833,"NNP"
121834,"NN"
121835,"VBD"
121836,"VBG"
121837,"."
121838,"IN"
121839,"DT"
121840,"NN"
121841,"VBZ"
121842,"TO"
121843,"NN"
121844,"RB"
121845,"DT"
121846,"NN"
121847,"NN"
121848,","
121849,"VBG"
121850,"IN"
121851,"JJR"
121852,"NN"
121853,","
121854,"DT"
121855,"NN"
121856,"TO"
121857,"VB"
121858,"NN"
121859,"IN"
121860,"JJ"
121861,"CC"
121862,"JJ"
121863,"NNS"
121864,"VBD"
121865,"DT"
121866,"NN"
121867,"NN"
121868,"IN"
121869,"NNS"
121870,"IN"
121871,"DT"
121872,"NN"
121873,"IN"
121874,"JJ"
121875,"NN"
121876,"NNS"
121877,"VBZ"
121878,"VBG"
121879,"."
121880,"NNS"
121881,"IN"
121882,"JJ"
121883,"NNS"
121884,"VBD"
121885,"RP"
121886,"DT"
121887,"NN"
121888,","
121889,"IN"
121890,"NN"
121891,":"
121892,"RB"
121893,"DT"
121894,"RB"
121895,"JJ"
121896,"NN"
121897,"IN"
121898,"NN"
121899,"NNS"
121900,","
121901,"VBG"
121902,"NNP"
121903,"NNP"
121904,"NNP"
121905,":"
121906,"CC"
121907,"DT"
121908,"NNP"
121909,"NN"
121910,"POS"
121911,"("
121912,"JJ"
121913,"."
121914,")"
121915,"NN"
121916,"IN"
121917,"VBG"
121918,"TO"
121919,"VB"
121920,"DT"
121921,"JJ"
121922,"NN"
121923,"."
121924,"IN"
121925,"JJ"
121926,","
121927,"JJ"
121928,"JJ"
121929,"NNS"
121930,"VBD"
121931,"VBN"
121932,"IN"
121933,"DT"
121934,"NN"
121935,"VBG"
121936,"NN"
121937,"IN"
121938,"NN"
121939,"NNS"
121940,","
121941,"IN"
121942,"JJS"
121943,"JJ"
121944,"NNS"
121945,"VBP"
121946,"PRP"
121947,"RB"
121948,"VB"
121949,"DT"
121950,"NN"
121951,"IN"
121952,"NNS"
121953,"VBP"
121954,"."
121955,"WP"
121956,"RB"
121957,"VBD"
121958,"DT"
121959,"NNS"
121960,"IN"
121961,"NNP"
121962,"NNP"
121963,","
121964,"RB"
121965,","
121966,"VBD"
121967,"DT"
121968,"JJ"
121969,"NN"
121970,"IN"
121971,","
121972,"WDT"
121973,"DT"
121974,"NN"
121975,","
121976,"DT"
121977,"NN"
121978,"IN"
121979,"NN"
121980,"NN"
121981,"VBZ"
121982,"VBG"
121983,"RP"
121984,"."
121985,"NNP"
121986,"NNP"
121987,"VBZ"
121988,"DT"
121989,"NN"
121990,"RB"
121991,"IN"
121992,"DT"
121993,"NN"
121994,"NNS"
121995,","
121996,"RB"
121997,"IN"
121998,"DT"
121999,"JJ"
122000,"NN"
122001,","
122002,"IN"
122003,"PRP$"
122004,"RB"
122005,"JJ"
122006,"NNS"
122007,"IN"
122008,"DT"
122009,"``"
122010,"NN"
122011,"''"
122012,"NNS"
122013,"VBP"
122014,"VBN"
122015,"IN"
122016,"DT"
122017,"JJ"
122018,"NN"
122019,"IN"
122020,"IN"
122021,"DT"
122022,"NN"
122023,"IN"
122024,"NN"
122025,"NN"
122026,"."
122027,"NNP"
122028,"NNS"
122029,"VBD"
122030,"DT"
122031,"NN"
122032,"IN"
122033,"IN"
122034,"PRP"
122035,"VBN"
122036,"DT"
122037,"JJS"
122038,"NNS"
122039,"."
122040,"NNP"
122041,","
122042,"WDT"
122043,"VBD"
122044,"DT"
122045,"NN"
122046,","
122047,"VBD"
122048,"NNP"
122049,"IN"
122050,"$"
122051,"CD"
122052,","
122053,"RB"
122054,"IN"
122055,"CD"
122056,"NN"
122057,"IN"
122058,"NNP"
122059,"POS"
122060,"NN"
122061,"."
122062,"NNP"
122063,"VBD"
122064,"NNP"
122065,"IN"
122066,"$"
122067,"CD"
122068,","
122069,"RB"
122070,"RB"
122071,"CD"
122072,"NN"
122073,"IN"
122074,"NNP"
122075,"POS"
122076,"NN"
122077,"."
122078,"("
122079,"DT"
122080,"VBD"
122081,"RBR"
122082,"NNS"
122083,"NN"
122084,"."
122085,")"
122086,"NNP"
122087,"VBD"
122088,"CD"
122089,"NN"
122090,"IN"
122091,"NNP"
122092,":"
122093,"NNP"
122094,"VBD"
122095,"RB"
122096,"CD"
122097,"NN"
122098,"."
122099,"DT"
122100,"JJ"
122101,"NN"
122102,"NNS"
122103,"IN"
122104,"WRB"
122105,"NN"
122106,"NN"
122107,"VBZ"
122108,"VBN"
122109,"VBN"
122110,","
122111,"DT"
122112,"NN"
122113,"POS"
122114,"NN"
122115,"NN"
122116,"VBD"
122117,"RB"
122118,"VBN"
122119,"IN"
122120,"NNP"
122121,"."
122122,"DT"
122123,"JJ"
122124,"NNS"
122125,","
122126,"WRB"
122127,"DT"
122128,"NN"
122129,"MD"
122130,"VB"
122131,"IN"
122132,"DT"
122133,"NN"
122134,"IN"
122135,"NNS"
122136,"JJ"
122137,"NN"
122138,"NNS"
122139,"IN"
122140,"JJ"
122141,"NN"
122142,","
122143,"VBD"
122144,"WRB"
122145,"DT"
122146,"NN"
122147,"VBD"
122148,"VBN"
122149,"."
122150,"DT"
122151,"NN"
122152,"IN"
122153,"JJ"
122154,"NN"
122155,"NNS"
122156,"VBP"
122157,"VBN"
122158,"VBG"
122159,"DT"
122160,"NN"
122161,"IN"
122162,"NNP"
122163,"POS"
122164,"JJ"
122165,"NN"
122166,"IN"
122167,"JJ"
122168,"NNS"
122169,"."
122170,"DT"
122171,"JJ"
122172,"JJ"
122173,"NNS"
122174,"IN"
122175,"JJ"
122176,"NN"
122177,"NNS"
122178,"CC"
122179,"NNS"
122180,","
122181,"JJ"
122182,"IN"
122183,"NNP"
122184,"NNP"
122185,","
122186,"NNP"
122187,"NNP"
122188,","
122189,"NNP"
122190,"NNP"
122191,"POS"
122192,"NN"
122193,"NN"
122194,","
122195,"VBP"
122196,"VBN"
122197,"DT"
122198,"NN"
122199,"IN"
122200,"DT"
122201,"JJ"
122202,"NN"
122203,"IN"
122204,"JJ"
122205,"NNS"
122206,"."
122207,"NNS"
122208,"VBP"
122209,"VBN"
122210,"IN"
122211,"VBG"
122212,"JJ"
122213,"NNS"
122214,"TO"
122215,"VB"
122216,"NN"
122217,"NNS"
122218,"IN"
122219,"NNP"
122220,"NNP"
122221,"NNP"
122222,"IN"
122223,"VBG"
122224,"NNP"
122225,"TO"
122226,"VB"
122227,"RB"
122228,"PRP$"
122229,"JJ"
122230,"NN"
122231,"NN"
122232,"CC"
122233,"NN"
122234,"."
122235,"IN"
122236,"DT"
122237,"NN"
122238,","
122239,"JJ"
122240,"JJ"
122241,"NNS"
122242,"VBP"
122243,"VBN"
122244,"IN"
122245,"DT"
122246,"NN"
122247,"CC"
122248,"DT"
122249,"JJ"
122250,"NNS"
122251,"VBG"
122252,"TO"
122253,"VB"
122254,"$"
122255,"CD"
122256,"CD"
122257,"IN"
122258,"NN"
122259,"NNS"
122260,"IN"
122261,"NN"
122262,"VBP"
122263,"VBG"
122264,"JJ"
122265,"NNS"
122266,"."
122267,"DT"
122268,"VBP"
122269,"DT"
122270,"NN"
122271,"NNS"
122272,"("
122273,"VBG"
122274,"RP"
122275,"DT"
122276,"JJ"
122277,"NNS"
122278,"IN"
122279,"DT"
122280,"NN"
122281,"NN"
122282,"VBZ"
122283,"TO"
122284,"NN"
122285,"IN"
122286,"NN"
122287,")"
122288,","
122289,"CC"
122290,"WP"
122291,"PRP"
122292,"VBP"
122293,"VBN"
122294,"VBZ"
122295,"DT"
122296,"NN"
122297,"VBG"
122298,"PRP"
122299,"IN"
122300,"."
122301,"IN"
122302,"NN"
122303,","
122304,"NNP"
122305,"VBD"
122306,"RB"
122307,"VBN"
122308,"JJ"
122309,"IN"
122310,"DT"
122311,"NNS"
122312,"VBG"
122313,"RP"
122314,"TO"
122315,"DT"
122316,"NN"
122317,","
122318,"CC"
122319,"PRP$"
122320,"NN"
122321,"TO"
122322,"VB"
122323,"IN"
122324,"DT"
122325,"NN"
122326,"NN"
122327,"VBZ"
122328,"DT"
122329,"JJ"
122330,"NN"
122331,","
122332,"CC"
122333,"DT"
122334,"JJ"
122335,"NNS"
122336,"MD"
122337,"RB"
122338,"VB"
122339,"PRP"
122340,"IN"
122341,"DT"
122342,"JJ"
122343,"NN"
122344,"NN"
122345,"WDT"
122346,"VBD"
122347,"IN"
122348,"NN"
122349,"IN"
122350,"NNP"
122351,"."
122352,"IN"
122353,"PRP"
122354,"VBZ"
122355,"JJ"
122356,"TO"
122357,"VB"
122358,"DT"
122359,"NNS"
122360,"IN"
122361,"JJ"
122362,"NN"
122363,"CC"
122364,"NNS"
122365,"VBD"
122366,"NNP"
122367,"NNP"
122368,","
122369,"WP"
122370,"VBP"
122371,"DT"
122372,"NNS"
122373,"IN"
122374,"NN"
122375,"NNS"
122376,"."
122377,"IN"
122378,"NNP"
122379,","
122380,"DT"
122381,"NN"
122382,"NN"
122383,"POS"
122384,"NN"
122385,"TO"
122386,"DT"
122387,"NN"
122388,"IN"
122389,"DT"
122390,"NNP"
122391,"NN"
122392,"MD"
122393,"VB"
122394,"VBN"
122395,"TO"
122396,"VB"
122397,"DT"
122398,"JJ"
122399,"NN"
122400,"IN"
122401,"NNS"
122402,"."
122403,"VBZ"
122404,"DT"
122405,"DT"
122406,"NN"
122407,"WRB"
122408,"JJ"
122409,"NNS"
122410,"VBP"
122411,"VBG"
122412,"IN"
122413,"NNP"
122414,"POS"
122415,"NN"
122416,"IN"
122417,"NNP"
122418,"NNP"
122419,"."
122420,"RB"
122421,"RB"
122422,"."
122423,"TO"
122424,"DT"
122425,"NN"
122426,"IN"
122427,"NNP"
122428,"POS"
122429,"NN"
122430,"VBD"
122431,"DT"
122432,"JJ"
122433,"NN"
122434,"IN"
122435,"DT"
122436,"NNS"
122437,"IN"
122438,"NN"
122439,","
122440,"DT"
122441,"NN"
122442,"VBZ"
122443,"IN"
122444,"NNP"
122445,"NNP"
122446,"CC"
122447,"DT"
122448,"JJ"
122449,"NNS"
122450,"VBP"
122451,"RB"
122452,"JJ"
122453,"IN"
122454,"VBG"
122455,"DT"
122456,"JJ"
122457,"NNS"
122458,"CC"
122459,"NNS"
122460,"IN"
122461,"JJ"
122462,"NN"
122463,"."
122464,"DT"
122465,"JJ"
122466,"JJ"
122467,"NNS"
122468,"VBP"
122469,"RB"
122470,"RB"
122471,"VBN"
122472,"VBG"
122473,"DT"
122474,"JJ"
122475,"NNS"
122476,"IN"
122477,"NNS"
122478,"CC"
122479,"NNS"
122480,"VB"
122481,"DT"
122482,"JJ"
122483,"NNS"
122484,"IN"
122485,"DT"
122486,"NN"
122487,"NN"
122488,"IN"
122489,"JJ"
122490,"NN"
122491,"NNS"
122492,"CC"
122493,"JJ"
122494,"NNS"
122495,"."
122496,"DT"
122497,"JJ"
122498,"NNS"
122499,"IN"
122500,"DT"
122501,"NN"
122502,"NNS"
122503,"CC"
122504,"DT"
122505,"NN"
122506,"IN"
122507,"NN"
122508,"NN"
122509,"IN"
122510,"JJ"
122511,"NNS"
122512,"VBZ"
122513,"DT"
122514,"NN"
122515,"IN"
122516,"VBG"
122517,"DT"
122518,"JJ"
122519,"NNS"
122520,"VBP"
122521,"."
122522,"IN"
122523,"NN"
122524,"NNS"
122525,"VBP"
122526,"JJ"
122527,","
122528,"IN"
122529,"NNP"
122530,"NNP"
122531,"VBP"
122532,"RB"
122533,"JJ"
122534,","
122535,"RB"
122536,"DT"
122537,"JJ"
122538,"NN"
122539,"MD"
122540,"VB"
122541,"DT"
122542,"NNS"
122543,"RBR"
122544,"RB"
122545,"CC"
122546,"RB"
122547,"IN"
122548,"MD"
122549,"NN"
122550,"NNS"
122551,","
122552,"CC"
122553,"DT"
122554,"NNS"
122555,"MD"
122556,"VB"
122557,"IN"
122558,"JJ"
122559,"NN"
122560,"TO"
122561,"VB"
122562,"JJ"
122563,"NNS"
122564,"."
122565,"NNP"
122566,","
122567,"DT"
122568,"JJR"
122569,"NNS"
122570,"VBD"
122571,"VBN"
122572,"RB"
122573,"IN"
122574,"DT"
122575,"NN"
122576,","
122577,"CC"
122578,"PRP"
122579,"VBD"
122580,"DT"
122581,"NN"
122582,"IN"
122583,"DT"
122584,"NN"
122585,"."
122586,"RB"
122587,"RB"
122588,","
122589,"PRP"
122590,"RB"
122591,"VBZ"
122592,"."
122593,"DT"
122594,"NNS"
122595,"CC"
122596,"NN"
122597,"NNS"
122598,"VBD"
122599,"VBN"
122600,"IN"
122601,"NNP"
122602,"NNP"
122603,","
122604,"IN"
122605,"DT"
122606,"VBN"
122607,"NNS"
122608,"IN"
122609,"JJ"
122610,"NNS"
122611,"VBD"
122612,"JJ"
122613,"."
122614,"IN"
122615,"PRP"
122616,"VBP"
122617,"IN"
122618,"DT"
122619,"VBN"
122620,"NNS"
122621,","
122622,"PRP"
122623,"MD"
122624,"VB"
122625,"DT"
122626,"NN"
122627,"CC"
122628,"JJ"
122629,"NN"
122630,"IN"
122631,"DT"
122632,"NNS"
122633,"IN"
122634,"DT"
122635,"NN"
122636,"NN"
122637,"VBZ"
122638,"RBR"
122639,"JJ"
122640,"TO"
122641,"VB"
122642,"IN"
122643,"DT"
122644,"NN"
122645,"IN"
122646,"IN"
122647,"NNP"
122648,"."
122649,"IN"
122650,"PRP"
122651,"NN"
122652,"IN"
122653,"DT"
122654,"NNS"
122655,"CC"
122656,"NNS"
122657,","
122658,"PRP"
122659,"RB"
122660,"VBP"
122661,"JJR"
122662,"TO"
122663,"VB"
122664,"IN"
122665,"JJ"
122666,"NNS"
122667,"IN"
122668,"IN"
122669,"NNS"
122670,","
122671,"IN"
122672,"DT"
122673,"NNP"
122674,"NNS"
122675,"MD"
122676,"RB"
122677,"VB"
122678,"VBN"
122679,"."
122680,"DT"
122681,"NN"
122682,"VBZ"
122683,","
122684,"NNP"
122685,"VBZ"
122686,"NNS"
122687,"JJR"
122688,"IN"
122689,"NNS"
122690,"."
122691,"IN"
122692,"DT"
122693,"JJ"
122694,"NN"
122695,"VBZ"
122696,"RB"
122697,"RB"
122698,"VBN"
122699,"RB"
122700,"JJ"
122701,"IN"
122702,"NNP"
122703,"POS"
122704,"JJ"
122705,"NN"
122706,"IN"
122707,"NNP"
122708,"NNP"
122709,"VBG"
122710,"JJ"
122711,"JJ"
122712,"NN"
122713,","
122714,"JJ"
122715,"NN"
122716,"MD"
122717,"RB"
122718,"VB"
122719,"JJ"
122720,"NN"
122721,"."
122722,"DT"
122723,"JJ"
122724,"NN"
122725,"TO"
122726,"VB"
122727,"``"
122728,"JJ"
122729,"NN"
122730,"''"
122731,"IN"
122732,"``"
122733,"JJ"
122734,"NN"
122735,","
122736,"''"
122737,"CC"
122738,"TO"
122739,"VB"
122740,"DT"
122741,"NN"
122742,"IN"
122743,"DT"
122744,"JJ"
122745,"NN"
122746,","
122747,"JJ"
122748,"IN"
122749,"DT"
122750,"NNS"
122751,","
122752,"VBZ"
122753,"JJ"
122754,"TO"
122755,"VB"
122756,"DT"
122757,"VB"
122758,"IN"
122759,"DT"
122760,"JJ"
122761,"NN"
122762,"IN"
122763,"NN"
122764,"VBZ"
122765,"DT"
122766,"TO"
122767,"NN"
122768,"NNS"
122769,"CC"
122770,"JJ"
122771,"NN"
122772,"IN"
122773,"NN"
122774,"."
122775,"NNP"
122776,"RB"
122777,"IN"
122778,"NN"
122779,"NNS"
122780,"TO"
122781,"VB"
122782,"IN"
122783,"DT"
122784,"NN"
122785,"IN"
122786,"NNS"
122787,","
122788,"NNP"
122789,"CC"
122790,"DT"
122791,"NN"
122792,","
122793,"RB"
122794,"IN"
122795,"PRP"
122796,"VBZ"
122797,"IN"
122798,"VBP"
122799,"RB"
122800,"TO"
122801,"VB"
122802,"."
122803,"NNP"
122804,"NNP"
122805,","
122806,"JJ"
122807,"NN"
122808,"NN"
122809,"IN"
122810,"DT"
122811,"NNP"
122812,"CC"
122813,"NNP"
122814,"NNP"
122815,","
122816,"VBZ"
122817,"IN"
122818,"DT"
122819,"NN"
122820,"IN"
122821,"NNP"
122822,"POS"
122823,"NNP"
122824,"NNP"
122825,"NNP"
122826,"."
122827,"O"
122828,"NNP"
122829,"NN"
122830,"NNS"
122831,"VBD"
122832,"NNP"
122833,"NN"
122834,","
122835,"IN"
122836,"DT"
122837,"NNP"
122838,"NN"
122839,"IN"
122840,"CD"
122841,"JJ"
122842,"NNS"
122843,"VBG"
122844,"CD"
122845,"NNS"
122846,"TO"
122847,"VB"
122848,"DT"
122849,"NN"
122850,"NN"
122851,"IN"
122852,"CD"
122853,"."
122854,"DT"
122855,"NN"
122856,"VBD"
122857,"CD"
122858,"NNS"
122859,","
122860,"CC"
122861,"CD"
122862,"NN"
122863,","
122864,"IN"
122865,"NNP"
122866,"."
122867,"IN"
122868,"DT"
122869,"JJ"
122870,"CD"
122871,"NNS"
122872,"IN"
122873,"NNP"
122874,"POS"
122875,"NN"
122876,"DT"
122877,"NNP"
122878,"NN"
122879,"VBD"
122880,"CD"
122881,"NNS"
122882,","
122883,"TO"
122884,"CD"
122885,"."
122886,"IN"
122887,"CD"
122888,"NN"
122889,"NNP"
122890,"NN"
122891,","
122892,"DT"
122893,"NN"
122894,"VBD"
122895,"RB"
122896,"CD"
122897,"NNS"
122898,","
122899,"TO"
122900,"CD"
122901,"IN"
122902,"NNS"
122903,"VBD"
122904,"NNP"
122905,"NNP"
122906,"POS"
122907,"JJ"
122908,"NN"
122909,"."
122910,"NNP"
122911,"POS"
122912,"NN"
122913,"VBD"
122914,"IN"
122915,"DT"
122916,"RB"
122917,"JJ"
122918,"NN"
122919,"WDT"
122920,"VBD"
122921,"RB"
122922,"VB"
122923,"JJ"
122924,"NN"
122925,"IN"
122926,"JJ"
122927,"NNS"
122928,"."
122929,"NNP"
122930,"RB"
122931,"VBD"
122932,"RB"
122933,"JJR"
122934,"IN"
122935,"NNP"
122936,","
122937,"RB"
122938,"IN"
122939,"NNP"
122940,","
122941,"IN"
122942,"NNP"
122943,"CC"
122944,"DT"
122945,"JJ"
122946,"JJ"
122947,"NNS"
122948,"VBD"
122949,"DT"
122950,"NN"
122951,"IN"
122952,"NNS"
122953,"VBD"
122954,"TO"
122955,"VB"
122956,"IN"
122957,"NNP"
122958,"NNP"
122959,"."
122960,"NNP"
122961,"NNP"
122962,"CC"
122963,"NNP"
122964,"NNS"
122965,"VBD"
122966,"JJR"
122967,"NNS"
122968,"IN"
122969,"NNP"
122970,","
122971,"CC"
122972,"DT"
122973,"NN"
122974,"NN"
122975,"VBD"
122976,"JJ"
122977,"IN"
122978,"VBG"
122979,"DT"
122980,"NN"
122981,"NN"
122982,"."
122983,"DT"
122984,"NNS"
122985,"VBD"
122986,"IN"
122987,"NNP"
122988,"IN"
122989,"DT"
122990,"NN"
122991,"IN"
122992,"PRP"
122993,"VBD"
122994,"DT"
122995,"JJ"
122996,"JJ"
122997,"NN"
122998,"TO"
122999,"VB"
123000,"IN"
123001,"NNP"
123002,"POS"
123003,"JJ"
123004,"NN"
123005,"IN"
123006,"NNP"
123007,"NNP"
123008,"."
123009,"CC"
123010,"RB"
123011,"IN"
123012,"VB"
123013,"DT"
123014,"NN"
123015,"IN"
123016,"JJ"
123017,"NNS"
123018,","
123019,"NNP"
123020,"POS"
123021,"JJ"
123022,"JJ"
123023,"NNS"
123024,"VBD"
123025,"TO"
123026,"VB"
123027,"IN"
123028,"DT"
123029,"NNS"
123030,"."
123031,"RB"
123032,","
123033,"IN"
123034,"DT"
123035,"JJ"
123036,"NN"
123037,"IN"
123038,"NN"
123039,"NN"
123040,","
123041,"NNS"
123042,"IN"
123043,"JJ"
123044,"NN"
123045,"NNS"
123046,"VBD"
123047,"PRP"
123048,"VBD"
123049,"RB"
123050,"VBG"
123051,"TO"
123052,"VB"
123053,"NNP"
123054,"CC"
123055,"JJ"
123056,"NNS"
123057,"."
123058,"``"
123059,"PRP"
123060,"VBD"
123061,"RB"
123062,"VB"
123063,"JJ"
123064,"NN"
123065,","
123066,"IN"
123067,"PRP$"
123068,"NN"
123069,"RB"
123070,"VBZ"
123071,"TO"
123072,"VB"
123073,"CC"
123074,"VB"
123075,","
123076,"''"
123077,"VBD"
123078,"DT"
123079,"NN"
123080,"NN"
123081,"IN"
123082,"NNP"
123083,"NNP"
123084,"NNP"
123085,"NNP"
123086,"."
123087,"``"
123088,"PRP"
123089,"MD"
123090,"VB"
123091,"TO"
123092,"VB"
123093,"CC"
123094,"VB"
123095,"IN"
123096,"NN"
123097,"VBZ"
123098,"RB"
123099,"IN"
123100,"NNP"
123101,"CC"
123102,"NNP"
123103,"NNP"
123104,"."
123105,"''"
123106,"DT"
123107,"NNS"
123108,"VBD"
123109,"JJ"
123110,"IN"
123111,"JJ"
123112,"NNS"
123113,"MD"
123114,"VB"
123115,"IN"
123116,"TO"
123117,"VB"
123118,"JJ"
123119,"NN"
123120,"IN"
123121,"JJ"
123122,","
123123,"CC"
123124,"EX"
123125,"VBD"
123126,"JJ"
123127,"NN"
123128,"IN"
123129,"DT"
123130,"NN"
123131,"IN"
123132,"DT"
123133,"NNP"
123134,"NNP"
123135,"VBD"
123136,"VBG"
123137,"IN"
123138,"DT"
123139,"NNS"
123140,"TO"
123141,"VB"
123142,"RB"
123143,"IN"
123144,"."
123145,"CC"
123146,"IN"
123147,"DT"
123148,"NN"
123149,"IN"
123150,"JJ"
123151,"NN"
123152,","
123153,"PRP$"
123154,"NN"
123155,"VBD"
123156,"RB"
123157,"RB"
123158,"VBN"
123159,"."
123160,"IN"
123161,"DT"
123162,"NN"
123163,","
123164,"DT"
123165,"NNP"
123166,"NN"
123167,"IN"
123168,"CD"
123169,"NNS"
123170,"VBD"
123171,"IN"
123172,"CD"
123173,","
123174,"RB"
123175,"CD"
123176,"NNS"
123177,","
123178,"CC"
123179,"CD"
123180,"NN"
123181,"."
123182,"DT"
123183,"JJR"
123184,"NNP"
123185,"NNP"
123186,"NNP"
123187,"NNP"
123188,"VBD"
123189,"CD"
123190,","
123191,"CC"
123192,"CD"
123193,"NN"
123194,","
123195,"TO"
123196,"CD"
123197,"."
123198,"DT"
123199,"NN"
123200,"POS"
123201,"NN"
123202,"VBD"
123203,"RB"
123204,"IN"
123205,"NN"
123206,"IN"
123207,"NNS"
123208,"POS"
123209,"NN"
123210,"NNS"
123211,"."
123212,"VBG"
123213,"NNS"
123214,"VBD"
123215,"NNS"
123216,","
123217,"CD"
123218,"."
123219,"CC"
123220,"NN"
123221,"VBD"
123222,"JJ"
123223,"IN"
123224,"CD"
123225,"CD"
123226,"NNS"
123227,","
123228,"VBN"
123229,"IN"
123230,"CD"
123231,"CD"
123232,"NNP"
123233,"."
123234,"DT"
123235,"NN"
123236,"VBD"
123237,"RB"
123238,"JJR"
123239,","
123240,"IN"
123241,"DT"
123242,"NNP"
123243,"NN"
123244,"IN"
123245,"RB"
123246,"CD"
123247,"IN"
123248,"CD"
123249,"NNS"
123250,"."
123251,"DT"
123252,"NN"
123253,"NN"
123254,"VBD"
123255,"PRP"
123256,"RB"
123257,"TO"
123258,"VB"
123259,"DT"
123260,"NN"
123261,"IN"
123262,"IN"
123263,"CD"
123264,"IN"
123265,"DT"
123266,"NN"
123267,"IN"
123268,"DT"
123269,"NN"
123270,"NN"
123271,","
123272,"CC"
123273,"DT"
123274,"NN"
123275,"VBD"
123276,"IN"
123277,"DT"
123278,"NN"
123279,","
123280,"CC"
123281,"DT"
123282,"NN"
123283,"VBD"
123284,"IN"
123285,"DT"
123286,"NN"
123287,"POS"
123288,"NN"
123289,"."
123290,"DT"
123291,"JJR"
123292,"NNS"
123293,"IN"
123294,"DT"
123295,"NNP"
123296,"NN"
123297,"POS"
123298,"JJ"
123299,"NN"
123300,"RB"
123301,"VBD"
123302,"PRP$"
123303,"JJS"
123304,"NN"
123305,"IN"
123306,"DT"
123307,"NN"
123308,"."
123309,"DT"
123310,"NNP"
123311,"NNP"
123312,"NNP"
123313,"NN"
123314,"IN"
123315,"DT"
123316,"JJ"
123317,"NN"
123318,"VBD"
123319,"CD"
123320,","
123321,"CC"
123322,"CD"
123323,"NN"
123324,","
123325,"TO"
123326,"CD"
123327,"."
123328,"JJ"
123329,"NNS"
123330,","
123331,"VBG"
123332,"TO"
123333,"VB"
123334,"DT"
123335,"NN"
123336,"POS"
123337,"JJ"
123338,"NNS"
123339,","
123340,"VBP"
123341,"VBN"
123342,"TO"
123343,"DT"
123344,"JJ"
123345,"NNS"
123346,"IN"
123347,"JJ"
123348,"NNS"
123349,"."
123350,"JJ"
123351,"NNS"
123352,"CC"
123353,"NNS"
123354,"VBD"
123355,"NN"
123356,"IN"
123357,"DT"
123358,"NNP"
123359,"NN"
123360,"VBD"
123361,"RB"
123362,"VB"
123363,"RBR"
123364,"RB"
123365,"."
123366,"CC"
123367,"PRP$"
123368,"NN"
123369,"VBD"
123370,"VB"
123371,"DT"
123372,"NN"
123373,"TO"
123374,"NNS"
123375,"IN"
123376,"CD"
123377,"NNS"
123378,"RB"
123379,","
123380,"IN"
123381,"DT"
123382,"NNP"
123383,"CD"
123384,"JJ"
123385,"NN"
123386,"NN"
123387,"NN"
123388,"."
123389,"IN"
123390,"NNP"
123391,"CD"
123392,","
123393,"CD"
123394,":"
123395,"DT"
123396,"NNP"
123397,"IN"
123398,"DT"
123399,"NNP"
123400,"NNP"
123401,"NN"
123402,":"
123403,"DT"
123404,"NNP"
123405,"NNP"
123406,"NN"
123407,"VBD"
123408,"CD"
123409,"NN"
123410,","
123411,"NNP"
123412,"NNP"
123413,"VBD"
123414,"IN"
123415,"NNP"
123416,"IN"
123417,"DT"
123418,"CD"
123419,"NN"
123420,"NN"
123421,"."
123422,"DT"
123423,"NN"
123424,","
123425,"NNP"
123426,"NNP"
123427,"POS"
123428,"NN"
123429,"IN"
123430,"CD"
123431,"NN"
123432,"NNP"
123433,"VBD"
123434,"VBN"
123435,"IN"
123436,"NN"
123437,"POS"
123438,"CD"
123439,"NN"
123440,"NN"
123441,"IN"
123442,"NNP"
123443,"."
123444,"CD"
123445,"NNS"
123446,"RB"
123447,","
123448,"NNP"
123449,"POS"
123450,"JJS"
123451,"NN"
123452,"VBD"
123453,"DT"
123454,"NN"
123455,"IN"
123456,"NNP"
123457,"NNP"
123458,"POS"
123459,"CD"
123460,"NN"
123461,"NNP"
123462,"NNP"
123463,"NN"
123464,","
123465,"WRB"
123466,"DT"
123467,"NNP"
123468,"NN"
123469,"VBD"
123470,"CD"
123471,"NN"
123472,"."
123473,"RB"
123474,","
123475,"NN"
123476,"NNS"
123477,"NN"
123478,"VBD"
123479,"VBG"
123480,"RB"
123481,"RB"
123482,"TO"
123483,"NNP"
123484,"NNP"
123485,"POS"
123486,"NN"
123487,"."
123488,"CC"
123489,"IN"
123490,"NNP"
123491,"NNP"
123492,"NN"
123493,","
123494,"DT"
123495,"NNP"
123496,"NNP"
123497,"NNP"
123498,"NNP"
123499,"VBD"
123500,"CD"
123501,"TO"
123502,"VB"
123503,"IN"
123504,"CD"
123505,"IN"
123506,"JJ"
123507,"NN"
123508,"IN"
123509,"CD"
123510,"NNS"
123511,","
123512,"IN"
123513,"VBG"
123514,"NNS"
123515,"RB"
123516,"VBD"
123517,"VBG"
123518,"NNS"
123519,"IN"
123520,"DT"
123521,"JJ"
123522,"NN"
123523,"."
123524,"NNP"
123525,"NNP"
123526,","
123527,"DT"
123528,"NN"
123529,"IN"
123530,"NNP"
123531,"NNP"
123532,"NNP"
123533,"CC"
123534,"NNP"
123535,"NNP"
123536,","
123537,"VBD"
123538,"NN"
123539,"POS"
123540,"NN"
123541,"``"
123542,"DT"
123543,"JJ"
123544,"NN"
123545,"''"
123546,"IN"
123547,"NNP"
123548,"."
123549,"``"
123550,"RB"
123551,"PRP"
123552,"VBP"
123553,"VBG"
123554,"IN"
123555,"DT"
123556,"NN"
123557,"TO"
123558,"VB"
123559,"JJ"
123560,"NNS"
123561,","
123562,"''"
123563,"PRP"
123564,"VBD"
123565,"."
123566,"``"
123567,"IN"
123568,"PRP"
123569,"JJ"
123570,"NNS"
123571,","
123572,"DT"
123573,"NN"
123574,"IN"
123575,"NN"
123576,"VBZ"
123577,"VBN"
123578,"."
123579,"''"
123580,"NNP"
123581,"NNP"
123582,","
123583,"JJ"
123584,"NN"
123585,"IN"
123586,"DT"
123587,"NN"
123588,"NN"
123589,"NN"
123590,"IN"
123591,"NNP"
123592,"NNP"
123593,"CC"
123594,"NNP"
123595,"NNP"
123596,","
123597,"RB"
123598,"VBD"
123599,"JJ"
123600,"."
123601,"PRP"
123602,"VBD"
123603,"NNP"
123604,"POS"
123605,"NN"
123606,"IN"
123607,"DT"
123608,"NNP"
123609,"IN"
123610,"DT"
123611,"``"
123612,"JJ"
123613,"''"
123614,"NN"
123615,"VBG"
123616,"IN"
123617,"NN"
123618,"IN"
123619,"JJ"
123620,"NN"
123621,"CC"
123622,"NN"
123623,"NN"
123624,"."
123625,"``"
123626,"IN"
123627,"EX"
123628,"VBZ"
123629,"DT"
123630,"NN"
123631,","
123632,"DT"
123633,"VBZ"
123634,"DT"
123635,"JJS"
123636,"NN"
123637,"TO"
123638,"VB"
123639,","
123640,"RB"
123641,"VBD"
123642,"DT"
123643,"NN"
123644,"CD"
123645,"NNS"
123646,"RB"
123647,","
123648,"''"
123649,"PRP"
123650,"VBD"
123651,"."
123652,"``"
123653,"DT"
123654,"NNS"
123655,"WDT"
123656,"VBD"
123657,"VBN"
123658,"NNS"
123659,"IN"
123660,"NN"
123661,"NN"
123662,"VBD"
123663,"VBN"
123664,"IN"
123665,"JJ"
123666,"NN"
123667,","
123668,"CC"
123669,"RB"
123670,"RB"
123671,"IN"
123672,"JJ"
123673,"NNS"
123674,"VBP"
123675,"VBN"
123676,","
123677,"EX"
123678,"VBZ"
123679,"RB"
123680,"JJ"
123681,"NN"
123682,"."
123683,"''"
123684,"JJ"
123685,"NN"
123686,"NNS"
123687,"VBD"
123688,"RB"
123689,"JJ"
123690,"."
123691,"``"
123692,"PRP"
123693,"VBP"
123694,"DT"
123695,"NNS"
123696,"TO"
123697,"VB"
123698,"PRP$"
123699,"NN"
123700,"NN"
123701,"IN"
123702,"JJ"
123703,"NNS"
123704,","
123705,"''"
123706,"VBD"
123707,"NNP"
123708,"NNP"
123709,","
123710,"JJ"
123711,"NN"
123712,"NN"
123713,"IN"
123714,"DT"
123715,"NN"
123716,"NN"
123717,"NN"
123718,"NN"
123719,"IN"
123720,"NNP"
123721,"NNP"
123722,"CC"
123723,"NNP"
123724,"NNP"
123725,"."
123726,"PRP"
123727,"VBD"
123728,"NNP"
123729,"POS"
123730,"NNP"
123731,"NNP"
123732,"NN"
123733,"VBD"
123734,"``"
123735,"RB"
123736,"IN"
123737,"DT"
123738,"NN"
123739,"IN"
123740,"NN"
123741,"''"
123742,"IN"
123743,"NNP"
123744,"NNP"
123745,"VBZ"
123746,"IN"
123747,"WRB"
123748,"PRP"
123749,"NNS"
123750,"PRP$"
123751,"JJ"
123752,"NN"
123753,"NN"
123754,"."
123755,"IN"
123756,"JJ"
123757,"JJ"
123758,"CC"
123759,"JJ"
123760,"NNS"
123761,","
123762,"NNP"
123763,"CC"
123764,"NNP"
123765,"VBD"
123766,"DT"
123767,"JJS"
123768,"NNS"
123769,","
123770,"IN"
123771,"DT"
123772,"NNP"
123773,"NNP"
123774,"JJ"
123775,"NN"
123776,"IN"
123777,"NNP"
123778,"VBG"
123779,"CD"
123780,"NN"
123781,"CC"
123782,"NNP"
123783,"POS"
123784,"PRP$"
123785,"NNPS"
123786,"NNP"
123787,"NNP"
123788,"RP"
123789,"CD"
123790,"NN"
123791,"."
123792,"NNP"
123793,"NNS"
123794,"VBD"
123795,"JJR"
123796,"IN"
123797,"CD"
123798,"NN"
123799,"IN"
123800,"NNP"
123801,"CC"
123802,"NNP"
123803,"NNP"
123804,"CC"
123805,"CD"
123806,"NN"
123807,"IN"
123808,"NNP"
123809,"NNP"
123810,"."
123811,"NNP"
123812,","
123813,"NNP"
123814,","
123815,"NNP"
123816,","
123817,"NNP"
123818,"CC"
123819,"NNP"
123820,"VBD"
123821,"IN"
123822,"RB"
123823,"JJR"
123824,"NNS"
123825,"."
123826,"NNS"
123827,"CC"
123828,"NN"
123829,"NNS"
123830,"VBD"
123831,"DT"
123832,"NN"
123833,"POS"
123834,"NNS"
123835,"VBD"
123836,"VBG"
123837,"TO"
123838,"NNP"
123839,"POS"
123840,"NNP"
123841,"NNP"
123842,"NN"
123843,"RB"
123844,"IN"
123845,"DT"
123846,"NN"
123847,"VBD"
123848,"JJ"
123849,"TO"
123850,"JJ"
123851,"NNS"
123852,"JJ"
123853,"IN"
123854,"JJ"
123855,"JJ"
123856,"NNS"
123857,"CC"
123858,"DT"
123859,"JJ"
123860,"NN"
123861,"NN"
123862,"."
123863,"``"
123864,"PRP"
123865,"VBZ"
123866,"JJ"
123867,"NN"
123868,","
123869,"''"
123870,"VBD"
123871,"NNP"
123872,"NNP"
123873,"NNP"
123874,","
123875,"DT"
123876,"NN"
123877,"NN"
123878,"IN"
123879,"NNP"
123880,"NNP"
123881,"NNP"
123882,"("
123883,"NNP"
123884,")"
123885,"NNP"
123886,"IN"
123887,"NNP"
123888,"NNP"
123889,"."
123890,"``"
123891,"NNS"
123892,"IN"
123893,"DT"
123894,"NN"
123895,"VBP"
123896,"RB"
123897,"RB"
123898,"VBN"
123899,"TO"
123900,"JJ"
123901,"NNS"
123902,","
123903,"CC"
123904,"PRP$"
123905,"NNS"
123906,"RB"
123907,"VBP"
123908,"IN"
123909,"JJ"
123910,"NN"
123911,","
123912,"CC"
123913,"EX"
123914,"VBZ"
123915,"DT"
123916,"NN"
123917,"IN"
123918,"NNP"
123919,"VBZ"
123920,"RB"
123921,"VBG"
123922,"NNP"
123923,"POS"
123924,"NN"
123925,"."
123926,"''"
123927,"JJ"
123928,"NNS"
123929,"VBD"
123930,"NNP"
123931,"NNP"
123932,"NNP"
123933,"VBD"
123934,"DT"
123935,"JJS"
123936,"NNS"
123937,"IN"
123938,"PRP"
123939,"VBP"
123940,"RB"
123941,"VB"
123942,"TO"
123943,"JJ"
123944,"NN"
123945,"NNS"
123946,"."
123947,"NNP"
123948,"NNP"
123949,"VBZ"
123950,"DT"
123951,"NN"
123952,"POS"
123953,"JJ"
123954,"RBS"
123955,"JJ"
123956,"NN"
123957,","
123958,"CC"
123959,"JJ"
123960,"JJ"
123961,"NNS"
123962,"VBP"
123963,"VBN"
123964,"VBG"
123965,"RP"
123966,"IN"
123967,"PRP"
123968,"IN"
123969,"PRP"
123970,"VBD"
123971,"IN"
123972,"NNP"
123973,"IN"
123974,"JJ"
123975,"NN"
123976,"IN"
123977,"NNP"
123978,"."
123979,"``"
123980,"NNP"
123981,"VBD"
123982,"DT"
123983,"NN"
123984,"IN"
123985,"WRB"
123986,"NNS"
123987,"VBP"
123988,"TO"
123989,"VB"
123990,"RB"
123991,","
123992,"PRP"
123993,"VBP"
123994,"TO"
123995,"VB"
123996,"WRB"
123997,"DT"
123998,"NN"
123999,"VBZ"
124000,","
124001,"''"
124002,"VBD"
124003,"NNP"
124004,"NNP"
124005,","
124006,"DT"
124007,"JJ"
124008,"NN"
124009,"IN"
124010,"JJ"
124011,"NNS"
124012,"("
124013,"NNP"
124014,"NNP"
124015,")"
124016,"NNP"
124017,"."
124018,"PRP"
124019,"VBD"
124020,"RP"
124021,"IN"
124022,"RB"
124023,"IN"
124024,"NNP"
124025,"POS"
124026,"CD"
124027,"NN"
124028,"NN"
124029,","
124030,"DT"
124031,"PRP$"
124032,"NNP"
124033,"NN"
124034,"VBZ"
124035,"RB"
124036,"CD"
124037,"NN"
124038,"DT"
124039,"NN"
124040,","
124041,"IN"
124042,"NNS"
124043,"WP"
124044,"VBD"
124045,"RP"
124046,"RB"
124047,"VBD"
124048,"RB"
124049,"RB"
124050,"."
124051,"RB"
124052,","
124053,"NNP"
124054,"NNP"
124055,"POS"
124056,"JJ"
124057,"NN"
124058,"NN"
124059,"VBD"
124060,"CD"
124061,"NN"
124062,"IN"
124063,"PRP$"
124064,"CD"
124065,"NN"
124066,"."
124067,"IN"
124068,"NNP"
124069,"NNP"
124070,","
124071,"DT"
124072,"NNP"
124073,"NNP"
124074,"NNP"
124075,"VBD"
124076,"CD"
124077,"TO"
124078,"VB"
124079,"IN"
124080,"CD"
124081,"."
124082,"NNP"
124083,"VBD"
124084,"JJ"
124085,"IN"
124086,"IN"
124087,"CD"
124088,"CD"
124089,"NNS"
124090,","
124091,"VBN"
124092,"IN"
124093,"CD"
124094,"CD"
124095,"NNP"
124096,"."
124097,"CC"
124098,"DT"
124099,"NN"
124100,"VBD"
124101,"JJ"
124102,","
124103,"IN"
124104,"NN"
124105,"TO"
124106,"DT"
124107,"NN"
124108,"POS"
124109,"JJ"
124110,"NN"
124111,"IN"
124112,"DT"
124113,"CD"
124114,"NN"
124115,"."
124116,"NNP"
124117,"NNP"
124118,","
124119,"DT"
124120,"NN"
124121,"IN"
124122,"NNP"
124123,"NNP"
124124,"NNP"
124125,"NNP"
124126,"NNP"
124127,"NNPS"
124128,"NNP"
124129,","
124130,"VBD"
124131,"DT"
124132,"NN"
124133,"RB"
124134,"VBZ"
124135,"RB"
124136,"VBN"
124137,"NN"
124138,"RB"
124139,"CC"
124140,"VBZ"
124141,"RB"
124142,"."
124143,"``"
124144,"IN"
124145,"NNP"
124146,"NNP"
124147,"VBZ"
124148,"RB"
124149,"NN"
124150,","
124151,"PRP"
124152,"VBP"
124153,"RB"
124154,"DT"
124155,"CD"
124156,"NN"
124157,"IN"
124158,"DT"
124159,"NN"
124160,","
124161,"RB"
124162,"VBG"
124163,"DT"
124164,"NN"
124165,"IN"
124166,"JJ"
124167,"NN"
124168,"IN"
124169,"IN"
124170,"NNP"
124171,","
124172,"''"
124173,"PRP"
124174,"VBD"
124175,"."
124176,"IN"
124177,"NNP"
124178,","
124179,"NNP"
124180,"POS"
124181,"PDT"
124182,"NNS"
124183,"NN"
124184,"VBD"
124185,"IN"
124186,"CD"
124187,","
124188,"RB"
124189,"CD"
124190,"NN"
124191,","
124192,"PRP$"
124193,"JJS"
124194,"NN"
124195,"IN"
124196,"NNP"
124197,"CD"
124198,"."
124199,"CC"
124200,"NN"
124201,"VBD"
124202,"RB"
124203,"TO"
124204,"CD"
124205,"CD"
124206,"NNS"
124207,"IN"
124208,"CD"
124209,"CD"
124210,"NNP"
124211,"."
124212,"NNP"
124213,"NNP"
124214,","
124215,"DT"
124216,"NN"
124217,"IN"
124218,"NN"
124219,"NN"
124220,"NNP"
124221,","
124222,"NNP"
124223,"CC"
124224,"NNP"
124225,"NNP"
124226,","
124227,"VBD"
124228,"DT"
124229,"NN"
124230,"POS"
124231,"NN"
124232,"IN"
124233,"``"
124234,"JJ"
124235,"''"
124236,"IN"
124237,"NNS"
124238,"VBN"
124239,"TO"
124240,"VB"
124241,"JJ"
124242,"NNS"
124243,"CC"
124244,"JJ"
124245,"JJ"
124246,"NNS"
124247,"PRP"
124248,"VBN"
124249,"IN"
124250,"VBG"
124251,"DT"
124252,"NN"
124253,"NN"
124254,"VBN"
124255,"IN"
124256,"DT"
124257,"NN"
124258,"."
124259,"NNP"
124260,"POS"
124261,"NNP"
124262,"NNP"
124263,"NNP"
124264,"JJ"
124265,"NN"
124266,","
124267,"DT"
124268,"JJS"
124269,"RB"
124270,"VBN"
124271,"NN"
124272,"NN"
124273,","
124274,"VBN"
124275,"IN"
124276,"PRP$"
124277,"JJ"
124278,"NN"
124279,"IN"
124280,"CD"
124281,","
124282,"RB"
124283,"CD"
124284,","
124285,"CC"
124286,"CD"
124287,"NN"
124288,"."
124289,"IN"
124290,"PRP$"
124291,"NN"
124292,","
124293,"RB"
124294,"IN"
124295,"NNP"
124296,"NNP"
124297,"VBD"
124298,","
124299,"PRP"
124300,"VBD"
124301,"RB"
124302,"RBR"
124303,"IN"
124304,"CD"
124305,"NNS"
124306,"."
124307,"DT"
124308,"NNP"
124309,"NNP"
124310,"JJ"
124311,"NN"
124312,"VBD"
124313,"CD"
124314,"NNS"
124315,"JJR"
124316,"IN"
124317,"CD"
124318,"."
124319,"NN"
124320,"RBR"
124321,"IN"
124322,"VBD"
124323,"TO"
124324,"CD"
124325,"CD"
124326,"NNS"
124327,"IN"
124328,"CD"
124329,"CD"
124330,"NNP"
124331,"."
124332,"NNS"
124333,"IN"
124334,"DT"
124335,"NNP"
124336,"NNP"
124337,"NNP"
124338,"VBD"
124339,"IN"
124340,"JJ"
124341,"NN"
124342,"."
124343,"DT"
124344,"NN"
124345,"IN"
124346,"DT"
124347,"JJ"
124348,"NN"
124349,"NN"
124350,"IN"
124351,"CD"
124352,"NNS"
124353,","
124354,"CC"
124355,"CD"
124356,"NN"
124357,","
124358,"TO"
124359,"CD"
124360,"VBD"
124361,"DT"
124362,"NNP"
124363,"NN"
124364,"POS"
124365,"JJ"
124366,"NN"
124367,"RB"
124368,"."
124369,"NN"
124370,"NNS"
124371,"VBD"
124372,"NNS"
124373,"IN"
124374,"DT"
124375,"JJ"
124376,"NN"
124377,","
124378,"VBG"
124379,"DT"
124380,"JJ"
124381,"NNS"
124382,"IN"
124383,"RB"
124384,"JJ"
124385,"IN"
124386,"CD"
124387,"NN"
124388,"."
124389,"NNS"
124390,"VBD"
124391,"NNS"
124392,"IN"
124393,"CD"
124394,"NNS"
124395,"RB"
124396,","
124397,"WRB"
124398,"JJ"
124399,"JJ"
124400,"NNS"
124401,"VBN"
124402,"IN"
124403,"TO"
124404,"PRP$"
124405,"NNS"
124406,"IN"
124407,"DT"
124408,"NNP"
124409,"NN"
124410,"CC"
124411,"DT"
124412,"JJ"
124413,"JJ"
124414,"NN"
124415,"VBD"
124416,"TO"
124417,"VB"
124418,"NN"
124419,"IN"
124420,"DT"
124421,"JJ"
124422,"CD"
124423,"NNS"
124424,"."
124425,"RB"
124426,"VBP"
124427,"NN"
124428,"NNS"
124429,"IN"
124430,"DT"
124431,"NN"
124432,"POS"
124433,"JJ"
124434,"NN"
124435,"NNS"
124436,","
124437,"RB"
124438,"VBN"
124439,"IN"
124440,"NNP"
124441,"NNP"
124442,"NNP"
124443,"NNP"
124444,"NNP"
124445,","
124446,"NNP"
124447,"."
124448,"TO"
124449,"VB"
124450,"PRP"
124451,"RB"
124452,"JJ"
124453,","
124454,"DT"
124455,"NN"
124456,"VBZ"
124457,"VBN"
124458,"IN"
124459,"DT"
124460,"NN"
124461,"IN"
124462,"CD"
124463,"VBG"
124464,"CD"
124465,"."
124466,"DT"
124467,"NN"
124468,"NN"
124469,"VBZ"
124470,"IN"
124471,"NN"
124472,"."
124473,"O"
124474,"NNP"
124475,"NNP"
124476,"NNP"
124477,"VBZ"
124478,"VBN"
124479,"TO"
124480,"VB"
124481,"VBN"
124482,"RB"
124483,"IN"
124484,"IN"
124485,"PRP"
124486,"VBD"
124487,"DT"
124488,"NN"
124489,"IN"
124490,"PRP$"
124491,"NN"
124492,","
124493,"NN"
124494,"RB"
124495,"MD"
124496,"VB"
124497,"RB"
124498,"IN"
124499,"NNP"
124500,"."
124501,"PRP"
124502,"VBP"
124503,"RB"
124504,"VBN"
124505,"IN"
124506,"NNP"
124507,"NNP"
124508,"VBD"
124509,"NNP"
124510,"POS"
124511,"NN"
124512,","
124513,"CC"
124514,"RB"
124515,"DT"
124516,"NN"
124517,"POS"
124518,"JJ"
124519,"NNS"
124520,"VBP"
124521,"VBG"
124522,"TO"
124523,"VB"
124524,"DT"
124525,"NNS"
124526,"WDT"
124527,"VBD"
124528,"PRP"
124529,"PDT"
124530,"DT"
124531,"JJ"
124532,"NN"
124533,"."
124534,"WP"
124535,"RB"
124536,"VBZ"
124537,"NN"
124538,"TO"
124539,"VB"
124540,"IN"
124541,"DT"
124542,"JJ"
124543,"NN"
124544,"NN"
124545,"RB"
124546,"VBN"
124547,"IN"
124548,"JJ"
124549,"JJ"
124550,"JJ"
124551,"NNS"
124552,"CC"
124553,"VBN"
124554,"IN"
124555,"DT"
124556,"NN"
124557,"POS"
124558,"NN"
124559,"NN"
124560,"."
124561,"IN"
124562,"VBN"
124563,"IN"
124564,"DT"
124565,"NNS"
124566,","
124567,"DT"
124568,"RB"
124569,"JJ"
124570,"NN"
124571,"MD"
124572,"VB"
124573,"IN"
124574,"JJ"
124575,"NNS"
124576,","
124577,"VB"
124578,"NN"
124579,"NN"
124580,"NNS"
124581,"IN"
124582,"CD"
124583,"NN"
124584,","
124585,"VBP"
124586,"JJ"
124587,"RB"
124588,"VBG"
124589,","
124590,"NN"
124591,"NNS"
124592,"VBD"
124593,"TO"
124594,"VB"
124595,"DT"
124596,"NN"
124597,"NN"
124598,","
124599,"CC"
124600,"VB"
124601,"DT"
124602,"JJ"
124603,"NN"
124604,"JJ"
124605,"NN"
124606,"VBN"
124607,"IN"
124608,"DT"
124609,"$"
124610,"CD"
124611,"CD"
124612,"NN"
124613,"TO"
124614,"VB"
124615,"DT"
124616,"NN"
124617,"CC"
124618,"NN"
124619,"PRP"
124620,"VBZ"
124621,"VBZ"
124622,"VBG"
124623,"RB"
124624,"JJ"
124625,"."
124626,"DT"
124627,"NN"
124628,"VBZ"
124629,"VBN"
124630,"RB"
124631,"IN"
124632,"DT"
124633,"NNS"
124634,"IN"
124635,"DT"
124636,"JJ"
124637,"NN"
124638,":"
124639,"DT"
124640,"NNP"
124641,"NNP"
124642,","
124643,"DT"
124644,"NNP"
124645,"IN"
124646,"NNP"
124647,"NNP"
124648,","
124649,"DT"
124650,"NNP"
124651,"NNP"
124652,"NNP"
124653,"NNP"
124654,","
124655,"DT"
124656,"NNP"
124657,"NNP"
124658,"NNP"
124659,"CC"
124660,"DT"
124661,"NNP"
124662,"IN"
124663,"DT"
124664,"NNP"
124665,"NNP"
124666,"."
124667,"RB"
124668,","
124669,"DT"
124670,"NNP"
124671,"NNP"
124672,"NNP"
124673,"VBZ"
124674,"VBG"
124675,"NN"
124676,"TO"
124677,"VB"
124678,"IN"
124679,"DT"
124680,"NN"
124681,"."
124682,"RB"
124683,"RB"
124684,"NNPS"
124685,"CC"
124686,"DT"
124687,"NNPS"
124688,"MD"
124689,"VB"
124690,"IN"
124691,"DT"
124692,"NN"
124693,"VBD"
124694,"."
124695,"DT"
124696,"NN"
124697,"VBZ"
124698,"DT"
124699,"NN"
124700,"IN"
124701,"DT"
124702,"NNS"
124703,"IN"
124704,"NNP"
124705,"WDT"
124706,"VBP"
124707,"RB"
124708,"VB"
124709,"DT"
124710,"NN"
124711,"POS"
124712,"NNS"
124713,"."
124714,"NNP"
124715,"NN"
124716,"NNS"
124717,"CC"
124718,"NNP"
124719,"NN"
124720,"NNS"
124721,"MD"
124722,"VB"
124723,"TO"
124724,"VB"
124725,"CC"
124726,"VB"
124727,"IN"
124728,"DT"
124729,"NNP"
124730,"NN"
124731,"."
124732,"IN"
124733,"JJ"
124734,"NNS"
124735,","
124736,"NNP"
124737,"VBZ"
124738,"VBG"
124739,"TO"
124740,"VB"
124741,"NN"
124742,"IN"
124743,"DT"
124744,"NN"
124745,"POS"
124746,"NN"
124747,"NN"
124748,"."
124749,"IN"
124750,"JJ"
124751,"DT"
124752,"JJ"
124753,"NN"
124754,"POS"
124755,"NN"
124756,"VBZ"
124757,"VBN"
124758,"IN"
124759,"JJ"
124760,"NN"
124761,"."
124762,"VB"
124763,"DT"
124764,"JJ"
124765,"NN"
124766,"."
124767,"DT"
124768,"JJ"
124769,"NN"
124770,"MD"
124771,"VB"
124772,"DT"
124773,"NN"
124774,"IN"
124775,"NN"
124776,"NN"
124777,"IN"
124778,"CD"
124779,"NN"
124780,"."
124781,"RB"
124782,"IN"
124783,"CD"
124784,"NNS"
124785,"IN"
124786,"DT"
124787,"JJ"
124788,"NN"
124789,"NN"
124790,","
124791,"PRP"
124792,"VBZ"
124793,"JJ"
124794,"IN"
124795,"NNS"
124796,"IN"
124797,"DT"
124798,"JJ"
124799,"NN"
124800,"MD"
124801,"VB"
124802,"DT"
124803,"NN"
124804,"IN"
124805,"WP"
124806,"VBZ"
124807,"VBN"
124808,"IN"
124809,"DT"
124810,"JJ"
124811,"NN"
124812,"."
124813,"CC"
124814,"IN"
124815,"JJ"
124816,"NN"
124817,"CC"
124818,"NNS"
124819,"VBP"
124820,"NN"
124821,"TO"
124822,"VB"
124823,"IN"
124824,"DT"
124825,"JJ"
124826,"NN"
124827,"NN"
124828,","
124829,"WDT"
124830,"VBZ"
124831,"VBG"
124832,"RP"
124833,"."
124834,"DT"
124835,"JJ"
124836,"NN"
124837,"TO"
124838,"VB"
124839,"IN"
124840,"DT"
124841,"NNS"
124842,"VBZ"
124843,"IN"
124844,"DT"
124845,"NNS"
124846,"IN"
124847,"WDT"
124848,"DT"
124849,"NNS"
124850,"PRP"
124851,"MD"
124852,"VB"
124853,"."
124854,"DT"
124855,"NN"
124856,"RB"
124857,"VBZ"
124858,"DT"
124859,"NN"
124860,"IN"
124861,"NN"
124862,"NNP"
124863,"NNP"
124864,"NNP"
124865,"NNP"
124866,"NNP"
124867,"NNP"
124868,"."
124869,"PRP"
124870,"VBZ"
124871,"VBG"
124872,"IN"
124873,"NN"
124874,"."
124875,"NNP"
124876,"NNP"
124877,"NNP"
124878,"NNP"
124879,"VBZ"
124880,"DT"
124881,"NN"
124882,"WP"
124883,"VBD"
124884,"DT"
124885,"NNS"
124886,"IN"
124887,"DT"
124888,"JJ"
124889,"JJ"
124890,"JJ"
124891,"NNS"
124892,"CC"
124893,"VBD"
124894,"PRP"
124895,"IN"
124896,"DT"
124897,"JJ"
124898,"NN"
124899,"NN"
124900,"TO"
124901,"VB"
124902,"VBN"
124903,"IN"
124904,"DT"
124905,"NN"
124906,"IN"
124907,"NN"
124908,"IN"
124909,"NNP"
124910,"CD"
124911,","
124912,"CD"
124913,"."
124914,"DT"
124915,"VBZ"
124916,"RB"
124917,"DT"
124918,"NN"
124919,"IN"
124920,"DT"
124921,"JJ"
124922,"NN"
124923,"."
124924,"DT"
124925,"NN"
124926,"VBZ"
124927,"TO"
124928,"VB"
124929,"VBN"
124930,"VBN"
124931,"TO"
124932,"VB"
124933,"RB"
124934,"DT"
124935,"JJ"
124936,"NNS"
124937,"IN"
124938,"NN"
124939,"IN"
124940,"DT"
124941,"JJ"
124942,"NNP"
124943,"NNS"
124944,"WP"
124945,"VB"
124946,"NN"
124947,"."
124948,"CC"
124949,"PRP"
124950,"VBZ"
124951,"NNP"
124952,"NNP"
124953,"NNP"
124954,"NNP"
124955,"TO"
124956,"VB"
124957,"IN"
124958,"NN"
124959,"NN"
124960,"NNS"
124961,"."
124962,"PRP"
124963,"MD"
124964,"VB"
124965,"DT"
124966,"JJ"
124967,"NN"
124968,"IN"
124969,"PRP$"
124970,"NN"
124971,":"
124972,"RB"
124973,"DT"
124974,"NN"
124975,"IN"
124976,"DT"
124977,"NNP"
124978,"NNP"
124979,"NNP"
124980,"NN"
124981,"("
124982,"IN"
124983,"WDT"
124984,"EX"
124985,"VBP"
124986,"DT"
124987,"NNS"
124988,")"
124989,"VBZ"
124990,"JJ"
124991,"."
124992,"DT"
124993,"NN"
124994,"VBZ"
124995,"VBG"
124996,"VBN"
124997,"DT"
124998,"JJ"
124999,"NN"
125000,","
125001,"CC"
125002,"RB"
125003,"PRP"
125004,"MD"
125005,"VB"
125006,"VBN"
125007,"DT"
125008,"JJ"
125009,"NN"
125010,"."
125011,"("
125012,"DT"
125013,"JJ"
125014,"NN"
125015,","
125016,"NNP"
125017,"NNP"
125018,"NNP"
125019,","
125020,"VBZ"
125021,"VBG"
125022,"DT"
125023,"NN"
125024,"NN"
125025,"NN"
125026,"RB"
125027,","
125028,"VBG"
125029,"PRP$"
125030,"JJ"
125031,"NN"
125032,"NN"
125033,"."
125034,")"
125035,"IN"
125036,"PRP"
125037,"VBZ"
125038,"JJ"
125039,"IN"
125040,"DT"
125041,"JJ"
125042,"NN"
125043,"NN"
125044,"MD"
125045,"VB"
125046,"VBN"
125047,"JJ"
125048,","
125049,"PRP"
125050,"VBZ"
125051,"IN"
125052,"NN"
125053,"NN"
125054,"IN"
125055,"IN"
125056,"JJ"
125057,"NNP"
125058,"PRP"
125059,"MD"
125060,"VB"
125061,"RB"
125062,"."
125063,"DT"
125064,"VBZ"
125065,"DT"
125066,"NN"
125067,"IN"
125068,"RB"
125069,"VBN"
125070,"DT"
125071,"NNP"
125072,"CD"
125073,"JJ"
125074,"NN"
125075,"."
125076,"IN"
125077,"DT"
125078,"JJ"
125079,"NN"
125080,"RB"
125081,"VBZ"
125082,"VBN"
125083,"NN"
125084,","
125085,"DT"
125086,"JJ"
125087,"NN"
125088,"MD"
125089,"VB"
125090,"RB"
125091,"."
125092,"DT"
125093,"NN"
125094,"VBZ"
125095,"DT"
125096,"JJ"
125097,"JJ"
125098,"NN"
125099,"JJ"
125100,"NN"
125101,"TO"
125102,"VB"
125103,"NNS"
125104,"CC"
125105,"NN"
125106,"NNS"
125107,"WDT"
125108,"VBP"
125109,"NNS"
125110,"PRP"
125111,"VBZ"
125112,"RB"
125113,"JJ"
125114,"."
125115,"DT"
125116,"VBZ"
125117,"DT"
125118,"NN"
125119,"CC"
125120,"JJ"
125121,"NNS"
125122,"RB"
125123,"RB"
125124,"MD"
125125,"VB"
125126,"TO"
125127,"VB"
125128,"IN"
125129,"JJ"
125130,"NN"
125131,"IN"
125132,"NN"
125133,":"
125134,"NNS"
125135,"MD"
125136,"VB"
125137,"DT"
125138,"NN"
125139,"."
125140,"NNP"
125141,"NNP"
125142,"NNP"
125143,"NNP"
125144,"CC"
125145,"PRP$"
125146,"NNS"
125147,"MD"
125148,"VB"
125149,"VBG"
125150,"IN"
125151,"DT"
125152,"NN"
125153,"VBZ"
125154,"PDT"
125155,"DT"
125156,"NN"
125157,"CC"
125158,"NN"
125159,"NN"
125160,"IN"
125161,"JJ"
125162,"NNS"
125163,"IN"
125164,"NNP"
125165,"POS"
125166,"NN"
125167,"RB"
125168,"IN"
125169,"RB"
125170,"DT"
125171,"NN"
125172,"IN"
125173,"NNP"
125174,","
125175,"NNP"
125176,"NNP"
125177,"MD"
125178,"VB"
125179,"IN"
125180,"PRP$"
125181,"NN"
125182,"."
125183,"IN"
125184,"NN"
125185,"DT"
125186,"NN"
125187,"POS"
125188,"NNS"
125189,"VBP"
125190,"RB"
125191,"RB"
125192,"DT"
125193,"NN"
125194,"NN"
125195,"PRP"
125196,"."
125197,"NNP"
125198,"NNP"
125199,","
125200,"IN"
125201,"NN"
125202,","
125203,"MD"
125204,"VB"
125205,"IN"
125206,"PRP"
125207,"VBZ"
125208,"RB"
125209,"VB"
125210,"TO"
125211,"VB"
125212,"DT"
125213,"NN"
125214,"WP"
125215,"VBD"
125216,"NN"
125217,"IN"
125218,"JJ"
125219,"NN"
125220,"TO"
125221,"DT"
125222,"NN"
125223,"NN"
125224,"IN"
125225,"NNP"
125226,"."
125227,"CC"
125228,"DT"
125229,"JJ"
125230,"NNS"
125231,"IN"
125232,"NNP"
125233,"POS"
125234,"JJ"
125235,"NN"
125236,"NNS"
125237,"NN"
125238,"MD"
125239,"RB"
125240,"VB"
125241,"TO"
125242,"VB"
125243,"RP"
125244,"IN"
125245,"DT"
125246,"NN"
125247,"MD"
125248,"VB"
125249,"JJ"
125250,"NNS"
125251,"IN"
125252,"DT"
125253,"NN"
125254,"POS"
125255,"JJS"
125256,"JJ"
125257,"NNS"
125258,"IN"
125259,"DT"
125260,"NN"
125261,"IN"
125262,"JJR"
125263,"NN"
125264,"NNS"
125265,"CC"
125266,"VBN"
125267,"NNS"
125268,"."
125269,"DT"
125270,"JJ"
125271,"NN"
125272,"MD"
125273,"VB"
125274,"NNP"
125275,"VB"
125276,"PRP"
125277,"IN"
125278,"DT"
125279,"NN"
125280,"RB"
125281,"IN"
125282,"DT"
125283,"NN"
125284,"RB"
125285,"VBN"
125286,"TO"
125287,"JJ"
125288,"CC"
125289,"JJ"
125290,"NN"
125291,","
125292,"CC"
125293,"IN"
125294,"CD"
125295,"VBG"
125296,"VBN"
125297,"TO"
125298,"VB"
125299,"PRP$"
125300,"JJ"
125301,"NNS"
125302,"VBP"
125303,"TO"
125304,"VB"
125305,"PRP"
125306,"."
125307,"O"
125308,"NNP"
125309,","
125310,"RB"
125311,"VBD"
125312,"DT"
125313,"NN"
125314,"NN"
125315,"."
125316,"RB"
125317,"JJ"
125318,"."
125319,"VBN"
125320,"IN"
125321,"NNS"
125322,"IN"
125323,"JJ"
125324,"NN"
125325,"IN"
125326,"JJ"
125327,"NNS"
125328,","
125329,"DT"
125330,"NNP"
125331,"NNP"
125332,"NNP"
125333,"NNP"
125334,"VBD"
125335,"NN"
125336,"CC"
125337,"VBD"
125338,"IN"
125339,"DT"
125340,"NN"
125341,"IN"
125342,"NNP"
125343,"POS"
125344,"JJ"
125345,"NN"
125346,","
125347,"VBG"
125348,"CD"
125349,"TO"
125350,"CD"
125351,"."
125352,"PRP"
125353,"VBD"
125354,"DT"
125355,"JJ"
125356,"NN"
125357,"IN"
125358,"DT"
125359,"NN"
125360,"IN"
125361,"CD"
125362,"JJ"
125363,"NNS"
125364,","
125365,"IN"
125366,"NNP"
125367,"NNP"
125368,"NNP"
125369,"NNP"
125370,"NNP"
125371,"NN"
125372,"IN"
125373,"CD"
125374,"NNS"
125375,":"
125376,"DT"
125377,"JJS"
125378,"IN"
125379,"DT"
125380,"NNS"
125381,"IN"
125382,"DT"
125383,"CD"
125384,"NN"
125385,"."
125386,"IN"
125387,"DT"
125388,"NN"
125389,"VBD"
125390,"NNS"
125391,"WP"
125392,"VBD"
125393,"DT"
125394,"JJ"
125395,"NN"
125396,"MD"
125397,"VB"
125398,"NN"
125399,","
125400,"PRP"
125401,"VBD"
125402,"RB"
125403,"DT"
125404,"JJ"
125405,"NN"
125406,"VBN"
125407,"IN"
125408,"JJ"
125409,"NN"
125410,"IN"
125411,"JJ"
125412,"NNS"
125413,"CC"
125414,"NN"
125415,"NNS"
125416,"."
125417,"DT"
125418,"JJ"
125419,"NN"
125420,":"
125421,"VBG"
125422,"NNS"
125423,"IN"
125424,"DT"
125425,"NNP"
125426,"NNP"
125427,"VBD"
125428,"NNS"
125429,","
125430,"CD"
125431,"TO"
125432,"CD"
125433,","
125434,"CC"
125435,"DT"
125436,"JJ"
125437,"NN"
125438,"WDT"
125439,"VBZ"
125440,"JJ"
125441,"JJR"
125442,"NNS"
125443,"VBD"
125444,"NNS"
125445,"IN"
125446,"NNP"
125447,"POS"
125448,"JJ"
125449,"NNP"
125450,"NNP"
125451,"NN"
125452,"."
125453,"DT"
125454,"NNP"
125455,"NNP"
125456,"NN"
125457,"VBD"
125458,"IN"
125459,"CD"
125460,"TO"
125461,"CD"
125462,"."
125463,"RB"
125464,","
125465,"IN"
125466,"DT"
125467,"NN"
125468,"IN"
125469,"CD"
125470,"IN"
125471,"DT"
125472,"NN"
125473,"POS"
125474,"JJS"
125475,"JJ"
125476,"NNS"
125477,","
125478,"DT"
125479,"NNP"
125480,"NNS"
125481,"POS"
125482,"NN"
125483,"NN"
125484,","
125485,"DT"
125486,"JJ"
125487,"NNP"
125488,"NNP"
125489,"NNP"
125490,"NNP"
125491,","
125492,"VBD"
125493,"CD"
125494,"TO"
125495,"CD"
125496,":"
125497,"PRP$"
125498,"RBS"
125499,"NN"
125500,"JJ"
125501,"TO"
125502,"DT"
125503,"JJ"
125504,"NN"
125505,"IN"
125506,"DT"
125507,"CD"
125508,"NN"
125509,"."
125510,"NNS"
125511,"VBD"
125512,"IN"
125513,"NN"
125514,"NNS"
125515,"IN"
125516,"CD"
125517,"NN"
125518,"NNS"
125519,","
125520,"NNP"
125521,"CC"
125522,"NNP"
125523,","
125524,"WDT"
125525,"DT"
125526,"VBD"
125527,"JJR"
125528,"IN"
125529,"CD"
125530,"NN"
125531,"WRB"
125532,"PRP"
125533,"VBD"
125534,"IN"
125535,"NN"
125536,"NN"
125537,"IN"
125538,"VBG"
125539,"JJ"
125540,"NNP"
125541,"NN"
125542,"."
125543,"NNP"
125544,","
125545,"DT"
125546,"NN"
125547,"NN"
125548,"IN"
125549,"DT"
125550,"NN"
125551,"IN"
125552,"NNP"
125553,"POS"
125554,"JJ"
125555,"NN"
125556,"NN"
125557,","
125558,"VBD"
125559,"CD"
125560,"CD"
125561,"TO"
125562,"CD"
125563,"CD"
125564,"IN"
125565,"RB"
125566,"CD"
125567,"CD"
125568,"NNS"
125569,"."
125570,"RB"
125571,","
125572,"``"
125573,"DT"
125574,"VBZ"
125575,"DT"
125576,"JJ"
125577,"NN"
125578,"CC"
125579,"PRP"
125580,"VBZ"
125581,"RB"
125582,"JJ"
125583,","
125584,"''"
125585,"VBD"
125586,"NNP"
125587,"NNP"
125588,"NNP"
125589,","
125590,"DT"
125591,"JJ"
125592,"NNP"
125593,"NNP"
125594,"NN"
125595,"IN"
125596,"DT"
125597,"NNP"
125598,"NNP"
125599,"."
125600,"``"
125601,"NN"
125602,"VBD"
125603,"DT"
125604,"JJ"
125605,"JJ"
125606,"IN"
125607,"DT"
125608,"JJ"
125609,"NN"
125610,"IN"
125611,"DT"
125612,"NN"
125613,"CC"
125614,"NN"
125615,"IN"
125616,"DT"
125617,"NNP"
125618,"NN"
125619,"TO"
125620,"VB"
125621,"IN"
125622,"JJ"
125623,"NN"
125624,"."
125625,"PRP"
125626,"VBZ"
125627,"RB"
125628,"DT"
125629,"JJ"
125630,"NN"
125631,"."
125632,"PRP"
125633,"VBP"
125634,"RB"
125635,"VB"
125636,"NN"
125637,"VBD"
125638,"DT"
125639,"NN"
125640,"NN"
125641,"NN"
125642,"."
125643,"''"
125644,"DT"
125645,"NN"
125646,"VBD"
125647,"NN"
125648,","
125649,"IN"
125650,"JJS"
125651,"IN"
125652,"RB"
125653,","
125654,"TO"
125655,"DT"
125656,"JJ"
125657,"NN"
125658,"IN"
125659,"NNP"
125660,"NNP"
125661,"NNP"
125662,"NNP"
125663,"NNP"
125664,"NNP"
125665,"NNP"
125666,"IN"
125667,"NNP"
125668,"POS"
125669,"NN"
125670,"NN"
125671,"VBD"
125672,"``"
125673,"DT"
125674,"JJ"
125675,"NN"
125676,","
125677,"CC"
125678,"RB"
125679,"DT"
125680,"NN"
125681,"."
125682,"''"
125683,"CC"
125684,"TO"
125685,"NNS"
125686,","
125687,"PRP"
125688,"VBD"
125689,"IN"
125690,"NN"
125691,"IN"
125692,"DT"
125693,"CD"
125694,"NN"
125695,"NN"
125696,"NN"
125697,"."
125698,"DT"
125699,"NNP"
125700,"NNP"
125701,"NNP"
125702,"NNP"
125703,"VBD"
125704,"RB"
125705,"CD"
125706,"RB"
125707,"IN"
125708,"CD"
125709,"."
125710,"CC"
125711,"JJS"
125712,"IN"
125713,"DT"
125714,"CD"
125715,"JJ"
125716,"NNS"
125717,"IN"
125718,"DT"
125719,"NN"
125720,","
125721,"VBG"
125722,"NNP"
125723,"NNP"
125724,"CC"
125725,"NNP"
125726,"NNP"
125727,","
125728,"MD"
125729,"RB"
125730,"VB"
125731,"RB"
125732,"IN"
125733,"DT"
125734,"JJ"
125735,"NN"
125736,"IN"
125737,"JJ"
125738,"NNS"
125739,"VBD"
125740,"IN"
125741,"IN"
125742,"NNP"
125743,"POS"
125744,"NN"
125745,"NN"
125746,"."
125747,"IN"
125748,"NNP"
125749,","
125750,"NNP"
125751,"CC"
125752,"NNP"
125753,":"
125754,"CD"
125755,"IN"
125756,"DT"
125757,"RBS"
125758,"JJ"
125759,"NNP"
125760,"NNS"
125761,"IN"
125762,"JJ"
125763,":"
125764,"VBD"
125765,"RP"
125766,"LS"
125767,"CD"
125768,"TO"
125769,"CD"
125770,"."
125771,"NNP"
125772,"NNP"
125773,"VBD"
125774,"TO"
125775,"DT"
125776,"JJ"
125777,"NN"
125778,"NN"
125779,","
125780,"CC"
125781,"TO"
125782,"JJ"
125783,"NNS"
125784,"PRP"
125785,"VBD"
125786,"RB"
125787,"IN"
125788,"NNS"
125789,"VBD"
125790,"VBN"
125791,"IN"
125792,"RB"
125793,"DT"
125794,"JJ"
125795,"NN"
125796,"."
125797,"JJR"
125798,"NNS"
125799,"VBD"
125800,"IN"
125801,"DT"
125802,"JJ"
125803,"NN"
125804,"NN"
125805,","
125806,"IN"
125807,"DT"
125808,"CD"
125809,"NNP"
125810,"NNP"
125811,"NN"
125812,"NNS"
125813,"IN"
125814,"NN"
125815,"IN"
125816,"VBG"
125817,"DT"
125818,"NN"
125819,"JJ"
125820,"NN"
125821,"TO"
125822,"VB"
125823,"JJ"
125824,"NNS"
125825,"IN"
125826,"JJ"
125827,"NN"
125828,"NNS"
125829,"TO"
125830,"VB"
125831,"DT"
125832,"NN"
125833,"NN"
125834,"."
125835,"RB"
125836,","
125837,"TO"
125838,"VB"
125839,"NNS"
125840,"JJR"
125841,","
125842,"JJ"
125843,"VB"
125844,"NNS"
125845,"VBN"
125846,"IN"
125847,","
125848,"VBG"
125849,"NNS"
125850,"IN"
125851,"NN"
125852,"NNS"
125853,"."
125854,"EX"
125855,"VBD"
125856,"JJ"
125857,"NN"
125858,"NN"
125859,","
125860,"IN"
125861,"NNS"
125862,"VBD"
125863,"JJ"
125864,"NNS"
125865,"IN"
125866,"NN"
125867,"CC"
125868,"VBD"
125869,"JJ"
125870,"NNS"
125871,"TO"
125872,"VB"
125873,"IN"
125874,"DT"
125875,"NN"
125876,"NNS"
125877,"IN"
125878,"DT"
125879,"CD"
125880,"NNS"
125881,"."
125882,"NNP"
125883,"VBD"
125884,"DT"
125885,"NN"
125886,"IN"
125887,"NNP"
125888,","
125889,"WRB"
125890,"NNP"
125891,"CC"
125892,"NNP"
125893,"POS"
125894,"JJ"
125895,"NN"
125896,"NNS"
125897,"VBD"
125898,"VBN"
125899,"IN"
125900,"DT"
125901,"JJ"
125902,"NN"
125903,"TO"
125904,"NNS"
125905,"."
125906,"DT"
125907,"NN"
125908,"IN"
125909,"DT"
125910,"NN"
125911,"NN"
125912,"VBN"
125913,"DT"
125914,"NNS"
125915,"IN"
125916,"DT"
125917,"IN"
125918,"DT"
125919,"JJ"
125920,"NN"
125921,"NN"
125922,"NNS"
125923,"MD"
125924,"VB"
125925,"RB"
125926,"IN"
125927,"DT"
125928,"NN"
125929,"VBD"
125930,"."
125931,"PRP"
125932,"VBD"
125933,"RB"
125934,"."
125935,"NNP"
125936,"NNP"
125937,"VBD"
125938,"PRP$"
125939,"NN"
125940,","
125941,"VBG"
125942,"CD"
125943,"IN"
125944,"DT"
125945,"JJ"
125946,"CD"
125947,"NNS"
125948,"IN"
125949,"NN"
125950,"."
125951,"IN"
125952,"NN"
125953,"NNS"
125954,"RB"
125955,"IN"
125956,"NN"
125957,","
125958,"NNS"
125959,"VBD"
125960,"RB"
125961,"IN"
125962,"DT"
125963,"NN"
125964,"CC"
125965,"JJ"
125966,"NNS"
125967,"VBP"
125968,"."
125969,"RB"
125970,"IN"
125971,"NNP"
125972,"DT"
125973,"NNP"
125974,"RB"
125975,"VBD"
125976,"TO"
125977,"VB"
125978,","
125979,"CC"
125980,"WRB"
125981,"PRP"
125982,"VBD"
125983,"RB"
125984,"PRP"
125985,"VBD"
125986,"RB"
125987,"RB"
125988,"JJR"
125989,"IN"
125990,"DT"
125991,"JJ"
125992,"NN"
125993,"."
125994,"CC"
125995,"DT"
125996,"NN"
125997,","
125998,"PRP"
125999,"VBD"
126000,"RB"
126001,"RB"
126002,"DT"
126003,"NN"
126004,"NNS"
126005,"WP"
126006,"VBD"
126007,"JJ"
126008,"."
126009,"DT"
126010,"JJ"
126011,"NN"
126012,"VBD"
126013,"VBN"
126014,"NNS"
126015,"TO"
126016,"JJ"
126017,"JJ"
126018,"NNS"
126019,"IN"
126020,"JJ"
126021,"NN"
126022,"NNS"
126023,"CC"
126024,"JJ"
126025,"NN"
126026,"NN"
126027,"NNS"
126028,"VBD"
126029,"VBG"
126030,"NNS"
126031,"RB"
126032,"."
126033,"DT"
126034,"NN"
126035,"NNS"
126036,"VBD"
126037,"IN"
126038,"RB"
126039,","
126040,"RB"
126041,","
126042,"IN"
126043,"NN"
126044,"."
126045,"CC"
126046,"VBG"
126047,"TO"
126048,"CD"
126049,"NN"
126050,","
126051,"DT"
126052,"NNS"
126053,"``"
126054,"VBD"
126055,"RB"
126056,"VB"
126057,"RB"
126058,"JJ"
126059,"IN"
126060,"DT"
126061,"NN"
126062,"IN"
126063,"IN"
126064,"DT"
126065,"NN"
126066,"IN"
126067,"EX"
126068,"VBD"
126069,"("
126070,"RB"
126071,")"
126072,"DT"
126073,"NN"
126074,"IN"
126075,"VBG"
126076,"''"
126077,"IN"
126078,"NNS"
126079,"."
126080,"NNP"
126081,"NNP"
126082,"NNP"
126083,","
126084,"NN"
126085,"IN"
126086,"DT"
126087,"NNP"
126088,"NNP"
126089,"NNP"
126090,"IN"
126091,"NNP"
126092,","
126093,"WDT"
126094,"VBZ"
126095,"$"
126096,"CD"
126097,"CD"
126098,"IN"
126099,"NNS"
126100,","
126101,"VBD"
126102,"DT"
126103,"``"
126104,"JJ"
126105,"NN"
126106,"PRP"
126107,"VBD"
126108,"VBD"
126109,"TO"
126110,"VB"
126111,"PRP$"
126112,"NNS"
126113,"''"
126114,"NN"
126115,"NN"
126116,"."
126117,"``"
126118,"IN"
126119,"DT"
126120,"NN"
126121,"RB"
126122,"IN"
126123,"DT"
126124,","
126125,"PRP"
126126,"MD"
126127,"RB"
126128,"VB"
126129,"DT"
126130,"$"
126131,"CD"
126132,"CD"
126133,"CC"
126134,"VBD"
126135,"PRP"
126136,"IN"
126137,"''"
126138,"DT"
126139,"NN"
126140,"."
126141,"NN"
126142,"IN"
126143,"NNP"
126144,"NNP"
126145,"NNP"
126146,"RB"
126147,"VBD"
126148,"NNS"
126149,"POS"
126150,"NNS"
126151,"."
126152,"VBG"
126153,"TO"
126154,"NNP"
126155,"NNP"
126156,"NNS"
126157,","
126158,"NNP"
126159,"VBD"
126160,"CD"
126161,"IN"
126162,"DT"
126163,"JJS"
126164,"NN"
126165,"NNS"
126166,"IN"
126167,"NNP"
126168,":"
126169,"PRP"
126170,"VBD"
126171,"CD"
126172,"IN"
126173,"DT"
126174,"CD"
126175,"NNS"
126176,"WDT"
126177,"MD"
126178,"RB"
126179,"VB"
126180,"NN"
126181,"IN"
126182,"NN"
126183,"."
126184,"DT"
126185,"NN"
126186,"VBD"
126187,"RB"
126188,"IN"
126189,"CD"
126190,"CD"
126191,","
126192,"RB"
126193,"CD"
126194,"CD"
126195,"."
126196,"CC"
126197,"RB"
126198,"PRP"
126199,"VBD"
126200,"RB"
126201,"CD"
126202,"CD"
126203,"IN"
126204,"NNP"
126205,","
126206,"NNP"
126207,"CC"
126208,"NNP"
126209,"VBD"
126210,"IN"
126211,"CC"
126212,"VBD"
126213,","
126214,"NNS"
126215,"VBD"
126216,"."
126217,"RB"
126218,","
126219,"NNP"
126220,"NN"
126221,"NNP"
126222,"NNP"
126223,"VBD"
126224,":"
126225,"``"
126226,"PRP"
126227,"MD"
126228,"VB"
126229,"VBN"
126230,"IN"
126231,"NNP"
126232,"VBD"
126233,"CD"
126234,"NN"
126235,"IN"
126236,"DT"
126237,"JJ"
126238,"NN"
126239,"."
126240,"''"
126241,"NNP"
126242,"NNP"
126243,"NNP"
126244,","
126245,"NN"
126246,"NNS"
126247,"VBD"
126248,"VBN"
126249,"IN"
126250,"PRP"
126251,"MD"
126252,"IN"
126253,"JJS"
126254,"VB"
126255,"DT"
126256,"NN"
126257,"NN"
126258,","
126259,"IN"
126260,"NN"
126261,"TO"
126262,"NNP"
126263,"POS"
126264,"NN"
126265,"."
126266,"IN"
126267,"NNP"
126268,","
126269,"NNP"
126270,"CC"
126271,"NNP"
126272,"NNP"
126273,","
126274,"NN"
126275,"NN"
126276,"NN"
126277,"NNP"
126278,"NNP"
126279,"VBD"
126280,":"
126281,"``"
126282,"PRP"
126283,"VBP"
126284,"DT"
126285,"NN"
126286,"VBD"
126287,"JJ"
126288,"."
126289,"PRP"
126290,"VBD"
126291,"JJ"
126292,"."
126293,"PRP"
126294,"VBD"
126295,"DT"
126296,"NNS"
126297,"RB"
126298,"."
126299,"EX"
126300,"VBD"
126301,"RB"
126302,"DT"
126303,"NN"
126304,"IN"
126305,"NN"
126306,"NN"
126307,","
126308,"CC"
126309,"RB"
126310,"CC"
126311,"RB"
126312,":"
126313,"."
126314,"RB"
126315,"IN"
126316,"NNP"
126317,"WRB"
126318,"PRP"
126319,"RB"
126320,"VBD"
126321,"("
126322,"DT"
126323,"NN"
126324,")"
126325,"RP"
126326,"."
126327,"''"
126328,"RB"
126329,","
126330,"DT"
126331,"NN"
126332,"VBD"
126333,"RB"
126334,"RB"
126335,"VBN"
126336,"IN"
126337,"JJ"
126338,"NN"
126339,","
126340,"CC"
126341,"NNS"
126342,"VBD"
126343,"JJ"
126344,"."
126345,"CC"
126346,"IN"
126347,"DT"
126348,"JJ"
126349,"NN"
126350,","
126351,"DT"
126352,"NNP"
126353,"VBD"
126354,"IN"
126355,"CD"
126356,"NNS"
126357,"IN"
126358,"CD"
126359,"NNS"
126360,","
126361,"CC"
126362,"IN"
126363,"NNP"
126364,"DT"
126365,"NN"
126366,"VBD"
126367,"DT"
126368,"NN"
126369,"IN"
126370,"CD"
126371,"."
126372,"IN"
126373,"DT"
126374,"NNP"
126375,"NNP"
126376,"NN"
126377,"CC"
126378,"IN"
126379,"NN"
126380,"NNS"
126381,","
126382,"NNS"
126383,"VBD"
126384,"PRP$"
126385,"NN"
126386,"."
126387,"NNP"
126388,"NNP"
126389,"NNP"
126390,","
126391,"DT"
126392,"NN"
126393,"IN"
126394,"NNP"
126395,"NNP"
126396,"NNP"
126397,"NNP"
126398,"POS"
126399,"NNP"
126400,"NN"
126401,":"
126402,"``"
126403,"PRP"
126404,"VBP"
126405,"PRP"
126406,","
126407,"DT"
126408,"NN"
126409,"VBZ"
126410,"JJ"
126411,"."
126412,"''"
126413,"NNP"
126414,"PRP"
126415,","
126416,"NNS"
126417,"IN"
126418,"NNS"
126419,"VBD"
126420,"TO"
126421,"VB"
126422,"DT"
126423,"NN"
126424,"IN"
126425,"NN"
126426,":"
126427,"PRP$"
126428,"NN"
126429,"VBD"
126430,"RP"
126431,"NNS"
126432,"IN"
126433,"NNP"
126434,"NN"
126435,"TO"
126436,"VB"
126437,"PRP"
126438,"RP"
126439,"."
126440,"IN"
126441,"NNP"
126442,"NNP"
126443,"NNS"
126444,","
126445,"DT"
126446,"NN"
126447,"VBD"
126448,"``"
126449,"VB"
126450,"PRP$"
126451,"NNS"
126452,"''"
126453,":"
126454,"VBG"
126455,"WDT"
126456,"NNS"
126457,"RB"
126458,"VBN"
126459,"TO"
126460,"VB"
126461,"JJR"
126462,"NNS"
126463,"IN"
126464,"PRP$"
126465,"NNS"
126466,"."
126467,"``"
126468,"PRP"
126469,"VBD"
126470,"JJ"
126471,"IN"
126472,"DT"
126473,"NN"
126474,","
126475,"''"
126476,"VBD"
126477,"NNP"
126478,"NNP"
126479,"NNP"
126480,"NN"
126481,"."
126482,"CC"
126483,"RB"
126484,"NN"
126485,"VBD"
126486,"VBG"
126487,"NN"
126488,"."
126489,"DT"
126490,"NN"
126491,"IN"
126492,"DT"
126493,"NNP"
126494,"NNP"
126495,"NNPS"
126496,"NNP"
126497,","
126498,"DT"
126499,"NN"
126500,"POS"
126501,"JJ"
126502,"NNS"
126503,"NN"
126504,","
126505,"VBD"
126506,"JJ"
126507,"IN"
126508,"DT"
126509,"NN"
126510,"IN"
126511,"NNP"
126512,"CD"
126513,"NN"
126514,"NNS"
126515,"VBD"
126516,"VBN"
126517,"NNP"
126518,"."
126519,"JJ"
126520,"NN"
126521,"NNS"
126522,"IN"
126523,"DT"
126524,"NNP"
126525,"CD"
126526,"NN"
126527,"NNS"
126528,"NN"
126529,"VBD"
126530,"JJ"
126531,"NNS"
126532,"NNP"
126533,","
126534,"CC"
126535,"WRB"
126536,"DT"
126537,"JJ"
126538,"VBD"
126539,"PRP"
126540,"VBD"
126541,"VBN"
126542,"IN"
126543,"JJ"
126544,"NNS"
126545,"."
126546,"IN"
126547,"DT"
126548,"NN"
126549,","
126550,"NN"
126551,"NNS"
126552,"VBD"
126553,"DT"
126554,"NNP"
126555,"NN"
126556,"NNS"
126557,"TO"
126558,"VB"
126559,"RP"
126560,"IN"
126561,"PRP$"
126562,"NNS"
126563,"IN"
126564,"DT"
126565,"NN"
126566,"NNP"
126567,"NN"
126568,"."
126569,"``"
126570,"PRP"
126571,"VBD"
126572,"RB"
126573,"VBN"
126574,","
126575,"JJ"
126576,","
126577,"''"
126578,"VBD"
126579,"CD"
126580,"JJ"
126581,"NNS"
126582,"NN"
126583,"."
126584,"DT"
126585,"NNS"
126586,"VBD"
126587,"IN"
126588,"DT"
126589,"RB"
126590,"VBN"
126591,"NNP"
126592,"NNP"
126593,"NNP"
126594,","
126595,"WP$"
126596,"CD"
126597,"NNS"
126598,"VBP"
126599,"DT"
126600,"NNP"
126601,"NNS"
126602,","
126603,"VBD"
126604,"RB"
126605,"JJ"
126606,"NN"
126607,"POS"
126608,"JJ"
126609,"NN"
126610,"."
126611,"NNP"
126612,"NNP"
126613,","
126614,"DT"
126615,"NN"
126616,"IN"
126617,"NN"
126618,"NN"
126619,"CC"
126620,"NN"
126621,","
126622,"VBD"
126623,","
126624,"``"
126625,"DT"
126626,"NN"
126627,"IN"
126628,"NN"
126629,"CC"
126630,"CD"
126631,"NNS"
126632,"RB"
126633,"''"
126634,":"
126635,"``"
126636,"JJ"
126637,"NNP"
126638,","
126639,"''"
126640,"NNP"
126641,"CD"
126642,","
126643,"CD"
126644,":"
126645,"``"
126646,"VBZ"
126647,"WDT"
126648,"RB"
126649,"PRP"
126650,"VBN"
126651,"DT"
126652,"JJR"
126653,"TO"
126654,"VB"
126655,"IN"
126656,"DT"
126657,"JJ"
126658,"NN"
126659,"NN"
126660,","
126661,"VB"
126662,"$"
126663,"LS"
126664,"CD"
126665,"CC"
126666,"VB"
126667,"DT"
126668,"NN"
126669,"NN"
126670,"VBD"
126671,"."
126672,"DT"
126673,"NN"
126674,"("
126675,"NNS"
126676,")"
126677,"VBD"
126678,"DT"
126679,"NNS"
126680,"VBG"
126681,"CC"
126682,"VBN"
126683,"RP"
126684,"CC"
126685,"VBN"
126686,"RP"
126687,"."
126688,"RB"
126689,"WRB"
126690,"DT"
126691,"NN"
126692,"VBD"
126693,"IN"
126694,"DT"
126695,"JJ"
126696,"NN"
126697,"TO"
126698,"VB"
126699,","
126700,"PRP"
126701,"VBD"
126702,"IN"
126703,"IN"
126704,"DT"
126705,"NN"
126706,"."
126707,"''"
126708,"RB"
126709,","
126710,"VBG"
126711,"TO"
126712,"CD"
126713,"NN"
126714,","
126715,"DT"
126716,"NN"
126717,"IN"
126718,"NNP"
126719,"NNP"
126720,"NNP"
126721,"NNS"
126722,"NN"
126723,"RB"
126724,"IN"
126725,"DT"
126726,"NN"
126727,"VBD"
126728,"JJ"
126729,"TO"
126730,"DT"
126731,"IN"
126732,"JJ"
126733,"NNP"
126734,"."
126735,"``"
126736,"NNS"
126737,"VBD"
126738,"VBG"
126739,"DT"
126740,"NN"
126741,"NN"
126742,"RBR"
126743,","
126744,"''"
126745,"VBD"
126746,"NNP"
126747,"NNP"
126748,","
126749,"NN"
126750,"IN"
126751,"JJ"
126752,"NNS"
126753,"NN"
126754,"IN"
126755,"NNP"
126756,"NNPS"
126757,"NNP"
126758,"."
126759,"IN"
126760,"DT"
126761,"NNP"
126762,"NNP"
126763,"POS"
126764,"NN"
126765,"NNS"
126766,"VBD"
126767,"IN"
126768,"DT"
126769,"RB"
126770,"JJ"
126771,"NN"
126772,"NN"
126773,","
126774,"PRP$"
126775,"NN"
126776,"NN"
126777,"VBD"
126778,"RB"
126779,"IN"
126780,"IN"
126781,"NNP"
126782,"POS"
126783,"NN"
126784,"NN"
126785,","
126786,"VBG"
126787,"TO"
126788,"NNS"
126789,"CC"
126790,"NNS"
126791,"WP"
126792,"VBP"
126793,"IN"
126794,"PRP"
126795,"."
126796,"NNS"
126797,"VBD"
126798,"VBN"
126799,"IN"
126800,"PRP$"
126801,"NN"
126802,"TO"
126803,"VB"
126804,"JJ"
126805,"NNS"
126806,"IN"
126807,"DT"
126808,"NNP"
126809,"NN"
126810,"."
126811,"CC"
126812,"NN"
126813,","
126814,"RB"
126815,"IN"
126816,"NNS"
126817,"IN"
126818,"JJ"
126819,"JJ"
126820,"JJ"
126821,"NNS"
126822,"IN"
126823,"NNP"
126824,","
126825,"``"
126826,"PRP"
126827,"VBD"
126828,"("
126829,"DT"
126830,"NNS"
126831,")"
126832,"CC"
126833,"PRP"
126834,"VBD"
126835,"RB"
126836,"RB"
126837,"JJ"
126838,","
126839,"''"
126840,"VBD"
126841,"NNP"
126842,"POS"
126843,"NNP"
126844,"NNP"
126845,","
126846,"WP"
126847,"VBD"
126848,"VBN"
126849,"JJ"
126850,"IN"
126851,"DT"
126852,"NNS"
126853,"POS"
126854,"NN"
126855,"IN"
126856,"NNP"
126857,"."
126858,"VBG"
126859,"TO"
126860,"DT"
126861,"NNP"
126862,"NNP"
126863,"NN"
126864,","
126865,"IN"
126866,"JJ"
126867,"NNS"
126868,"VBD"
126869,"RB"
126870,","
126871,"EX"
126872,"VBD"
126873,"JJ"
126874,"NN"
126875,"NNS"
126876,"IN"
126877,"JJ"
126878,"CD"
126879,"NNS"
126880,":"
126881,"NNP"
126882,","
126883,"NNP"
126884,"CC"
126885,"NNP"
126886,"NNP"
126887,"."
126888,"NNP"
126889,"VBZ"
126890,"CD"
126891,"IN"
126892,"DT"
126893,"RBS"
126894,"JJ"
126895,"NNS"
126896,"IN"
126897,"DT"
126898,"NNP"
126899,"NNP"
126900,"NNP"
126901,"."
126902,"DT"
126903,"NN"
126904,"IN"
126905,"DT"
126906,"NN"
126907,"VBZ"
126908,"VBN"
126909,"VBN"
126910,"IN"
126911,"DT"
126912,"JJ"
126913,"CD"
126914,"NNS"
126915,"POS"
126916,"NNS"
126917,"."
126918,"RB"
126919,"IN"
126920,"DT"
126921,"NNP"
126922,"NNS"
126923,"POS"
126924,"NN"
126925,"IN"
126926,"NNP"
126927,"CD"
126928,"IN"
126929,"NNP"
126930,"POS"
126931,"NN"
126932,","
126933,"RB"
126934,"JJ"
126935,"NNS"
126936,"VBP"
126937,"VBN"
126938,"VBN"
126939,"IN"
126940,"IN"
126941,"NN"
126942,","
126943,"NNS"
126944,","
126945,"JJ"
126946,"NNS"
126947,"CC"
126948,"NN"
126949,"NN"
126950,"NNS"
126951,"."
126952,"CC"
126953,"NN"
126954,","
126955,"DT"
126956,"NN"
126957,"VBG"
126958,"NN"
126959,"NN"
126960,"VBD"
126961,"NN"
126962,"NN"
126963,"NN"
126964,"NNS"
126965,"."
126966,"IN"
126967,"NN"
126968,","
126969,"NNP"
126970,"VBD"
126971,"CD"
126972,"CD"
126973,"TO"
126974,"CD"
126975,","
126976,"NNP"
126977,"VBD"
126978,"CD"
126979,"CD"
126980,"TO"
126981,"CD"
126982,"CD"
126983,"CC"
126984,"NNP"
126985,"NNP"
126986,"VBD"
126987,"CD"
126988,"CD"
126989,"TO"
126990,"CD"
126991,"."
126992,"IN"
126993,"IN"
126994,"DT"
126995,"NNP"
126996,"CC"
126997,"NNP"
126998,"NNP"
126999,","
127000,"NNS"
127001,"VBD"
127002,"DT"
127003,"JJS"
127004,"NN"
127005,"IN"
127006,"DT"
127007,"NN"
127008,"NN"
127009,"."
127010,"NNP"
127011,"NNP"
127012,"VBD"
127013,"DT"
127014,"NNP"
127015,"NNP"
127016,"POS"
127017,"JJS"
127018,"JJ"
127019,"NN"
127020,","
127021,"VBG"
127022,"CD"
127023,"CD"
127024,"TO"
127025,"CD"
127026,"CD"
127027,"IN"
127028,"RB"
127029,"CD"
127030,"CD"
127031,"NNS"
127032,"."
127033,"IN"
127034,"JJ"
127035,"JJ"
127036,"NNS"
127037,","
127038,"NNP"
127039,"NNP"
127040,"VBD"
127041,"RB"
127042,"CD"
127043,"IN"
127044,"CD"
127045,"CD"
127046,"IN"
127047,"CD"
127048,"CD"
127049,"NNS"
127050,"CC"
127051,"NNP"
127052,"NNP"
127053,"CC"
127054,"NNP"
127055,"VBD"
127056,"CD"
127057,"CD"
127058,"TO"
127059,"CD"
127060,"IN"
127061,"RB"
127062,"CD"
127063,"CD"
127064,"NNS"
127065,"."
127066,"NNS"
127067,"IN"
127068,"NNP"
127069,"NNP"
127070,"NNP"
127071,","
127072,"WDT"
127073,"VBD"
127074,"NN"
127075,"NN"
127076,","
127077,"VBN"
127078,"IN"
127079,"CD"
127080,","
127081,"RB"
127082,"CD"
127083,","
127084,"IN"
127085,"VBG"
127086,"IN"
127087,"CD"
127088,"IN"
127089,"NNP"
127090,"POS"
127091,"NN"
127092,"IN"
127093,"DT"
127094,"JJ"
127095,"NN"
127096,"IN"
127097,"CD"
127098,"NNS"
127099,"."
127100,"NNS"
127101,"IN"
127102,"CD"
127103,"NN"
127104,"NNS"
127105,"VBD"
127106,"IN"
127107,"PRP"
127108,"VBD"
127109,"NNS"
127110,"."
127111,"NNP"
127112,"NNP"
127113,"VBD"
127114,"CD"
127115,"CD"
127116,"TO"
127117,"CD"
127118,","
127119,"NNP"
127120,"VBD"
127121,"CD"
127122,"TO"
127123,"CD"
127124,"CD"
127125,"CC"
127126,"NNP"
127127,"NNP"
127128,"VBD"
127129,"CD"
127130,"TO"
127131,"CD"
127132,"CD"
127133,"."
127134,"NNP"
127135,"NNP"
127136,"NNP"
127137,"NNP"
127138,","
127139,"DT"
127140,"RB"
127141,"JJ"
127142,"NN"
127143,","
127144,"VBD"
127145,"CD"
127146,"TO"
127147,"CD"
127148,"IN"
127149,"RB"
127150,"CD"
127151,"CD"
127152,"NNS"
127153,"."
127154,"IN"
127155,"DT"
127156,"NN"
127157,"NN"
127158,"IN"
127159,"DT"
127160,"NN"
127161,"IN"
127162,"NN"
127163,"NN"
127164,","
127165,"DT"
127166,"NNP"
127167,"NNP"
127168,"POS"
127169,"NNP"
127170,"NNP"
127171,"CC"
127172,"JJ"
127173,"NN"
127174,"NNS"
127175,"VBD"
127176,"DT"
127177,"NN"
127178,"IN"
127179,"PRP$"
127180,"NNS"
127181,"CC"
127182,"NNS"
127183,"."
127184,"NNP"
127185,"NNP"
127186,"VBD"
127187,"DT"
127188,"NN"
127189,"NN"
127190,"NNS"
127191,"VBD"
127192,"RB"
127193,"JJ"
127194,"IN"
127195,"VBG"
127196,"NNP"
127197,"POS"
127198,"NN"
127199,"IN"
127200,"DT"
127201,"NN"
127202,"IN"
127203,"DT"
127204,"NN"
127205,"IN"
127206,"DT"
127207,"JJ"
127208,"NNS"
127209,"IN"
127210,"JJ"
127211,"NNS"
127212,"."
127213,"DT"
127214,"CD"
127215,"CD"
127216,"IN"
127217,"DT"
127218,"JJR"
127219,"IN"
127220,"CD"
127221,"CD"
127222,"NNS"
127223,"VBN"
127224,"IN"
127225,"DT"
127226,"JJ"
127227,"CD"
127228,"NNS"
127229,"IN"
127230,"NNP"
127231,"POS"
127232,"NN"
127233,","
127234,"WRB"
127235,"DT"
127236,"NN"
127237,"IN"
127238,"NN"
127239,"NNS"
127240,"VBD"
127241,"VBN"
127242,","
127243,"VBD"
127244,"VBN"
127245,","
127246,"PRP"
127247,"VBD"
127248,"."
127249,"NN"
127250,"NNS"
127251,"VBP"
127252,"RB"
127253,"CD"
127254,"NN"
127255,"IN"
127256,"DT"
127257,"NN"
127258,"POS"
127259,"NN"
127260,"IN"
127261,"DT"
127262,"JJ"
127263,"NN"
127264,","
127265,"CC"
127266,"IN"
127267,"DT"
127268,"NN"
127269,"NNP"
127270,","
127271,"PRP"
127272,"VBD"
127273,"``"
127274,"RB"
127275,"RB"
127276,"NN"
127277,"PRP"
127278,"MD"
127279,"VB"
127280,"VBN"
127281,"DT"
127282,"NN"
127283,"NN"
127284,","
127285,"''"
127286,"NNP"
127287,"NNP"
127288,"VBD"
127289,"."
127290,"NNP"
127291,"NNP"
127292,"VBD"
127293,"NN"
127294,"IN"
127295,"DT"
127296,"NN"
127297,"VBD"
127298,"NN"
127299,"."
127300,"``"
127301,"RB"
127302,","
127303,"DT"
127304,"NN"
127305,"PRP"
127306,"VBP"
127307,"DT"
127308,"NN"
127309,"IN"
127310,"NN"
127311,","
127312,"PRP"
127313,"VBZ"
127314,"VBG"
127315,"TO"
127316,"VB"
127317,"NN"
127318,"JJ"
127319,","
127320,"VBG"
127321,"PRP"
127322,","
127323,"''"
127324,"PRP"
127325,"VBD"
127326,"."
127327,"PRP"
127328,"VBD"
127329,"DT"
127330,"NN"
127331,"NNS"
127332,"VBD"
127333,"NNS"
127334,"IN"
127335,"NNP"
127336,"NNP"
127337,"NNS"
127338,"IN"
127339,"DT"
127340,"NN"
127341,"CC"
127342,"DT"
127343,"``"
127344,"PDT"
127345,"DT"
127346,"NNS"
127347,"VBN"
127348,"RB"
127349,","
127350,"RB"
127351,"RB"
127352,"NN"
127353,"."
127354,"''"
127355,"RB"
127356,","
127357,"NNP"
127358,"NNP"
127359,","
127360,"NNP"
127361,"POS"
127362,"NN"
127363,"IN"
127364,"JJ"
127365,"NN"
127366,"NN"
127367,","
127368,"VBD"
127369,"JJ"
127370,"NNS"
127371,"IN"
127372,"DT"
127373,"NNP"
127374,"NN"
127375,","
127376,"WP"
127377,"VBD"
127378,"JJ"
127379,"NNS"
127380,"IN"
127381,"DT"
127382,"NNP"
127383,"POS"
127384,"JJS"
127385,"NN"
127386,"NNS"
127387,"NN"
127388,"IN"
127389,"DT"
127390,"NN"
127391,"IN"
127392,"NN"
127393,"IN"
127394,"JJ"
127395,"NNS"
127396,"."
127397,"``"
127398,"DT"
127399,"NNS"
127400,"MD"
127401,"RB"
127402,"VB"
127403,"VBN"
127404,"IN"
127405,"PRP$"
127406,"NN"
127407,","
127408,"''"
127409,"NNP"
127410,"NNP"
127411,"VBD"
127412,"IN"
127413,"DT"
127414,"NN"
127415,"."
127416,"``"
127417,"PRP"
127418,"VBD"
127419,"DT"
127420,"NN"
127421,"IN"
127422,"WP"
127423,"VBD"
127424,"IN"
127425,"NNP"
127426,"CD"
127427,"."
127428,"PRP"
127429,"VBD"
127430,"PRP$"
127431,"NN"
127432,"."
127433,"PRP"
127434,"VBD"
127435,"RB"
127436,"VB"
127437,"IN"
127438,"DT"
127439,"JJ"
127440,"NN"
127441,"IN"
127442,"VBG"
127443,"DT"
127444,"NN"
127445,"."
127446,"RB"
127447,","
127448,"PRP"
127449,"VBD"
127450,"IN"
127451,"NN"
127452,"CC"
127453,"VBD"
127454,"IN"
127455,"DT"
127456,"NN"
127457,","
127458,"WDT"
127459,"VBD"
127460,"DT"
127461,"NN"
127462,"JJ"
127463,"."
127464,"RB"
127465,"PRP"
127466,"VBD"
127467,"IN"
127468,"NN"
127469,"."
127470,"''"
127471,"NNP"
127472,"NNP"
127473,"VBD"
127474,"DT"
127475,"NN"
127476,"IN"
127477,"NNS"
127478,"IN"
127479,"NNP"
127480,"POS"
127481,"NN"
127482,"VBD"
127483,"JJ"
127484,","
127485,"IN"
127486,"RB"
127487,"IN"
127488,"CD"
127489,"NNP"
127490,"NNP"
127491,"JJ"
127492,"NNS"
127493,"VBN"
127494,"IN"
127495,"DT"
127496,"NN"
127497,"RB"
127498,"CD"
127499,"VBD"
127500,"VBN"
127501,"CC"
127502,"VBD"
127503,"RB"
127504,"VBN"
127505,"IN"
127506,"DT"
127507,"NN"
127508,"."
127509,"``"
127510,"PRP"
127511,"VBD"
127512,"DT"
127513,"JJ"
127514,"NN"
127515,","
127516,"''"
127517,"NNP"
127518,"NNP"
127519,"VBD"
127520,"IN"
127521,"DT"
127522,"NNS"
127523,"."
127524,"NNP"
127525,"NNP"
127526,"NNS"
127527,"IN"
127528,"NNP"
127529,"VBD"
127530,"VBN"
127531,"IN"
127532,"DT"
127533,"NN"
127534,"NNS"
127535,"."
127536,"NNP"
127537,"NNP"
127538,"NNP"
127539,"CC"
127540,"NNP"
127541,"NNP"
127542,"VBD"
127543,"TO"
127544,"DT"
127545,"NN"
127546,"."
127547,"O"
127548,"NNP"
127549,"NNP"
127550,"POS"
127551,"NNP"
127552,"NNP"
127553,"VBD"
127554,"PRP$"
127555,"JJ"
127556,"NNS"
127557,"NNP"
127558,"NNP"
127559,"CC"
127560,"DT"
127561,"NNP"
127562,"NNP"
127563,"IN"
127564,"DT"
127565,"JJ"
127566,"NN"
127567,"TO"
127568,"VB"
127569,"DT"
127570,"NN"
127571,"NN"
127572,"CC"
127573,"PRP$"
127574,"JJ"
127575,"NN"
127576,"NN"
127577,"TO"
127578,"VB"
127579,"."
127580,"DT"
127581,"NNP"
127582,"NNP"
127583,"VBD"
127584,"DT"
127585,"NNP"
127586,"JJ"
127587,"NNS"
127588,"NN"
127589,"TO"
127590,"VB"
127591,"NN"
127592,"VBZ"
127593,"VBN"
127594,"IN"
127595,"JJ"
127596,"NN"
127597,"IN"
127598,"PRP"
127599,"TO"
127600,"VB"
127601,"DT"
127602,"NNP"
127603,"NNP"
127604,"TO"
127605,"``"
127606,"VB"
127607,"''"
127608,"DT"
127609,"JJ"
127610,"NN"
127611,"IN"
127612,"DT"
127613,"$"
127614,"CD"
127615,"CD"
127616,"NN"
127617,"."
127618,"DT"
127619,"JJ"
127620,"NNS"
127621,"NN"
127622,"NN"
127623,"VBD"
127624,"TO"
127625,"VB"
127626,","
127627,"IN"
127628,"JJ"
127629,"NNP"
127630,"NNP"
127631,"NNP"
127632,"VBD"
127633,"RP"
127634,"IN"
127635,"PRP$"
127636,"NN"
127637,"TO"
127638,"VB"
127639,"IN"
127640,"DT"
127641,"VBD"
127642,"DT"
127643,"``"
127644,"JJ"
127645,"''"
127646,"NN"
127647,"."
127648,"IN"
127649,"NN"
127650,"PRP"
127651,"VBD"
127652,"."
127653,"NNP"
127654,"MD"
127655,"RB"
127656,"VB"
127657,"IN"
127658,"NNS"
127659,"IN"
127660,"DT"
127661,"CD"
127662,"NNS"
127663,","
127664,"JJ"
127665,"CC"
127666,"JJ"
127667,","
127668,"IN"
127669,"VBG"
127670,"DT"
127671,"JJ"
127672,"NN"
127673,"."
127674,"O"
127675,"DT"
127676,"JJ"
127677,"NN"
127678,"VBD"
127679,"DT"
127680,"JJ"
127681,"NN"
127682,"NN"
127683,"IN"
127684,"DT"
127685,"JJ"
127686,"NN"
127687,"NNS"
127688,"IN"
127689,"DT"
127690,"JJ"
127691,"NNP"
127692,"CC"
127693,"IN"
127694,"PDT"
127695,"NNS"
127696,"IN"
127697,"CD"
127698,"NNS"
127699,"CC"
127700,"JJR"
127701,"TO"
127702,"NNP"
127703,"CC"
127704,"NNP"
127705,"."
127706,"DT"
127707,"NNS"
127708,"MD"
127709,"VB"
127710,"DT"
127711,"CC"
127712,"DT"
127713,"JJ"
127714,"NN"
127715,"IN"
127716,"JJ"
127717,"NN"
127718,"NN"
127719,","
127720,"CC"
127721,"VB"
127722,"DT"
127723,"JJ"
127724,"NN"
127725,"IN"
127726,"DT"
127727,"JJ"
127728,"NN"
127729,"NN"
127730,"IN"
127731,"NNS"
127732,"IN"
127733,"CD"
127734,"NNS"
127735,"CC"
127736,"JJR"
127737,"."
127738,"DT"
127739,"NN"
127740,"VBD"
127741,"IN"
127742,"JJR"
127743,"NNS"
127744,"TO"
127745,"NNP"
127746,"CC"
127747,"NNP"
127748,"VBZ"
127749,"TO"
127750,"VB"
127751,"RB"
127752,"DT"
127753,"JJ"
127754,"NN"
127755,"IN"
127756,"DT"
127757,"RB"
127758,"JJ"
127759,"NN"
127760,"NN"
127761,","
127762,"WDT"
127763,"VBZ"
127764,"VBN"
127765,"PRP"
127766,"RB"
127767,"VBD"
127768,"IN"
127769,"DT"
127770,"NN"
127771,"IN"
127772,"JJ"
127773,"NN"
127774,"IN"
127775,"JJ"
127776,"NNS"
127777,"."
127778,"IN"
127779,"DT"
127780,"JJ"
127781,"NN"
127782,","
127783,"NNP"
127784,"NNS"
127785,"RB"
127786,"VBD"
127787,"JJ"
127788,"NN"
127789,"DT"
127790,"NNP"
127791,"NN"
127792,"VBG"
127793,"DT"
127794,"JJ"
127795,"NNS"
127796,"."
127797,"CC"
127798,"DT"
127799,"JJ"
127800,"NN"
127801,"VBD"
127802,"RB"
127803,"VBN"
127804,"TO"
127805,"IN"
127806,"JJ"
127807,"NNS"
127808,"."
127809,"IN"
127810,"DT"
127811,"JJ"
127812,"NN"
127813,","
127814,"NNS"
127815,"IN"
127816,"DT"
127817,"NNP"
127818,"NNP"
127819,"TO"
127820,"NNP"
127821,"MD"
127822,"VB"
127823,"VBN"
127824,"IN"
127825,"PRP"
127826,"VBP"
127827,"IN"
127828,"DT"
127829,"NN"
127830,"NN"
127831,","
127832,"CC"
127833,"DT"
127834,"NN"
127835,"MD"
127836,"VB"
127837,"JJR"
127838,"NNS"
127839,"VBG"
127840,","
127841,"IN"
127842,"NN"
127843,","
127844,"IN"
127845,"NNP"
127846,"CC"
127847,"IN"
127848,"DT"
127849,"NNP"
127850,"NNP"
127851,"."
127852,"IN"
127853,"DT"
127854,"NNP"
127855,","
127856,"DT"
127857,"NN"
127858,"VBZ"
127859,"VBN"
127860,"JJ"
127861,"NN"
127862,"IN"
127863,"NNP"
127864,"NNP"
127865,"NNP"
127866,"("
127867,"NNP"
127868,","
127869,"NNP"
127870,")"
127871,","
127872,"WP"
127873,"VBZ"
127874,"VBN"
127875,"PRP$"
127876,"NN"
127877,"IN"
127878,"DT"
127879,"NNP"
127880,"NNP"
127881,"NN"
127882,"NN"
127883,"TO"
127884,"VB"
127885,"NNS"
127886,"IN"
127887,"DT"
127888,"NN"
127889,"."
127890,"DT"
127891,"NN"
127892,"VBZ"
127893,"VBN"
127894,"TO"
127895,"DT"
127896,"JJR"
127897,"IN"
127898,"$"
127899,"CD"
127900,"CD"
127901,"IN"
127902,"CD"
127903,"NN"
127904,"NN"
127905,"IN"
127906,"NNP"
127907,"NNP"
127908,"POS"
127909,"NN"
127910,","
127911,"CC"
127912,"DT"
127913,"JJ"
127914,"NN"
127915,"VBZ"
127916,"VBN"
127917,"IN"
127918,"JJR"
127919,"IN"
127920,"$"
127921,"CD"
127922,"CD"
127923,"IN"
127924,"NN"
127925,"NNS"
127926,"VBN"
127927,"IN"
127928,"NNS"
127929,"IN"
127930,"RB"
127931,"IN"
127932,"NNS"
127933,"VBN"
127934,"IN"
127935,"JJ"
127936,"NNS"
127937,","
127938,"VBG"
127939,"NNP"
127940,"."
127941,"IN"
127942,"DT"
127943,"NN"
127944,","
127945,"DT"
127946,"NN"
127947,"NN"
127948,"VBZ"
127949,"VBN"
127950,"JJ"
127951,"IN"
127952,"TO"
127953,"WP"
127954,"NN"
127955,"TO"
127956,"VB"
127957,"."
127958,"CC"
127959,"DT"
127960,"NN"
127961,"VBZ"
127962,"NN"
127963,"IN"
127964,"DT"
127965,"NNP"
127966,"NN"
127967,"IN"
127968,"DT"
127969,"NN"
127970,"IN"
127971,"NN"
127972,"NNS"
127973,","
127974,"JJ"
127975,"IN"
127976,"NNP"
127977,"NNP"
127978,"."
127979,"NNP"
127980,"NNP"
127981,"NNP"
127982,"NNP"
127983,"VBZ"
127984,"DT"
127985,"JJ"
127986,"NN"
127987,"TO"
127988,"JJ"
127989,"NN"
127990,"NNS"
127991,"IN"
127992,"PRP$"
127993,"NN"
127994,"IN"
127995,"DT"
127996,"NN"
127997,","
127998,"CC"
127999,"DT"
128000,"NNP"
128001,"NNP"
128002,"VBD"
128003,"PRP$"
128004,"NN"
128005,"IN"
128006,"DT"
128007,"NN"
128008,"TO"
128009,"VB"
128010,"DT"
128011,"NN"
128012,"IN"
128013,"DT"
128014,"JJ"
128015,"NN"
128016,"."
128017,"IN"
128018,"DT"
128019,"NN"
128020,"NN"
128021,"VBZ"
128022,"VBN"
128023,"DT"
128024,"RBS"
128025,"JJ"
128026,"NN"
128027,","
128028,"DT"
128029,"JJ"
128030,"NN"
128031,"VBD"
128032,"DT"
128033,"NN"
128034,"IN"
128035,"JJ"
128036,"NN"
128037,"IN"
128038,"IN"
128039,"PRP$"
128040,"NN"
128041,"IN"
128042,"NN"
128043,"NN"
128044,"CC"
128045,"DT"
128046,"RBR"
128047,"JJ"
128048,","
128049,"CC"
128050,"RB"
128051,"JJ"
128052,","
128053,"NNS"
128054,"IN"
128055,"NNS"
128056,"."
128057,"IN"
128058,"DT"
128059,"JJ"
128060,"NN"
128061,"IN"
128062,"DT"
128063,"NN"
128064,"IN"
128065,"DT"
128066,"NNS"
128067,"NNS"
128068,","
128069,"DT"
128070,"NN"
128071,"RB"
128072,"VBD"
128073,"DT"
128074,"NN"
128075,"IN"
128076,"NNS"
128077,"VBN"
128078,"IN"
128079,"NNS"
128080,"IN"
128081,"NNP"
128082,","
128083,"NNP"
128084,"CC"
128085,"NNP"
128086,"WP"
128087,"VBD"
128088,"VBN"
128089,"IN"
128090,"DT"
128091,"NN"
128092,"NN"
128093,"IN"
128094,"DT"
128095,"NNP"
128096,"NN"
128097,"."
128098,"``"
128099,"NN"
128100,"MD"
128101,"VB"
128102,"IN"
128103,"PRP"
128104,"VBP"
128105,","
128106,"''"
128107,"VBD"
128108,"NNP"
128109,"NNP"
128110,"NNP"
128111,"("
128112,"NNP"
128113,","
128114,"NNP"
128115,")"
128116,","
128117,"NN"
128118,"IN"
128119,"DT"
128120,"NNP"
128121,"NNS"
128122,"."
128123,"``"
128124,"CC"
128125,"IN"
128126,"PRP"
128127,"VBP"
128128,"DT"
128129,"NN"
128130,","
128131,"PRP"
128132,"MD"
128133,"VB"
128134,"DT"
128135,"NN"
128136,"."
128137,"''"
128138,"IN"
128139,"DT"
128140,"NNP"
128141,"NNP"
128142,"NNP"
128143,","
128144,"DT"
128145,"JJ"
128146,"NN"
128147,"VBZ"
128148,"TO"
128149,"VB"
128150,"NN"
128151,"IN"
128152,"NNS"
128153,"CC"
128154,"NN"
128155,"IN"
128156,"JJR"
128157,"IN"
128158,"CD"
128159,"NN"
128160,"IN"
128161,"JJ"
128162,"NN"
128163,","
128164,"CC"
128165,"JJ"
128166,"NNS"
128167,"MD"
128168,"VB"
128169,"TO"
128170,"$"
128171,"CD"
128172,"CD"
128173,":"
128174,"DT"
128175,"CD"
128176,"NN"
128177,"NN"
128178,"."
128179,"DT"
128180,"NNS"
128181,"NN"
128182,"VBZ"
128183,"$"
128184,"CD"
128185,"CD"
128186,"IN"
128187,"NNP"
128188,"POS"
128189,"JJ"
128190,"JJ"
128191,"NN"
128192,","
128193,"CC"
128194,"DT"
128195,"NN"
128196,"IN"
128197,"DT"
128198,"NNS"
128199,"VBD"
128200,"VBG"
128201,"NNS"
128202,"IN"
128203,"JJ"
128204,"NNS"
128205,"VBG"
128206,"JJ"
128207,"NNS"
128208,"IN"
128209,"NNP"
128210,"NNP"
128211,"NNP"
128212,"CC"
128213,"DT"
128214,"JJ"
128215,"NNS"
128216,"TO"
128217,"NNP"
128218,","
128219,"NNP"
128220,"CC"
128221,"NNP"
128222,"."
128223,"NN"
128224,"IN"
128225,"DT"
128226,"NNS"
128227,":"
128228,"CC"
128229,","
128230,"NNS"
128231,"VBP"
128232,","
128233,"NN"
128234,":"
128235,"DT"
128236,"NNS"
128237,"VBP"
128238,"VBN"
128239,"TO"
128240,"VB"
128241,"NN"
128242,"IN"
128243,"DT"
128244,"NN"
128245,"IN"
128246,"NNP"
128247,"."
128248,"NNP"
128249,"NNP"
128250,"NNP"
128251,","
128252,"WDT"
128253,"VBZ"
128254,"JJ"
128255,","
128256,"CC"
128257,"DT"
128258,"NNP"
128259,"NNP"
128260,"NNP"
128261,"VBD"
128262,"JJ"
128263,"IN"
128264,"DT"
128265,"NN"
128266,"."
128267,"DT"
128268,"NN"
128269,"VBD"
128270,"TO"
128271,"VB"
128272,"NNS"
128273,"WDT"
128274,"MD"
128275,"VB"
128276,"JJ"
128277,"NNS"
128278,"IN"
128279,"DT"
128280,"NN"
128281,"IN"
128282,"NNP"
128283,"CC"
128284,"DT"
128285,"NNS"
128286,"VBD"
128287,"VBN"
128288,"TO"
128289,"NNS"
128290,"IN"
128291,"CD"
128292,"NN"
128293,"IN"
128294,"DT"
128295,"NNS"
128296,"."
128297,"CC"
128298,"DT"
128299,"VBD"
128300,"VBN"
128301,"IN"
128302,"NN"
128303,"IN"
128304,"JJ"
128305,"NN"
128306,"NN"
128307,"VBG"
128308,"DT"
128309,"NNP"
128310,"NNP"
128311,"TO"
128312,"VB"
128313,"DT"
128314,"NNS"
128315,"IN"
128316,"DT"
128317,"JJ"
128318,"NN"
128319,","
128320,"VBN"
128321,"TO"
128322,"VB"
128323,"IN"
128324,"$"
128325,"CD"
128326,"CD"
128327,"."
128328,"IN"
128329,"JJR"
128330,"IN"
128331,"JJ"
128332,"NNS"
128333,","
128334,"DT"
128335,"NN"
128336,"VBD"
128337,"TO"
128338,"VB"
128339,"DT"
128340,"JJ"
128341,"$"
128342,"CD"
128343,"CD"
128344,"IN"
128345,"JJ"
128346,"NNS"
128347,"TO"
128348,"NNS"
128349,"VBG"
128350,"JJ"
128351,"CC"
128352,"JJ"
128353,"NNS"
128354,"."
128355,"DT"
128356,"NN"
128357,"VBZ"
128358,"JJR"
128359,"IN"
128360,"RB"
128361,"WP"
128362,"DT"
128363,"NNP"
128364,"VBD"
128365,"VBN"
128366,"IN"
128367,"DT"
128368,"NN"
128369,","
128370,"CC"
128371,"DT"
128372,"NN"
128373,"IN"
128374,"JJ"
128375,"NNS"
128376,"MD"
128377,"VB"
128378,"VBN"
128379,"IN"
128380,"CD"
128381,"IN"
128382,"JJ"
128383,"NN"
128384,"NNS"
128385,"CC"
128386,"NNS"
128387,"IN"
128388,"DT"
128389,"NN"
128390,"IN"
128391,"NN"
128392,"."
128393,"NNP"
128394,"RB"
128395,"VBD"
128396,"CD"
128397,"NNS"
128398,"DT"
128399,"NN"
128400,"."
128401,"DT"
128402,"NN"
128403,"IN"
128404,"DT"
128405,"NNS"
128406,"VBZ"
128407,"TO"
128408,"VB"
128409,"JJ"
128410,"IN"
128411,"DT"
128412,"RBS"
128413,"JJ"
128414,"NNS"
128415,"WRB"
128416,"DT"
128417,"NN"
128418,"VBZ"
128419,"VBN"
128420,"VBG"
128421,"JJR"
128422,"IN"
128423,"$"
128424,"CD"
128425,"IN"
128426,"DT"
128427,"NN"
128428,"IN"
128429,"NNS"
128430,"."
128431,"IN"
128432,"NN"
128433,"CC"
128434,"NN"
128435,"NNS"
128436,","
128437,"DT"
128438,"NN"
128439,"VBZ"
128440,"$"
128441,"CD"
128442,"CD"
128443,"IN"
128444,"CD"
128445,","
128446,"VBG"
128447,"$"
128448,"CD"
128449,"CD"
128450,"IN"
128451,"NN"
128452,"NNS"
128453,"."
128454,"CC"
128455,"NN"
128456,"NNS"
128457,"IN"
128458,"NN"
128459,"NN"
128460,"MD"
128461,"VB"
128462,"RB"
128463,"JJ"
128464,"IN"
128465,"$"
128466,"CD"
128467,"CD"
128468,","
128469,"CC"
128470,"$"
128471,"CD"
128472,"CD"
128473,"JJR"
128474,"IN"
128475,"JJ"
128476,"JJ"
128477,"NN"
128478,"."
128479,"O"
128480,"JJ"
128481,"JJ"
128482,"NN"
128483,"NN"
128484,"VBZ"
128485,"VBG"
128486,"``"
128487,"NNP"
128488,","
128489,"''"
128490,"NNP"
128491,"JJ"
128492,"NNP"
128493,"NNP"
128494,"NNP"
128495,"VBD"
128496,"NNS"
128497,"IN"
128498,"DT"
128499,"JJ"
128500,"NN"
128501,"VBD"
128502,"NNP"
128503,"CD"
128504,"IN"
128505,"$"
128506,"CD"
128507,"CD"
128508,","
128509,"CC"
128510,"CD"
128511,"NNS"
128512,"DT"
128513,"NN"
128514,","
128515,"VBN"
128516,"IN"
128517,"DT"
128518,"JJ"
128519,"NN"
128520,"."
128521,"NNP"
128522,"NNP"
128523,","
128524,"WDT"
128525,"VBZ"
128526,"VBN"
128527,"TO"
128528,"VB"
128529,"DT"
128530,"NN"
128531,"NN"
128532,","
128533,"VBZ"
128534,"VBG"
128535,"TO"
128536,"VB"
128537,"PRP$"
128538,"JJ"
128539,"NNS"
128540,","
128541,"NNP"
128542,"NNP"
128543,"CC"
128544,"NNP"
128545,"NNP"
128546,","
128547,"IN"
128548,"DT"
128549,"JJ"
128550,"NN"
128551,"IN"
128552,"NNP"
128553,"NNP"
128554,"NNP"
128555,"POS"
128556,"NNP"
128557,"NNP"
128558,"NNP"
128559,"IN"
128560,"PRP"
128561,"MD"
128562,"VB"
128563,"NNP"
128564,"NNP"
128565,"NNP"
128566,"NNP"
128567,"."
128568,"NNP"
128569,"CD"
128570,"NNS"
128571,"RB"
128572,"VBD"
128573,"TO"
128574,"VB"
128575,"NNP"
128576,"IN"
128577,"$"
128578,"CD"
128579,"CD"
128580,","
128581,"CC"
128582,"$"
128583,"CD"
128584,"DT"
128585,"NN"
128586,"."
128587,"NNP"
128588,"VBD"
128589,"NNP"
128590,"NNP"
128591,"NNP"
128592,"JJ"
128593,"JJ"
128594,"NN"
128595,":"
128596,"NNP"
128597,"CC"
128598,"NNP"
128599,"VBP"
128600,"CD"
128601,","
128602,"VBG"
128603,"NNP"
128604,"IN"
128605,"VBG"
128606,"TO"
128607,"VB"
128608,"IN"
128609,"NNP"
128610,"POS"
128611,"NN"
128612,"IN"
128613,"DT"
128614,"CD"
128615,"NNS"
128616,"."
128617,"NNP"
128618,"POS"
128619,"JJ"
128620,"NN"
128621,"IN"
128622,"DT"
128623,"JJ"
128624,"NN"
128625,"VBN"
128626,"IN"
128627,"DT"
128628,"JJ"
128629,"NN"
128630,"IN"
128631,"$"
128632,"CD"
128633,"CD"
128634,","
128635,"CC"
128636,"CD"
128637,"NNS"
128638,"DT"
128639,"NN"
128640,","
128641,"IN"
128642,"DT"
128643,"JJ"
128644,"NN"
128645,"."
128646,"DT"
128647,"NN"
128648,"VBD"
128649,"NN"
128650,"VBD"
128651,"CD"
128652,"NN"
128653,","
128654,"TO"
128655,"$"
128656,"CD"
128657,"CD"
128658,"IN"
128659,"$"
128660,"CD"
128661,"CD"
128662,","
128663,"VBG"
128664,"DT"
128665,"NN"
128666,"IN"
128667,"PRP$"
128668,"NNS"
128669,"``"
128670,"UH"
128671,"IN"
128672,"DT"
128673,"NN"
128674,"''"
128675,"CC"
128676,"``"
128677,"NN"
128678,","
128679,"''"
128680,"IN"
128681,"RB"
128682,"RB"
128683,"DT"
128684,"JJ"
128685,"NN"
128686,"``"
128687,"NNP"
128688,"."
128689,"O"
128690,"DT"
128691,"NN"
128692,"IN"
128693,"NNP"
128694,"NNP"
128695,"NNP"
128696,"IN"
128697,"NNP"
128698,"NNP"
128699,"NNP"
128700,","
128701,"VBD"
128702,"PRP"
128703,"VBD"
128704,"PRP$"
128705,"NN"
128706,"IN"
128707,"NNP"
128708,"NNP"
128709,"NNP"
128710,"TO"
128711,"VB"
128712,"NN"
128713,"IN"
128714,"DT"
128715,"JJ"
128716,"JJ"
128717,"NNS"
128718,"JJ"
128719,"."
128720,"IN"
128721,"RB"
128722,"VBN"
128723,","
128724,"NNP"
128725,"NNP"
128726,"NNP"
128727,","
128728,"VBN"
128729,"IN"
128730,"NNP"
128731,"NNP"
128732,"NNP"
128733,"CC"
128734,"JJ"
128735,"NNS"
128736,"IN"
128737,"PRP$"
128738,"NN"
128739,","
128740,"VBN"
128741,"IN"
128742,"NNP"
128743,"NNP"
128744,","
128745,"DT"
128746,"NN"
128747,"IN"
128748,"NNP"
128749,"NNP"
128750,","
128751,"VB"
128752,"JJ"
128753,"IN"
128754,"DT"
128755,"JJ"
128756,"NN"
128757,"IN"
128758,"$"
128759,"VBP"
128760,"IN"
128761,"NN"
128762,","
128763,"CC"
128764,"$"
128765,"CD"
128766,"CD"
128767,"."
128768,"IN"
128769,"DT"
128770,"NN"
128771,"IN"
128772,"DT"
128773,"NNP"
128774,"CC"
128775,"NNP"
128776,"NNP"
128777,","
128778,"DT"
128779,"NN"
128780,"NN"
128781,"VBD"
128782,"PRP"
128783,"VBZ"
128784,"JJ"
128785,"JJ"
128786,"JJ"
128787,"NNS"
128788,","
128789,"VBG"
128790,"CD"
128791,"NNS"
128792,"VBN"
128793,"IN"
128794,"NNP"
128795,"CD"
128796,"TO"
128797,"NNP"
128798,"CD"
128799,"IN"
128800,"$"
128801,"CD"
128802,"TO"
128803,"$"
128804,"CD"
128805,"IN"
128806,"NN"
128807,"."
128808,"NNS"
128809,"IN"
128810,"NNP"
128811,","
128812,"VBN"
128813,"IN"
128814,"NNP"
128815,","
128816,"VBD"
128817,"NN"
128818,"."
128819,"O"
128820,"NNP"
128821,"VBZ"
128822,"VBN"
128823,"JJ"
128824,"IN"
128825,"DT"
128826,"NNP"
128827,"NN"
128828,"IN"
128829,"RB"
128830,"VBG"
128831,"JJ"
128832,"NN"
128833,"TO"
128834,"NNP"
128835,","
128836,"IN"
128837,"PRP"
128838,"VBZ"
128839,"VBG"
128840,"JJ"
128841,"TO"
128842,"VB"
128843,"PRP$"
128844,"JJ"
128845,"NN"
128846,"IN"
128847,"DT"
128848,"JJ"
128849,"NN"
128850,"."
128851,"JJ"
128852,"NN"
128853,","
128854,"DT"
128855,"NNP"
128856,"VBD"
128857,"TO"
128858,"VB"
128859,"DT"
128860,"NN"
128861,"IN"
128862,"JJ"
128863,"NNS"
128864,"TO"
128865,"NNP"
128866,"TO"
128867,"VB"
128868,"PRP$"
128869,"NN"
128870,","
128871,"DT"
128872,"NN"
128873,","
128874,"IN"
128875,"JJ"
128876,"NNS"
128877,"."
128878,"NNP"
128879,"NNP"
128880,"NNP"
128881,"VBZ"
128882,"DT"
128883,"NN"
128884,"``"
128885,"DT"
128886,"JJ"
128887,"NN"
128888,"IN"
128889,"NN"
128890,"."
128891,"''"
128892,"DT"
128893,"NNPS"
128894,"MD"
128895,"VB"
128896,"JJR"
128897,"TO"
128898,"VB"
128899,"PRP"
128900,"IN"
128901,"DT"
128902,"JJ"
128903,"NN"
128904,"."
128905,"PRP"
128906,"VBZ"
128907,"DT"
128908,"JJ"
128909,"NN"
128910,"NN"
128911,"IN"
128912,"CD"
128913,"JJ"
128914,"NNS"
128915,"IN"
128916,"VBZ"
128917,"VB"
128918,"PDT"
128919,"JJ"
128920,"NNPS"
128921,"IN"
128922,"DT"
128923,"NNP"
128924,"NN"
128925,","
128926,"JJ"
128927,"NN"
128928,"NN"
128929,"WDT"
128930,"VBD"
128931,"TO"
128932,"VB"
128933,"DT"
128934,"NN"
128935,"IN"
128936,"DT"
128937,"NNP"
128938,"NNP"
128939,"."
128940,"RB"
128941,"IN"
128942,"DT"
128943,"NNS"
128944,"VBP"
128945,"PRP$"
128946,"NN"
128947,"TO"
128948,"DT"
128949,"NNPS"
128950,","
128951,"PRP"
128952,"MD"
128953,"VB"
128954,"JJ"
128955,"TO"
128956,"VB"
128957,"RB"
128958,"CC"
128959,"VB"
128960,"DT"
128961,"JJ"
128962,"IN"
128963,"DT"
128964,"JJ"
128965,"NNS"
128966,"."
128967,"O"
128968,"NNP"
128969,"NNP"
128970,"NNP"
128971,","
128972,"DT"
128973,"RB"
128974,"JJ"
128975,"JJ"
128976,"NN"
128977,"IN"
128978,"JJ"
128979,"NN"
128980,"CC"
128981,"JJ"
128982,"NNP"
128983,","
128984,"VBN"
128985,"IN"
128986,"PRP$"
128987,"JJ"
128988,"NN"
128989,"IN"
128990,"DT"
128991,"JJ"
128992,"CD"
128993,"NNS"
128994,"VBD"
128995,"TO"
128996,"CD"
128997,"CD"
128998,"JJ"
128999,"NNS"
129000,"("
129001,"$"
129002,"CD"
129003,"CD"
129004,")"
129005,"IN"
129006,"CD"
129007,"CD"
129008,"JJ"
129009,"NNS"
129010,"DT"
129011,"NN"
129012,"RBR"
129013,"."
129014,"DT"
129015,"NNS"
129016,"IN"
129017,"DT"
129018,"NN"
129019,"VBD"
129020,"JJR"
129021,"IN"
129022,"NN"
129023,"NNS"
129024,","
129025,"WDT"
129026,"VBD"
129027,"DT"
129028,"JJ"
129029,"NN"
129030,"IN"
129031,"IN"
129032,"CD"
129033,"CD"
129034,"JJ"
129035,"NNS"
129036,"."
129037,"IN"
129038,"DT"
129039,"RB"
129040,"JJR"
129041,"JJ"
129042,"NN"
129043,"NN"
129044,","
129045,"NNP"
129046,"NNS"
129047,"VBD"
129048,"RB"
129049,"CD"
129050,"NN"
129051,"IN"
129052,"CD"
129053,"NNS"
129054,"("
129055,"CD"
129056,"NNS"
129057,")"
129058,"."
129059,"DT"
129060,"NN"
129061,"VBD"
129062,"DT"
129063,"NN"
129064,"IN"
129065,"NN"
129066,"CC"
129067,"NN"
129068,"NNS"
129069,"IN"
129070,"CD"
129071,"CD"
129072,"JJ"
129073,"NNS"
129074,","
129075,"VBN"
129076,"IN"
129077,"DT"
129078,"NN"
129079,"IN"
129080,"CD"
129081,"CD"
129082,"JJ"
129083,"NNS"
129084,"IN"
129085,"DT"
129086,"JJ"
129087,"NN"
129088,"."
129089,"EX"
129090,"VBD"
129091,"RB"
129092,"DT"
129093,"JJ"
129094,"NNS"
129095,"."
129096,"NNS"
129097,"IN"
129098,"DT"
129099,"JJ"
129100,"NN"
129101,"VBD"
129102,"CD"
129103,"NN"
129104,"TO"
129105,"CD"
129106,"CD"
129107,"JJ"
129108,"NNS"
129109,"VBN"
129110,"IN"
129111,"CD"
129112,"CD"
129113,"JJ"
129114,"NNS"
129115,"DT"
129116,"NN"
129117,"RB"
129118,"."
129119,"NNP"
129120,"VBZ"
129121,"VBN"
129122,"IN"
129123,"VBG"
129124,"DT"
129125,"JJ"
129126,"NN"
129127,"."
129128,"NNP"
129129,"VBD"
129130,"DT"
129131,"NN"
129132,"IN"
129133,"DT"
129134,"JJ"
129135,"NN"
129136,"NN"
129137,"CC"
129138,"DT"
129139,"NN"
129140,"IN"
129141,"DT"
129142,"JJ"
129143,"NN"
129144,"NN"
129145,"VBP"
129146,"VBN"
129147,"TO"
129148,"VB"
129149,"DT"
129150,"NN"
129151,"POS"
129152,"JJ"
129153,"NNS"
129154,"."
129155,"O"
129156,"DT"
129157,"JJ"
129158,"``"
129159,"NN"
129160,"TO"
129161,"NN"
129162,"''"
129163,"WDT"
129164,"VBD"
129165,"NNP"
129166,"POS"
129167,"JJ"
129168,"NN"
129169,"NN"
129170,"VBD"
129171,"JJ"
129172,"NN"
129173,"IN"
129174,"DT"
129175,"``"
129176,"NN"
129177,"IN"
129178,"NN"
129179,"''"
129180,"NN"
129181,"."
129182,"DT"
129183,"NN"
129184,","
129185,"IN"
129186,"WDT"
129187,"NNP"
129188,"NN"
129189,"NNS"
129190,"VBD"
129191,","
129192,"VBD"
129193,"DT"
129194,"NN"
129195,"IN"
129196,"DT"
129197,"NN"
129198,"NN"
129199,"CC"
129200,"NN"
129201,"."
129202,"``"
129203,"PRP"
129204,"VBD"
129205,"DT"
129206,"JJ"
129207,"JJ"
129208,"NN"
129209,"."
129210,"NNP"
129211,"NNS"
129212,"VBD"
129213,"RB"
129214,"VBN"
129215,"TO"
129216,"DT"
129217,"NN"
129218,"NN"
129219,","
129220,"''"
129221,"VBD"
129222,"NNP"
129223,"NNP"
129224,","
129225,"NN"
129226,"IN"
129227,"NN"
129228,"IN"
129229,"NNP"
129230,"NNP"
129231,","
129232,"NNP"
129233,"NNP"
129234,"CC"
129235,"NNP"
129236,"."
129237,"``"
129238,"NNP"
129239,"POS"
129240,"NN"
129241,"TO"
129242,"NN"
129243,"VBD"
129244,"UH"
129245,"RBR"
129246,"VBD"
129247,"RB"
129248,"DT"
129249,"NN"
129250,"NN"
129251,"VBD"
129252,"PRP$"
129253,"NNS"
129254,","
129255,"''"
129256,"PRP"
129257,"VBD"
129258,"."
129259,"DT"
129260,"JJ"
129261,"NNS"
129262,"VBD"
129263,"VBN"
129264,"DT"
129265,"JJ"
129266,"NN"
129267,"IN"
129268,"NN"
129269,"NNS"
129270,"IN"
129271,"DT"
129272,"RB"
129273,"JJ"
129274,"NN"
129275,"IN"
129276,"DT"
129277,"NNP"
129278,"NNP"
129279,"NNP"
129280,"NNP"
129281,"IN"
129282,"NNP"
129283,"."
129284,"DT"
129285,"VBN"
129286,"NNS"
129287,"TO"
129288,"VB"
129289,"NNS"
129290,"CC"
129291,"VB"
129292,"JJ"
129293,"NN"
129294,"NNS"
129295,","
129296,"WDT"
129297,"VBP"
129298,"JJR"
129299,"IN"
129300,"JJ"
129301,"NNS"
129302,"IN"
129303,"NNS"
129304,"."
129305,"CC"
129306,"WRB"
129307,"NNS"
129308,"VBD"
129309,"TO"
129310,"VB"
129311,"RB"
129312,","
129313,"NNS"
129314,"IN"
129315,"NNP"
129316,"NNS"
129317,"VBD"
129318,"."
129319,"VBG"
129320,"TO"
129321,"DT"
129322,"NN"
129323,"NN"
129324,"VBD"
129325,"NNS"
129326,"IN"
129327,"JJ"
129328,"NN"
129329,"NNS"
129330,"VBG"
129331,"NNS"
129332,"TO"
129333,"VB"
129334,"PRP$"
129335,"NN"
129336,"NNS"
129337,"CC"
129338,"VB"
129339,"DT"
129340,"NN"
129341,"IN"
129342,"PRP$"
129343,"NN"
129344,"CC"
129345,"NN"
129346,"NNS"
129347,"."
129348,"IN"
129349,"DT"
129350,"NNS"
129351,"VBD"
129352,"NNP"
129353,"NNP"
129354,"CC"
129355,"NNP"
129356,"CC"
129357,"NNP"
129358,"NNP"
129359,"NNP"
129360,"NNP"
129361,"."
129362,"DT"
129363,"NN"
129364,"NN"
129365,"VBD"
129366,"TO"
129367,"VB"
129368,"NN"
129369,"IN"
129370,"DT"
129371,"NNP"
129372,"NNP"
129373,"VBD"
129374,"NN"
129375,"NNS"
129376,"RB"
129377,"IN"
129378,"VBG"
129379,"DT"
129380,"JJ"
129381,"NNS"
129382,"NN"
129383,"TO"
129384,"VB"
129385,"RB"
129386,"JJ"
129387,"IN"
129388,"CD"
129389,"CD"
129390,"NN"
129391,"."
129392,"DT"
129393,"RB"
129394,"VBN"
129395,"NN"
129396,"IN"
129397,"JJ"
129398,"NNS"
129399,","
129400,"CC"
129401,"JJ"
129402,"NNS"
129403,"IN"
129404,"NNS"
129405,","
129406,"VBD"
129407,"TO"
129408,"IN"
129409,"CD"
129410,"CD"
129411,"NN"
129412,"JJ"
129413,"NN"
129414,","
129415,"RB"
129416,"IN"
129417,"PRP$"
129418,"VBN"
129419,"NN"
129420,"NN"
129421,"IN"
129422,"IN"
129423,"CD"
129424,"NN"
129425,"."
129426,"DT"
129427,"NN"
129428,"VBZ"
129429,"VBN"
129430,"DT"
129431,"JJ"
129432,"NN"
129433,"IN"
129434,"NNS"
129435,"IN"
129436,"NNP"
129437,"NN"
129438,"."
129439,"NNS"
129440,"VBD"
129441,"NN"
129442,"POS"
129443,"JJ"
129444,"NN"
129445,"VBD"
129446,"RB"
129447,"VB"
129448,"JJ"
129449,"NN"
129450,"IN"
129451,"PRP"
129452,"VBD"
129453,"VBN"
129454,"RB"
129455,"VBN"
129456,"."
129457,"IN"
129458,"NN"
129459,","
129460,"DT"
129461,"NNS"
129462,"VBP"
129463,"IN"
129464,"DT"
129465,"JJ"
129466,"NN"
129467,"VBD"
129468,"JJ"
129469,"NN"
129470,"."
129471,"NNS"
129472,"VBP"
129473,"IN"
129474,"DT"
129475,"NNS"
129476,"VBD"
129477,"VBN"
129478,"IN"
129479,"PRP"
129480,"VBD"
129481,"VBN"
129482,"DT"
129483,"RBR"
129484,"JJ"
129485,"NN"
129486,"."
129487,"DT"
129488,"NNP"
129489,"POS"
129490,"JJ"
129491,"JJ"
129492,"NN"
129493,","
129494,"VBN"
129495,"IN"
129496,"CD"
129497,"CD"
129498,"NNS"
129499,"JJR"
129500,","
129501,"CC"
129502,"RB"
129503,"IN"
129504,"$"
129505,"CD"
129506,"IN"
129507,"DT"
129508,"$"
129509,"CD"
129510,"NN"
129511,"NN"
129512,"."
129513,"DT"
129514,"NN"
129515,"VBD"
129516,"RB"
129517,"RBR"
129518,"JJ"
129519,"IN"
129520,"JJ"
129521,"NN"
129522,"NNS"
129523,"."
129524,"IN"
129525,"NNP"
129526,"NN"
129527,"NNS"
129528,"VBD"
129529,"RB"
129530,"JJ"
129531,"IN"
129532,"CD"
129533,"NN"
129534,"NN"
129535,"IN"
129536,"NNP"
129537,","
129538,"PRP"
129539,"VBD"
129540,"RB"
129541,"JJ"
129542,"IN"
129543,"DT"
129544,"NN"
129545,"NN"
129546,"."
129547,"DT"
129548,"JJ"
129549,"NN"
129550,"IN"
129551,"JJ"
129552,"NN"
129553,"NNS"
129554,","
129555,"IN"
129556,"NN"
129557,","
129558,"VBD"
129559,"VBN"
129560,"JJ"
129561,"NN"
129562,"IN"
129563,"JJ"
129564,"NN"
129565,","
129566,"VBN"
129567,"IN"
129568,"CD"
129569,"NN"
129570,"NNP"
129571,"."
129572,"JJ"
129573,"JJ"
129574,"NNS"
129575,","
129576,"JJ"
129577,"NNS"
129578,"CC"
129579,"JJ"
129580,"NNS"
129581,"RB"
129582,"VBD"
129583,"."
129584,"CC"
129585,"NNS"
129586,"IN"
129587,"NN"
129588,"NNS"
129589,","
129590,"WDT"
129591,"VBD"
129592,"VBN"
129593,"NNP"
129594,"IN"
129595,"JJ"
129596,"NN"
129597,"NN"
129598,","
129599,"VBD"
129600,"TO"
129601,"VB"
129602,"JJ"
129603,"NNS"
129604,"IN"
129605,"DT"
129606,"JJ"
129607,"NN"
129608,"NN"
129609,"."
129610,"NN"
129611,"NNS"
129612,"VBD"
129613,"RB"
129614,"JJ"
129615,"IN"
129616,"CD"
129617,"NNS"
129618,"JJR"
129619,"CC"
129620,"VBD"
129621,"DT"
129622,"JJ"
129623,"NN"
129624,"IN"
129625,"NN"
129626,"NNS"
129627,"VBD"
129628,"."
129629,"DT"
129630,"NNS"
129631,"VBD"
129632,"DT"
129633,"JJ"
129634,"NN"
129635,"VBD"
129636,"VBN"
129637,"IN"
129638,"JJ"
129639,"JJ"
129640,"NN"
129641,"."
129642,"IN"
129643,"NN"
129644,","
129645,"PRP"
129646,"VBD"
129647,","
129648,"NNS"
129649,"JJ"
129650,"IN"
129651,"NNP"
129652,"NNP"
129653,"NNP"
129654,"CC"
129655,"NNP"
129656,"NNP"
129657,"NNP"
129658,"NNP"
129659,"VBD"
129660,"VBG"
129661,"DT"
129662,"NN"
129663,"IN"
129664,"NN"
129665,"NNS"
129666,"RB"
129667,"IN"
129668,"DT"
129669,"NN"
129670,"WRB"
129671,"NNS"
129672,"VBP"
129673,"RB"
129674,"JJ"
129675,"NNS"
129676,"."
129677,"``"
129678,"PRP"
129679,"VBP"
129680,"DT"
129681,"NN"
129682,"IN"
129683,"NNS"
129684,"NNS"
129685,"TO"
129686,"VB"
129687,"NNS"
129688,"IN"
129689,"JJ"
129690,"NNS"
129691,"VBD"
129692,"DT"
129693,"NN"
129694,"IN"
129695,"NN"
129696,"NNS"
129697,","
129698,"''"
129699,"VBD"
129700,"NNP"
129701,"NNP"
129702,","
129703,"DT"
129704,"NN"
129705,"IN"
129706,"NNP"
129707,"POS"
129708,"NNP"
129709,"NNP"
129710,"NNP"
129711,"."
129712,"NNP"
129713,"NNP"
129714,"NNS"
129715,"VBD"
129716,"JJR"
129717,"IN"
129718,"JJ"
129719,"NN"
129720,"IN"
129721,"NNP"
129722,","
129723,"WDT"
129724,"VBD"
129725,"IN"
129726,"IN"
129727,"CD"
129728,"NN"
129729,"NNP"
129730,"."
129731,"DT"
129732,"JJ"
129733,"JJ"
129734,"NN"
129735,","
129736,"IN"
129737,"NN"
129738,"VBD"
129739,"CD"
129740,"NN"
129741,"IN"
129742,"JJ"
129743,"JJ"
129744,"NN"
129745,"IN"
129746,"NN"
129747,"TO"
129748,"DT"
129749,"JJ"
129750,"NN"
129751,"NN"
129752,"IN"
129753,"DT"
129754,"NNP"
129755,"NN"
129756,"NN"
129757,"."
129758,"CC"
129759,"IN"
129760,"JJ"
129761,"NNS"
129762,"VBD"
129763,","
129764,"NNS"
129765,"VBD"
129766,"CC"
129767,"VBD"
129768,"RB"
129769,"RB"
129770,"JJR"
129771,"."
129772,"DT"
129773,"NNP"
129774,"NN"
129775,"NNS"
129776,","
129777,"VBG"
129778,"TO"
129779,"VB"
129780,"DT"
129781,"JJ"
129782,"NN"
129783,"IN"
129784,"JJ"
129785,"NN"
129786,"IN"
129787,"DT"
129788,"NN"
129789,"IN"
129790,"WRB"
129791,"NNP"
129792,"NN"
129793,"MD"
129794,"VB"
129795,","
129796,"VBD"
129797,"RB"
129798,"VBN"
129799,"IN"
129800,"DT"
129801,"NNP"
129802,"NN"
129803,"NN"
129804,"."
129805,"``"
129806,"JJS"
129807,"IN"
129808,"DT"
129809,"NN"
129810,"VBD"
129811,"IN"
129812,"DT"
129813,"NN"
129814,"NN"
129815,","
129816,"''"
129817,"VBD"
129818,"NNP"
129819,"NNP"
129820,","
129821,"NN"
129822,"NN"
129823,"IN"
129824,"NNP"
129825,"NNP"
129826,"."
129827,"NNP"
129828,"NNP"
129829,","
129830,"WP"
129831,"RB"
129832,"VBZ"
129833,"JJ"
129834,"IN"
129835,"NNP"
129836,"NNP"
129837,"NNP"
129838,","
129839,"NNP"
129840,"NNP"
129841,","
129842,"NNP"
129843,","
129844,"VBD"
129845,"NN"
129846,"IN"
129847,"NNP"
129848,"VBD"
129849,"``"
129850,"RB"
129851,"JJ"
129852,"''"
129853,"CC"
129854,"RB"
129855,"JJ"
129856,"."
129857,"``"
129858,"PRP"
129859,"VBD"
129860,"RB"
129861,"CD"
129862,"NN"
129863,"IN"
129864,"CD"
129865,"NNS"
129866,"RB"
129867,"IN"
129868,"NN"
129869,","
129870,"RB"
129871,"IN"
129872,"NN"
129873,"PRP"
129874,"VBD"
129875,"RB"
129876,"CD"
129877,"NN"
129878,"IN"
129879,"CD"
129880,"NNS"
129881,","
129882,"''"
129883,"PRP"
129884,"VBD"
129885,"."
129886,"NNP"
129887,"NNP"
129888,","
129889,"NN"
129890,"VBZ"
129891,"VBN"
129892,"IN"
129893,"NN"
129894,"."
129895,"NNP"
129896,"POS"
129897,"NN"
129898,"VBD"
129899,"RB"
129900,"TO"
129901,"VB"
129902,"DT"
129903,"JJ"
129904,"NN"
129905,"IN"
129906,"NNP"
129907,"NN"
129908,"."
129909,"WRB"
129910,"DT"
129911,"NN"
129912,"VBD"
129913,"RB"
129914,","
129915,"NNS"
129916,"NNS"
129917,"VBD"
129918,"IN"
129919,"DT"
129920,"NN"
129921,"NN"
129922,"VBD"
129923,"NN"
129924,"."
129925,"DT"
129926,"NN"
129927,"NN"
129928,"POS"
129929,"NN"
129930,"IN"
129931,"NN"
129932,"NN"
129933,"VBD"
129934,"RB"
129935,"JJ"
129936,"NN"
129937,"IN"
129938,"PRP"
129939,"VBD"
129940,"NN"
129941,"POS"
129942,"NN"
129943,"IN"
129944,"JJ"
129945,"NN"
129946,","
129947,"WDT"
129948,"VBZ"
129949,"DT"
129950,"NN"
129951,"POS"
129952,"NN"
129953,"IN"
129954,"NNP"
129955,"NNP"
129956,"NN"
129957,"NN"
129958,"CC"
129959,"NNP"
129960,"JJ"
129961,"NN"
129962,"."
129963,"NNP"
129964,"NN"
129965,"VBZ"
129966,"VBN"
129967,"TO"
129968,"VB"
129969,"VBN"
129970,"CD"
129971,"NN"
129972,","
129973,"VBG"
129974,"TO"
129975,"DT"
129976,"NN"
129977,"IN"
129978,"NNS"
129979,"VBN"
129980,"IN"
129981,"NNP"
129982,"NNP"
129983,"NNP"
129984,"NNP"
129985,"NNP"
129986,"."
129987,"DT"
129988,"NNP"
129989,"NN"
129990,"NN"
129991,"VBZ"
129992,"VBN"
129993,"TO"
129994,"VB"
129995,"VBN"
129996,"TO"
129997,"$"
129998,"CD"
129999,"CD"
130000,"IN"
130001,"$"
130002,"CD"
130003,"CD"
130004,"IN"
130005,"NNP"
130006,"."
130007,"DT"
130008,"NN"
130009,"IN"
130010,"DT"
130011,"NN"
130012,","
130013,"VBD"
130014,"CD"
130015,"NNP"
130016,"NNP"
130017,"NN"
130018,","
130019,"VBZ"
130020,"``"
130021,"RB"
130022,"DT"
130023,"JJ"
130024,"NN"
130025,":"
130026,"."
130027,"PRP"
130028,"MD"
130029,"VB"
130030,"NN"
130031,"TO"
130032,"PRP"
130033,"."
130034,"''"
130035,"RB"
130036,","
130037,"NN"
130038,"NN"
130039,"VBZ"
130040,"VBN"
130041,"TO"
130042,"VB"
130043,"RB"
130044,"IN"
130045,"DT"
130046,"NN"
130047,"NN"
130048,"WRB"
130049,"DT"
130050,"NNP"
130051,"NNP"
130052,"NNP"
130053,"NNP"
130054,"NNS"
130055,"DT"
130056,"$"
130057,"CD"
130058,"CD"
130059,"NN"
130060,"IN"
130061,"JJ"
130062,","
130063,"JJ"
130064,","
130065,"JJ"
130066,"CC"
130067,"JJ"
130068,"NNS"
130069,"."
130070,"NNP"
130071,","
130072,"DT"
130073,"NNP"
130074,"NNP"
130075,"NNP"
130076,"MD"
130077,"VB"
130078,"NNS"
130079,"IN"
130080,"PRP$"
130081,"JJ"
130082,"NN"
130083,"NN"
130084,","
130085,"WDT"
130086,"VBZ"
130087,"VBN"
130088,"TO"
130089,"VB"
130090,"IN"
130091,"$"
130092,"CD"
130093,"CD"
130094,"CC"
130095,"$"
130096,"CD"
130097,"CD"
130098,"CC"
130099,"VB"
130100,"DT"
130101,"NN"
130102,"JJR"
130103,"IN"
130104,"CD"
130105,"NNS"
130106,"."
130107,"NNP"
130108,"NNP"
130109,"VBZ"
130110,"DT"
130111,"NN"
130112,"IN"
130113,"NNP"
130114,"NNP"
130115,"NNP"
130116,","
130117,"DT"
130118,"JJ"
130119,"JJ"
130120,"NN"
130121,"VBD"
130122,"TO"
130123,"VB"
130124,"IN"
130125,"DT"
130126,"NN"
130127,"POS"
130128,"JJ"
130129,"NNS"
130130,"."
130131,"CC"
130132,"DT"
130133,"NN"
130134,"DT"
130135,"NNP"
130136,"NNP"
130137,"NNP"
130138,"VBZ"
130139,"TO"
130140,"VB"
130141,"DT"
130142,"$"
130143,"CD"
130144,"CD"
130145,"NN"
130146,","
130147,"PRP$"
130148,"JJ"
130149,"JJ"
130150,"NN"
130151,"NN"
130152,"IN"
130153,"CD"
130154,"NNS"
130155,"."
130156,"``"
130157,"EX"
130158,"POS"
130159,"NNS"
130160,"IN"
130161,"NN"
130162,","
130163,"''"
130164,"DT"
130165,"NNP"
130166,"NNP"
130167,"NN"
130168,"VBD"
130169,"."
130170,"``"
130171,"PRP"
130172,"VBP"
130173,"DT"
130174,"NN"
130175,"CC"
130176,"CD"
130177,"JJ"
130178,"NNS"
130179,"JJ"
130180,"."
130181,"''"
130182,"NNP"
130183,"NNP"
130184,"NNS"
130185,"IN"
130186,"NNP"
130187,"NNS"
130188,"VBD"
130189,"IN"
130190,"JJ"
130191,"TO"
130192,"JJ"
130193,"NN"
130194,"."
130195,"DT"
130196,"JJ"
130197,"JJ"
130198,"NN"
130199,"NN"
130200,"VBD"
130201,"VBN"
130202,"RB"
130203,"IN"
130204,"DT"
130205,"NN"
130206,"IN"
130207,"CD"
130208,"CD"
130209,","
130210,"VBN"
130211,"IN"
130212,"DT"
130213,"JJ"
130214,"NN"
130215,"IN"
130216,"CD"
130217,"CD"
130218,"NNP"
130219,"."
130220,"DT"
130221,"NN"
130222,"IN"
130223,"DT"
130224,"JJ"
130225,"NN"
130226,"VBD"
130227,"TO"
130228,"CD"
130229,"NN"
130230,"IN"
130231,"CD"
130232,"NN"
130233,"."
130234,"DT"
130235,"JJ"
130236,"JJ"
130237,"NNS"
130238,"VBD"
130239,"VBN"
130240,"RB"
130241,"IN"
130242,"CD"
130243,"CD"
130244,"IN"
130245,"DT"
130246,"NN"
130247,"IN"
130248,"CD"
130249,"NN"
130250,","
130251,"VBN"
130252,"IN"
130253,"CD"
130254,"CD"
130255,"TO"
130256,"VB"
130257,"CD"
130258,"NN"
130259,"."
130260,"JJ"
130261,"NN"
130262,"NNS"
130263,"VBD"
130264,"NN"
130265,"IN"
130266,"DT"
130267,"NN"
130268,"POS"
130269,"JJ"
130270,"NN"
130271,"NN"
130272,"NN"
130273,"."
130274,"DT"
130275,"JJ"
130276,"NN"
130277,"NN"
130278,"IN"
130279,"JJ"
130280,"JJ"
130281,"NN"
130282,"NNS"
130283,"VBD"
130284,"CD"
130285,"NN"
130286,","
130287,"DT"
130288,"JJS"
130289,"IN"
130290,"DT"
130291,"NN"
130292,"IN"
130293,"JJ"
130294,"NN"
130295,"IN"
130296,"DT"
130297,"NN"
130298,"IN"
130299,"NNP"
130300,"CD"
130301,","
130302,"CD"
130303,"."
130304,"DT"
130305,"JJ"
130306,"NN"
130307,"NN"
130308,"VBD"
130309,"CD"
130310,"NN"
130311,"IN"
130312,"JJ"
130313,"JJ"
130314,"NNS"
130315,","
130316,"DT"
130317,"JJS"
130318,"IN"
130319,"DT"
130320,"NN"
130321,"IN"
130322,"CD"
130323,"NN"
130324,"IN"
130325,"DT"
130326,"NN"
130327,"IN"
130328,"NNP"
130329,"CD"
130330,","
130331,"CD"
130332,"."
130333,"RB"
130334,"VBP"
130335,"NN"
130336,"NNS"
130337,":"
130338,"NNS"
130339,"VBP"
130340,"VBN"
130341,"IN"
130342,"DT"
130343,"NN"
130344,"IN"
130345,"DT"
130346,"NN"
130347,"NN"
130348,"CC"
130349,"NN"
130350,"NN"
130351,"."
130352,"RB"
130353,","
130354,"JJR"
130355,"NN"
130356,"VBZ"
130357,"DT"
130358,"NN"
130359,"POS"
130360,"NN"
130361,"IN"
130362,"JJR"
130363,"NN"
130364,"VBZ"
130365,"PRP"
130366,"."
130367,"DT"
130368,"NN"
130369,"NNS"
130370,"VBP"
130371,"VBN"
130372,"IN"
130373,"DT"
130374,"JJ"
130375,"NN"
130376,","
130377,"IN"
130378,"DT"
130379,"JJ"
130380,"NN"
130381,"VBZ"
130382,"VBN"
130383,"IN"
130384,"DT"
130385,"JJ"
130386,"NN"
130387,"."
130388,"DT"
130389,"NNS"
130390,"VBP"
130391,"VBN"
130392,"NNP"
130393,"CD"
130394,"."
130395,"DT"
130396,"JJ"
130397,"NNS"
130398,"VBP"
130399,"NNP"
130400,"CD"
130401,","
130402,"CD"
130403,","
130404,"CC"
130405,"DT"
130406,"JJ"
130407,"NNS"
130408,"VBP"
130409,"NNP"
130410,"CD"
130411,","
130412,"CD"
130413,"."
130414,"NNP"
130415,"NNP"
130416,"NNP"
130417,"JJ"
130418,"NNS"
130419,"VBD"
130420,"CD"
130421,"TO"
130422,"CD"
130423,"CD"
130424,"NN"
130425,"JJR"
130426,"."
130427,"EX"
130428,"VBD"
130429,"DT"
130430,"JJ"
130431,"NNS"
130432,"."
130433,"NNP"
130434,"NNP"
130435,"NNP"
130436,"NNS"
130437,"VBD"
130438,"IN"
130439,"DT"
130440,"NN"
130441,"VBD"
130442,"IN"
130443,"JJS"
130444,"JJ"
130445,"NNS"
130446,"."
130447,"IN"
130448,"JJ"
130449,"NNS"
130450,":"
130451,":"
130452,"NNP"
130453,"POS"
130454,"NN"
130455,"CD"
130456,"CD"
130457,"NN"
130458,"NN"
130459,"JJ"
130460,"CD"
130461,"VBD"
130462,"IN"
130463,"NNS"
130464,"NNS"
130465,"IN"
130466,"CD"
130467,","
130468,"RB"
130469,"CD"
130470,"NN"
130471,"."
130472,"DT"
130473,"NN"
130474,"VBD"
130475,"CD"
130476,"NN"
130477,"."
130478,":"
130479,"NNP"
130480,"NNP"
130481,"POS"
130482,"CD"
130483,"CD"
130484,"NN"
130485,"NN"
130486,"JJ"
130487,"NNP"
130488,"CD"
130489,"VBD"
130490,"IN"
130491,"CD"
130492,","
130493,"RB"
130494,"CD"
130495,"NN"
130496,"TO"
130497,"VB"
130498,"CD"
130499,"NN"
130500,"."
130501,":"
130502,"NNP"
130503,"POS"
130504,"CD"
130505,"CD"
130506,"NN"
130507,"NN"
130508,"JJ"
130509,"CD"
130510,"VBD"
130511,"CD"
130512,"CD"
130513,"JJR"
130514,"IN"
130515,"CD"
130516,"CD"
130517,"TO"
130518,"VB"
130519,"CD"
130520,"NN"
130521,","
130522,"IN"
130523,"DT"
130524,"CD"
130525,"CD"
130526,"NN"
130527,"NNS"
130528,"JJ"
130529,"CD"
130530,"VBD"
130531,"CD"
130532,"TO"
130533,"CD"
130534,"CD"
130535,"TO"
130536,"VB"
130537,"CD"
130538,"NN"
130539,"."
130540,"NNP"
130541,"NNP"
130542,"NNP"
130543,"NNS"
130544,"VBD"
130545,"RP"
130546,"JJS"
130547,"IN"
130548,"NNP"
130549,"POS"
130550,"NNS"
130551,"IN"
130552,"JJ"
130553,"NNS"
130554,"VBD"
130555,"CD"
130556,"TO"
130557,"CD"
130558,"NN"
130559,"JJR"
130560,"."
130561,"NNS"
130562,"VBD"
130563,"NN"
130564,"NN"
130565,"VBD"
130566,"JJ"
130567,"IN"
130568,"NNS"
130569,"VBN"
130570,"IN"
130571,"NN"
130572,"TO"
130573,"NNS"
130574,"IN"
130575,"DT"
130576,"NN"
130577,"NN"
130578,"CC"
130579,"NNS"
130580,"IN"
130581,"NNP"
130582,"NNS"
130583,","
130584,"CC"
130585,"NN"
130586,"VBD"
130587,"TO"
130588,"VB"
130589,"NNS"
130590,"IN"
130591,"DT"
130592,"NN"
130593,"."
130594,"NNP"
130595,"NNP"
130596,"NNP"
130597,"NNP"
130598,"CD"
130599,"NN"
130600,"NNS"
130601,"IN"
130602,"NNP"
130603,"NN"
130604,"VBD"
130605,"VBN"
130606,"JJ"
130607,"NN"
130608,"IN"
130609,"CD"
130610,"CD"
130611,","
130612,"RB"
130613,"CD"
130614,"IN"
130615,"NNP"
130616,":"
130617,"CD"
130618,"CD"
130619,"NN"
130620,"NNS"
130621,"VBD"
130622,"RB"
130623,"CD"
130624,"IN"
130625,"CD"
130626,"CD"
130627,":"
130628,"CC"
130629,"CD"
130630,"NN"
130631,"NNS"
130632,"VBD"
130633,"IN"
130634,"CD"
130635,"CD"
130636,","
130637,"IN"
130638,"CD"
130639,"."
130640,"NNP"
130641,"NNP"
130642,"NNP"
130643,"NNP"
130644,"NNP"
130645,"CD"
130646,"NN"
130647,"NNS"
130648,"VBD"
130649,"IN"
130650,"CD"
130651,"CD"
130652,","
130653,"RB"
130654,"CD"
130655,"."
130656,"NNP"
130657,"NNP"
130658,","
130659,"NN"
130660,"NNS"
130661,"VBD"
130662,"RB"
130663,"JJ"
130664,"IN"
130665,"CD"
130666,"CD"
130667,"."
130668,"JJ"
130669,"NN"
130670,"NNP"
130671,"NNP"
130672,"CD"
130673,"NN"
130674,"NNS"
130675,"VBD"
130676,"VBG"
130677,"CD"
130678,"NN"
130679,"TO"
130680,"DT"
130681,"JJ"
130682,"NN"
130683,"NN"
130684,"NN"
130685,","
130686,"IN"
130687,"DT"
130688,"NN"
130689,"IN"
130690,"DT"
130691,"NNP"
130692,"JJ"
130693,"NN"
130694,"VBD"
130695,"CD"
130696,"NN"
130697,"NN"
130698,"TO"
130699,"CD"
130700,"."
130701,"NNS"
130702,"VBD"
130703,"EX"
130704,"VBD"
130705,"DT"
130706,"JJ"
130707,"NNS"
130708,"IN"
130709,"NNP"
130710,"NNP"
130711,"CC"
130712,"NNP"
130713,"NNP"
130714,"NNP"
130715,"NNP"
130716,"NNS"
130717,"IN"
130718,"NNS"
130719,"IN"
130720,"JJ"
130721,"NN"
130722,"POS"
130723,"JJ"
130724,"NN"
130725,"IN"
130726,"JJ"
130727,"NN"
130728,"NN"
130729,"NN"
130730,"NN"
130731,"NNS"
130732,"VBD"
130733,"TO"
130734,"VB"
130735,"NN"
130736,"IN"
130737,"JJ"
130738,"NNS"
130739,"."
130740,"VBG"
130741,"DT"
130742,"JJ"
130743,"NNS"
130744,"VBD"
130745,"JJ"
130746,"JJ"
130747,"NNS"
130748,"IN"
130749,"NN"
130750,"NNS"
130751,","
130752,"WDT"
130753,"VBP"
130754,"VBG"
130755,"VBN"
130756,"NNS"
130757,"IN"
130758,"JJ"
130759,"JJ"
130760,"NNS"
130761,"IN"
130762,"JJR"
130763,"NNS"
130764,"."
130765,"EX"
130766,"VBD"
130767,"DT"
130768,"JJ"
130769,"NN"
130770,"IN"
130771,"DT"
130772,"JJ"
130773,"NN"
130774,"."
130775,"NNS"
130776,"VBG"
130777,"NNS"
130778,"CC"
130779,"JJR"
130780,"NN"
130781,"NNS"
130782,"VBD"
130783,"JJ"
130784,"NNS"
130785,"CD"
130786,"TO"
130787,"CD"
130788,"NN"
130789,"JJR"
130790,"IN"
130791,"JJ"
130792,"NNS"
130793,"."
130794,"DT"
130795,"NN"
130796,"NNS"
130797,"VBD"
130798,"JJ"
130799,"NN"
130800,"NNS"
130801,"RB"
130802,"TO"
130803,"WRB"
130804,"PRP"
130805,"VBD"
130806,"IN"
130807,"DT"
130808,"JJ"
130809,"NN"
130810,"IN"
130811,"DT"
130812,"NNP"
130813,"NNP"
130814,"NNP"
130815,"NNP"
130816,"NNP"
130817,"VBD"
130818,"DT"
130819,"NN"
130820,"NNS"
130821,"NN"
130822,"."
130823,"NNP"
130824,"VBD"
130825,"JJ"
130826,"IN"
130827,"DT"
130828,"NN"
130829,","
130830,"IN"
130831,"NNS"
130832,"VBG"
130833,"TO"
130834,"VB"
130835,"IN"
130836,"NNS"
130837,"MD"
130838,"VB"
130839,"NNP"
130840,"POS"
130841,"JJ"
130842,"NN"
130843,"CC"
130844,"VB"
130845,"IN"
130846,"DT"
130847,"JJ"
130848,"NN"
130849,"IN"
130850,"NN"
130851,"."
130852,"NNS"
130853,"VBD"
130854,"DT"
130855,"NN"
130856,"NN"
130857,"TO"
130858,"DT"
130859,"NN"
130860,"JJR"
130861,"IN"
130862,"NN"
130863,"IN"
130864,"JJ"
130865,"NN"
130866,"NN"
130867,"NN"
130868,","
130869,"CC"
130870,"NN"
130871,"NNS"
130872,"RB"
130873,"VBD"
130874,"RB"
130875,"IN"
130876,"PRP"
130877,"VBD"
130878,"RBR"
130879,"JJ"
130880,"IN"
130881,"DT"
130882,"NN"
130883,"IN"
130884,"DT"
130885,"NNP"
130886,"CD"
130887,"NN"
130888,"VBD"
130889,"RB"
130890,"IN"
130891,"NN"
130892,"."
130893,"NNS"
130894,"VBD"
130895,"JJ"
130896,"NN"
130897,"IN"
130898,"DT"
130899,"NN"
130900,"."
130901,"NNS"
130902,"VBD"
130903,"JJ"
130904,"NNS"
130905,"VBD"
130906,"TO"
130907,"VB"
130908,"VBG"
130909,"DT"
130910,"NNS"
130911,"IN"
130912,"DT"
130913,"NN"
130914,"IN"
130915,"NN"
130916,"VBZ"
130917,"VBN"
130918,"RP"
130919,"IN"
130920,"DT"
130921,"NN"
130922,"."
130923,"NNP"
130924,"NNP"
130925,"NNP"
130926,"NNP"
130927,"POS"
130928,"CD"
130929,"NN"
130930,"NN"
130931,"IN"
130932,"CD"
130933,"VBD"
130934,"IN"
130935,"CD"
130936,"IN"
130937,"CD"
130938,"CD"
130939,"NN"
130940,","
130941,"VBG"
130942,"CD"
130943,"NN"
130944,","
130945,"RB"
130946,"CD"
130947,"NN"
130948,"NN"
130949,"IN"
130950,"JJ"
130951,"NNP"
130952,"."
130953,"NNP"
130954,"NNP"
130955,"IN"
130956,"NNP"
130957,"POS"
130958,"CD"
130959,"CD"
130960,"NN"
130961,"NN"
130962,"IN"
130963,"CD"
130964,"VBD"
130965,"CD"
130966,"NN"
130967,"JJR"
130968,"IN"
130969,"CD"
130970,"CD"
130971,"NN"
130972,"."
130973,"DT"
130974,"CD"
130975,"CD"
130976,"NN"
130977,"NN"
130978,"IN"
130979,"NNP"
130980,"NNP"
130981,"CC"
130982,"NNP"
130983,"NNP"
130984,"IN"
130985,"NNP"
130986,"NNP"
130987,","
130988,"JJ"
130989,"CD"
130990,","
130991,"VBD"
130992,"RB"
130993,"CD"
130994,"IN"
130995,"CD"
130996,"CD"
130997,"NN"
130998,"."
130999,"CC"
131000,"NNP"
131001,"NNP"
131002,","
131003,"NNP"
131004,","
131005,"NNP"
131006,"NNP"
131007,"POS"
131008,"CD"
131009,"CD"
131010,"NN"
131011,"NN"
131012,"IN"
131013,"NNP"
131014,"VBD"
131015,"RB"
131016,"CD"
131017,"IN"
131018,"CD"
131019,"CD"
131020,"NN"
131021,"."
131022,"JJ"
131023,"NN"
131024,"NNS"
131025,"VBD"
131026,"RB"
131027,"IN"
131028,"CD"
131029,"NN"
131030,"NN"
131031,"."
131032,"O"
131033,"NNP"
131034,"NNP"
131035,","
131036,"NNP"
131037,"NNP"
131038,","
131039,"NNP"
131040,","
131041,"VBD"
131042,"PRP"
131043,"VBZ"
131044,"VBG"
131045,"``"
131046,"JJ"
131047,"NNS"
131048,","
131049,"''"
131050,"IN"
131051,"PRP$"
131052,"NN"
131053,"NN"
131054,"POS"
131055,"NNP"
131056,"NNP"
131057,"NN"
131058,","
131059,"CC"
131060,"VBZ"
131061,"VBG"
131062,"JJ"
131063,"NNS"
131064,"IN"
131065,"DT"
131066,"NN"
131067,"CC"
131068,"NN"
131069,"NN"
131070,"NN"
131071,"."
131072,"DT"
131073,"NNP"
131074,"NN"
131075,"VBD"
131076,"``"
131077,"JJ"
131078,"JJ"
131079,"NNS"
131080,"''"
131081,"VBP"
131082,"VBN"
131083,"NN"
131084,"NN"
131085,"``"
131086,"DT"
131087,"JJ"
131088,"NN"
131089,","
131090,"''"
131091,"CC"
131092,"NNS"
131093,"RB"
131094,"VBP"
131095,"VBN"
131096,"VBN"
131097,"IN"
131098,"NNS"
131099,"IN"
131100,"DT"
131101,"NN"
131102,"IN"
131103,"NN"
131104,"NNS"
131105,"NNS"
131106,"RB"
131107,"VBP"
131108,"."
131109,"DT"
131110,"NNP"
131111,"NNP"
131112,"POS"
131113,"NNP"
131114,"NN"
131115,"VBD"
131116,"IN"
131117,"$"
131118,"CD"
131119,"CD"
131120,"IN"
131121,"DT"
131122,"NN"
131123,"POS"
131124,"$"
131125,"CD"
131126,"CD"
131127,"IN"
131128,"CD"
131129,"NN"
131130,","
131131,"CC"
131132,"DT"
131133,"NN"
131134,"POS"
131135,"NN"
131136,"NN"
131137,"VBD"
131138,"IN"
131139,"$"
131140,"CD"
131141,"CD"
131142,","
131143,"VBD"
131144,"DT"
131145,"NN"
131146,"."
131147,"NNP"
131148,"POS"
131149,"NN"
131150,"NN"
131151,","
131152,"NNP"
131153,"."
131154,"NNP"
131155,"CC"
131156,"NNP"
131157,"NNP"
131158,","
131159,"VBZ"
131160,"VBN"
131161,"VBN"
131162,"TO"
131163,"VB"
131164,"JJ"
131165,"NNS"
131166,"IN"
131167,"DT"
131168,"NN"
131169,"."
131170,"O"
131171,"NNP"
131172,"NNP"
131173,"NNP"
131174,"VBD"
131175,"PRP"
131176,"VBD"
131177,"PRP$"
131178,"NN"
131179,"IN"
131180,"NNP"
131181,"NNP"
131182,"IN"
131183,"NNP"
131184,"TO"
131185,"CD"
131186,"NN"
131187,"IN"
131188,"CD"
131189,"NN"
131190,"."
131191,"DT"
131192,"NN"
131193,"IN"
131194,"NN"
131195,"VBD"
131196,"TO"
131197,"VB"
131198,"DT"
131199,"NN"
131200,"DT"
131201,"NNP"
131202,"NN"
131203,"CC"
131204,"NN"
131205,"NNS"
131206,"NN"
131207,"VBN"
131208,"IN"
131209,"DT"
131210,"JJ"
131211,"NNS"
131212,","
131213,"WDT"
131214,"PRP"
131215,"VBD"
131216,"VBD"
131217,"VBN"
131218,"``"
131219,"IN"
131220,"DT"
131221,"JJ"
131222,"NN"
131223,"IN"
131224,"NNS"
131225,"."
131226,"''"
131227,"DT"
131228,"NN"
131229,"VBD"
131230,"NN"
131231,"MD"
131232,"RB"
131233,"VB"
131234,"PRP$"
131235,"NN"
131236,"IN"
131237,"NNP"
131238,"IN"
131239,"CD"
131240,"NN"
131241,"``"
131242,"IN"
131243,"DT"
131244,"JJ"
131245,"NN"
131246,"IN"
131247,"NN"
131248,"''"
131249,"IN"
131250,"IN"
131251,"JJ"
131252,"NN"
131253,"NNS"
131254,"WDT"
131255,"VBP"
131256,"DT"
131257,"NN"
131258,"VBG"
131259,"JJR"
131260,"IN"
131261,"CD"
131262,"NN"
131263,"TO"
131264,"VB"
131265,"DT"
131266,"NN"
131267,"TO"
131268,"DT"
131269,"NN"
131270,"IN"
131271,"DT"
131272,"NN"
131273,"POS"
131274,"NNS"
131275,"."
131276,"NNP"
131277,","
131278,"DT"
131279,"NN"
131280,"NNS"
131281,"CC"
131282,"NNS"
131283,"NN"
131284,","
131285,"NNS"
131286,"IN"
131287,"NNP"
131288,"POS"
131289,"NNP"
131290,"NNP"
131291,"."
131292,"NN"
131293,"VBZ"
131294,"VBN"
131295,"IN"
131296,"NNP"
131297,"NNP"
131298,"NNP"
131299,","
131300,"DT"
131301,"NNP"
131302,"NN"
131303,","
131304,"NNS"
131305,"CC"
131306,"JJ"
131307,"NN"
131308,"NN"
131309,"."
131310,"O"
131311,"NNP"
131312,"NNP"
131313,","
131314,"DT"
131315,"JJ"
131316,"NN"
131317,"IN"
131318,"JJ"
131319,"NNS"
131320,","
131321,"JJ"
131322,"NN"
131323,"NNS"
131324,"CC"
131325,"NN"
131326,"NNS"
131327,","
131328,"VBD"
131329,"DT"
131330,"CD"
131331,"NN"
131332,"JJ"
131333,"NN"
131334,"IN"
131335,"JJ"
131336,"NN"
131337,"TO"
131338,"CD"
131339,"CD"
131340,"NNS"
131341,"("
131342,"$"
131343,"CD"
131344,"CD"
131345,")"
131346,"IN"
131347,"CD"
131348,"CD"
131349,"NNS"
131350,"("
131351,"$"
131352,"CD"
131353,"CD"
131354,")"
131355,"IN"
131356,"DT"
131357,"JJ"
131358,"NN"
131359,"VBD"
131360,"NNP"
131361,"CD"
131362,"."
131363,"NNS"
131364,"VBD"
131365,"CD"
131366,"NN"
131367,"TO"
131368,"CD"
131369,"CD"
131370,"NN"
131371,"IN"
131372,"CD"
131373,"CD"
131374,"."
131375,"JJ"
131376,"NN"
131377,"VBD"
131378,"CD"
131379,"NN"
131380,"TO"
131381,"CD"
131382,"CD"
131383,"NN"
131384,"IN"
131385,"CD"
131386,"CD"
131387,"."
131388,"NNP"
131389,"NNP"
131390,"VBD"
131391,"TO"
131392,"CD"
131393,"NN"
131394,"IN"
131395,"CD"
131396,"NN"
131397,"IN"
131398,"IN"
131399,"NNS"
131400,"CC"
131401,"NN"
131402,"NNS"
131403,"."
131404,"IN"
131405,"VBG"
131406,"JJ"
131407,"NN"
131408,"NNS"
131409,","
131410,"NNP"
131411,"VBD"
131412,"PRP$"
131413,"JJ"
131414,"NN"
131415,"IN"
131416,"NNS"
131417,":"
131418,"VBG"
131419,"JJ"
131420,"NN"
131421,"NNS"
131422,"CC"
131423,"NN"
131424,"NN"
131425,"NNS"
131426,":"
131427,"TO"
131428,"VBG"
131429,"``"
131430,"JJ"
131431,"''"
131432,"NNS"
131433,"IN"
131434,"JJ"
131435,"NNS"
131436,"."
131437,"NNP"
131438,"NNS"
131439,"IN"
131440,"NN"
131441,"NNS"
131442,"RB"
131443,","
131444,"IN"
131445,"NN"
131446,","
131447,"VBD"
131448,"CD"
131449,"CD"
131450,"NNS"
131451,"IN"
131452,"DT"
131453,"CD"
131454,"NNS"
131455,","
131456,"RB"
131457,"IN"
131458,"CD"
131459,"CD"
131460,"IN"
131461,"DT"
131462,"JJ"
131463,"JJ"
131464,"NN"
131465,"."
131466,"JJ"
131467,"NN"
131468,"NNS"
131469,","
131470,"RB"
131471,","
131472,"VBD"
131473,"JJR"
131474,"."
131475,"O"
131476,"NNP"
131477,"NNP"
131478,"IN"
131479,"NNP"
131480,"NNP"
131481,","
131482,"NNP"
131483,","
131484,"VBD"
131485,"PRP"
131486,"VBD"
131487,"NNP"
131488,"NNP"
131489,"NNP"
131490,"NNP"
131491,"TO"
131492,"VB"
131493,"PRP$"
131494,"NNP"
131495,"NNP"
131496,"NNP"
131497,"NNP"
131498,"NN"
131499,"."
131500,"``"
131501,"EX"
131502,"VBZ"
131503,"DT"
131504,"JJ"
131505,"NN"
131506,"TO"
131507,"VB"
131508,"DT"
131509,"NN"
131510,","
131511,"CC"
131512,"PRP"
131513,"VBP"
131514,"VBG"
131515,"PRP"
131516,"RB"
131517,"PRP"
131518,"MD"
131519,"VB"
131520,"IN"
131521,"PRP$"
131522,"JJ"
131523,"NN"
131524,","
131525,"VBG"
131526,"NNS"
131527,"IN"
131528,"DT"
131529,"NNP"
131530,"CC"
131531,"RB"
131532,","
131533,"''"
131534,"VBD"
131535,"NNP"
131536,"NNP"
131537,","
131538,"NNP"
131539,"POS"
131540,"JJ"
131541,"NN"
131542,"NN"
131543,"."
131544,"``"
131545,"PRP"
131546,"VBP"
131547,"RB"
131548,"VBG"
131549,"TO"
131550,"VB"
131551,"IN"
131552,"DT"
131553,"JJ"
131554,"NN"
131555,"."
131556,"''"
131557,"NNP"
131558,"NNP"
131559,"VBD"
131560,"NN"
131561,"NN"
131562,"IN"
131563,"NN"
131564,"IN"
131565,"$"
131566,"CD"
131567,"CD"
131568,"IN"
131569,"NN"
131570,"IN"
131571,"$"
131572,"CD"
131573,"CD"
131574,"IN"
131575,"CD"
131576,"."
131577,"DT"
131578,"RB"
131579,"VBN"
131580,"NNP"
131581,"NNP"
131582,"VBD"
131583,"JJ"
131584,"NN"
131585,"IN"
131586,"NN"
131587,"TO"
131588,"$"
131589,"CD"
131590,"CD"
131591,"IN"
131592,"CD"
131593,","
131594,"IN"
131595,"IN"
131596,"$"
131597,"CD"
131598,"CD"
131599,"VBD"
131600,"VBN"
131601,"IN"
131602,"PRP$"
131603,"NNP"
131604,"NNP"
131605,"NNP"
131606,"NNP"
131607,"NNS"
131608,"RB"
131609,"."
131610,"NNP"
131611,"NNP"
131612,"VBZ"
131613,"DT"
131614,"JJ"
131615,"NN"
131616,"IN"
131617,"JJ"
131618,"NN"
131619,"IN"
131620,"DT"
131621,"NNP"
131622,","
131623,"NNP"
131624,","
131625,"NNP"
131626,"CC"
131627,"DT"
131628,"NNP"
131629,"."
131630,"PRP"
131631,"VBZ"
131632,"JJ"
131633,"CC"
131634,"JJ"
131635,"NN"
131636,"VBG"
131637,"JJ"
131638,","
131639,"JJ"
131640,","
131641,"JJ"
131642,"CC"
131643,"JJ"
131644,"NN"
131645,","
131646,"NNS"
131647,","
131648,"NNS"
131649,","
131650,"NNS"
131651,"CC"
131652,"NNS"
131653,"."
131654,"O"
131655,"NNP"
131656,"NNP"
131657,"VBD"
131658,"DT"
131659,"JJ"
131660,"NN"
131661,"IN"
131662,"$"
131663,"CD"
131664,"CD"
131665,"IN"
131666,"DT"
131667,"JJ"
131668,"JJ"
131669,"NN"
131670,"VBD"
131671,"NNP"
131672,"CD"
131673,"."
131674,"PRP"
131675,"VBD"
131676,"DT"
131677,"NN"
131678,"VBD"
131679,"IN"
131680,"NNP"
131681,"CC"
131682,"NN"
131683,"NNS"
131684,"VBN"
131685,"TO"
131686,"DT"
131687,"JJ"
131688,"JJ"
131689,"NN"
131690,"NN"
131691,"NN"
131692,"."
131693,"IN"
131694,"DT"
131695,"JJ"
131696,"NN"
131697,","
131698,"DT"
131699,"NN"
131700,"VBD"
131701,"JJ"
131702,"NN"
131703,"IN"
131704,"$"
131705,"CD"
131706,","
131707,"CC"
131708,"CD"
131709,"NNS"
131710,"DT"
131711,"NN"
131712,"."
131713,"DT"
131714,"NN"
131715,"IN"
131716,"JJ"
131717,"JJ"
131718,"NNS"
131719,","
131720,"VBN"
131721,"IN"
131722,"NNP"
131723,","
131724,"NNP"
131725,","
131726,"VBD"
131727,"DT"
131728,"JJ"
131729,"NN"
131730,"NN"
131731,"IN"
131732,"$"
131733,"CD"
131734,"CD"
131735,"VBN"
131736,"IN"
131737,"JJ"
131738,"NN"
131739,"IN"
131740,"$"
131741,"CD"
131742,"CD"
131743,","
131744,"CC"
131745,"CD"
131746,"NNS"
131747,"DT"
131748,"NN"
131749,","
131750,"IN"
131751,"DT"
131752,"JJ"
131753,"NN"
131754,"DT"
131755,"NN"
131756,"RBR"
131757,"."
131758,"IN"
131759,"JJ"
131760,"NN"
131761,","
131762,"NNP"
131763,"VBD"
131764,"CD"
131765,"NNS"
131766,"TO"
131767,"$"
131768,"CD"
131769,"."
131770,"O"
131771,"NNP"
131772,"NNP"
131773,"NNP"
131774,"VBZ"
131775,"TO"
131776,"VB"
131777,"JJ"
131778,"NN"
131779,"IN"
131780,"IN"
131781,"$"
131782,"CD"
131783,"CD"
131784,","
131785,"CC"
131786,"$"
131787,"CD"
131788,"DT"
131789,"NN"
131790,","
131791,"RB"
131792,"IN"
131793,"$"
131794,"CD"
131795,"CD"
131796,","
131797,"CC"
131798,"$"
131799,"CD"
131800,"DT"
131801,"NN"
131802,","
131803,"DT"
131804,"NN"
131805,"RB"
131806,","
131807,"NNP"
131808,"NNP"
131809,"NNP"
131810,","
131811,"NN"
131812,"CC"
131813,"JJ"
131814,"NN"
131815,"NN"
131816,","
131817,"VBD"
131818,"JJ"
131819,"NNS"
131820,"IN"
131821,"NNP"
131822,"NNP"
131823,"."
131824,"NNS"
131825,"IN"
131826,"DT"
131827,"JJ"
131828,"NN"
131829,"IN"
131830,"NN"
131831,"NNS"
131832,"CC"
131833,"JJ"
131834,"NNS"
131835,"VBD"
131836,"TO"
131837,"IN"
131838,"$"
131839,"CD"
131840,"CD"
131841,"IN"
131842,"DT"
131843,"JJ"
131844,"NN"
131845,"IN"
131846,"$"
131847,"CD"
131848,"CD"
131849,"DT"
131850,"NN"
131851,"RBR"
131852,","
131853,"PRP"
131854,"VBD"
131855,"."
131856,"PRP"
131857,"VBD"
131858,"DT"
131859,"JJ"
131860,"NN"
131861,"VBZ"
131862,"NN"
131863,"IN"
131864,"DT"
131865,"CD"
131866,"NNS"
131867,"IN"
131868,"$"
131869,"CD"
131870,"DT"
131871,"NN"
131872,","
131873,"``"
131874,"RB"
131875,"JJ"
131876,"TO"
131877,"DT"
131878,"JJ"
131879,"CD"
131880,"NNS"
131881,"''"
131882,"IN"
131883,"$"
131884,"CD"
131885,"CD"
131886,","
131887,"CC"
131888,"$"
131889,"CD"
131890,"DT"
131891,"NN"
131892,"."
131893,"IN"
131894,"DT"
131895,"JJ"
131896,"CD"
131897,"NNS"
131898,"IN"
131899,"CD"
131900,","
131901,"NNP"
131902,"VBD"
131903,"$"
131904,"CD"
131905,"CD"
131906,","
131907,"CC"
131908,"$"
131909,"CD"
131910,"DT"
131911,"NN"
131912,"."
131913,"NNP"
131914,"NNP"
131915,"VBD"
131916,"DT"
131917,"JJ"
131918,"NNS"
131919,"VBP"
131920,"JJ"
131921,"NNS"
131922,"IN"
131923,"NN"
131924,"CC"
131925,"NN"
131926,"NNS"
131927,"."
131928,"PRP"
131929,"VBD"
131930,"JJ"
131931,"NN"
131932,"IN"
131933,"NN"
131934,"MD"
131935,"VB"
131936,"TO"
131937,"IN"
131938,"$"
131939,"CD"
131940,"CD"
131941,"IN"
131942,"IN"
131943,"$"
131944,"CD"
131945,"CD"
131946,"DT"
131947,"NN"
131948,"."
131949,"O"
131950,"NNP"
131951,"NNP"
131952,"NNP"
131953,"VBD"
131954,"PRP"
131955,"RB"
131956,"VBD"
131957,"DT"
131958,"NN"
131959,"NN"
131960,"IN"
131961,"PRP$"
131962,"$"
131963,"JJ"
131964,"NN"
131965,"NN"
131966,"IN"
131967,"NNP"
131968,"NNP"
131969,"NNP"
131970,"IN"
131971,"NNP"
131972,"CD"
131973,"."
131974,"NNP"
131975,"NNP"
131976,"VBD"
131977,"PRP"
131978,"VBZ"
131979,"IN"
131980,"NNS"
131981,"TO"
131982,"VB"
131983,"``"
131984,"JJ"
131985,"NNS"
131986,","
131987,"''"
131988,"WDT"
131989,"PRP"
131990,"VBD"
131991,"RB"
131992,"NN"
131993,","
131994,"TO"
131995,"DT"
131996,"JJ"
131997,"NN"
131998,","
131999,"CC"
132000,"PRP"
132001,"VBZ"
132002,"DT"
132003,"NN"
132004,"TO"
132005,"VB"
132006,"TO"
132007,"VB"
132008,"DT"
132009,"JJ"
132010,"NN"
132011,"IN"
132012,"DT"
132013,"NN"
132014,"."
132015,"NNP"
132016,"NNP"
132017,"VBD"
132018,"PRP"
132019,"VBZ"
132020,"DT"
132021,"NN"
132022,","
132023,"IN"
132024,"VBN"
132025,","
132026,"RB"
132027,"MD"
132028,"VB"
132029,"JJ"
132030,"NNS"
132031,"VBN"
132032,"IN"
132033,"DT"
132034,"NNP"
132035,"NNP"
132036,"NNP"
132037,"IN"
132038,"NNP"
132039,"NNP"
132040,"POS"
132041,"NN"
132042,"TO"
132043,"VB"
132044,"NNP"
132045,"NNP"
132046,"."
132047,"DT"
132048,"IN"
132049,"DT"
132050,"JJ"
132051,"JJ"
132052,"NNS"
132053,"VBP"
132054,"NN"
132055,"NNS"
132056,"CC"
132057,"NN"
132058,"."
132059,"NNP"
132060,"NNP"
132061,"VBD"
132062,"``"
132063,"EX"
132064,"MD"
132065,"VB"
132066,"DT"
132067,"NN"
132068,"''"
132069,"DT"
132070,"NN"
132071,"NN"
132072,"MD"
132073,"VB"
132074,"VBN"
132075,"."
132076,"PRP"
132077,"RB"
132078,"VBD"
132079,"DT"
132080,"NN"
132081,"NN"
132082,"MD"
132083,"RB"
132084,"VB"
132085,"TO"
132086,"VB"
132087,"VBN"
132088,"JJ"
132089,"TO"
132090,"VB"
132091,"NN"
132092,"NNS"
132093,"."
132094,"NNP"
132095,"NNP"
132096,"VBD"
132097,"NNP"
132098,"VBD"
132099,"DT"
132100,"NN"
132101,"NN"
132102,"IN"
132103,"PRP$"
132104,"NN"
132105,"IN"
132106,"JJ"
132107,"JJ"
132108,"NN"
132109,"TO"
132110,"NNP"
132111,"CD"
132112,"."
132113,"DT"
132114,"NN"
132115,","
132116,"VBN"
132117,"NNP"
132118,"CD"
132119,","
132120,"VBZ"
132121,"VBN"
132122,"JJ"
132123,"JJ"
132124,"NNS"
132125,"."
132126,"NNP"
132127,"VBD"
132128,"NNP"
132129,"NNP"
132130,"VBD"
132131,"DT"
132132,"$"
132133,"CD"
132134,"DT"
132135,"NN"
132136,","
132137,"CC"
132138,"$"
132139,"CD"
132140,"CD"
132141,","
132142,"IN"
132143,"RB"
132144,"JJ"
132145,"IN"
132146,"CD"
132147,"CD"
132148,"NNS"
132149,","
132150,"CC"
132151,"JJ"
132152,"NN"
132153,","
132154,"IN"
132155,"NNP"
132156,"NNP"
132157,"POS"
132158,"NNS"
132159,"JJ"
132160,"."
132161,"NNP"
132162,"NNP"
132163,"VBD"
132164,"IN"
132165,"IN"
132166,"IN"
132167,"NNP"
132168,"CD"
132169,","
132170,"CD"
132171,"CD"
132172,"NNS"
132173,","
132174,"CC"
132175,"IN"
132176,"CD"
132177,"NN"
132178,"IN"
132179,"DT"
132180,"RB"
132181,"VBN"
132182,"NNS"
132183,"JJ"
132184,","
132185,"VBD"
132186,"VBN"
132187,"VBN"
132188,"."
132189,"O"
132190,"NNP"
132191,"NNP"
132192,"NNP"
132193,"VBD"
132194,"PRP"
132195,"VBD"
132196,"TO"
132197,"VB"
132198,"CD"
132199,"NN"
132200,"IN"
132201,"NNP"
132202,"NNP"
132203,"NNP"
132204,","
132205,"DT"
132206,"RB"
132207,"JJ"
132208,"NN"
132209,"NN"
132210,","
132211,"IN"
132212,"DT"
132213,"NN"
132214,"IN"
132215,"$"
132216,"CD"
132217,"CD"
132218,"IN"
132219,"JJ"
132220,"NN"
132221,"."
132222,"IN"
132223,"DT"
132224,"NNS"
132225,"IN"
132226,"DT"
132227,"NN"
132228,","
132229,"NNP"
132230,"NNP"
132231,"NNP"
132232,"VBZ"
132233,"DT"
132234,"NN"
132235,"TO"
132236,"VB"
132237,"DT"
132238,"JJ"
132239,"CD"
132240,"NN"
132241,"IN"
132242,"NNP"
132243,","
132244,"DT"
132245,"NN"
132246,"IN"
132247,"NNP"
132248,"POS"
132249,"CC"
132250,"NNS"
132251,"POS"
132252,"NNS"
132253,"VBD"
132254,"RB"
132255,"IN"
132256,"NN"
132257,"NNS"
132258,","
132259,"IN"
132260,"JJ"
132261,"NNS"
132262,"."
132263,"DT"
132264,"CD"
132265,"NN"
132266,"VBZ"
132267,"RB"
132268,"VBN"
132269,"IN"
132270,"NNP"
132271,"NNP"
132272,","
132273,"NNP"
132274,"POS"
132275,"NN"
132276,"CC"
132277,"JJ"
132278,"NN"
132279,"NN"
132280,","
132281,"WP"
132282,"MD"
132283,"VB"
132284,"TO"
132285,"VB"
132286,"NNP"
132287,"POS"
132288,"NNS"
132289,"IN"
132290,"NNP"
132291,"."
132292,"IN"
132293,"CD"
132294,","
132295,"NNP"
132296,"MD"
132297,"VB"
132298,"NNS"
132299,"``"
132300,"IN"
132301,"NN"
132302,"IN"
132303,"$"
132304,"CD"
132305,"CD"
132306,"''"
132307,"CC"
132308,"MD"
132309,"VB"
132310,"DT"
132311,"NN"
132312,","
132313,"NNP"
132314,"NNP"
132315,"VBD"
132316,"."
132317,"NNP"
132318,","
132319,"WDT"
132320,"VBZ"
132321,"JJ"
132322,"NN"
132323,"VBD"
132324,"RB"
132325,"IN"
132326,"NN"
132327,"NNS"
132328,"IN"
132329,"NNP"
132330,"NNP"
132331,"CC"
132332,"NNP"
132333,","
132334,"VBD"
132335,"DT"
132336,"NN"
132337,"NN"
132338,"MD"
132339,"VB"
132340,"PRP$"
132341,"NN"
132342,"TO"
132343,"VB"
132344,"IN"
132345,"NN"
132346,"NNS"
132347,"."
132348,"DT"
132349,"NN"
132350,","
132351,"NNP"
132352,"VBD"
132353,"VBG"
132354,"RB"
132355,"VBN"
132356,"NNS"
132357,"VBN"
132358,"IN"
132359,"NN"
132360,"NNS"
132361,"IN"
132362,"DT"
132363,"NNP"
132364,"NNP"
132365,"NN"
132366,","
132367,"WDT"
132368,"NNP"
132369,"RB"
132370,"VBN"
132371,"."
132372,"O"
132373,"NNP"
132374,"NNP"
132375,","
132376,"NNP"
132377,","
132378,"VBD"
132379,"DT"
132380,"NN"
132381,"IN"
132382,"NN"
132383,"NNS"
132384,"IN"
132385,"PRP$"
132386,"RB"
132387,"VBN"
132388,"NNP"
132389,"NNP"
132390,"NNP"
132391,"NNP"
132392,"NN"
132393,"JJ"
132394,"NN"
132395,"NN"
132396,"MD"
132397,"VB"
132398,"IN"
132399,"DT"
132400,"JJ"
132401,"NN"
132402,"IN"
132403,"DT"
132404,"JJ"
132405,"NN"
132406,"."
132407,"IN"
132408,"DT"
132409,"JJ"
132410,"NN"
132411,","
132412,"DT"
132413,"JJ"
132414,"NN"
132415,"NN"
132416,"VBD"
132417,"JJ"
132418,"NN"
132419,"IN"
132420,"$"
132421,"CD"
132422,"CD"
132423,","
132424,"CC"
132425,"CD"
132426,"NNS"
132427,"DT"
132428,"NN"
132429,","
132430,"IN"
132431,"NN"
132432,"IN"
132433,"IN"
132434,"$"
132435,"CD"
132436,"CD"
132437,"."
132438,"DT"
132439,"NNS"
132440,"VBD"
132441,"DT"
132442,"$"
132443,"CD"
132444,"CD"
132445,"NN"
132446,"VBN"
132447,"TO"
132448,"DT"
132449,"NN"
132450,"IN"
132451,"NN"
132452,"."
132453,"IN"
132454,"DT"
132455,"JJ"
132456,"NN"
132457,","
132458,"NNP"
132459,"VBD"
132460,"PRP"
132461,"VBD"
132462,"DT"
132463,"NN"
132464,"IN"
132465,"DT"
132466,"NN"
132467,"POS"
132468,"NNS"
132469,"PRP"
132470,"MD"
132471,"VB"
132472,"TO"
132473,"CD"
132474,"IN"
132475,"CD"
132476,"."
132477,"DT"
132478,"JJ"
132479,"CC"
132480,"JJ"
132481,"NNS"
132482,"CC"
132483,"VB"
132484,"JJ"
132485,"NNS"
132486,"."
132487,"NNP"
132488,"VBD"
132489,"DT"
132490,"NN"
132491,"MD"
132492,"VB"
132493,"VBN"
132494,"IN"
132495,"DT"
132496,"$"
132497,"CD"
132498,"NN"
132499,"CC"
132500,"MD"
132501,"VB"
132502,"IN"
132503,"CD"
132504,"NN"
132505,"IN"
132506,"DT"
132507,"NN"
132508,"NN"
132509,"."
132510,"JJ"
132511,"NNS"
132512,"IN"
132513,"DT"
132514,"NN"
132515,"VBP"
132516,"VBN"
132517,"TO"
132518,"VB"
132519,"NN"
132520,"TO"
132521,"$"
132522,"CD"
132523,"CD"
132524,"."
132525,"NNP"
132526,","
132527,"NNP"
132528,"CC"
132529,"NNP"
132530,","
132531,"CC"
132532,"NNP"
132533,"NNP"
132534,"NNP"
132535,"NNP"
132536,"VBP"
132537,"JJ"
132538,"NNS"
132539,"."
132540,"O"
132541,"NNP"
132542,"NNP"
132543,"NNP"
132544,"VBD"
132545,"PRP"
132546,"VBD"
132547,"PRP$"
132548,"JJ"
132549,"NN"
132550,"NN"
132551,"IN"
132552,"$"
132553,"CD"
132554,"DT"
132555,"NN"
132556,"NN"
132557,"NN"
132558,","
132559,"CC"
132560,"$"
132561,"CD"
132562,"CD"
132563,","
132564,"IN"
132565,"NNP"
132566,"NNP"
132567,"NNP"
132568,"IN"
132569,"NNP"
132570,"CD"
132571,"."
132572,"NNP"
132573,"NNP"
132574,"NNP"
132575,","
132576,"DT"
132577,"NNP"
132578,"NNP"
132579,"NN"
132580,"POS"
132581,"NN"
132582,"NN"
132583,","
132584,"VBD"
132585,"IN"
132586,"RB"
132587,"IN"
132588,"DT"
132589,"NN"
132590,"IN"
132591,"NN"
132592,"NN"
132593,","
132594,"NNP"
132595,"NNS"
132596,"VBD"
132597,"VBN"
132598,"VBN"
132599,"."
132600,"VBG"
132601,"DT"
132602,"NN"
132603,"NNP"
132604,"RB"
132605,"VBN"
132606,","
132607,"NNP"
132608,"VBZ"
132609,"DT"
132610,"NN"
132611,"IN"
132612,"IN"
132613,"CD"
132614,"NN"
132615,"IN"
132616,"NNP"
132617,"NNP"
132618,"POS"
132619,"NNS"
132620,"IN"
132621,"DT"
132622,"RB"
132623,"JJ"
132624,"NN"
132625,"."
132626,"DT"
132627,"NN"
132628,","
132629,"WDT"
132630,"RB"
132631,"VBZ"
132632,"JJ"
132633,"CC"
132634,"JJ"
132635,"NN"
132636,"NN"
132637,"NNS"
132638,","
132639,"VBD"
132640,"TO"
132641,"VB"
132642,"JJ"
132643,"NN"
132644,"IN"
132645,"NN"
132646,"."
132647,"DT"
132648,"JJ"
132649,"NN"
132650,"NN"
132651,"VBZ"
132652,"DT"
132653,"NN"
132654,"IN"
132655,"WDT"
132656,"NNP"
132657,"POS"
132658,"NN"
132659,"NNS"
132660,","
132661,"WDT"
132662,"VBP"
132663,"IN"
132664,"$"
132665,"CD"
132666,"CD"
132667,","
132668,"VBP"
132669,"TO"
132670,"VB"
132671,"."
132672,"NNP"
132673,"VBZ"
132674,"DT"
132675,"NN"
132676,"IN"
132677,"NNP"
132678,"NNP"
132679,"NNP"
132680,","
132681,"DT"
132682,"NN"
132683,"IN"
132684,"NNP"
132685,"NNP"
132686,"NNP"
132687,"."
132688,"NNP"
132689,"NNP"
132690,"VBZ"
132691,"DT"
132692,"JJ"
132693,"JJ"
132694,"NN"
132695,"IN"
132696,"NNP"
132697,"NNP"
132698,"."
132699,"IN"
132700,"NNP"
132701,","
132702,"NNP"
132703,"NNP"
132704,","
132705,"DT"
132706,"NNP"
132707,"NNP"
132708,"NN"
132709,"NNS"
132710,"CC"
132711,"NN"
132712,"NNS"
132713,"NN"
132714,"CC"
132715,"NN"
132716,"NN"
132717,","
132718,"VBD"
132719,"NNP"
132720,"NNP"
132721,"POS"
132722,"NN"
132723,"IN"
132724,"JJ"
132725,"."
132726,"IN"
132727,"NNP"
132728,"NNP"
132729,"NNP"
132730,"NNP"
132731,"JJ"
132732,"NN"
132733,"NN"
132734,","
132735,"NNP"
132736,"NNP"
132737,"VBD"
132738,"IN"
132739,"$"
132740,"CD"
132741,"DT"
132742,"NN"
132743,","
132744,"IN"
132745,"$"
132746,"CD"
132747,"."
132748,"O"
132749,"WP"
132750,"VBZ"
132751,"RB"
132752,"VB"
132753,"RB"
132754,"."
132755,"NNP"
132756,"NNP"
132757,"NNP"
132758,","
132759,"NNP"
132760,"JJ"
132761,"NNS"
132762,","
132763,"NNP"
132764,"NN"
132765,"NN"
132766,"NNS"
132767,"."
132768,"IN"
132769,"PRP"
132770,"VBD"
132771,"JJ"
132772,"NNS"
132773,","
132774,"PRP"
132775,"VBP"
132776,"RB"
132777,"."
132778,"IN"
132779,"NNS"
132780,"IN"
132781,"NN"
132782,"IN"
132783,"DT"
132784,"NN"
132785,","
132786,"NNP"
132787,"NNP"
132788,"VBZ"
132789,"VBG"
132790,"RP"
132791,"."
132792,"JJ"
132793,"NN"
132794,"NNS"
132795,"VBP"
132796,"JJ"
132797,"JJ"
132798,"NNS"
132799,"IN"
132800,"NNP"
132801,"NNS"
132802,"VBG"
132803,"NNS"
132804,","
132805,"NNS"
132806,"CC"
132807,"NN"
132808,"."
132809,"NN"
132810,"NNS"
132811,"VBN"
132812,"TO"
132813,"VBG"
132814,"RB"
132815,"IN"
132816,"JJ"
132817,"NN"
132818,"DT"
132819,"NN"
132820,"TO"
132821,"JJ"
132822,"NN"
132823,"NNS"
132824,"."
132825,"CC"
132826,"JJ"
132827,"NN"
132828,"NNS"
132829,"VBP"
132830,"VBN"
132831,"IN"
132832,"NNS"
132833,"."
132834,"WP"
132835,"VBZ"
132836,"VBG"
132837,"IN"
132838,"NN"
132839,"NNS"
132840,"DT"
132841,"NN"
132842,"IN"
132843,"JJ"
132844,"CC"
132845,"JJ"
132846,"IN"
132847,"NN"
132848,","
132849,"NN"
132850,"NNS"
132851,"CC"
132852,"NN"
132853,"."
132854,"IN"
132855,"NNP"
132856,"NNP"
132857,","
132858,"NNS"
132859,"VBP"
132860,"VBN"
132861,"VBG"
132862,"DT"
132863,"JJ"
132864,"NN"
132865,"IN"
132866,"NN"
132867,"NNS"
132868,"VBN"
132869,"RB"
132870,"IN"
132871,"JJ"
132872,"CC"
132873,"JJ"
132874,"."
132875,"CC"
132876,"JJ"
132877,"JJ"
132878,"NNS"
132879,"VBP"
132880,"VBG"
132881,"DT"
132882,"NN"
132883,"IN"
132884,"NN"
132885,"NNS"
132886,","
132887,"VBN"
132888,","
132889,"IN"
132890,"NN"
132891,","
132892,"IN"
132893,"DT"
132894,"NN"
132895,"IN"
132896,"NN"
132897,"IN"
132898,"JJ"
132899,"NNS"
132900,"."
132901,"``"
132902,"DT"
132903,"NN"
132904,"VBZ"
132905,"VBG"
132906,"RP"
132907,"TO"
132908,"JJ"
132909,"CC"
132910,"JJ"
132911,","
132912,"''"
132913,"VBZ"
132914,"NNP"
132915,"NNP"
132916,","
132917,"DT"
132918,"JJ"
132919,"NN"
132920,"IN"
132921,"NNP"
132922,"NNP"
132923,"NNP"
132924,"POS"
132925,"JJ"
132926,"NN"
132927,"NN"
132928,"."
132929,"IN"
132930,"CD"
132931,"NNS"
132932,"RB"
132933,","
132934,"NNS"
132935,"IN"
132936,"JJ"
132937,"NN"
132938,"VBD"
132939,"VBN"
132940,"VBG"
132941,"RB"
132942,"IN"
132943,"DT"
132944,"NNS"
132945,"."
132946,"CC"
132947,"JJ"
132948,"NN"
132949,","
132950,"VBN"
132951,"IN"
132952,"JJ"
132953,"NN"
132954,"IN"
132955,"NN"
132956,"CC"
132957,"JJ"
132958,"JJ"
132959,"NNS"
132960,","
132961,"NNS"
132962,"VBD"
132963,"CD"
132964,"NN"
132965,","
132966,"CC"
132967,"PRP"
132968,"VBP"
132969,"VBN"
132970,"TO"
132971,"VB"
132972,"IN"
132973,"JJS"
132974,"IN"
132975,"RB"
132976,"RB"
132977,"DT"
132978,"NN"
132979,"."
132980,"JJ"
132981,"NNS"
132982,"VBP"
132983,"VBG"
132984,"TO"
132985,"VB"
132986,"DT"
132987,"JJ"
132988,"NN"
132989,","
132990,"VBG"
132991,"DT"
132992,"JJ"
132993,"NN"
132994,"NNS"
132995,"CC"
132996,"JJ"
132997,"JJ"
132998,"NNS"
132999,"."
133000,"IN"
133001,"NNP"
133002,","
133003,"WDT"
133004,"RB"
133005,"VBD"
133006,"DT"
133007,"NN"
133008,"IN"
133009,"NNS"
133010,","
133011,"JJ"
133012,"NN"
133013,"NNS"
133014,"RB"
133015,"VBP"
133016,"IN"
133017,"RB"
133018,"CD"
133019,"NN"
133020,"IN"
133021,"DT"
133022,"NN"
133023,"POS"
133024,"$"
133025,"CD"
133026,"CD"
133027,"IN"
133028,"NN"
133029,"CC"
133030,"NN"
133031,"NNS"
133032,"RB"
133033,","
133034,"RB"
133035,"IN"
133036,"CD"
133037,"NN"
133038,"CD"
133039,"NNS"
133040,"RB"
133041,"."
133042,"DT"
133043,"NNP"
133044,","
133045,"NNP"
133046,","
133047,"JJ"
133048,"NN"
133049,"RB"
133050,"VBD"
133051,"NN"
133052,"FW"
133053,"CD"
133054,","
133055,"CD"
133056,"IN"
133057,"DT"
133058,"JJS"
133059,"CC"
133060,"RBS"
133061,"JJ"
133062,"JJ"
133063,"NNS"
133064,"."
133065,"VBN"
133066,"IN"
133067,"JJ"
133068,"NNS"
133069,","
133070,"DT"
133071,"NN"
133072,"MD"
133073,"VB"
133074,"VBN"
133075,"IN"
133076,"JJ"
133077,"JJ"
133078,"NN"
133079,"IN"
133080,"VBG"
133081,"NN"
133082,","
133083,"VBZ"
133084,"NNP"
133085,"NNP"
133086,"IN"
133087,"NNP"
133088,"NNP"
133089,"."
133090,"RB"
133091,"VBG"
133092,"TO"
133093,"VB"
133094,"DT"
133095,"NN"
133096,"IN"
133097,"DT"
133098,"$"
133099,"CD"
133100,"NN"
133101,"NN"
133102,"VBZ"
133103,"JJ"
133104,"NNP"
133105,","
133106,"DT"
133107,"NN"
133108,"IN"
133109,"NNP"
133110,"NNP"
133111,"."
133112,"NNP"
133113,"RB"
133114,"VBD"
133115,"NNP"
133116,"NN"
133117,"NNP"
133118,"NNP"
133119,"NNP"
133120,"TO"
133121,"VB"
133122,"DT"
133123,"JJ"
133124,"NN"
133125,"IN"
133126,"JJ"
133127,"NN"
133128,"WDT"
133129,"VBZ"
133130,"VBN"
133131,"TO"
133132,"NNS"
133133,"CC"
133134,"MD"
133135,"VB"
133136,"RB"
133137,"IN"
133138,"NNP"
133139,"POS"
133140,"NNS"
133141,"."
133142,"VBN"
133143,"IN"
133144,"NN"
133145,"IN"
133146,"DT"
133147,"NN"
133148,"IN"
133149,"DT"
133150,"NN"
133151,","
133152,"DT"
133153,"NN"
133154,"``"
133155,"MD"
133156,"VB"
133157,"VBN"
133158,"VBN"
133159,"DT"
133160,"RB"
133161,"NN"
133162,"RB"
133163,"CC"
133164,"DT"
133165,"NN"
133166,"VBD"
133167,"RB"
133168,"EX"
133169,"RB"
133170,","
133171,"''"
133172,"VBZ"
133173,"DT"
133174,"NNP"
133175,"NN"
133176,"."
133177,"DT"
133178,"JJS"
133179,"NN"
133180,"IN"
133181,"DT"
133182,"JJ"
133183,"NN"
133184,"VBZ"
133185,"JJ"
133186,"TO"
133187,"VB"
133188,"NNP"
133189,"NNP"
133190,"NNP"
133191,"POS"
133192,"JJ"
133193,"NN"
133194,","
133195,"VBN"
133196,"IN"
133197,"DT"
133198,"NN"
133199,"IN"
133200,"PRP$"
133201,"JJ"
133202,"NNS"
133203,"."
133204,"NNS"
133205,"IN"
133206,"NNP"
133207,"POS"
133208,"CD"
133209,"NNS"
133210,"IN"
133211,"JJ"
133212,"NN"
133213,"DT"
133214,"NN"
133215,"VBP"
133216,"VBG"
133217,"NN"
133218,"IN"
133219,"DT"
133220,"JJ"
133221,"NN"
133222,","
133223,"IN"
133224,"DT"
133225,"NN"
133226,"MD"
133227,"RB"
133228,"VB"
133229,"IN"
133230,"RB"
133231,"WRB"
133232,"RB"
133233,"."
133234,"``"
133235,"PRP"
133236,"VBP"
133237,"DT"
133238,"NN"
133239,"VBZ"
133240,","
133241,"''"
133242,"VBZ"
133243,"NNP"
133244,"NNP"
133245,","
133246,"NNP"
133247,"POS"
133248,"NN"
133249,"NN"
133250,"NN"
133251,"."
133252,"WRB"
133253,"PDT"
133254,"DT"
133255,"NN"
133256,"."
133257,"IN"
133258,"NN"
133259,"NNS"
133260,"WP"
133261,"VBD"
133262,"RB"
133263,"VBG"
133264,"VBN"
133265,"IN"
133266,"NN"
133267,","
133268,"JJ"
133269,"CC"
133270,"JJ"
133271,"VBZ"
133272,"VBG"
133273,"CC"
133274,"JJ"
133275,"."
133276,"``"
133277,"PRP"
133278,"VBZ"
133279,"DT"
133280,"NN"
133281,","
133282,"RB"
133283,"JJ"
133284,"NN"
133285,"TO"
133286,"PRP"
133287,","
133288,"''"
133289,"VBZ"
133290,"NNP"
133291,"NNP"
133292,"NNP"
133293,","
133294,"DT"
133295,"NN"
133296,"IN"
133297,"DT"
133298,"JJ"
133299,"NN"
133300,"NN"
133301,"IN"
133302,"NNP"
133303,"NNP"
133304,"IN"
133305,"NNP"
133306,"."
133307,"``"
133308,"PRP"
133309,"MD"
133310,"VB"
133311,"RP"
133312,"IN"
133313,"NN"
133314,"IN"
133315,"JJ"
133316,"CC"
133317,"JJ"
133318,","
133319,"''"
133320,"PRP"
133321,"VBZ"
133322,"."
133323,"JJ"
133324,"NNS"
133325,"VBP"
133326,"VBN"
133327,"RB"
133328,"JJ"
133329,"TO"
133330,"JJ"
133331,"NNS"
133332,"CC"
133333,"NN"
133334,"NNS"
133335,","
133336,"WP"
133337,"VBP"
133338,"VBN"
133339,"RB"
133340,"VBG"
133341,"PRP$"
133342,"NN"
133343,"IN"
133344,"JJ"
133345,"CC"
133346,"JJ"
133347,"IN"
133348,"NN"
133349,"."
133350,"VBG"
133351,"IN"
133352,"JJ"
133353,"JJ"
133354,"NN"
133355,"VBD"
133356,"CD"
133357,"NN"
133358,"JJ"
133359,"NN"
133360,"TO"
133361,"CD"
133362,"CD"
133363,"NNS"
133364,"."
133365,"VB"
133366,"NNP"
133367,"NNP"
133368,","
133369,"WP$"
133370,"JJS"
133371,"NN"
133372,"NN"
133373,"VBZ"
133374,"JJ"
133375,"NNS"
133376,"IN"
133377,"NNP"
133378,"NNS"
133379,","
133380,"NNS"
133381,"CC"
133382,"JJ"
133383,"JJ"
133384,"NNS"
133385,"VBG"
133386,"DT"
133387,"NN"
133388,"POS"
133389,"NNS"
133390,"CC"
133391,"NNS"
133392,"."
133393,"NNP"
133394,"NNP"
133395,","
133396,"DT"
133397,"NN"
133398,"NN"
133399,"IN"
133400,"DT"
133401,"NN"
133402,","
133403,"VBZ"
133404,"NNP"
133405,"VBD"
133406,"RB"
133407,"RB"
133408,"VB"
133409,"JJ"
133410,"CC"
133411,"JJ"
133412,"TO"
133413,"VB"
133414,"PRP$"
133415,"NNS"
133416,"IN"
133417,"DT"
133418,"JJ"
133419,"NNS"
133420,"IN"
133421,"NNS"
133422,"."
133423,"``"
133424,"PRP"
133425,"VBD"
133426,"TO"
133427,"VB"
133428,"DT"
133429,"NN"
133430,","
133431,"RB"
133432,"DT"
133433,"NN"
133434,","
133435,"''"
133436,"PRP"
133437,"VBZ"
133438,","
133439,"``"
133440,"CC"
133441,"JJ"
133442,"CC"
133443,"JJ"
133444,"VBZ"
133445,"PRP"
133446,"TO"
133447,"VB"
133448,"IN"
133449,"JJR"
133450,"IN"
133451,"NN"
133452,"."
133453,"''"
133454,"DT"
133455,"NN"
133456,"VBD"
133457,"DT"
133458,"JJ"
133459,"NN"
133460,"IN"
133461,"DT"
133462,"NN"
133463,"POS"
133464,"JJS"
133465,"NN"
133466,"IN"
133467,"DT"
133468,"NN"
133469,"NN"
133470,"."
133471,"JJ"
133472,"NN"
133473,"NNS"
133474,"CC"
133475,"NNS"
133476,","
133477,"WDT"
133478,"VBP"
133479,"RB"
133480,"VBD"
133481,"IN"
133482,"NN"
133483,","
133484,"VBP"
133485,"VBG"
133486,"DT"
133487,"NN"
133488,"."
133489,"NNS"
133490,"``"
133491,"VBP"
133492,"JJ"
133493,"CC"
133494,"JJ"
133495,"MD"
133496,"VB"
133497,"DT"
133498,"JJR"
133499,"NN"
133500,","
133501,"''"
133502,"VBZ"
133503,"NNP"
133504,"NNP"
133505,"NNP"
133506,","
133507,"DT"
133508,"NNP"
133509,"NNP"
133510,"WP"
133511,"VBZ"
133512,"VBG"
133513,"IN"
133514,"DT"
133515,"JJ"
133516,"NN"
133517,"NN"
133518,"IN"
133519,"NNP"
133520,"NNP"
133521,"NNP"
133522,"POS"
133523,"JJ"
133524,"NN"
133525,"."
133526,"JJ"
133527,"NNS"
133528,"WDT"
133529,"VBP"
133530,"RB"
133531,"VBG"
133532,"NN"
133533,"NNS"
133534,"VBP"
133535,"NNP"
133536,"NNP"
133537,"NNP"
133538,"CC"
133539,"NNP"
133540,"NNP"
133541,"NNP"
133542,"."
133543,"NN"
133544,"NNS"
133545,"VBP"
133546,"RB"
133547,"VBN"
133548,"IN"
133549,"DT"
133550,"NN"
133551,"."
133552,"VBG"
133553,"JJ"
133554,"CC"
133555,"JJ"
133556,","
133557,"``"
133558,"PRP"
133559,"MD"
133560,"VB"
133561,"NNS"
133562,"VB"
133563,"IN"
133564,"NNS"
133565,","
133566,"''"
133567,"VBZ"
133568,"NNP"
133569,"NNP"
133570,"."
133571,"PRP$"
133572,"NN"
133573,"NN"
133574,"NN"
133575,"IN"
133576,"NNP"
133577,","
133578,"NNP"
133579,","
133580,"VBD"
133581,"PRP$"
133582,"NN"
133583,"JJ"
133584,"NN"
133585,"NN"
133586,","
133587,"PRP"
133588,"VBZ"
133589,","
133590,"VBZ"
133591,"VBN"
133592,"JJ"
133593,"IN"
133594,"DT"
133595,"JJ"
133596,"CD"
133597,"."
133598,"CD"
133599,"NN"
133600,","
133601,"NNP"
133602,"NNP"
133603,","
133604,"VBZ"
133605,"PRP"
133606,"VBD"
133607,"DT"
133608,"JJ"
133609,"NN"
133610,"IN"
133611,"JJ"
133612,"CC"
133613,"JJ"
133614,"IN"
133615,"``"
133616,"PRP"
133617,"POS"
133618,"RBR"
133619,"JJ"
133620,"."
133621,"PRP"
133622,"VBP"
133623,"PRP"
133624,"TO"
133625,"PRP$"
133626,"NNS"
133627,","
133628,"CC"
133629,"PRP"
133630,"RB"
133631,"VBP"
133632,"``"
133633,"UH"
133634,"."
133635,"''"
133636,"PRP"
133637,"VBZ"
133638,"RB"
133639,"JJ"
133640,"IN"
133641,"NN"
133642,"."
133643,"''"
133644,"RB"
133645,","
133646,"JJS"
133647,"NNS"
133648,"VBP"
133649,"RB"
133650,"JJ"
133651,"JJ"
133652,"NN"
133653,"IN"
133654,"PRP$"
133655,"NNS"
133656,"TO"
133657,"VB"
133658,"NN"
133659,"NNS"
133660,"."
133661,"CD"
133662,"JJ"
133663,"NN"
133664,"VBZ"
133665,"DT"
133666,"JJ"
133667,"NNS"
133668,"VBP"
133669,"DT"
133670,"NN"
133671,"RB"
133672,"."
133673,"RB"
133674,","
133675,"PRP"
133676,"MD"
133677,"VB"
133678,"VBN"
133679,"TO"
133680,"DT"
133681,"NN"
133682,"IN"
133683,"NNS"
133684,"CC"
133685,"MD"
133686,"VB"
133687,"DT"
133688,"NN"
133689,"CC"
133690,"JJR"
133691,"TO"
133692,"VB"
133693,"VBN"
133694,"CC"
133695,"VBN"
133696,"."
133697,"JJ"
133698,"NN"
133699,"NNS"
133700,"NNS"
133701,"DT"
133702,"RB"
133703,"JJR"
133704,"IN"
133705,"JJ"
133706,"NN"
133707,","
133708,"CC"
133709,"NN"
133710,"NNS"
133711,"DT"
133712,"JJ"
133713,"."
133714,"CC"
133715,"IN"
133716,"NNS"
133717,","
133718,"VBG"
133719,"NNS"
133720,"IN"
133721,"JJ"
133722,"NN"
133723,"VBP"
133724,"JJR"
133725,"."
133726,"DT"
133727,"NNS"
133728,"VBP"
133729,"VBG"
133730,"TO"
133731,"VB"
133732,"DT"
133733,"NN"
133734,"."
133735,"NNP"
133736,","
133737,"IN"
133738,"NN"
133739,","
133740,"RB"
133741,"VBD"
133742,"DT"
133743,"JJ"
133744,"NN"
133745,"WDT"
133746,"MD"
133747,"VB"
133748,"VBN"
133749,"RB"
133750,"IN"
133751,"JJ"
133752,"NNS"
133753,"."
133754,"NN"
133755,"IN"
133756,"VBG"
133757,"NNS"
133758,","
133759,"DT"
133760,"NN"
133761,"VBZ"
133762,"RB"
133763,"VBG"
133764,"PRP$"
133765,"NN"
133766,"IN"
133767,"JJ"
133768,"NN"
133769,"NNS"
133770,"."
133771,"RB"
133772,","
133773,"NNP"
133774,"VBZ"
133775,"JJ"
133776,"NNS"
133777,"IN"
133778,"NN"
133779,"NNS"
133780,"IN"
133781,"JJ"
133782,"NNS"
133783,"CC"
133784,"NNS"
133785,","
133786,"VBG"
133787,"JJ"
133788,"JJ"
133789,"NN"
133790,"CC"
133791,"NN"
133792,"IN"
133793,"NNS"
133794,"."
133795,"CC"
133796,"NNP"
133797,"VBZ"
133798,"VBG"
133799,"DT"
133800,"JJ"
133801,"NN"
133802,"TO"
133803,"NNS"
133804,"IN"
133805,"WRB"
133806,"TO"
133807,"VB"
133808,"PRP$"
133809,"JJ"
133810,"NN"
133811,"RBR"
133812,"RB"
133813,"."
133814,"JJ"
133815,"NNS"
133816,"VBP"
133817,"VBG"
133818,"JJ"
133819,"NNS"
133820,"."
133821,"NNP"
133822,"NNP"
133823,"NNP"
133824,","
133825,"DT"
133826,"JJ"
133827,"NN"
133828,"IN"
133829,"JJ"
133830,"NNS"
133831,","
133832,"VBD"
133833,"JJ"
133834,"NN"
133835,"DT"
133836,"JJ"
133837,"NN"
133838,"NN"
133839,"NN"
133840,"VBN"
133841,"IN"
133842,"NNS"
133843,"WP"
133844,"VBP"
133845,"TO"
133846,"VB"
133847,"PRP$"
133848,"JJ"
133849,"JJ"
133850,"NNS"
133851,"."
133852,"DT"
133853,"NN"
133854,","
133855,"WDT"
133856,"VBZ"
133857,"DT"
133858,"JJ"
133859,"JJ"
133860,"NN"
133861,"IN"
133862,"$"
133863,"CD"
133864,"CC"
133865,"VBZ"
133866,"RB"
133867,"VB"
133868,"DT"
133869,"NN"
133870,","
133871,"VBD"
133872,"VBN"
133873,"IN"
133874,"NNS"
133875,"VBN"
133876,"JJ"
133877,"NNS"
133878,"IN"
133879,"NNS"
133880,"IN"
133881,"NNS"
133882,"POS"
133883,"NN"
133884,"NN"
133885,"."
133886,"``"
133887,"PRP"
133888,"VBZ"
133889,"NNS"
133890,"IN"
133891,"NNS"
133892,"VBP"
133893,"VBN"
133894,","
133895,"''"
133896,"VBZ"
133897,"NNP"
133898,"NNP"
133899,","
133900,"NNP"
133901,"POS"
133902,"NN"
133903,"CC"
133904,"JJ"
133905,"NN"
133906,"NN"
133907,"."
133908,"CC"
133909,"DT"
133910,"NN"
133911,"NNS"
133912,"VBP"
133913,"DT"
133914,"NN"
133915,"IN"
133916,"JJ"
133917,"CC"
133918,"JJ"
133919,"VBZ"
133920,"RB"
133921,"DT"
133922,"NN"
133923,"."
133924,"PRP"
133925,"VBP"
133926,"DT"
133927,"NN"
133928,"IN"
133929,"RB"
133930,"JJ"
133931,"NN"
133932,","
133933,"JJR"
133934,"NNS"
133935,"VBG"
133936,"TO"
133937,"VB"
133938,"IN"
133939,"PRP$"
133940,"NNS"
133941,"CC"
133942,"JJ"
133943,"NNS"
133944,"IN"
133945,"DT"
133946,"NN"
133947,"IN"
133948,"JJ"
133949,"NNS"
133950,"."
133951,"``"
133952,"NNP"
133953,"CC"
133954,"NN"
133955,"VBZ"
133956,"RB"
133957,"VBN"
133958,"DT"
133959,"JJ"
133960,"NN"
133961,"NNS"
133962,"IN"
133963,"JJ"
133964,"NN"
133965,"IN"
133966,"NN"
133967,","
133968,"''"
133969,"VBZ"
133970,"NNP"
133971,"NNP"
133972,"IN"
133973,"DT"
133974,"NNP"
133975,"NNP"
133976,"."
133977,"``"
133978,"DT"
133979,"JJ"
133980,"NN"
133981,"NN"
133982,"VBZ"
133983,"RB"
133984,"JJ"
133985,"TO"
133986,"NNS"
133987,"IN"
133988,"CD"
133989,"NNS"
133990,"RB"
133991,"."
133992,"PRP"
133993,"MD"
133994,"RB"
133995,"VB"
133996,"DT"
133997,"JJ"
133998,"IN"
133999,"JJ"
134000,"CC"
134001,"JJ"
134002,"."
134003,"''"
134004,"CC"
134005,"WRB"
134006,"NNP"
134007,"NNP"
134008,","
134009,"DT"
134010,"JJ"
134011,"NN"
134012,"IN"
134013,"NNP"
134014,","
134015,"VBD"
134016,"CD"
134017,"IN"
134018,"DT"
134019,"JJS"
134020,"NNS"
134021,"RB"
134022,"VBN"
134023,"IN"
134024,"PRP$"
134025,"JJS"
134026,"NN"
134027,"NN"
134028,"NN"
134029,"POS"
134030,"JJ"
134031,"NN"
134032,","
134033,"DT"
134034,"VBD"
134035,"JJ"
134036,"CC"
134037,"JJ"
134038,"."
134039,"``"
134040,"PRP"
134041,"VBZ"
134042,"VBN"
134043,"DT"
134044,"JJ"
134045,"NN"
134046,"CC"
134047,"VBZ"
134048,"RB"
134049,"RB"
134050,","
134051,"''"
134052,"VBZ"
134053,"NNP"
134054,"NNP"
134055,"IN"
134056,"NNP"
134057,"NNP"
134058,"IN"
134059,"NNP"
134060,"."
134061,"``"
134062,"DT"
134063,"VBZ"
134064,"DT"
134065,"NN"
134066,"."
134067,"O"
134068,"NNP"
134069,"NNP"
134070,"NNP"
134071,"VBD"
134072,"NNS"
134073,"IN"
134074,"NN"
134075,"CC"
134076,"NN"
134077,"NN"
134078,"VBD"
134079,"TO"
134080,"DT"
134081,"CD"
134082,"NN"
134083,"NN"
134084,"IN"
134085,"JJ"
134086,"NN"
134087,"TO"
134088,"$"
134089,"CD"
134090,"CD"
134091,","
134092,"CC"
134093,"CD"
134094,"NNS"
134095,"DT"
134096,"NN"
134097,","
134098,"IN"
134099,"$"
134100,"CD"
134101,"CD"
134102,","
134103,"CC"
134104,"CD"
134105,"NNS"
134106,"DT"
134107,"NN"
134108,"."
134109,"NNS"
134110,"VBD"
134111,"JJR"
134112,"IN"
134113,"CD"
134114,"NN"
134115,"TO"
134116,"$"
134117,"CD"
134118,"CD"
134119,"IN"
134120,"$"
134121,"CD"
134122,"CD"
134123,"."
134124,"DT"
134125,"NNP"
134126,","
134127,"NNP"
134128,","
134129,"NN"
134130,"RB"
134131,"VBD"
134132,"JJ"
134133,"NN"
134134,"TO"
134135,"DT"
134136,"RBR"
134137,"JJ"
134138,"NN"
134139,"NN"
134140,"CC"
134141,"JJR"
134142,"NN"
134143,"NN"
134144,"."
134145,"IN"
134146,"DT"
134147,"CD"
134148,"NNS"
134149,","
134150,"DT"
134151,"NN"
134152,"NN"
134153,"VBD"
134154,"RB"
134155,"DT"
134156,"CD"
134157,"NN"
134158,"NN"
134159,"IN"
134160,"NN"
134161,"TO"
134162,"$"
134163,"CD"
134164,"CD"
134165,","
134166,"CC"
134167,"CD"
134168,"NNS"
134169,"DT"
134170,"NN"
134171,","
134172,"IN"
134173,"$"
134174,"CD"
134175,"CD"
134176,","
134177,"CC"
134178,"CD"
134179,"NNS"
134180,"DT"
134181,"NN"
134182,"."
134183,"NNS"
134184,"VBD"
134185,"RB"
134186,"CD"
134187,"NN"
134188,"TO"
134189,"$"
134190,"CD"
134191,"CD"
134192,"IN"
134193,"$"
134194,"CD"
134195,"CD"
134196,"."
134197,"NNP"
134198,"VBZ"
134199,"DT"
134200,"NNP"
134201,"("
134202,"NNP"
134203,"."
134204,")"
134205,"NNP"
134206,"CC"
134207,"NNP"
134208,"("
134209,"NNP"
134210,"."
134211,")"
134212,"NNP"
134213,"NNP"
134214,","
134215,"CC"
134216,"JJ"
134217,"NNS"
134218,"IN"
134219,"JJ"
134220,"NNS"
134221,"."
134222,"IN"
134223,"JJ"
134224,"NN"
134225,"IN"
134226,"DT"
134227,"NNP"
134228,"NNP"
134229,"NNP"
134230,"NNP"
134231,","
134232,"DT"
134233,"NN"
134234,"VBD"
134235,"IN"
134236,"$"
134237,"CD"
134238,"DT"
134239,"NN"
134240,","
134241,"RB"
134242,"CD"
134243,"NNS"
134244,"."
134245,"O"
134246,"NNP"
134247,"NNP"
134248,"."
134249,"NNP"
134250,"NNP"
134251,"NNP"
134252,"NNP"
134253,"NNP"
134254,"NNP"
134255,","
134256,"DT"
134257,"NN"
134258,"NN"
134259,"NNS"
134260,"IN"
134261,"NNP"
134262,"NNP"
134263,"NNP"
134264,","
134265,"RB"
134266,","
134267,"VBD"
134268,"DT"
134269,"NN"
134270,"TO"
134271,"VB"
134272,"NN"
134273,"NNP"
134274,"NNP"
134275,"."
134276,"DT"
134277,"NN"
134278,"VBD"
134279,"RB"
134280,"VBN"
134281,"."
134282,"DT"
134283,"NN"
134284,"IN"
134285,"NN"
134286,"VBD"
134287,"IN"
134288,"DT"
134289,"JJ"
134290,"NN"
134291,"NN"
134292,"VBD"
134293,"VBG"
134294,"DT"
134295,"NN"
134296,","
134297,"VBN"
134298,"JJ"
134299,"NNP"
134300,","
134301,"RB"
134302,"IN"
134303,"CD"
134304,"JJ"
134305,"NNS"
134306,","
134307,"RB"
134308,"VBN"
134309,"JJ"
134310,"NN"
134311,"."
134312,"DT"
134313,"CD"
134314,"NNS"
134315,"VBD"
134316,"JJ"
134317,"CC"
134318,"DT"
134319,"NN"
134320,"VBD"
134321,"TO"
134322,"VB"
134323,"DT"
134324,"NN"
134325,"NNS"
134326,"."
134327,"DT"
134328,"NN"
134329,"RB"
134330,"VBD"
134331,"IN"
134332,"IN"
134333,"JJS"
134334,"CD"
134335,"JJR"
134336,"NNS"
134337,"VBP"
134338,"VBN"
134339,"IN"
134340,"JJ"
134341,"NNS"
134342,"IN"
134343,"CD"
134344,"NNS"
134345,"."
134346,"NNP"
134347,"NNP"
134348,"VBZ"
134349,"DT"
134350,"NN"
134351,"NN"
134352,"IN"
134353,"NN"
134354,"IN"
134355,"DT"
134356,"NN"
134357,"IN"
134358,"CD"
134359,"NNS"
134360,"DT"
134361,"NN"
134362,","
134363,"RB"
134364,"IN"
134365,"DT"
134366,"NN"
134367,"IN"
134368,"NN"
134369,"NN"
134370,"NNS"
134371,"."
134372,"O"
134373,"IN"
134374,"NNP"
134375,"POS"
134376,"NN"
134377,"NN"
134378,"NN"
134379,"VBD"
134380,"JJ"
134381,"NNS"
134382,"IN"
134383,"DT"
134384,"NN"
134385,"POS"
134386,"NNS"
134387,","
134388,"DT"
134389,"JJ"
134390,"NN"
134391,"WDT"
134392,"VBZ"
134393,"RB"
134394,"VBN"
134395,"DT"
134396,"NN"
134397,"POS"
134398,"NNS"
134399,"CC"
134400,"NNS"
134401,"IN"
134402,"RB"
134403,"JJ"
134404,"NN"
134405,"NNS"
134406,"NNS"
134407,"TO"
134408,"DT"
134409,"JJ"
134410,"NN"
134411,"IN"
134412,"JJ"
134413,"NN"
134414,"NN"
134415,"."
134416,"DT"
134417,"NN"
134418,","
134419,"VBN"
134420,"IN"
134421,"NNS"
134422,"IN"
134423,"NNP"
134424,"NNP"
134425,"POS"
134426,"NNP"
134427,"IN"
134428,"NNP"
134429,"NNP"
134430,"NNP"
134431,"NNP"
134432,"RB"
134433,","
134434,"VBD"
134435,"DT"
134436,"NN"
134437,"JJ"
134438,"IN"
134439,"NNP"
134440,"IN"
134441,"NNP"
134442,","
134443,"DT"
134444,"JJS"
134445,"NN"
134446,"JJ"
134447,","
134448,"CC"
134449,"DT"
134450,"NNP"
134451,"NNS"
134452,"VBP"
134453,"IN"
134454,"PRP"
134455,"VBZ"
134456,"VBN"
134457,"RB"
134458,"JJR"
134459,"IN"
134460,"RB"
134461,"."
134462,"DT"
134463,"JJ"
134464,"NN"
134465,"IN"
134466,"NNP"
134467,"VBD"
134468,"RB"
134469,"IN"
134470,"NNP"
134471,"IN"
134472,"NNP"
134473,"CC"
134474,"CD"
134475,"IN"
134476,"RB"
134477,"IN"
134478,"NNP"
134479,"."
134480,"DT"
134481,"NNP"
134482,"NN"
134483,"VBD"
134484,"DT"
134485,"JJ"
134486,"JJ"
134487,"JJ"
134488,"NN"
134489,"IN"
134490,"DT"
134491,"NN"
134492,","
134493,"WDT"
134494,"VBZ"
134495,"DT"
134496,"CD"
134497,"NN"
134498,"IN"
134499,"DT"
134500,"NN"
134501,"IN"
134502,"CD"
134503,"."
134504,"IN"
134505,"NN"
134506,","
134507,"DT"
134508,"NNP"
134509,"NNP"
134510,"VBZ"
134511,"RB"
134512,"VBN"
134513,"NN"
134514,"IN"
134515,"JJ"
134516,"NNS"
134517,","
134518,"IN"
134519,"RB"
134520,"IN"
134521,"NNP"
134522,","
134523,"VBZ"
134524,"VBN"
134525,"RB"
134526,"IN"
134527,"VBG"
134528,"DT"
134529,"NN"
134530,"RB"
134531,"DT"
134532,"NN"
134533,"."
134534,"PRP$"
134535,"JJ"
134536,"NN"
134537,"IN"
134538,"JJ"
134539,"IN"
134540,"NNP"
134541,"VBZ"
134542,"VBN"
134543,"DT"
134544,"NNS"
134545,"TO"
134546,"VB"
134547,"DT"
134548,"NN"
134549,"IN"
134550,"DT"
134551,"JJ"
134552,"NN"
134553,"RB"
134554,"IN"
134555,"NN"
134556,"POS"
134557,"NN"
134558,"."
134559,"CC"
134560,"DT"
134561,"RB"
134562,"JJR"
134563,"NN"
134564,"IN"
134565,"DT"
134566,"NNP"
134567,"NN"
134568,"``"
134569,"VBZ"
134570,"DT"
134571,"NN"
134572,"DT"
134573,"NN"
134574,"RB"
134575,"RB"
134576,"JJ"
134577,","
134578,"''"
134579,"VBZ"
134580,"NNP"
134581,"NNP"
134582,"NNP"
134583,","
134584,"DT"
134585,"NN"
134586,"IN"
134587,"DT"
134588,"NNP"
134589,"NN"
134590,"."
134591,"DT"
134592,"JJ"
134593,"NN"
134594,"IN"
134595,"DT"
134596,"NN"
134597,"NN"
134598,","
134599,"NNP"
134600,"NNP"
134601,"RB"
134602,"VBZ"
134603,"DT"
134604,"NN"
134605,"IN"
134606,"DT"
134607,"NNP"
134608,"NNP"
134609,"NNP"
134610,"NNP"
134611,","
134612,"DT"
134613,"NN"
134614,"IN"
134615,"JJ"
134616,"NNS"
134617,"WDT"
134618,"VBZ"
134619,"IN"
134620,"DT"
134621,"NN"
134622,"WRB"
134623,"NNS"
134624,"CC"
134625,"NNS"
134626,"VBP"
134627,"CC"
134628,"NN"
134629,"."
134630,"DT"
134631,"NN"
134632,"RB"
134633,"VBZ"
134634,"RB"
134635,"WRB"
134636,"DT"
134637,"NN"
134638,"IN"
134639,"DT"
134640,"NN"
134641,"POS"
134642,"JJ"
134643,"NN"
134644,"VBZ"
134645,"JJ"
134646,"."
134647,"``"
134648,"DT"
134649,"NN"
134650,"VBZ"
134651,"VBN"
134652,"IN"
134653,"DT"
134654,"NN"
134655,"VBZ"
134656,"DT"
134657,"NN"
134658,"IN"
134659,"VBG"
134660,"IN"
134661,"DT"
134662,"NNS"
134663,","
134664,"''"
134665,"NNP"
134666,"NNP"
134667,"VBZ"
134668,"."
134669,"VBN"
134670,"RB"
134671,"IN"
134672,"DT"
134673,"JJ"
134674,"NN"
134675,"IN"
134676,"PRP$"
134677,"NN"
134678,","
134679,"VBD"
134680,"DT"
134681,"JJ"
134682,"JJ"
134683,"NN"
134684,","
134685,"DT"
134686,"NNP"
134687,"NNS"
134688,"VBP"
134689,"VBN"
134690,"JJ"
134691,"NN"
134692,"IN"
134693,"DT"
134694,"NN"
134695,"IN"
134696,"DT"
134697,"NN"
134698,"CC"
134699,"JJ"
134700,"NN"
134701,"IN"
134702,"NN"
134703,"."
134704,"PRP"
134705,"VBP"
134706,"DT"
134707,"CD"
134708,"NN"
134709,"NN"
134710,"IN"
134711,"CD"
134712,"IN"
134713,"DT"
134714,"JJ"
134715,"JJ"
134716,"NN"
134717,","
134718,"IN"
134719,"NN"
134720,"IN"
134721,"NN"
134722,"."
134723,"VBG"
134724,"DT"
134725,"NN"
134726,"VBZ"
134727,"DT"
134728,"NN"
134729,"POS"
134730,"JJ"
134731,"NN"
134732,"TO"
134733,"VB"
134734,"NNS"
134735,"CC"
134736,"NNS"
134737,","
134738,"IN"
134739,"DT"
134740,"NN"
134741,"MD"
134742,"VB"
134743,","
134744,"IN"
134745,"RB"
134746,"JJR"
134747,"NNS"
134748,"IN"
134749,"DT"
134750,"NNP"
134751,"NNP"
134752,"POS"
134753,"NN"
134754,"IN"
134755,"JJ"
134756,"NNS"
134757,"."
134758,"IN"
134759,"DT"
134760,"JJ"
134761,"NNP"
134762,"NNP"
134763,"NNP"
134764,"NNP"
134765,","
134766,"DT"
134767,"NNP"
134768,"NN"
134769,","
134770,"IN"
134771,"DT"
134772,"NN"
134773,","
134774,"VBZ"
134775,"VBN"
134776,"JJ"
134777,"NNS"
134778,"CD"
134779,"NNS"
134780,"IN"
134781,"DT"
134782,"NN"
134783,"IN"
134784,"NNS"
134785,"CC"
134786,"VBD"
134787,"RP"
134788,"CD"
134789,"NNS"
134790,"IN"
134791,"NNS"
134792,"."
134793,"DT"
134794,"JJ"
134795,"NN"
134796,"NNS"
134797,"IN"
134798,"DT"
134799,"NNP"
134800,"NN"
134801,","
134802,"WP$"
134803,"NNS"
134804,"VBP"
134805,"DT"
134806,"NN"
134807,"NN"
134808,","
134809,"VBP"
134810,"RB"
134811,"JJR"
134812,":"
134813,"CD"
134814,"NNS"
134815,"IN"
134816,"NNS"
134817,"CC"
134818,"RB"
134819,"CD"
134820,"NNS"
134821,"IN"
134822,"NNS"
134823,"."
134824,"DT"
134825,"NNP"
134826,"NNS"
134827,"RB"
134828,"VBP"
134829,"VBN"
134830,"WRB"
134831,"DT"
134832,"JJ"
134833,"JJ"
134834,"NN"
134835,"MD"
134836,"VB"
134837,"VBN"
134838,","
134839,"VBD"
134840,"PRP"
134841,"VBD"
134842,","
134843,"IN"
134844,"CD"
134845,","
134846,"IN"
134847,"DT"
134848,"NN"
134849,"NN"
134850,"NN"
134851,"IN"
134852,"NNP"
134853,"WDT"
134854,"VBD"
134855,"IN"
134856,"DT"
134857,"JJ"
134858,"NN"
134859,"."
134860,"DT"
134861,"NN"
134862,"VBD"
134863,"DT"
134864,"NN"
134865,"IN"
134866,"NNP"
134867,"CD"
134868,"CC"
134869,"RB"
134870,"VBD"
134871,"RB"
134872,"RB"
134873,"TO"
134874,"CC"
134875,"IN"
134876,"DT"
134877,"NN"
134878,"."
134879,"``"
134880,"PRP"
134881,"VBD"
134882,"DT"
134883,"RB"
134884,"JJ"
134885,"NN"
134886,"IN"
134887,"WP"
134888,"PRP"
134889,"VBP"
134890,"VBG"
134891,"RB"
134892,","
134893,"''"
134894,"NNP"
134895,"NNP"
134896,"VBZ"
134897,"."
134898,"DT"
134899,"JJ"
134900,"NN"
134901,"IN"
134902,"DT"
134903,"JJ"
134904,"NN"
134905,"IN"
134906,"DT"
134907,"JJ"
134908,"JJ"
134909,"NN"
134910,"VBZ"
134911,"VBN"
134912,"DT"
134913,"NN"
134914,"IN"
134915,"DT"
134916,"NNP"
134917,"NNP"
134918,"JJ"
134919,"NN"
134920,"NN"
134921,","
134922,"WDT"
134923,"VBZ"
134924,"RB"
134925,"DT"
134926,"NN"
134927,"IN"
134928,"DT"
134929,"NNP"
134930,"NN"
134931,"."
134932,"IN"
134933,"NNP"
134934,","
134935,"DT"
134936,"NN"
134937,"NN"
134938,"VBD"
134939,"IN"
134940,"PRP$"
134941,"JJS"
134942,"JJ"
134943,"NN"
134944,"IN"
134945,"JJ"
134946,"CD"
134947,"."
134948,"PRP"
134949,"RB"
134950,"VBD"
134951,"JJ"
134952,"NNP"
134953,","
134954,"IN"
134955,"DT"
134956,"NN"
134957,"NN"
134958,"VBD"
134959,"."
134960,"JJ"
134961,"NNS"
134962,"IN"
134963,"DT"
134964,"JJ"
134965,"JJ"
134966,"NN"
134967,"VBP"
134968,"DT"
134969,"NN"
134970,"IN"
134971,"NNS"
134972,"TO"
134973,"NN"
134974,"NN"
134975,"NNS"
134976,"IN"
134977,"NN"
134978,"NNS"
134979,","
134980,"DT"
134981,"JJ"
134982,"NN"
134983,"IN"
134984,"DT"
134985,"NN"
134986,"NN"
134987,","
134988,"VBN"
134989,"IN"
134990,"NN"
134991,","
134992,"CC"
134993,"DT"
134994,"NN"
134995,"IN"
134996,"JJ"
134997,"NN"
134998,"NNS"
134999,"."
135000,"RB"
135001,"JJ"
135002,"IN"
135003,"DT"
135004,"NNP"
135005,"NN"
135006,"VBZ"
135007,"DT"
135008,"NN"
135009,"NN"
135010,","
135011,"WDT"
135012,"NNP"
135013,"NNP"
135014,"VBZ"
135015,"``"
135016,"VBZ"
135017,"RB"
135018,"UH"
135019,"RBR"
135020,"PDT"
135021,"DT"
135022,"JJ"
135023,"NN"
135024,"IN"
135025,"DT"
135026,"NN"
135027,"POS"
135028,"JJ"
135029,"NNS"
135030,","
135031,"IN"
135032,"PRP"
135033,"RB"
135034,"VBZ"
135035,"JJ"
135036,"IN"
135037,"VBG"
135038,"DT"
135039,"JJ"
135040,"NNS"
135041,"CC"
135042,"NNS"
135043,"."
135044,"''"
135045,"IN"
135046,"RB"
135047,"IN"
135048,"CD"
135049,","
135050,"DT"
135051,"NN"
135052,"NN"
135053,":"
135054,"IN"
135055,"VBN"
135056,"IN"
135057,"DT"
135058,"NNP"
135059,"CC"
135060,"NNP"
135061,"POS"
135062,"NN"
135063,"IN"
135064,"CD"
135065,"JJ"
135066,"NNS"
135067,":"
135068,"VBD"
135069,"VBN"
135070,"IN"
135071,"DT"
135072,"NNP"
135073,"NNP"
135074,"IN"
135075,"NNP"
135076,"NNP"
135077,"IN"
135078,"DT"
135079,"JJS"
135080,"IN"
135081,"DT"
135082,"CD"
135083,"JJ"
135084,"NNS"
135085,"IN"
135086,"RB"
135087,"VBN"
135088,"RP"
135089,"DT"
135090,"NNP"
135091,"NN"
135092,"."
135093,"PRP"
135094,"VBD"
135095,"VBN"
135096,"DT"
135097,"NN"
135098,"IN"
135099,"CD"
135100,"NN"
135101,"IN"
135102,"DT"
135103,"JJ"
135104,"CD"
135105,","
135106,"VBN"
135107,"IN"
135108,"NNS"
135109,"VBG"
135110,"IN"
135111,"NN"
135112,"IN"
135113,"CD"
135114,"IN"
135115,"DT"
135116,"JJ"
135117,"NNS"
135118,"."
135119,"DT"
135120,"NN"
135121,"NN"
135122,"VBZ"
135123,"VBN"
135124,"DT"
135125,"JJ"
135126,"NN"
135127,","
135128,"NNS"
135129,"IN"
135130,"DT"
135131,"NNP"
135132,"NN"
135133,"NN"
135134,","
135135,"RB"
135136,"IN"
135137,"DT"
135138,"JJ"
135139,"NN"
135140,"IN"
135141,"JJ"
135142,"NNS"
135143,"."
135144,"``"
135145,"NNS"
135146,"VBP"
135147,"VBN"
135148,"RBR"
135149,"JJ"
135150,"TO"
135151,"NNS"
135152,"RB"
135153,"RB"
135154,"VBN"
135155,"TO"
135156,"DT"
135157,"JJ"
135158,"NN"
135159,","
135160,"''"
135161,"NNP"
135162,"NNP"
135163,"VBZ"
135164,","
135165,"VBG"
135166,"DT"
135167,"NN"
135168,"NN"
135169,"IN"
135170,"DT"
135171,"NN"
135172,"IN"
135173,"NN"
135174,"NNS"
135175,","
135176,"DT"
135177,"JJ"
135178,"NN"
135179,"CC"
135180,"NNS"
135181,"IN"
135182,"JJ"
135183,"NN"
135184,"."
135185,"PRP"
135186,"RB"
135187,"VBZ"
135188,"IN"
135189,"DT"
135190,"NN"
135191,"IN"
135192,"JJ"
135193,"JJ"
135194,"NNS"
135195,"IN"
135196,"NN"
135197,"NN"
135198,"VBZ"
135199,"VBN"
135200,"DT"
135201,"NN"
135202,"NN"
135203,"POS"
135204,"NN"
135205,"TO"
135206,"DT"
135207,"JJ"
135208,"NN"
135209,"."
135210,"O"
135211,"NNP"
135212,"NNP"
135213,","
135214,"DT"
135215,"JJ"
135216,"JJ"
135217,"NN"
135218,"NN"
135219,","
135220,"VBD"
135221,"PRP"
135222,"VBD"
135223,"TO"
135224,"VB"
135225,"NNP"
135226,"NNP"
135227,"."
135228,"NNP"
135229,","
135230,"DT"
135231,"JJ"
135232,"JJ"
135233,"NN"
135234,"NN"
135235,"."
135236,"DT"
135237,"NN"
135238,"IN"
135239,"DT"
135240,"NN"
135241,"VBD"
135242,"RB"
135243,"VBN"
135244,"."
135245,"DT"
135246,"NN"
135247,"VBZ"
135248,"IN"
135249,"NN"
135250,"IN"
135251,"NNP"
135252,"POS"
135253,"NN"
135254,"IN"
135255,"RB"
135256,"VBG"
135257,"PRP$"
135258,"NN"
135259,"IN"
135260,"DT"
135261,"JJ"
135262,"NN"
135263,"NN"
135264,"IN"
135265,"JJ"
135266,"NN"
135267,"."
135268,"NNP"
135269,"MD"
135270,"RB"
135271,"VB"
135272,"DT"
135273,"CD"
135274,"NN"
135275,"NN"
135276,"IN"
135277,"NNP"
135278,","
135279,"DT"
135280,"RB"
135281,"JJ"
135282,"NN"
135283,"."
135284,"DT"
135285,"JJ"
135286,"NN"
135287,"VBZ"
135288,"DT"
135289,"NN"
135290,"VBG"
135291,"PRP"
135292,"DT"
135293,"NN"
135294,"TO"
135295,"VB"
135296,"PDT"
135297,"DT"
135298,"NNS"
135299,"JJ"
135300,","
135301,"CC"
135302,"DT"
135303,"MD"
135304,"VB"
135305,"VBN"
135306,"IN"
135307,"DT"
135308,"JJ"
135309,"NNS"
135310,","
135311,"DT"
135312,"NNP"
135313,"NN"
135314,"VBD"
135315,"."
135316,"DT"
135317,"NN"
135318,"VBD"
135319,"VBN"
135320,"IN"
135321,"NN"
135322,"IN"
135323,"DT"
135324,"JJ"
135325,"JJ"
135326,"NN"
135327,"NN"
135328,","
135329,"NNP"
135330,"VBD"
135331,"."
135332,"NNP"
135333,"VBZ"
135334,"NNP"
135335,"NNP"
135336,"POS"
135337,"JJ"
135338,"NN"
135339,"IN"
135340,"NN"
135341,","
135342,"IN"
135343,"NNS"
135344,"IN"
135345,"CD"
135346,"CD"
135347,"NNS"
135348,"("
135349,"$"
135350,"CD"
135351,"CD"
135352,")"
135353,"IN"
135354,"CD"
135355,"."
135356,"PRP"
135357,"VBZ"
135358,"CD"
135359,"NNS"
135360,"IN"
135361,"CD"
135362,"NN"
135363,"NNS"
135364,"IN"
135365,"NNP"
135366,"NNP"
135367,","
135368,"CC"
135369,"VBZ"
135370,"DT"
135371,"NN"
135372,"POS"
135373,"JJ"
135374,"NN"
135375,"IN"
135376,"NN"
135377,"NNS"
135378,"."
135379,"DT"
135380,"NN"
135381,"VBZ"
135382,"NNP"
135383,"POS"
135384,"NN"
135385,"IN"
135386,"DT"
135387,"JJ"
135388,"NN"
135389,"NN"
135390,"."
135391,"DT"
135392,"JJ"
135393,"NN"
135394,"RB"
135395,"VBZ"
135396,"JJ"
135397,"IN"
135398,"NNP"
135399,"NNP"
135400,"IN"
135401,"NNP"
135402,","
135403,"WP$"
135404,"NNS"
135405,"VBP"
135406,"VB"
135407,"IN"
135408,"DT"
135409,"JJ"
135410,"NN"
135411,"."
135412,"O"
135413,"NNP"
135414,"POS"
135415,"NNP"
135416,"NNP"
135417,"NNP"
135418,"VBD"
135419,"PRP"
135420,"VBD"
135421,"PRP$"
135422,"NN"
135423,"IN"
135424,"$"
135425,"CD"
135426,"CD"
135427,"IN"
135428,"JJ"
135429,"CC"
135430,"JJ"
135431,"NN"
135432,"IN"
135433,"DT"
135434,"NN"
135435,"NN"
135436,"NN"
135437,","
135438,"TO"
135439,"$"
135440,"IN"
135441,"FW"
135442,","
135443,"VBG"
135444,"PRP"
135445,"VBZ"
135446,"NNS"
135447,"MD"
135448,"VB"
135449,"RB"
135450,"``"
135451,"JJ"
135452,"NN"
135453,"."
135454,"''"
135455,"DT"
135456,"NN"
135457,"VBD"
135458,"PRP"
135459,"VBD"
135460,"NNP"
135461,"NNP"
135462,"POS"
135463,"JJ"
135464,"NN"
135465,"NN"
135466,"IN"
135467,"NNP"
135468,"."
135469,"NNP"
135470,"NNP"
135471,"POS"
135472,"NN"
135473,"NN"
135474,","
135475,"NNP"
135476,"JJ"
135477,"NNP"
135478,"NNP"
135479,"CC"
135480,"NNP"
135481,"NNP"
135482,","
135483,"VBZ"
135484,"IN"
135485,"NN"
135486,"CC"
135487,"DT"
135488,"NN"
135489,"NN"
135490,"VBZ"
135491,"VBN"
135492,"IN"
135493,"NN"
135494,"IN"
135495,"NN"
135496,"NNS"
135497,"IN"
135498,"NNP"
135499,"CD"
135500,"IN"
135501,"DT"
135502,"JJ"
135503,"NNP"
135504,"NNP"
135505,"."
135506,"NNP"
135507,"NNP"
135508,"NNP"
135509,"("
135510,"NNP"
135511,")"
135512,":"
135513,"NNP"
135514,"POS"
135515,"NNP"
135516,"NNP"
135517,"NNP"
135518,"VBD"
135519,"PRP$"
135520,"NNS"
135521,"IN"
135522,"DT"
135523,"JJ"
135524,"NN"
135525,"IN"
135526,"NNP"
135527,"TO"
135528,"VB"
135529,"IN"
135530,"JJ"
135531,"."
135532,"DT"
135533,"NN"
135534,"NN"
135535,"RB"
135536,"VBD"
135537,"DT"
135538,"NNS"
135539,"IN"
135540,"JJ"
135541,"NNS"
135542,"TO"
135543,"JJ"
135544,"IN"
135545,"JJ"
135546,"CC"
135547,"IN"
135548,"JJ"
135549,"NN"
135550,"TO"
135551,"VB"
135552,"IN"
135553,"CD"
135554,"."
135555,"DT"
135556,"NN"
135557,"NN"
135558,"VBD"
135559,"IN"
135560,"$"
135561,"CD"
135562,"CD"
135563,"IN"
135564,"NNS"
135565,"VBD"
135566,"VBN"
135567,"."
135568,"DT"
135569,"NNS"
135570,"VBD"
135571,"VBN"
135572,","
135573,"NNP"
135574,"POS"
135575,"VBD"
135576,","
135577,"IN"
135578,"DT"
135579,"JJ"
135580,"NN"
135581,"IN"
135582,"DT"
135583,"NN"
135584,"NN"
135585,"NN"
135586,"CC"
135587,"DT"
135588,"NN"
135589,"IN"
135590,"NNS"
135591,"IN"
135592,"NNP"
135593,"POS"
135594,"JJ"
135595,"NN"
135596,"."
135597,"NNP"
135598,"POS"
135599,"RB"
135600,"VBD"
135601,"PRP"
135602,"VBD"
135603,"DT"
135604,"JJ"
135605,"NN"
135606,"IN"
135607,"CD"
135608,"JJ"
135609,"NNS"
135610,"TO"
135611,"NNP"
135612,"NNP"
135613,"NNP"
135614,"MD"
135615,","
135616,"IN"
135617,"VBN"
135618,","
135619,"NNP"
135620,"DT"
135621,"NN"
135622,"POS"
135623,"NN"
135624,"CC"
135625,"NN"
135626,"NN"
135627,"."
135628,"O"
135629,"DT"
135630,"NNP"
135631,"NNP"
135632,"NNP"
135633,"DT"
135634,"NN"
135635,"IN"
135636,"NNP"
135637,"NNP"
135638,"IN"
135639,"NNS"
135640,"VBN"
135641,"IN"
135642,"DT"
135643,"JJ"
135644,"NN"
135645,","
135646,"VBN"
135647,"IN"
135648,"JJ"
135649,"NNS"
135650,"CC"
135651,"NN"
135652,"NNS"
135653,"."
135654,"DT"
135655,"NNP"
135656,"NNP"
135657,"NNS"
135658,"VBD"
135659,"RB"
135660,"CD"
135661,"NNS"
135662,","
135663,"IN"
135664,"CD"
135665,","
135666,"DT"
135667,"JJ"
135668,"NN"
135669,"RB"
135670,","
135671,"IN"
135672,"VBG"
135673,"RB"
135674,"IN"
135675,"JJ"
135676,"IN"
135677,"CD"
135678,"NNS"
135679,"IN"
135680,"DT"
135681,"NN"
135682,"."
135683,"DT"
135684,"NN"
135685,"VBD"
135686,"IN"
135687,"DT"
135688,"IN"
135689,"NNP"
135690,"POS"
135691,"JJ"
135692,"NN"
135693,","
135694,"CC"
135695,"NNS"
135696,"VBP"
135697,"JJ"
135698,"IN"
135699,"DT"
135700,"NN"
135701,"POS"
135702,"NN"
135703,"."
135704,"DT"
135705,"NN"
135706,"RB"
135707,"VBD"
135708,","
135709,"IN"
135710,"NN"
135711,"NNS"
135712,"VBD"
135713,"CC"
135714,"NNP"
135715,"NN"
135716,"NNS"
135717,"VBD"
135718,"."
135719,"NN"
135720,"NNS"
135721,"RB"
135722,"VBD"
135723,"RB"
135724,","
135725,"IN"
135726,"NN"
135727,"VBD"
135728,"VBN"
135729,"."
135730,"NNP"
135731,"RB"
135732,"VBD"
135733,"."
135734,"NNP"
135735,"NN"
135736,"NNS"
135737,"VBD"
135738,"RB"
135739,"IN"
135740,"JJ"
135741,"NN"
135742,"NNP"
135743,"VBG"
135744,"DT"
135745,"CD"
135746,"NN"
135747,"NN"
135748,"IN"
135749,"NNP"
135750,"."
135751,"DT"
135752,"NN"
135753,"RB"
135754,"VBD"
135755,"JJR"
135756,"IN"
135757,"NNP"
135758,"."
135759,"NNP"
135760,"NNP"
135761,"VBD"
135762,"PRP$"
135763,"$"
135764,"CD"
135765,"CD"
135766,"NN"
135767,"IN"
135768,"NNP"
135769,"NNP"
135770,","
135771,"VBG"
135772,"DT"
135773,"``"
135774,"JJ"
135775,"NN"
135776,"IN"
135777,"NN"
135778,"NNS"
135779,"."
135780,"''"
135781,"NNP"
135782,"VBD"
135783,"$"
135784,"CD"
135785,","
135786,"TO"
135787,"$"
135788,"CD"
135789,"."
135790,"RB"
135791,","
135792,"DT"
135793,"NNP"
135794,"NN"
135795,"VBD"
135796,"TO"
135797,"VB"
135798,"NN"
135799,"IN"
135800,"DT"
135801,"JJR"
135802,"NN"
135803,","
135804,"RB"
135805,"$"
135806,"CD"
135807,"DT"
135808,"NN"
135809,"."
135810,"NNP"
135811,"VBD"
135812,"$"
135813,"CD"
135814,","
135815,"TO"
135816,"$"
135817,"CD"
135818,"."
135819,"JJ"
135820,"NNS"
135821,"IN"
135822,"NNS"
135823,"MD"
135824,"VB"
135825,"JJ"
135826,"TO"
135827,"NN"
135828,"IN"
135829,"DT"
135830,"NN"
135831,"NN"
135832,"IN"
135833,"DT"
135834,"NN"
135835,"VBN"
135836,"IN"
135837,"DT"
135838,"NNP"
135839,"NN"
135840,"."
135841,"NNP"
135842,"POS"
135843,"NNS"
135844,"VBD"
135845,"CD"
135846,"NN"
135847,"IN"
135848,"DT"
135849,"JJ"
135850,"NN"
135851,","
135852,"RB"
135853,"JJR"
135854,"IN"
135855,"VBN"
135856,"."
135857,"DT"
135858,"NN"
135859,"NN"
135860,"RB"
135861,"VBD"
135862,"DT"
135863,"JJR"
135864,"NN"
135865,"CC"
135866,"DT"
135867,"NN"
135868,"IN"
135869,"VBG"
135870,"DT"
135871,"JJ"
135872,"JJ"
135873,"NN"
135874,"NN"
135875,"."
135876,"NNS"
135877,"VBP"
135878,"JJ"
135879,"IN"
135880,"NNP"
135881,"POS"
135882,"NN"
135883,"IN"
135884,"DT"
135885,"JJ"
135886,"JJ"
135887,"NNS"
135888,"."
135889,"NNP"
135890,"NN"
135891,"NNS"
135892,"VBP"
135893,"TO"
135894,"VB"
135895,"NN"
135896,"NN"
135897,"CD"
135898,"NN"
135899,"IN"
135900,"DT"
135901,"JJ"
135902,"NN"
135903,","
135904,"IN"
135905,"RB"
135906,"PDT"
135907,"DT"
135908,"NN"
135909,"VBG"
135910,"IN"
135911,"DT"
135912,"NNP"
135913,"NNP"
135914,"."
135915,"NN"
135916,"IN"
135917,"JJ"
135918,"CC"
135919,"VBN"
135920,"NNS"
135921,"IN"
135922,"DT"
135923,"NNP"
135924,"VBZ"
135925,"JJ"
135926,"TO"
135927,"VB"
135928,"CD"
135929,"NN"
135930,"."
135931,"NNP"
135932,"NN"
135933,"NNP"
135934,"VBD"
135935,"PRP"
135936,"MD"
135937,"RB"
135938,"VB"
135939,"JJ"
135940,"NNS"
135941,"JJ"
135942,"NN"
135943,"IN"
135944,"NN"
135945,"IN"
135946,"NNP"
135947,"NN"
135948,"NNS"
135949,","
135950,"WDT"
135951,"VBD"
135952,"NN"
135953,"NN"
135954,"."
135955,"NNP"
135956,"VBZ"
135957,"TO"
135958,"VB"
135959,"NNP"
135960,"TO"
135961,"VB"
135962,"DT"
135963,"NN"
135964,"NN"
135965,"."
135966,"DT"
135967,"NN"
135968,"NN"
135969,"NN"
135970,"MD"
135971,"VB"
135972,"VBN"
135973,"IN"
135974,"DT"
135975,"JJ"
135976,"NN"
135977,"IN"
135978,"WRB"
135979,"PRP"
135980,"VBZ"
135981,"NN"
135982,"."
135983,"DT"
135984,"NNP"
135985,"CC"
135986,"NNP"
135987,"NN"
135988,"MD"
135989,"VB"
135990,"DT"
135991,"JJ"
135992,"NN"
135993,"TO"
135994,"VBG"
135995,"JJ"
135996,"NNS"
135997,"."
135998,"DT"
135999,"JJ"
136000,"NN"
136001,"NN"
136002,"VBD"
136003,"VBN"
136004,"RB"
136005,"IN"
136006,"DT"
136007,"JJ"
136008,"NNS"
136009,"NN"
136010,"."
136011,"DT"
136012,"NN"
136013,"VBD"
136014,"VBN"
136015,"NN"
136016,"NNS"
136017,"IN"
136018,"NN"
136019,"NN"
136020,"IN"
136021,"$"
136022,"CD"
136023,"CD"
136024,"IN"
136025,"NNS"
136026,"IN"
136027,"TO"
136028,"NNS"
136029,"."
136030,"DT"
136031,"NNP"
136032,"NNP"
136033,"VBD"
136034,"TO"
136035,"VB"
136036,"IN"
136037,"DT"
136038,"JJ"
136039,"NN"
136040,"MD"
136041,"VB"
136042,"DT"
136043,"NN"
136044,"WDT"
136045,"VBZ"
136046,"VBN"
136047,"JJ"
136048,"NN"
136049,"CC"
136050,"VBN"
136051,"VBD"
136052,"JJ"
136053,"IN"
136054,"DT"
136055,"JJ"
136056,"NN"
136057,"."
136058,"NNP"
136059,"NNP"
136060,"POS"
136061,"NN"
136062,"VBD"
136063,"CD"
136064,"NN"
136065,"IN"
136066,"DT"
136067,"JJ"
136068,"NN"
136069,"."
136070,"NNP"
136071,"NNP"
136072,"VBD"
136073,"DT"
136074,"CD"
136075,"NN"
136076,"NN"
136077,","
136078,"IN"
136079,"NNP"
136080,"VBD"
136081,"DT"
136082,"NN"
136083,"JJ"
136084,"TO"
136085,"DT"
136086,"JJ"
136087,"NN"
136088,"."
136089,"NNP"
136090,"NNP"
136091,"IN"
136092,"NNP"
136093,"VBZ"
136094,"TO"
136095,"VB"
136096,"TO"
136097,"DT"
136098,"NN"
136099,"NN"
136100,"CC"
136101,"VB"
136102,"DT"
136103,"JJ"
136104,"NN"
136105,"."
136106,"DT"
136107,"NNS"
136108,"MD"
136109,"VB"
136110,"DT"
136111,"NN"
136112,"VB"
136113,"PRP$"
136114,"NN"
136115,"IN"
136116,"DT"
136117,"NNP"
136118,"NNP"
136119,"NN"
136120,"."
136121,"NNP"
136122,"NNP"
136123,"VBD"
136124,"DT"
136125,"$"
136126,"CD"
136127,"CD"
136128,"NN"
136129,"IN"
136130,"DT"
136131,"JJ"
136132,"NN"
136133,","
136134,"VBG"
136135,"DT"
136136,"JJ"
136137,"NN"
136138,"TO"
136139,"JJ"
136140,"NNS"
136141,"."
136142,"NNP"
136143,"POS"
136144,"NN"
136145,"RBR"
136146,"IN"
136147,"VBN"
136148,"."
136149,"NNP"
136150,"NNP"
136151,"VBD"
136152,"TO"
136153,"VB"
136154,"JJ"
136155,"NN"
136156,"NN"
136157,"IN"
136158,"$"
136159,"CD"
136160,"CD"
136161,","
136162,"VBG"
136163,"PRP$"
136164,"NN"
136165,"IN"
136166,"DT"
136167,"JJ"
136168,"NN"
136169,"NN"
136170,"."
136171,"NNS"
136172,":"
136173,"NNS"
136174,":"
136175,"NN"
136176,"CD"
136177,"NNS"
136178,"."
136179,"NNP"
136180,"NNP"
136181,"NNS"
136182,"CD"
136183,","
136184,"RB"
136185,"CD"
136186,":"
136187,"NN"
136188,"CD"
136189,","
136190,"RB"
136191,"CD"
136192,":"
136193,"NNS"
136194,"CD"
136195,","
136196,"RB"
136197,"CD"
136198,"."
136199,"NNS"
136200,":"
136201,"NNP"
136202,"NNP"
136203,"NNP"
136204,"NNP"
136205,"NN"
136206,"NN"
136207,","
136208,"IN"
136209,"NNP"
136210,":"
136211,"NNP"
136212,"NNP"
136213,"NNS"
136214,"NN"
136215,"CD"
136216,","
136217,"RB"
136218,"CD"
136219,":"
136220,"NN"
136221,"NN"
136222,"CD"
136223,","
136224,"RB"
136225,"CD"
136226,"."
136227,"NN"
136228,":"
136229,"CD"
136230,"NN"
136231,","
136232,"RB"
136233,"CD"
136234,":"
136235,"CD"
136236,"NNS"
136237,","
136238,"IN"
136239,"CD"
136240,"."
136241,"O"
136242,"NNP"
136243,","
136244,"NNP"
136245,"CD"
136246,","
136247,"CD"
136248,"DT"
136249,"JJ"
136250,"NNP"
136251,"CC"
136252,"JJ"
136253,"JJ"
136254,"NN"
136255,"NNS"
136256,"RB"
136257,"VBP"
136258,"DT"
136259,"NN"
136260,"TO"
136261,"JJ"
136262,"NNS"
136263,"CC"
136264,"VBP"
136265,"RB"
136266,"RB"
136267,"VB"
136268,"JJ"
136269,"NNS"
136270,"."
136271,"NNP"
136272,"NNP"
136273,":"
136274,"CD"
136275,"CD"
136276,"NN"
136277,"."
136278,"DT"
136279,"JJ"
136280,"NN"
136281,"IN"
136282,"JJ"
136283,"NNS"
136284,"IN"
136285,"JJ"
136286,"NNP"
136287,"NN"
136288,"NN"
136289,"JJ"
136290,"NNS"
136291,"."
136292,"NNP"
136293,"NNP"
136294,":"
136295,"CD"
136296,"CD"
136297,"NN"
136298,"JJ"
136299,","
136300,"CD"
136301,"CD"
136302,"NN"
136303,"JJ"
136304,","
136305,"CD"
136306,"CD"
136307,"NN"
136308,"IN"
136309,"NN"
136310,"NN"
136311,","
136312,"CD"
136313,"CD"
136314,"NN"
136315,"VBD"
136316,"."
136317,"NNS"
136318,"VBN"
136319,"IN"
136320,"JJ"
136321,"NNS"
136322,"IN"
136323,"JJ"
136324,"NN"
136325,"IN"
136326,"NNS"
136327,"IN"
136328,"$"
136329,"CD"
136330,"CD"
136331,"CC"
136332,"JJR"
136333,"."
136334,"NN"
136335,":"
136336,"NNP"
136337,"NNP"
136338,"("
136339,"NNP"
136340,"."
136341,")"
136342,"NNP"
136343,"."
136344,"NNP"
136345,"NNP"
136346,":"
136347,"CD"
136348,"NN"
136349,"."
136350,"DT"
136351,"NN"
136352,"IN"
136353,"NNS"
136354,"TO"
136355,"JJ"
136356,"NNS"
136357,"IN"
136358,"DT"
136359,"NNP"
136360,"NNP"
136361,"NNP"
136362,"NNP"
136363,"NNP"
136364,"."
136365,"NNP"
136366,"NNP"
136367,":"
136368,"CD"
136369,"CD"
136370,"NN"
136371,"TO"
136372,"CD"
136373,"NN"
136374,"."
136375,"DT"
136376,"NN"
136377,"IN"
136378,"NNS"
136379,"TO"
136380,"NNS"
136381,"IN"
136382,"NN"
136383,"NN"
136384,"NN"
136385,"."
136386,"NNP"
136387,"NNP"
136388,"VBD"
136389,"RB"
136390,"IN"
136391,"NNP"
136392,"NNP"
136393,"NNP"
136394,"NNP"
136395,":"
136396,"CD"
136397,"NN"
136398,"CD"
136399,"TO"
136400,"CD"
136401,"NNS"
136402,":"
136403,"CD"
136404,"NN"
136405,"CD"
136406,"TO"
136407,"CD"
136408,"NNS"
136409,":"
136410,"CD"
136411,"NN"
136412,"CD"
136413,"TO"
136414,"CD"
136415,"NNS"
136416,":"
136417,"CD"
136418,"NN"
136419,"CD"
136420,"TO"
136421,"CD"
136422,"NNS"
136423,":"
136424,"CD"
136425,"NN"
136426,"CD"
136427,"TO"
136428,"CD"
136429,"NNS"
136430,":"
136431,"CD"
136432,"NN"
136433,"CD"
136434,"TO"
136435,"CD"
136436,"NNS"
136437,":"
136438,"CD"
136439,"NN"
136440,"CD"
136441,"TO"
136442,"CD"
136443,"NNS"
136444,"."
136445,"NNP"
136446,"NNP"
136447,":"
136448,"JJ"
136449,"JJ"
136450,"NNS"
136451,"VBN"
136452,"IN"
136453,"NNS"
136454,"IN"
136455,"JJ"
136456,"NNS"
136457,"IN"
136458,"NNS"
136459,"IN"
136460,"$"
136461,"CD"
136462,":"
136463,"CD"
136464,"NN"
136465,"CD"
136466,"NNS"
136467,":"
136468,"CD"
136469,"NN"
136470,"CD"
136471,"NNS"
136472,":"
136473,"CD"
136474,"NN"
136475,"CD"
136476,"NNS"
136477,"."
136478,"NNS"
136479,"IN"
136480,"NN"
136481,":"
136482,"CD"
136483,"NN"
136484,"CD"
136485,"NN"
136486,":"
136487,"CD"
136488,"NN"
136489,"CD"
136490,"NNS"
136491,":"
136492,"CD"
136493,"NN"
136494,"CD"
136495,"NNS"
136496,":"
136497,"CD"
136498,"NN"
136499,"CD"
136500,"NNS"
136501,":"
136502,"CD"
136503,"NN"
136504,"CD"
136505,"NN"
136506,"."
136507,"NN"
136508,"IN"
136509,"JJ"
136510,"NNS"
136511,"VBN"
136512,"IN"
136513,"JJ"
136514,"NNP"
136515,"NNP"
136516,"NNS"
136517,"IN"
136518,"JJ"
136519,"JJ"
136520,"NNS"
136521,"IN"
136522,"JJ"
136523,"NNS"
136524,","
136525,"RB"
136526,"IN"
136527,"NNS"
136528,"IN"
136529,"$"
136530,"CD"
136531,"CD"
136532,"CC"
136533,"JJR"
136534,"."
136535,"DT"
136536,"JJ"
136537,"NN"
136538,"VBZ"
136539,"$"
136540,"CD"
136541,"."
136542,"JJ"
136543,"NNS"
136544,"IN"
136545,"DT"
136546,"JJ"
136547,"NN"
136548,":"
136549,"CD"
136550,"NN"
136551,"CD"
136552,"NN"
136553,":"
136554,"CD"
136555,"NN"
136556,"CD"
136557,"NNS"
136558,":"
136559,"CD"
136560,"NN"
136561,"CD"
136562,"NNS"
136563,"."
136564,"NNS"
136565,"NNS"
136566,":"
136567,"CD"
136568,"NN"
136569,"CD"
136570,"NNS"
136571,":"
136572,"CD"
136573,"NN"
136574,"CD"
136575,"NNS"
136576,":"
136577,"CD"
136578,"NN"
136579,"CD"
136580,"NNS"
136581,":"
136582,"CD"
136583,"NN"
136584,"CD"
136585,"NNS"
136586,":"
136587,"CD"
136588,"NN"
136589,"CD"
136590,"NNS"
136591,":"
136592,"CD"
136593,"NN"
136594,"CD"
136595,"NNS"
136596,"."
136597,"JJ"
136598,","
136599,"JJ"
136600,"NN"
136601,"NN"
136602,"NNS"
136603,"RB"
136604,"VBG"
136605,"DT"
136606,"NN"
136607,"NN"
136608,"."
136609,"NNP"
136610,"RB"
136611,"NNS"
136612,":"
136613,"CD"
136614,"CD"
136615,"NN"
136616,"TO"
136617,"CD"
136618,"CD"
136619,"NN"
136620,"CD"
136621,"NN"
136622,":"
136623,"CD"
136624,"CD"
136625,"NN"
136626,"TO"
136627,"CD"
136628,"CD"
136629,"NN"
136630,"CD"
136631,"NNS"
136632,":"
136633,"CD"
136634,"CD"
136635,"NN"
136636,"TO"
136637,"CD"
136638,"CD"
136639,"NN"
136640,"CD"
136641,"NNS"
136642,":"
136643,"CD"
136644,"CD"
136645,"NN"
136646,"TO"
136647,"CD"
136648,"CD"
136649,"NN"
136650,"CD"
136651,"NNS"
136652,":"
136653,"CD"
136654,"CD"
136655,"NN"
136656,"TO"
136657,"CD"
136658,"CD"
136659,"NN"
136660,"CD"
136661,"NNS"
136662,":"
136663,"CD"
136664,"CD"
136665,"NN"
136666,"TO"
136667,"CD"
136668,"CD"
136669,"NN"
136670,"CD"
136671,"NNS"
136672,"."
136673,"NNP"
136674,"NNP"
136675,"NNP"
136676,"NNP"
136677,"("
136678,"NNP"
136679,")"
136680,":"
136681,"CD"
136682,"CD"
136683,"NN"
136684,"CD"
136685,"NN"
136686,":"
136687,"CD"
136688,"CD"
136689,"NN"
136690,"CD"
136691,"NNS"
136692,":"
136693,"CD"
136694,"CD"
136695,"NN"
136696,"CD"
136697,"NNS"
136698,":"
136699,"CD"
136700,"CD"
136701,"NN"
136702,"NN"
136703,"NN"
136704,"."
136705,"DT"
136706,"NN"
136707,"IN"
136708,"NN"
136709,"VBD"
136710,"NNS"
136711,"IN"
136712,"NN"
136713,"NNS"
136714,"IN"
136715,"DT"
136716,"NNP"
136717,"NN"
136718,"VBN"
136719,"IN"
136720,"NNS"
136721,"IN"
136722,"CD"
136723,"JJ"
136724,"NNS"
136725,"."
136726,"NNP"
136727,"NNP"
136728,"NNP"
136729,":"
136730,"NNP"
136731,"CD"
136732,"NN"
136733,":"
136734,"NNP"
136735,"CD"
136736,"NN"
136737,":"
136738,"NNP"
136739,"CD"
136740,"NN"
136741,":"
136742,"NNP"
136743,"CD"
136744,"NN"
136745,":"
136746,"NNP"
136747,"CD"
136748,"NN"
136749,"."
136750,"DT"
136751,"NN"
136752,"NNS"
136753,"VBP"
136754,"RB"
136755,"RB"
136756,"JJ"
136757,":"
136758,"NN"
136759,"NNS"
136760,"VBP"
136761,"RB"
136762,"IN"
136763,"NN"
136764,"."
136765,"NNP"
136766,"NNPS"
136767,":"
136768,"NNS"
136769,"IN"
136770,"DT"
136771,"NNP"
136772,","
136773,"NNP"
136774,"CD"
136775,","
136776,"CD"
136777,","
136778,"NN"
136779,"IN"
136780,"JJ"
136781,"NNP"
136782,"NN"
136783,"NNS"
136784,","
136785,"VBN"
136786,"IN"
136787,"DT"
136788,"NN"
136789,"IN"
136790,"NN"
136791,"NN"
136792,"IN"
136793,"NNS"
136794,"IN"
136795,"$"
136796,"CD"
136797,"TO"
136798,"$"
136799,"CD"
136800,"CD"
136801,":"
136802,"CD"
136803,"NN"
136804,","
136805,"CD"
136806,"NNS"
136807,":"
136808,"CD"
136809,"NN"
136810,","
136811,"CD"
136812,"NNS"
136813,"."
136814,"NNP"
136815,"NNP"
136816,"NNP"
136817,"NNP"
136818,"NNP"
136819,"."
136820,"("
136821,"NNP"
136822,"NNP"
136823,")"
136824,":"
136825,"VBN"
136826,"NNS"
136827,"IN"
136828,"JJ"
136829,"NN"
136830,"NNS"
136831,"IN"
136832,"NN"
136833,"IN"
136834,"CD"
136835,"CD"
136836,"NN"
136837,"NN"
136838,","
136839,"JJ"
136840,"JJ"
136841,"JJ"
136842,"NNS"
136843,":"
136844,"CD"
136845,"NN"
136846,","
136847,"CD"
136848,"NN"
136849,"NN"
136850,"VBD"
136851,"JJ"
136852,"JJ"
136853,"NN"
136854,"NNS"
136855,"."
136856,"NN"
136857,":"
136858,"NNP"
136859,"NNP"
136860,"NNP"
136861,"."
136862,"NNP"
136863,"NNP"
136864,"NNP"
136865,"NNP"
136866,"("
136867,"NNP"
136868,"NNP"
136869,")"
136870,":"
136871,"VBN"
136872,"NNS"
136873,"IN"
136874,"CD"
136875,"NN"
136876,"NN"
136877,"NNS"
136878,"IN"
136879,"NN"
136880,"IN"
136881,"CD"
136882,"NNS"
136883,"("
136884,"VBN"
136885,"IN"
136886,"NN"
136887,")"
136888,"CD"
136889,"NN"
136890,","
136891,"JJ"
136892,"JJ"
136893,"JJ"
136894,"NNS"
136895,":"
136896,"CD"
136897,"NN"
136898,","
136899,"CD"
136900,"NN"
136901,"VBD"
136902,"JJ"
136903,"JJ"
136904,"NN"
136905,"NNS"
136906,"."
136907,"NN"
136908,":"
136909,"NNP"
136910,"NNP"
136911,"NNP"
136912,"."
136913,"NNP"
136914,"NNP"
136915,"NNP"
136916,"NNP"
136917,"NNP"
136918,":"
136919,"CD"
136920,"NN"
136921,"."
136922,"JJ"
136923,"NN"
136924,"NN"
136925,"IN"
136926,"NN"
136927,"IN"
136928,"NNS"
136929,"IN"
136930,"DT"
136931,"JJ"
136932,"CD"
136933,"NNS"
136934,":"
136935,"RB"
136936,"DT"
136937,"NN"
136938,"IN"
136939,"JJ"
136940,"NNS"
136941,"."
136942,"O"
136943,"NNP"
136944,"NNP"
136945,"VBD"
136946,"PRP"
136947,"VBD"
136948,"DT"
136949,"NN"
136950,"IN"
136951,"NNP"
136952,"NNP"
136953,"NNP"
136954,"NNP"
136955,"TO"
136956,"VB"
136957,"NN"
136958,"NNS"
136959,"IN"
136960,"NNP"
136961,"POS"
136962,"JJ"
136963,"NN"
136964,"."
136965,"DT"
136966,"NN"
136967,","
136968,"VBD"
136969,"RB"
136970,"DT"
136971,"NN"
136972,","
136973,"VBZ"
136974,"NNP"
136975,"POS"
136976,"NN"
136977,"IN"
136978,"DT"
136979,"JJ"
136980,"NN"
136981,"IN"
136982,"JJ"
136983,"NN"
136984,"NN"
136985,"NN"
136986,","
136987,"CC"
136988,"NNP"
136989,","
136990,"NNS"
136991,"."
136992,"NNP"
136993,","
136994,"VBN"
136995,"IN"
136996,"NNP"
136997,"NNP"
136998,","
136999,"NNP"
137000,","
137001,"VBZ"
137002,"DT"
137003,"NN"
137004,"NN"
137005,"IN"
137006,"JJ"
137007,"NNS"
137008,"IN"
137009,"PRP$"
137010,"JJ"
137011,"NN"
137012,"IN"
137013,"NNS"
137014,"DT"
137015,"NN"
137016,"IN"
137017,"JJ"
137018,"JJ"
137019,"NNS"
137020,"."
137021,"IN"
137022,"DT"
137023,"NN"
137024,","
137025,"NNP"
137026,"MD"
137027,"VB"
137028,"$"
137029,"CD"
137030,"CD"
137031,"TO"
137032,"VB"
137033,"DT"
137034,"CD"
137035,"NN"
137036,"NN"
137037,"IN"
137038,"NNP"
137039,","
137040,"DT"
137041,"NN"
137042,"IN"
137043,"NNS"
137044,"IN"
137045,"NNS"
137046,"CC"
137047,"NNS"
137048,"."
137049,"NNP"
137050,","
137051,"VBN"
137052,"IN"
137053,"NNP"
137054,","
137055,"NNP"
137056,","
137057,"MD"
137058,"VB"
137059,"PRP$"
137060,"JJ"
137061,"NNS"
137062,"TO"
137063,"NNP"
137064,","
137065,"VBG"
137066,"NNS"
137067,"DT"
137068,"NN"
137069,"TO"
137070,"VB"
137071,"JJ"
137072,"NN"
137073,"NNS"
137074,"IN"
137075,"DT"
137076,"JJ"
137077,"NN"
137078,"NN"
137079,"IN"
137080,"DT"
137081,"NN"
137082,"RB"
137083,"."
137084,"NNP"
137085,"VBD"
137086,"PRP"
137087,"VBZ"
137088,"TO"
137089,"VB"
137090,"DT"
137091,"NN"
137092,"IN"
137093,"JJ"
137094,"NNS"
137095,"."
137096,"PRP"
137097,"VBD"
137098,"TO"
137099,"VB"
137100,"PRP$"
137101,"NNS"
137102,"IN"
137103,"VBG"
137104,"PRP$"
137105,"JJ"
137106,"NN"
137107,"NN"
137108,"."
137109,"O"
137110,"NNP"
137111,"NNP"
137112,","
137113,"WDT"
137114,"VBZ"
137115,"TO"
137116,"VB"
137117,"PRP$"
137118,"NN"
137119,"IN"
137120,"DT"
137121,"JJ"
137122,"CC"
137123,"JJ"
137124,"NNS"
137125,","
137126,"VBD"
137127,"PRP"
137128,"VBD"
137129,"DT"
137130,"NN"
137131,"CC"
137132,"NN"
137133,"NNS"
137134,"NN"
137135,"IN"
137136,"RB"
137137,"VBN"
137138,"NNP"
137139,"NNPS"
137140,"NNP"
137141,"IN"
137142,"$"
137143,"CD"
137144,"CD"
137145,"."
137146,"NNP"
137147,"VBD"
137148,"PRP"
137149,"VBZ"
137150,"DT"
137151,"NN"
137152,"TO"
137153,"VB"
137154,"``"
137155,"JJ"
137156,"JJ"
137157,"NN"
137158,"CC"
137159,"TO"
137160,"VB"
137161,"DT"
137162,"JJ"
137163,"NN"
137164,"TO"
137165,"VB"
137166,"NNS"
137167,"IN"
137168,"CD"
137169,"CC"
137170,"RB"
137171,"."
137172,"''"
137173,"IN"
137174,"CD"
137175,"DT"
137176,"NNP"
137177,"NN"
137178,"VBD"
137179,"$"
137180,"CD"
137181,"CD"
137182,","
137183,"CC"
137184,"CD"
137185,"NNS"
137186,"DT"
137187,"NN"
137188,","
137189,"IN"
137190,"NN"
137191,"IN"
137192,"$"
137193,"CD"
137194,"CD"
137195,"."
137196,"NNP"
137197,"VBD"
137198,"DT"
137199,"NN"
137200,"VBZ"
137201,"IN"
137202,"DT"
137203,"NN"
137204,"NN"
137205,"NN"
137206,"CC"
137207,"VBZ"
137208,"DT"
137209,"JJ"
137210,"CC"
137211,"JJ"
137212,"NNS"
137213,"."
137214,"DT"
137215,"NN"
137216,","
137217,"VBN"
137218,"IN"
137219,"NNP"
137220,"NNP"
137221,","
137222,"VBD"
137223,"NNS"
137224,"IN"
137225,"JJR"
137226,"IN"
137227,"$"
137228,"CD"
137229,"CD"
137230,"IN"
137231,"DT"
137232,"JJ"
137233,"NN"
137234,"VBD"
137235,"NNP"
137236,"CD"
137237,","
137238,"VBP"
137239,"VBN"
137240,"."
137241,"O"
137242,"NNP"
137243,"NNP"
137244,"NNP"
137245,","
137246,"DT"
137247,"JJ"
137248,"JJ"
137249,"NN"
137250,"CC"
137251,"NN"
137252,"NNS"
137253,"NN"
137254,"NN"
137255,","
137256,"VBD"
137257,"NNP"
137258,"NNP"
137259,"NNP"
137260,"IN"
137261,"DT"
137262,"NNP"
137263,"VBZ"
137264,"VBN"
137265,"IN"
137266,"DT"
137267,"CD"
137268,"NN"
137269,"NN"
137270,"IN"
137271,"DT"
137272,"NN"
137273,"."
137274,"NNP"
137275,"NNP"
137276,","
137277,"DT"
137278,"NNP"
137279,"NN"
137280,","
137281,"VBD"
137282,"NNP"
137283,"VBD"
137284,"RB"
137285,"VBN"
137286,"``"
137287,"DT"
137288,"JJ"
137289,"IN"
137290,"CD"
137291,"NN"
137292,"''"
137293,"IN"
137294,"NNP"
137295,"IN"
137296,"IN"
137297,"CD"
137298,"NNS"
137299,"."
137300,"DT"
137301,"JJ"
137302,"NN"
137303,"VBD"
137304,"RB"
137305,"VBN"
137306,"NNP"
137307,"IN"
137308,"PRP$"
137309,"NN"
137310,"IN"
137311,"VBG"
137312,"DT"
137313,"NN"
137314,","
137315,"PRP"
137316,"VBD"
137317,"."
137318,"NNP"
137319,","
137320,"WDT"
137321,"JJ"
137322,"NN"
137323,"VBD"
137324,"PRP$"
137325,"NNP"
137326,"NNP"
137327,"NN"
137328,"CC"
137329,"NN"
137330,"NNS"
137331,"IN"
137332,"DT"
137333,"IN"
137334,"NNP"
137335,"NNP"
137336,"NNP"
137337,","
137338,"VBZ"
137339,"VBN"
137340,"VBN"
137341,"IN"
137342,"NNS"
137343,"IN"
137344,"DT"
137345,"JJ"
137346,"NN"
137347,"IN"
137348,"NNP"
137349,"NNP"
137350,"IN"
137351,"JJ"
137352,"NNS"
137353,"."
137354,"NNP"
137355,"RB"
137356,"VBZ"
137357,"CD"
137358,"NN"
137359,"IN"
137360,"NNP"
137361,"."
137362,"NNP"
137363,","
137364,"WDT"
137365,"VBZ"
137366,"DT"
137367,"JJ"
137368,"NN"
137369,"IN"
137370,"JJ"
137371,"NNS"
137372,","
137373,"VBD"
137374,"DT"
137375,"CD"
137376,"NN"
137377,"NN"
137378,"IN"
137379,"JJ"
137380,"NN"
137381,"TO"
137382,"#"
137383,"CD"
137384,"CD"
137385,"("
137386,"$"
137387,"CD"
137388,"CD"
137389,")"
137390,"IN"
137391,"DT"
137392,"JJ"
137393,"NN"
137394,"."
137395,"O"
137396,"NNP"
137397,"NNP"
137398,"NNP"
137399,"VBD"
137400,"PRP"
137401,"VBD"
137402,"DT"
137403,"JJ"
137404,"NN"
137405,"TO"
137406,"VB"
137407,"PRP$"
137408,"NNS"
137409,"POS"
137410,"VBP"
137411,"NNP"
137412,"TO"
137413,"RB"
137414,"VBN"
137415,"NNP"
137416,"NNP"
137417,"IN"
137418,"NNP"
137419,"NNP"
137420,","
137421,"NNP"
137422,"."
137423,"NNS"
137424,"VBD"
137425,"RB"
137426,"VBN"
137427,","
137428,"CC"
137429,"DT"
137430,"NNP"
137431,"NNP"
137432,"NN"
137433,"VBD"
137434,"DT"
137435,"NN"
137436,"NNP"
137437,"NNP"
137438,"MD"
137439,"VB"
137440,"IN"
137441,"DT"
137442,"NN"
137443,"VBZ"
137444,"``"
137445,"DT"
137446,"JJ"
137447,"RBR"
137448,"IN"
137449,"VBN"
137450,"IN"
137451,"DT"
137452,"NN"
137453,","
137454,"CC"
137455,"DT"
137456,"NN"
137457,"VBD"
137458,"VBN"
137459,"VBG"
137460,"$"
137461,"CD"
137462,"CD"
137463,"TO"
137464,"$"
137465,"CD"
137466,"CD"
137467,"."
137468,"''"
137469,"DT"
137470,"NN"
137471,"VBZ"
137472,"IN"
137473,"NNP"
137474,"NNP"
137475,"CC"
137476,"NNP"
137477,"NNP"
137478,"NNP"
137479,"."
137480,"NNP"
137481,"NNP"
137482,","
137483,"WDT"
137484,"VBZ"
137485,"VBN"
137486,"IN"
137487,"NNP"
137488,"NNP"
137489,","
137490,"NNP"
137491,","
137492,"VBD"
137493,"DT"
137494,"NN"
137495,"VBZ"
137496,"DT"
137497,"RB"
137498,"JJ"
137499,"NN"
137500,"TO"
137501,"VB"
137502,"PRP"
137503,"IN"
137504,"PRP$"
137505,"NN"
137506,"CC"
137507,"NN"
137508,"NNS"
137509,"NNS"
137510,"."
137511,"DT"
137512,"NN"
137513,"POS"
137514,"JJ"
137515,"NN"
137516,"VBZ"
137517,"DT"
137518,"NN"
137519,"CC"
137520,"NN"
137521,"IN"
137522,"NN"
137523,"CC"
137524,"JJ"
137525,"NNS"
137526,"IN"
137527,"JJ"
137528,"CC"
137529,"NN"
137530,"NNS"
137531,"."
137532,"O"
137533,"VBG"
137534,"DT"
137535,"$"
137536,"CD"
137537,"CD"
137538,"NN"
137539,"IN"
137540,"JJ"
137541,"NNS"
137542,","
137543,"JJ"
137544,"NNP"
137545,"NNP"
137546,"NNP"
137547,"VBD"
137548,"DT"
137549,"NN"
137550,"IN"
137551,"PRP$"
137552,"JJ"
137553,"NN"
137554,"VBD"
137555,"NNP"
137556,"CD"
137557,"."
137558,"DT"
137559,"NN"
137560,"IN"
137561,"JJ"
137562,"NNP"
137563,"NNP"
137564,","
137565,"DT"
137566,"NN"
137567,"IN"
137568,"NN"
137569,"NNS"
137570,"CC"
137571,"NN"
137572,"NNS"
137573,"VBD"
137574,"PRP"
137575,"VBD"
137576,"DT"
137577,"JJ"
137578,"NN"
137579,"IN"
137580,"$"
137581,"CD"
137582,"CD"
137583,","
137584,"CC"
137585,"CD"
137586,"NNS"
137587,"DT"
137588,"NN"
137589,","
137590,"VBN"
137591,"IN"
137592,"JJ"
137593,"NN"
137594,"IN"
137595,"$"
137596,"CD"
137597,"CD"
137598,","
137599,"CC"
137600,"CD"
137601,"NNS"
137602,"DT"
137603,"NN"
137604,","
137605,"DT"
137606,"NN"
137607,"RBR"
137608,"."
137609,"NN"
137610,"NN"
137611,"VBD"
137612,"CD"
137613,"NN"
137614,"TO"
137615,"$"
137616,"CD"
137617,"CD"
137618,"IN"
137619,"$"
137620,"CD"
137621,"CD"
137622,"IN"
137623,"DT"
137624,"JJ"
137625,"NN"
137626,"."
137627,"DT"
137628,"NN"
137629,"VBD"
137630,"DT"
137631,"$"
137632,"CD"
137633,"CD"
137634,"NN"
137635,"VBD"
137636,"VBN"
137637,"TO"
137638,"VB"
137639,"NN"
137640,"IN"
137641,"DT"
137642,"NN"
137643,"IN"
137644,"NNS"
137645,"VBN"
137646,"TO"
137647,"NNP"
137648,"NNP"
137649,"IN"
137650,"DT"
137651,"IN"
137652,"DT"
137653,"JJ"
137654,"NN"
137655,"NNS"
137656,"PRP"
137657,"VBZ"
137658,"."
137659,"DT"
137660,"NN"
137661,"RB"
137662,"VBD"
137663,"NNS"
137664,"VBN"
137665,"IN"
137666,"DT"
137667,"JJ"
137668,"NN"
137669,"CC"
137670,"NN"
137671,"IN"
137672,"DT"
137673,"JJ"
137674,"NN"
137675,"IN"
137676,"NN"
137677,"VBD"
137678,"VBN"
137679,"RB"
137680,"IN"
137681,"DT"
137682,"JJ"
137683,"NN"
137684,"VBD"
137685,"NNP"
137686,"CD"
137687,"."
137688,"NNP"
137689,"NNP"
137690,"NN"
137691,"VBD"
137692,"CD"
137693,"NNS"
137694,"NN"
137695,"TO"
137696,"VB"
137697,"IN"
137698,"$"
137699,"CD"
137700,"DT"
137701,"NN"
137702,"IN"
137703,"NNP"
137704,"NNP"
137705,"NNP"
137706,"NNP"
137707,"JJ"
137708,"NN"
137709,"."
137710,"O"
137711,"NNP"
137712,"NNP"
137713,"("
137714,"NNP"
137715,")"
137716,"NNP"
137717,","
137718,"DT"
137719,"JJ"
137720,"NN"
137721,"NN"
137722,","
137723,"VBD"
137724,"DT"
137725,"NN"
137726,"IN"
137727,"DT"
137728,"JJ"
137729,"NN"
137730,"TO"
137731,"VB"
137732,"RP"
137733,"PRP$"
137734,"NN"
137735,"NNS"
137736,"IN"
137737,"DT"
137738,"NN"
137739,"."
137740,"DT"
137741,"JJ"
137742,"NN"
137743,"MD"
137744,"VB"
137745,"RB"
137746,"IN"
137747,"NNP"
137748,"NNP"
137749,"POS"
137750,"NN"
137751,"CC"
137752,"NN"
137753,"NNS"
137754,"IN"
137755,"DT"
137756,"NN"
137757,"NN"
137758,"RB"
137759,"IN"
137760,"DT"
137761,"VBN"
137762,"IN"
137763,"DT"
137764,"NNP"
137765,"."
137766,"NNP"
137767,"NNS"
137768,"VBD"
137769,"DT"
137770,"JJ"
137771,"NN"
137772,","
137773,"WDT"
137774,"MD"
137775,"VB"
137776,"NNS"
137777,"JJ"
137778,"IN"
137779,"NNS"
137780,"PRP$"
137781,"CC"
137782,"NNP"
137783,"POS"
137784,"NN"
137785,","
137786,"MD"
137787,"VB"
137788,"JJ"
137789,"NNS"
137790,"IN"
137791,"JJR"
137792,"IN"
137793,"#"
137794,"CD"
137795,"CD"
137796,"("
137797,"$"
137798,"CD"
137799,"CD"
137800,")"
137801,"CC"
137802,"NN"
137803,"NN"
137804,"IN"
137805,"JJR"
137806,"IN"
137807,"#"
137808,"CD"
137809,"CD"
137810,"("
137811,"$"
137812,"CD"
137813,"CD"
137814,")"
137815,"."
137816,"``"
137817,"DT"
137818,"JJ"
137819,"NN"
137820,"MD"
137821,"VB"
137822,"NNP"
137823,"NNS"
137824,"TO"
137825,"VB"
137826,"RB"
137827,"IN"
137828,"NNS"
137829,"IN"
137830,"JJ"
137831,"NN"
137832,"IN"
137833,"DT"
137834,"NNS"
137835,","
137836,"''"
137837,"VBD"
137838,"NNP"
137839,"NNP"
137840,","
137841,"NN"
137842,"NN"
137843,"CC"
137844,"NN"
137845,"NN"
137846,"NN"
137847,"."
137848,"JJ"
137849,"NN"
137850,","
137851,"NNP"
137852,"VBZ"
137853,"VBN"
137854,"TO"
137855,"VB"
137856,"PRP$"
137857,"JJ"
137858,"NN"
137859,"NNS"
137860,"TO"
137861,"NNP"
137862,"NNP"
137863,"NNP"
137864,"IN"
137865,"#"
137866,"CD"
137867,"CD"
137868,"."
137869,"O"
137870,"DT"
137871,"JJ"
137872,"NN"
137873,"RB"
137874,"VBZ"
137875,"JJ"
137876,"NN"
137877,"IN"
137878,"NNP"
137879,"."
137880,"DT"
137881,"VBZ"
137882,"DT"
137883,"NN"
137884,"IN"
137885,"NN"
137886,"NN"
137887,"VBZ"
137888,"VBN"
137889,"VBG"
137890,"IN"
137891,"IN"
137892,"DT"
137893,"NN"
137894,"IN"
137895,"PRP"
137896,"VBZ"
137897,"VBG"
137898,"TO"
137899,"VB"
137900,"DT"
137901,"NN"
137902,"."
137903,"DT"
137904,"RBS"
137905,"JJ"
137906,"NN"
137907,"MD"
137908,"VB"
137909,"DT"
137910,"JJ"
137911,"NN"
137912,"NNS"
137913,"."
137914,"DT"
137915,"NNP"
137916,"NN"
137917,"POS"
137918,"``"
137919,"NN"
137920,"''"
137921,"VBD"
137922,"VBG"
137923,"IN"
137924,"DT"
137925,"NN"
137926,"IN"
137927,"DT"
137928,"NN"
137929,"VBN"
137930,"IN"
137931,"VBG"
137932,"DT"
137933,"NN"
137934,"POS"
137935,"NN"
137936,","
137937,"NNP"
137938,"NNP"
137939,","
137940,"VBD"
137941,"RB"
137942,"JJ"
137943,"TO"
137944,"VB"
137945,"."
137946,"RB"
137947,"IN"
137948,"DT"
137949,","
137950,"NNP"
137951,"NNP"
137952,"VBD"
137953,"NNP"
137954,"NNP"
137955,"VBN"
137956,"CC"
137957,"PRP$"
137958,"VB"
137959,"VBN"
137960,"."
137961,"NNP"
137962,"NNP"
137963,"VBZ"
137964,"IN"
137965,"NN"
137966,"IN"
137967,"NNS"
137968,"IN"
137969,"PRP"
137970,"VBD"
137971,"DT"
137972,"NN"
137973,","
137974,"VBN"
137975,"IN"
137976,"DT"
137977,"NNP"
137978,"NNP"
137979,"NN"
137980,"NN"
137981,"RBR"
137982,"DT"
137983,"NN"
137984,","
137985,"WDT"
137986,"VBD"
137987,"PRP"
137988,"DT"
137989,"NN"
137990,"JJ"
137991,"IN"
137992,"CD"
137993,"NNS"
137994,"IN"
137995,"NN"
137996,"IN"
137997,"DT"
137998,"NN"
137999,"TO"
138000,"``"
138001,"VB"
138002,","
138003,"VB"
138004,"CC"
138005,"VB"
138006,"''"
138007,"DT"
138008,"NN"
138009,"NN"
138010,"."
138011,"DT"
138012,"NNP"
138013,"NN"
138014,"VBZ"
138015,"RB"
138016,"VB"
138017,"RB"
138018,"IN"
138019,"DT"
138020,"NN"
138021,"IN"
138022,"NN"
138023,"CC"
138024,"NN"
138025,"IN"
138026,"NN"
138027,"IN"
138028,"NNP"
138029,"WRB"
138030,"CD"
138031,"VBZ"
138032,"VBG"
138033,"DT"
138034,"NN"
138035,"."
138036,"TO"
138037,"DT"
138038,"NN"
138039,"NNP"
138040,"NNP"
138041,"VBZ"
138042,"VBN"
138043,"NN"
138044,"RB"
138045,","
138046,"PRP"
138047,"MD"
138048,"VB"
138049,"IN"
138050,"PRP"
138051,"VBZ"
138052,"RB"
138053,"IN"
138054,"NN"
138055,"IN"
138056,"DT"
138057,"NN"
138058,"IN"
138059,"NN"
138060,"NNS"
138061,"IN"
138062,"DT"
138063,"JJ"
138064,"NNS"
138065,"VBD"
138066,"IN"
138067,"DT"
138068,"JJ"
138069,"DT"
138070,"NNS"
138071,"IN"
138072,"NN"
138073,"IN"
138074,"JJ"
138075,"NNP"
138076,"NNP"
138077,"."
138078,"NNP"
138079,"VBZ"
138080,"VBN"
138081,"JJ"
138082,"JJ"
138083,"NN"
138084,"NN"
138085,"RB"
138086,"IN"
138087,"DT"
138088,"NNP"
138089,"NNP"
138090,"NNP"
138091,"VBD"
138092,"PRP"
138093,"DT"
138094,"``"
138095,"JJ"
138096,","
138097,"JJ"
138098,"NN"
138099,"''"
138100,"IN"
138101,"NNP"
138102,"POS"
138103,"NNS"
138104,"IN"
138105,"JJ"
138106,"NN"
138107,","
138108,"DT"
138109,"NNP"
138110,"VBD"
138111,"DT"
138112,"NN"
138113,"NN"
138114,"TO"
138115,"VB"
138116,"NNP"
138117,"POS"
138118,"``"
138119,"FW"
138120,"FW"
138121,"''"
138122,"IN"
138123,"NNP"
138124,"CC"
138125,"VB"
138126,"``"
138127,"JJ"
138128,"CC"
138129,"JJ"
138130,"''"
138131,"NNS"
138132,"WDT"
138133,"MD"
138134,"VB"
138135,"NNP"
138136,"NNP"
138137,"POS"
138138,"NN"
138139,"IN"
138140,"NNP"
138141,"."
138142,"DT"
138143,"NNS"
138144,"VBP"
138145,"VBN"
138146,"IN"
138147,"NNP"
138148,"CD"
138149,"."
138150,"IN"
138151,"NNP"
138152,","
138153,"NNP"
138154,"NNP"
138155,","
138156,"NN"
138157,"IN"
138158,"NNP"
138159,"NNP"
138160,"NNP"
138161,","
138162,"DT"
138163,"NNP"
138164,"JJ"
138165,"JJ"
138166,"NN"
138167,"NN"
138168,","
138169,"VBD"
138170,"NNP"
138171,"TO"
138172,"VB"
138173,"IN"
138174,"DT"
138175,"JJ"
138176,"NN"
138177,"NN"
138178,"."
138179,"PRP"
138180,"VBD"
138181,"NNP"
138182,"NNP"
138183,","
138184,"NN"
138185,"IN"
138186,"DT"
138187,"NN"
138188,"VBN"
138189,"IN"
138190,"VBG"
138191,"JJ"
138192,"NN"
138193,","
138194,"CC"
138195,"VBD"
138196,"IN"
138197,"NNP"
138198,"NNP"
138199,"VBD"
138200,"RB"
138201,"JJ"
138202,"TO"
138203,"VB"
138204,"CC"
138205,"RB"
138206,"VBD"
138207,"VBD"
138208,"PRP$"
138209,"NNS"
138210,"IN"
138211,"NN"
138212,"."
138213,"IN"
138214,"NNP"
138215,"NNP"
138216,"POS"
138217,"NN"
138218,"VBD"
138219,"VBN"
138220,"IN"
138221,"CD"
138222,"JJ"
138223,"NNS"
138224,","
138225,"NNP"
138226,"NNP"
138227,"VBD"
138228,"JJ"
138229,"NNS"
138230,"VBN"
138231,"IN"
138232,"PRP$"
138233,"NNS"
138234,","
138235,"NN"
138236,"CC"
138237,"NN"
138238,"."
138239,"NNP"
138240,"NNP"
138241,"VBD"
138242,"VBN"
138243,"CC"
138244,"VBN"
138245,"IN"
138246,"IN"
138247,"DT"
138248,"NNS"
138249,"WRB"
138250,"PRP"
138251,"VBD"
138252,"TO"
138253,"NNP"
138254,"DT"
138255,"NN"
138256,"."
138257,"CC"
138258,"DT"
138259,"NNP"
138260,"NNP"
138261,"CC"
138262,"DT"
138263,"NNP"
138264,"NNP"
138265,"IN"
138266,"NNP"
138267,"IN"
138268,"DT"
138269,"NNP"
138270,"VBP"
138271,"VBN"
138272,"NNP"
138273,"NNP"
138274,"POS"
138275,"NN"
138276,"."
138277,"NNP"
138278,"NNP"
138279,"POS"
138280,"NN"
138281,"VBZ"
138282,"DT"
138283,"JJS"
138284,"IN"
138285,"DT"
138286,"NN"
138287,"IN"
138288,"NNS"
138289,"IN"
138290,"VB"
138291,"TO"
138292,"VB"
138293,"NNP"
138294,"POS"
138295,"NNS"
138296,"."
138297,"DT"
138298,"NNP"
138299,"NNP"
138300,"CC"
138301,"NNP"
138302,"NNS"
138303,"VBP"
138304,"JJ"
138305,"NNS"
138306,"."
138307,"DT"
138308,"NNP"
138309,"VBZ"
138310,"IN"
138311,"DT"
138312,"NN"
138313,"IN"
138314,"VBG"
138315,"NN"
138316,"NNS"
138317,"CC"
138318,"RB"
138319,"VBG"
138320,"PRP$"
138321,"NNS"
138322,"IN"
138323,"DT"
138324,"JJ"
138325,"NNS"
138326,"."
138327,"PRP"
138328,"RB"
138329,"VBZ"
138330,"DT"
138331,"NN"
138332,"TO"
138333,"VB"
138334,"DT"
138335,"NN"
138336,"IN"
138337,"NNP"
138338,"."
138339,"NNP"
138340,"CC"
138341,"DT"
138342,"JJ"
138343,"NN"
138344,"MD"
138345,"VB"
138346,"IN"
138347,"NNP"
138348,"NNP"
138349,"CC"
138350,"PRP$"
138351,"JJ"
138352,"NNS"
138353,"VB"
138354,"VBN"
138355,"CC"
138356,"WDT"
138357,"DT"
138358,"NNP"
138359,"NNP"
138360,"POS"
138361,"VBZ"
138362,"VB"
138363,"JJ"
138364,"WDT"
138365,"NNP"
138366,"FW"
138367,"NN"
138368,"VBZ"
138369,"NN"
138370,"NNS"
138371,"IN"
138372,"DT"
138373,"NNS"
138374,"."
138375,"O"
138376,"NNP"
138377,"NNS"
138378,"NNS"
138379,"RB"
138380,"VBD"
138381,"DT"
138382,"NN"
138383,"IN"
138384,"DT"
138385,"NN"
138386,"NN"
138387,"VBG"
138388,"PRP$"
138389,"NN"
138390,"NNP"
138391,"."
138392,"NNP"
138393,","
138394,"DT"
138395,"NN"
138396,"NN"
138397,"POS"
138398,"NN"
138399,"IN"
138400,"JJ"
138401,"VBN"
138402,"NN"
138403,"."
138404,"RB"
138405,","
138406,"RB"
138407,","
138408,"PRP"
138409,"VBD"
138410,"JJR"
138411,"IN"
138412,"DT"
138413,"NN"
138414,"IN"
138415,"DT"
138416,"JJ"
138417,"NN"
138418,"IN"
138419,"JJ"
138420,"NNS"
138421,"VBD"
138422,"RBR"
138423,"TO"
138424,"PRP$"
138425,"JJ"
138426,"NNS"
138427,"."
138428,"NNP"
138429,","
138430,"DT"
138431,"JJ"
138432,"NN"
138433,"IN"
138434,"NNS"
138435,"IN"
138436,"JJ"
138437,"NN"
138438,","
138439,"VBD"
138440,"PRP$"
138441,"NN"
138442,"VB"
138443,"IN"
138444,"DT"
138445,"NN"
138446,","
138447,"VBG"
138448,"RB"
138449,"IN"
138450,"DT"
138451,"NN"
138452,"IN"
138453,"DT"
138454,"NN"
138455,"VBD"
138456,","
138457,"CC"
138458,"RB"
138459,"VBG"
138460,"RP"
138461,"DT"
138462,"IN"
138463,"PRP$"
138464,"NNS"
138465,"IN"
138466,"DT"
138467,"NN"
138468,"VBD"
138469,"."
138470,"NN"
138471,"CC"
138472,"NN"
138473,"NN"
138474,"VBD"
138475,"RB"
138476,"TO"
138477,"DT"
138478,"NN"
138479,"IN"
138480,"DT"
138481,"NN"
138482,"NN"
138483,"MD"
138484,"VB"
138485,"DT"
138486,"RB"
138487,"JJ"
138488,"NN"
138489,"IN"
138490,"DT"
138491,"NN"
138492,"."
138493,"NNP"
138494,"VBD"
138495,"CC"
138496,"VBD"
138497,"JJ"
138498,"NN"
138499,"IN"
138500,"DT"
138501,"NN"
138502,"IN"
138503,"NN"
138504,"IN"
138505,"DT"
138506,"JJ"
138507,"NN"
138508,"NNS"
138509,"WDT"
138510,"VBD"
138511,"VBN"
138512,"JJ"
138513,"NNS"
138514,"VBD"
138515,"TO"
138516,"VB"
138517,"VBN"
138518,"."
138519,"NNP"
138520,"NNP"
138521,"VBD"
138522,"RB"
138523,","
138524,"CC"
138525,"IN"
138526,"DT"
138527,"NN"
138528,"NN"
138529,"VBD"
138530,"JJ"
138531,"NNS"
138532,","
138533,"PRP"
138534,","
138535,"RB"
138536,","
138537,"VBD"
138538,"JJR"
138539,","
138540,"VBG"
138541,"IN"
138542,"DT"
138543,"JJ"
138544,"NN"
138545,"NN"
138546,"."
138547,"NN"
138548,"IN"
138549,"NN"
138550,"CC"
138551,"NN"
138552,"VBD"
138553,"JJ"
138554,"CC"
138555,"VBD"
138556,"JJ"
138557,"NNS"
138558,"."
138559,"NNP"
138560,"NNP"
138561,","
138562,"NN"
138563,"CC"
138564,"NN"
138565,"NNS"
138566,"VBD"
138567,"RB"
138568,"."
138569,"NN"
138570,"CC"
138571,"NN"
138572,"NNS"
138573,","
138574,"RB"
138575,","
138576,"VBD"
138577,"IN"
138578,"NN"
138579,"IN"
138580,"DT"
138581,"JJ"
138582,"NN"
138583,"MD"
138584,"VB"
138585,"NN"
138586,"IN"
138587,"NN"
138588,"CC"
138589,"NN"
138590,"."
138591,"IN"
138592,"NN"
138593,"NNS"
138594,"NN"
138595,":"
138596,"JJ"
138597,"NNS"
138598,":"
138599,"NNS"
138600,"NNS"
138601,"VBD"
138602,"RB"
138603,"JJR"
138604,"IN"
138605,"NN"
138606,"VBD"
138607,"RB"
138608,"RB"
138609,"IN"
138610,"PRP$"
138611,"JJ"
138612,"NNS"
138613,"CC"
138614,"NN"
138615,"VBD"
138616,"RB"
138617,","
138618,"LS"
138619,"VBG"
138620,"CC"
138621,"RB"
138622,"RB"
138623,"VBG"
138624,"."
138625,"NNP"
138626,"VBD"
138627,"RB"
138628,"."
138629,"DT"
138630,"NN"
138631,"NNP"
138632,"NN"
138633,"NN"
138634,"VBD"
138635,"$"
138636,"CD"
138637,"TO"
138638,"$"
138639,"CD"
138640,"DT"
138641,"NN"
138642,"."
138643,"DT"
138644,"JJ"
138645,"JJ"
138646,"NNP"
138647,"NN"
138648,"NN"
138649,"VBD"
138650,"IN"
138651,"DT"
138652,"NN"
138653,"IN"
138654,"$"
138655,"CD"
138656,"DT"
138657,"NN"
138658,"IN"
138659,"$"
138660,"CD"
138661,","
138662,"IN"
138663,"NN"
138664,"IN"
138665,"NN"
138666,"IN"
138667,"$"
138668,"CD"
138669,"."
138670,"NNP"
138671,"NN"
138672,"VBD"
138673,"IN"
138674,"CD"
138675,"NNS"
138676,"DT"
138677,"NN"
138678,"IN"
138679,"$"
138680,"CD"
138681,"."
138682,"NN"
138683,"VBD"
138684,"JJR"
138685,"IN"
138686,"DT"
138687,"JJ"
138688,"NN"
138689,","
138690,"VBG"
138691,"RB"
138692,"IN"
138693,"NN"
138694,"IN"
138695,"DT"
138696,"JJ"
138697,"JJR"
138698,"NN"
138699,","
138700,"CC"
138701,"VBG"
138702,"RB"
138703,","
138704,"IN"
138705,"DT"
138706,"NN"
138707,"NN"
138708,"VBD"
138709,"."
138710,"NNP"
138711,"VBD"
138712,"RB"
138713,"DT"
138714,"JJ"
138715,"NN"
138716,"PRP"
138717,"VBD"
138718,"CD"
138719,"NNS"
138720,"RB"
138721,"IN"
138722,"NNP"
138723,"NNP"
138724,"."
138725,"IN"
138726,"CD"
138727,"NN"
138728,","
138729,"JJ"
138730,"NNP"
138731,","
138732,"JJ"
138733,"NNS"
138734,"NNS"
138735,"VBD"
138736,"IN"
138737,"DT"
138738,"NN"
138739,"NN"
138740,"VBD"
138741,"IN"
138742,"PRP$"
138743,"NN"
138744,"NN"
138745,"NN"
138746,","
138747,"IN"
138748,"PRP"
138749,"MD"
138750,"RB"
138751,"VB"
138752,"TO"
138753,"PRP"
138754,"."
138755,"RB"
138756,"IN"
138757,"NNP"
138758,","
138759,"NNP"
138760,"CD"
138761,","
138762,"CD"
138763,","
138764,"DT"
138765,"NN"
138766,"NN"
138767,"VBD"
138768,"IN"
138769,"DT"
138770,"NN"
138771,","
138772,"CC"
138773,"NN"
138774,"NNS"
138775,"VBD"
138776,"IN"
138777,"DT"
138778,"NN"
138779,"NN"
138780,"VBD"
138781,"."
138782,"DT"
138783,"NNP"
138784,"CD"
138785,"NN"
138786,"IN"
138787,"NN"
138788,"VBD"
138789,"RB"
138790,"JJ"
138791,"IN"
138792,"$"
138793,"CD"
138794,"TO"
138795,"RB"
138796,"JJ"
138797,"IN"
138798,"$"
138799,"CD"
138800,","
138801,"CC"
138802,"DT"
138803,"JJR"
138804,"JJ"
138805,"NNS"
138806,","
138807,"JJ"
138808,"TO"
138809,"VB"
138810,"RB"
138811,"JJ"
138812,"IN"
138813,"NNP"
138814,"NNP"
138815,","
138816,"VBD"
138817,"RB"
138818,"JJ"
138819,"IN"
138820,"$"
138821,"CD"
138822,"."
138823,"IN"
138824,"NNP"
138825,"NNP"
138826,","
138827,"NNP"
138828,"CD"
138829,","
138830,"CD"
138831,","
138832,"DT"
138833,"NNP"
138834,"NN"
138835,"VBD"
138836,"IN"
138837,"JJ"
138838,"NNS"
138839,","
138840,"VBG"
138841,"TO"
138842,"RB"
138843,"JJ"
138844,"IN"
138845,"$"
138846,"CD"
138847,"IN"
138848,"DT"
138849,"NN"
138850,"IN"
138851,"RB"
138852,"$"
138853,"CD"
138854,"IN"
138855,"NN"
138856,"IN"
138857,"DT"
138858,"NNP"
138859,"NNS"
138860,","
138861,"IN"
138862,"VBG"
138863,"RB"
138864,"RB"
138865,"$"
138866,"CD"
138867,"IN"
138868,"DT"
138869,"IN"
138870,"DT"
138871,"NN"
138872,"."
138873,"NNP"
138874,"POS"
138875,"NNP"
138876,"NN"
138877,"IN"
138878,"$"
138879,"CD"
138880,"VBD"
138881,"NN"
138882,"VBN"
138883,"IN"
138884,"DT"
138885,"."
138886,"CD"
138887,"NN"
138888,","
138889,"NNP"
138890,"NNP"
138891,"IN"
138892,"NNP"
138893,"CC"
138894,"NNP"
138895,","
138896,"NNP"
138897,"NNP"
138898,","
138899,"VBD"
138900,"DT"
138901,"NN"
138902,"NN"
138903,"RB"
138904,"VBD"
138905,"DT"
138906,"JJ"
138907,"JJ"
138908,"JJ"
138909,"NNS"
138910,"WDT"
138911,"MD"
138912,"VB"
138913,"VBN"
138914,"NNS"
138915,"TO"
138916,"VB"
138917,","
138918,"IN"
138919,"CC"
138920,"IN"
138921,"DT"
138922,"NN"
138923,"NN"
138924,"."
138925,"``"
138926,"WP"
138927,"DT"
138928,"NN"
138929,"NN"
138930,"VBD"
138931,"VBD"
138932,"VB"
138933,"DT"
138934,"NN"
138935,"TO"
138936,"VB"
138937,"NN"
138938,"RB"
138939,"IN"
138940,"PRP"
138941,"MD"
138942,"VB"
138943,"VBN"
138944,","
138945,"''"
138946,"VBD"
138947,"NNP"
138948,"NNP"
138949,"."
138950,"EX"
138951,"VBZ"
138952,"DT"
138953,"JJ"
138954,"NN"
138955,"IN"
138956,"NN"
138957,"MD"
138958,"VB"
138959,"PRP$"
138960,"NNS"
138961,"CC"
138962,"VB"
138963,"JJ"
138964,","
138965,"PRP"
138966,"VBD"
138967,"."
138968,"PRP"
138969,"VBZ"
138970,"DT"
138971,"NN"
138972,"IN"
138973,"NN"
138974,"NNS"
138975,","
138976,"WDT"
138977,"MD"
138978,"VB"
138979,"NN"
138980,"IN"
138981,"VBG"
138982,"DT"
138983,"NN"
138984,"IN"
138985,"VBG"
138986,"."
138987,"RB"
138988,","
138989,"VBG"
138990,"TO"
138991,"NNP"
138992,"NNP"
138993,","
138994,"DT"
138995,"NN"
138996,"IN"
138997,"DT"
138998,"JJ"
138999,"NN"
139000,"MD"
139001,"VB"
139002,"VBN"
139003,"IN"
139004,"JJ"
139005,"NNS"
139006,"IN"
139007,"DT"
139008,"NNP"
139009,"NN"
139010,"NN"
139011,"NN"
139012,","
139013,"WRB"
139014,"DT"
139015,"NNS"
139016,"VBP"
139017,"VBN"
139018,"NN"
139019,"."
139020,"DT"
139021,"MD"
139022,"VB"
139023,"JJ"
139024,"TO"
139025,"DT"
139026,"NN"
139027,"CC"
139028,"JJ"
139029,"JJ"
139030,"NN"
139031,","
139032,"PRP"
139033,"VBD"
139034,"."
139035,"NNP"
139036,":"
139037,"VBN"
139038,"IN"
139039,"NNP"
139040,"POS"
139041,"JJ"
139042,"NN"
139043,"NN"
139044,"NN"
139045,"MD"
139046,"VB"
139047,"DT"
139048,"NN"
139049,"IN"
139050,"NNS"
139051,"TO"
139052,"VB"
139053,"IN"
139054,"DT"
139055,"NN"
139056,","
139057,"NN"
139058,"NNS"
139059,"NNS"
139060,"VBD"
139061,"DT"
139062,"NN"
139063,"TO"
139064,"DT"
139065,"JJ"
139066,"NN"
139067,"IN"
139068,"NNS"
139069,"IN"
139070,"JJ"
139071,"NN"
139072,"NNS"
139073,"NNS"
139074,"."
139075,"DT"
139076,"NNP"
139077,"NN"
139078,"NN"
139079,","
139080,"NNP"
139081,"NNP"
139082,"NNP"
139083,","
139084,"VBD"
139085,"IN"
139086,"$"
139087,"CD"
139088,"DT"
139089,"NN"
139090,"IN"
139091,"NNP"
139092,"NN"
139093,","
139094,"RB"
139095,"CD"
139096,"NNS"
139097,"."
139098,"DT"
139099,"NNS"
139100,"VBD"
139101,"NN"
139102,"VBD"
139103,"JJ"
139104,"IN"
139105,"DT"
139106,"JJ"
139107,"NN"
139108,","
139109,"VBG"
139110,"JJ"
139111,"NNS"
139112,"IN"
139113,"JJ"
139114,"NNS"
139115,"."
139116,"CC"
139117,"JJS"
139118,"NN"
139119,"NNS"
139120,"VBN"
139121,"IN"
139122,"NNP"
139123,"POS"
139124,"NN"
139125,"NN"
139126,"NN"
139127,"VBZ"
139128,"WP"
139129,"VBD"
139130,"NNS"
139131,"IN"
139132,"DT"
139133,"NN"
139134,"PRP$"
139135,"NN"
139136,"."
139137,"IN"
139138,"NN"
139139,","
139140,"NNS"
139141,"NNS"
139142,"VBD"
139143,"VBN"
139144,"VBN"
139145,"RP"
139146,"IN"
139147,"NNS"
139148,"IN"
139149,"NN"
139150,"NN"
139151,"NN"
139152,"MD"
139153,"VB"
139154,"TO"
139155,"VB"
139156,"JJ"
139157,"."
139158,"DT"
139159,"NNP"
139160,"IN"
139161,"NNP"
139162,"NNP"
139163,"NNP"
139164,"VBD"
139165,"PRP$"
139166,"NN"
139167,"NN"
139168,"IN"
139169,"DT"
139170,"JJ"
139171,"NN"
139172,"VBN"
139173,"IN"
139174,"NNS"
139175,"IN"
139176,"JJ"
139177,"NN"
139178,"."
139179,"IN"
139180,"DT"
139181,"JJ"
139182,"NN"
139183,","
139184,"JJ"
139185,"IN"
139186,"NNP"
139187,"POS"
139188,"JJ"
139189,"NN"
139190,"IN"
139191,"DT"
139192,"NN"
139193,"NN"
139194,","
139195,"VBZ"
139196,"NNS"
139197,"IN"
139198,"DT"
139199,"NN"
139200,"VBZ"
139201,"RB"
139202,"RB"
139203,"."
139204,"RB"
139205,","
139206,"IN"
139207,"VBG"
139208,"RB"
139209,"IN"
139210,"DT"
139211,"NN"
139212,"NN"
139213,"TO"
139214,"NNP"
139215,"POS"
139216,"NNP"
139217,","
139218,"NNS"
139219,"NNS"
139220,"VBD"
139221,"RB"
139222,"RB"
139223,"IN"
139224,"NNS"
139225,"VBD"
139226,"NN"
139227,"IN"
139228,"DT"
139229,"NN"
139230,"NN"
139231,"POS"
139232,"JJ"
139233,"NN"
139234,"NN"
139235,"."
139236,"NNP"
139237,":"
139238,"NNS"
139239,"NNS"
139240,"VBD"
139241,"CC"
139242,"VBD"
139243,"JJ"
139244,"NN"
139245,"IN"
139246,"CD"
139247,"JJ"
139248,"NN"
139249,"NN"
139250,"WDT"
139251,"VBD"
139252,"VBN"
139253,"JJ"
139254,"NNS"
139255,"VBD"
139256,"TO"
139257,"VB"
139258,"VBN"
139259,"."
139260,"DT"
139261,"NNP"
139262,"NN"
139263,"VBD"
139264,"CD"
139265,"NNS"
139266,"DT"
139267,"NN"
139268,"TO"
139269,"$"
139270,"CD"
139271,"."
139272,"NNS"
139273,"VBD"
139274,"RB"
139275,"IN"
139276,"DT"
139277,"NN"
139278,"IN"
139279,"NN"
139280,"IN"
139281,"NN"
139282,"IN"
139283,"DT"
139284,"NN"
139285,"IN"
139286,"DT"
139287,"NN"
139288,"NN"
139289,"MD"
139290,"VB"
139291,"DT"
139292,"JJ"
139293,"NN"
139294,"CC"
139295,"DT"
139296,"JJ"
139297,"NN"
139298,"IN"
139299,"NN"
139300,"NN"
139301,"."
139302,"CC"
139303,"DT"
139304,"NN"
139305,"IN"
139306,"DT"
139307,"NN"
139308,"NN"
139309,"VBD"
139310,"JJ"
139311,"NN"
139312,"IN"
139313,"NN"
139314,"IN"
139315,"NN"
139316,"NN"
139317,"IN"
139318,"DT"
139319,"JJ"
139320,"NN"
139321,"IN"
139322,"DT"
139323,"NNP"
139324,"NNP"
139325,"NN"
139326,"IN"
139327,"NNP"
139328,"NNP"
139329,"VBD"
139330,"IN"
139331,"IN"
139332,","
139333,"VBG"
139334,"TO"
139335,"DT"
139336,"NN"
139337,"."
139338,"NNP"
139339,"NNP"
139340,"VBZ"
139341,"DT"
139342,"JJ"
139343,"JJ"
139344,"NN"
139345,"CC"
139346,"JJ"
139347,"NN"
139348,"TO"
139349,"NNP"
139350,","
139351,"WDT"
139352,"RB"
139353,"VBD"
139354,"VBG"
139355,"NN"
139356,"RB"
139357,"IN"
139358,"PRP$"
139359,"NNS"
139360,"VBD"
139361,"."
139362,"JJ"
139363,"NN"
139364,"PRP"
139365,"VBD"
139366,"VBN"
139367,"IN"
139368,"NN"
139369,"CC"
139370,"NN"
139371,"NNS"
139372,"VBD"
139373,"VBN"
139374,"DT"
139375,"JJ"
139376,"NN"
139377,","
139378,"DT"
139379,"NN"
139380,"IN"
139381,"IN"
139382,"NN"
139383,"IN"
139384,"DT"
139385,"NN"
139386,"."
139387,"RB"
139388,","
139389,"DT"
139390,"NN"
139391,"VBD"
139392,","
139393,"RB"
139394,"JJ"
139395,"NNS"
139396,"VBP"
139397,"TO"
139398,"VB"
139399,"VBN"
139400,"RP"
139401,"."
139402,"``"
139403,"IN"
139404,"DT"
139405,"NNS"
139406,"CC"
139407,"NNS"
139408,","
139409,"DT"
139410,"NN"
139411,"VBZ"
139412,"TO"
139413,"VB"
139414,"VBN"
139415,"VBN"
139416,","
139417,"''"
139418,"PRP"
139419,"VBD"
139420,"."
139421,"NN"
139422,"NNS"
139423,"IN"
139424,"NNP"
139425,"NNP"
139426,"POS"
139427,"NNP"
139428,"NNP"
139429,"NNS"
139430,"VBD"
139431,"NN"
139432,"IN"
139433,"JJ"
139434,"NNS"
139435,","
139436,"TO"
139437,"CD"
139438,"NNS"
139439,"."
139440,"NNP"
139441,"NNP"
139442,"NNP"
139443,"NN"
139444,"NNS"
139445,"JJ"
139446,"NN"
139447,"VBD"
139448,"CD"
139449,"NNS"
139450,","
139451,"TO"
139452,"CD"
139453,"NNS"
139454,"."
139455,"DT"
139456,"JJ"
139457,"NNS"
139458,"NN"
139459,"VBD"
139460,"RB"
139461,"RB"
139462,"VBN"
139463,","
139464,"CC"
139465,"DT"
139466,"NNP"
139467,"NN"
139468,"VBD"
139469,"RB"
139470,"."
139471,"RB"
139472,","
139473,"DT"
139474,"VBD"
139475,"VBN"
139476,"RP"
139477,"IN"
139478,"NN"
139479,"IN"
139480,"DT"
139481,"NN"
139482,"NN"
139483,","
139484,"DT"
139485,"NN"
139486,"VBD"
139487,"."
139488,"IN"
139489,"CD"
139490,"NN"
139491,"IN"
139492,"NNS"
139493,"NN"
139494,","
139495,"IN"
139496,"DT"
139497,"NN"
139498,"NN"
139499,"VBD"
139500,","
139501,"DT"
139502,"NNP"
139503,"NN"
139504,"VBD"
139505,"TO"
139506,"RB"
139507,"JJ"
139508,"IN"
139509,"$"
139510,"CD"
139511,","
139512,"CC"
139513,"PRP"
139514,"VBD"
139515,"RB"
139516,"JJ"
139517,"TO"
139518,"VB"
139519,"DT"
139520,"NN"
139521,"."
139522,"``"
139523,"PRP"
139524,"VBD"
139525,"RB"
139526,"JJ"
139527,","
139528,"''"
139529,"PRP"
139530,"VBD"
139531,","
139532,"CC"
139533,"NN"
139534,"IN"
139535,"NNS"
139536,"IN"
139537,"JJ"
139538,"NN"
139539,"VBD"
139540,"VBN"
139541,"VB"
139542,"NNS"
139543,"."
139544,"NNP"
139545,":"
139546,"NNS"
139547,"NNS"
139548,"VBD"
139549,","
139550,"JJR"
139551,"IN"
139552,"NN"
139553,"TO"
139554,"NNP"
139555,"NNP"
139556,"IN"
139557,"TO"
139558,"DT"
139559,"NN"
139560,"IN"
139561,"DT"
139562,"NN"
139563,"NN"
139564,"."
139565,"DT"
139566,"NNP"
139567,"NN"
139568,"VBD"
139569,"IN"
139570,"DT"
139571,"NN"
139572,"IN"
139573,"CD"
139574,"NN"
139575,"DT"
139576,"NN"
139577,","
139578,"IN"
139579,"CD"
139580,"NNS"
139581,"."
139582,"NNP"
139583,"NNS"
139584,"VBG"
139585,"DT"
139586,"NN"
139587,","
139588,"WDT"
139589,"VBD"
139590,"DT"
139591,"NN"
139592,"IN"
139593,"DT"
139594,"NN"
139595,"NNP"
139596,","
139597,"VBD"
139598,"NNS"
139599,"TO"
139600,"VB"
139601,"NN"
139602,","
139603,"VBD"
139604,"NNP"
139605,"NNP"
139606,","
139607,"NN"
139608,"NN"
139609,"IN"
139610,"NNP"
139611,"NNP"
139612,","
139613,"NNP"
139614,"NNP"
139615,"."
139616,"NNS"
139617,"VBD"
139618,"RB"
139619,"NNP"
139620,"IN"
139621,"DT"
139622,"NN"
139623,"VBD"
139624,"NNP"
139625,"NNP"
139626,"NNP"
139627,","
139628,"WDT"
139629,"VBZ"
139630,"NN"
139631,"IN"
139632,"DT"
139633,"NNP"
139634,"NNP"
139635,"NN"
139636,"NN"
139637,"."
139638,"RB"
139639,","
139640,"IN"
139641,"VBG"
139642,"DT"
139643,"JJ"
139644,"NN"
139645,"IN"
139646,"DT"
139647,"NN"
139648,","
139649,"NNS"
139650,"VBD"
139651,"TO"
139652,"VB"
139653,"JJ"
139654,"NNP"
139655,","
139656,"NNP"
139657,"NNP"
139658,"VBD"
139659,"."
139660,"DT"
139661,"NN"
139662,"VBD"
139663,"NN"
139664,"CC"
139665,"VBD"
139666,"NNS"
139667,"IN"
139668,"NN"
139669,","
139670,"PRP"
139671,"VBD"
139672,"."
139673,"NN"
139674,"NN"
139675,"VBZ"
139676,"VBG"
139677,"VBN"
139678,"IN"
139679,"DT"
139680,"JJ"
139681,"NNS"
139682,"IN"
139683,"NNP"
139684,"CC"
139685,"DT"
139686,"JJ"
139687,"NNS"
139688,"IN"
139689,"DT"
139690,"NN"
139691,"IN"
139692,"DT"
139693,"JJ"
139694,"NN"
139695,","
139696,"NNP"
139697,"NNP"
139698,"VBD"
139699,"."
139700,"DT"
139701,"VBZ"
139702,"RB"
139703,"RB"
139704,"VBN"
139705,"NNS"
139706,"POS"
139707,"NN"
139708,","
139709,"PRP"
139710,"VBD"
139711,"."
139712,"NNP"
139713,":"
139714,"NNP"
139715,"NNS"
139716,"VBD"
139717,"."
139718,"DT"
139719,"NNP"
139720,"NN"
139721,"VBD"
139722,"IN"
139723,"CD"
139724,"NN"
139725,"DT"
139726,"NN"
139727,"IN"
139728,"CD"
139729,"NNS"
139730,"."
139731,"IN"
139732,"CD"
139733,"NN"
139734,"IN"
139735,"JJ"
139736,"NN"
139737,"DT"
139738,"NNP"
139739,"NN"
139740,"VBD"
139741,"TO"
139742,"RB"
139743,"JJ"
139744,"IN"
139745,"CD"
139746,"NNS"
139747,"WRB"
139748,"DT"
139749,"NN"
139750,"NN"
139751,"VBD"
139752,","
139753,"CC"
139754,"DT"
139755,"NN"
139756,"RB"
139757,"VBD"
139758,"RB"
139759,"."
139760,"DT"
139761,"JJ"
139762,"NN"
139763,","
139764,"CD"
139765,"NN"
139766,"VBD"
139767,","
139768,"VBD"
139769,"IN"
139770,"NNP"
139771,","
139772,"WDT"
139773,"VBD"
139774,"VBN"
139775,"VBN"
139776,"TO"
139777,"VB"
139778,"IN"
139779,"CD"
139780,"NNS"
139781,"IN"
139782,"NN"
139783,"IN"
139784,"DT"
139785,"NN"
139786,"NN"
139787,","
139788,"VBD"
139789,"RB"
139790,"VB"
139791,"DT"
139792,"NNS"
139793,"."
139794,"NNP"
139795,"RB"
139796,"VBD"
139797,"CD"
139798,"NNS"
139799,"CC"
139800,"VBD"
139801,"VBN"
139802,"TO"
139803,"VB"
139804,"JJR"
139805,","
139806,"DT"
139807,"NN"
139808,"VBD"
139809,"."
139810,"DT"
139811,"NN"
139812,"NN"
139813,"IN"
139814,"NNP"
139815,"MD"
139816,"VB"
139817,"VBN"
139818,"RB"
139819,"IN"
139820,"IN"
139821,"DT"
139822,"NN"
139823,"IN"
139824,"DT"
139825,"NN"
139826,"NN"
139827,"."
139828,"``"
139829,"NNP"
139830,"MD"
139831,"VB"
139832,"VBN"
139833,"IN"
139834,"IN"
139835,"EX"
139836,"VBD"
139837,"DT"
139838,"JJ"
139839,"NN"
139840,"IN"
139841,"DT"
139842,"NN"
139843,"NN"
139844,"CC"
139845,"PRP"
139846,"JJ"
139847,"NN"
139848,","
139849,"PRP"
139850,"MD"
139851,"VB"
139852,"IN"
139853,"JJR"
139854,"NNS"
139855,","
139856,"''"
139857,"VBD"
139858,"NNP"
139859,"NNP"
139860,","
139861,"NN"
139862,"IN"
139863,"NNP"
139864,"NNP"
139865,"NNP"
139866,","
139867,"NNP"
139868,"NNP"
139869,"."
139870,"IN"
139871,"DT"
139872,"NN"
139873,","
139874,"PRP"
139875,"VBD"
139876,","
139877,"``"
139878,"NNP"
139879,"VBZ"
139880,"DT"
139881,"NN"
139882,","
139883,"IN"
139884,"PRP"
139885,"MD"
139886,"VB"
139887,"IN"
139888,"RBR"
139889,"CC"
139890,"RB"
139891,"TO"
139892,"VB"
139893,"PRP"
139894,"."
139895,"''"
139896,"NNP"
139897,"NNP"
139898,":"
139899,"DT"
139900,"NNS"
139901,"IN"
139902,"NNS"
139903,"CC"
139904,"NN"
139905,"NNS"
139906,"NNS"
139907,"VBD"
139908,"RB"
139909,"IN"
139910,"NNS"
139911,"VBN"
139912,"IN"
139913,"DT"
139914,"NN"
139915,"NN"
139916,"NN"
139917,"NNP"
139918,"MD"
139919,"VB"
139920,"IN"
139921,"DT"
139922,"NNS"
139923,"IN"
139924,"NNP"
139925,"NNS"
139926,"RB"
139927,"RB"
139928,"TO"
139929,"VB"
139930,"PRP"
139931,"TO"
139932,"VB"
139933,"IN"
139934,"PRP$"
139935,"NN"
139936,"IN"
139937,"DT"
139938,"NN"
139939,","
139940,"WDT"
139941,"MD"
139942,"VB"
139943,"NN"
139944,"IN"
139945,"NN"
139946,"CC"
139947,"NN"
139948,"."
139949,"DT"
139950,"NN"
139951,"IN"
139952,"DT"
139953,"NN"
139954,"NN"
139955,"IN"
139956,"NNP"
139957,"NN"
139958,"VBD"
139959,"PRP$"
139960,"JJ"
139961,"JJ"
139962,"JJ"
139963,"NN"
139964,"IN"
139965,"CD"
139966,"NNS"
139967,"DT"
139968,"NN"
139969,"."
139970,"DT"
139971,"NNS"
139972,"IN"
139973,"JJS"
139974,"NN"
139975,"NNS"
139976,"NNS"
139977,"VBD"
139978,"RB"
139979,"RB"
139980,"IN"
139981,"IN"
139982,"NN"
139983,"IN"
139984,"DT"
139985,"NN"
139986,"NN"
139987,"VBD"
139988,"NN"
139989,"NNS"
139990,"IN"
139991,"VBG"
139992,"."
139993,"RB"
139994,"IN"
139995,"DT"
139996,"NN"
139997,","
139998,"DT"
139999,"NNS"
140000,"IN"
140001,"JJ"
140002,"NN"
140003,"NNS"
140004,"VBP"
140005,"JJ"
140006,"NNS"
140007,"."
140008,"DT"
140009,"JJ"
140010,"NN"
140011,"VBD"
140012,"WRB"
140013,"JJ"
140014,"JJ"
140015,"NNS"
140016,"VBD"
140017,"VBG"
140018,"NNS"
140019,"NNS"
140020,","
140021,"RB"
140022,"TO"
140023,"VB"
140024,"NN"
140025,"IN"
140026,"DT"
140027,"NN"
140028,"NN"
140029,"."
140030,"O"
140031,"NNP"
140032,"NNP"
140033,"VBD"
140034,"PRP"
140035,"MD"
140036,"VB"
140037,"JJ"
140038,"NNS"
140039,"IN"
140040,"NN"
140041,"IN"
140042,"DT"
140043,"JJ"
140044,"NN"
140045,","
140046,"JJ"
140047,"TO"
140048,"JJ"
140049,"NNS"
140050,"POS"
140051,"NNS"
140052,"IN"
140053,"DT"
140054,"NN"
140055,"NN"
140056,"POS"
140057,"NNS"
140058,"MD"
140059,"VB"
140060,"RB"
140061,"."
140062,"DT"
140063,"NN"
140064,"NN"
140065,"VBD"
140066,"PRP"
140067,"VBD"
140068,"DT"
140069,"NN"
140070,"VBD"
140071,"VBN"
140072,"WRB"
140073,"NNP"
140074,"JJ"
140075,","
140076,"NNP"
140077,"POS"
140078,"NN"
140079,"CC"
140080,"JJ"
140081,"NN"
140082,","
140083,"VBD"
140084,"NNP"
140085,"NNP"
140086,"NNS"
140087,"CD"
140088,"NNS"
140089,"RB"
140090,"IN"
140091,"NNP"
140092,"POS"
140093,"NNS"
140094,"IN"
140095,"NN"
140096,"IN"
140097,"DT"
140098,"JJ"
140099,"CD"
140100,"NNS"
140101,"IN"
140102,"CD"
140103,"MD"
140104,"``"
140105,"VB"
140106,"IN"
140107,"DT"
140108,"JJ"
140109,"NN"
140110,"''"
140111,"IN"
140112,"JJ"
140113,"NN"
140114,"IN"
140115,"DT"
140116,"NNP"
140117,"NN"
140118,"VBD"
140119,"DT"
140120,"JJ"
140121,"NN"
140122,"IN"
140123,"DT"
140124,"NN"
140125,"VBZ"
140126,"TO"
140127,"VB"
140128,"NNP"
140129,"CD"
140130,"VBP"
140131,"VBN"
140132,"TO"
140133,"VB"
140134,"RP"
140135,"."
140136,"DT"
140137,"NN"
140138,"VBD"
140139,"PRP"
140140,"VBD"
140141,"``"
140142,"JJ"
140143,"''"
140144,"IN"
140145,"JJ"
140146,"NNS"
140147,"POS"
140148,"NNS"
140149,"IN"
140150,"DT"
140151,"NN"
140152,"MD"
140153,"VB"
140154,"NNS"
140155,"IN"
140156,"IN"
140157,"CD"
140158,"NNS"
140159,"CC"
140160,"CD"
140161,"NNS"
140162,"DT"
140163,"NN"
140164,","
140165,"VBN"
140166,"IN"
140167,"DT"
140168,"CD"
140169,"NNS"
140170,"DT"
140171,"NN"
140172,"PRP"
140173,"VBD"
140174,"IN"
140175,"DT"
140176,"CD"
140177,"JJ"
140178,"NN"
140179,"."
140180,"NNP"
140181,"VBD"
140182,"PRP"
140183,"VBD"
140184,"IN"
140185,"NNS"
140186,"IN"
140187,"JJ"
140188,"NN"
140189,"IN"
140190,"DT"
140191,"IN"
140192,"CD"
140193,"MD"
140194,"VB"
140195,"IN"
140196,"$"
140197,"CD"
140198,"DT"
140199,"NN"
140200,","
140201,"VBN"
140202,"IN"
140203,"$"
140204,"CD"
140205,"DT"
140206,"NN"
140207,"DT"
140208,"NN"
140209,"RBR"
140210,"."
140211,"IN"
140212,"NNP"
140213,"NNP"
140214,"NNP"
140215,"NNP"
140216,"JJ"
140217,"NN"
140218,"NN"
140219,","
140220,"NNP"
140221,"VBD"
140222,"IN"
140223,"$"
140224,"CD"
140225,","
140226,"RB"
140227,"CD"
140228,"NNS"
140229,"."
140230,"O"
140231,"NNP"
140232,"NNP"
140233,"NNP"
140234,"VBD"
140235,"PRP"
140236,"VBD"
140237,"PRP$"
140238,"$"
140239,"VBP"
140240,"NN"
140241,"IN"
140242,"NNP"
140243,"POS"
140244,"NNP"
140245,"NNP"
140246,"TO"
140247,"NNP"
140248,"CD"
140249,"IN"
140250,"NN"
140251,"."
140252,"DT"
140253,"NN"
140254,"VBZ"
140255,"DT"
140256,"JJ"
140257,"NN"
140258,"IN"
140259,"$"
140260,"CD"
140261,"CD"
140262,"."
140263,"NNP"
140264,"NNP"
140265,"VBZ"
140266,"DT"
140267,"NN"
140268,"IN"
140269,"NNP"
140270,"NNP"
140271,"NNP"
140272,"POS"
140273,"NNP"
140274,"NNP"
140275,"NNP"
140276,"NN"
140277,"CC"
140278,"NNP"
140279,"NNP"
140280,"NNP"
140281,"."
140282,"IN"
140283,"RB"
140284,"VBN"
140285,","
140286,"IN"
140287,"DT"
140288,"NNS"
140289,"IN"
140290,"DT"
140291,"JJ"
140292,"NN"
140293,"IN"
140294,"NNP"
140295,"POS"
140296,"NNP"
140297,","
140298,"DT"
140299,"NNS"
140300,"VBD"
140301,"TO"
140302,"VB"
140303,"PRP$"
140304,"NN"
140305,"VB"
140306,"IN"
140307,"NNP"
140308,"CD"
140309,","
140310,"CC"
140311,"RB"
140312,"TO"
140313,"VB"
140314,"DT"
140315,"JJ"
140316,"NNS"
140317,"IN"
140318,"IN"
140319,"DT"
140320,"NN"
140321,"NN"
140322,"NN"
140323,"IN"
140324,"DT"
140325,"NN"
140326,"."
140327,"NNP"
140328,"NNP"
140329,"VBD"
140330,"IN"
140331,"PRP"
140332,"RB"
140333,"VBZ"
140334,"CD"
140335,"NN"
140336,"IN"
140337,"DT"
140338,"JJ"
140339,"NNS"
140340,"IN"
140341,"DT"
140342,"JJ"
140343,"NN"
140344,"NN"
140345,"CC"
140346,"DT"
140347,"RB"
140348,"IN"
140349,"DT"
140350,"NN"
140351,"IN"
140352,"NN"
140353,"NNP"
140354,"DT"
140355,"JJ"
140356,"CD"
140357,"NN"
140358,"VBD"
140359,"VBN"
140360,"VBN"
140361,"TO"
140362,"PRP$"
140363,"NN"
140364,"."
140365,"NNP"
140366,"POS"
140367,"NNP"
140368,"VBZ"
140369,"VBN"
140370,"IN"
140371,"NNP"
140372,","
140373,"NNP"
140374,"."
140375,"NNP"
140376,"NNP"
140377,","
140378,"DT"
140379,"NN"
140380,"NNS"
140381,"NN"
140382,","
140383,"NNP"
140384,"NNP"
140385,","
140386,"DT"
140387,"NN"
140388,"NN"
140389,"IN"
140390,"NNS"
140391,"IN"
140392,"NN"
140393,"CC"
140394,"JJ"
140395,"NN"
140396,"CC"
140397,"JJ"
140398,"NNS"
140399,","
140400,"VBP"
140401,"VBN"
140402,"IN"
140403,"NNP"
140404,"."
140405,"O"
140406,"NNP"
140407,"NNP"
140408,"NNP"
140409,"NNP"
140410,","
140411,"VBG"
140412,"IN"
140413,"DT"
140414,"NN"
140415,"WDT"
140416,"VBZ"
140417,"VBN"
140418,"JJS"
140419,"IN"
140420,"DT"
140421,"NN"
140422,"NN"
140423,","
140424,"VBD"
140425,"DT"
140426,"CD"
140427,"NN"
140428,"NN"
140429,"IN"
140430,"JJ"
140431,"NNS"
140432,"TO"
140433,"$"
140434,"CD"
140435,"NN"
140436,","
140437,"CC"
140438,"CD"
140439,"NNS"
140440,"DT"
140441,"NN"
140442,"."
140443,"DT"
140444,"NN"
140445,"VBD"
140446,"$"
140447,"CD"
140448,"CD"
140449,","
140450,"CC"
140451,"CD"
140452,"NNS"
140453,"DT"
140454,"NN"
140455,","
140456,"IN"
140457,"DT"
140458,"JJ"
140459,"NN"
140460,"."
140461,"NNP"
140462,"NNP"
140463,"NNP"
140464,","
140465,"NN"
140466,"CC"
140467,"JJ"
140468,"NN"
140469,"NN"
140470,"IN"
140471,"DT"
140472,"NNP"
140473,","
140474,"NNP"
140475,","
140476,"JJ"
140477,"NN"
140478,"NN"
140479,","
140480,"VBD"
140481,"DT"
140482,"JJ"
140483,"NN"
140484,"IN"
140485,"NNS"
140486,"VBD"
140487,"TO"
140488,"DT"
140489,"NN"
140490,"POS"
140491,"NN"
140492,"IN"
140493,"DT"
140494,"JJ"
140495,"CD"
140496,"NNS"
140497,"IN"
140498,"VBG"
140499,"PRP$"
140500,"NN"
140501,"NN"
140502,"NN"
140503,"CC"
140504,"VBG"
140505,"NN"
140506,"NN"
140507,"."
140508,"RB"
140509,","
140510,"DT"
140511,"NN"
140512,"VBD"
140513,"DT"
140514,"JJ"
140515,"NN"
140516,"IN"
140517,"JJ"
140518,"NNS"
140519,"VBN"
140520,"JJ"
140521,"NN"
140522,"NNS"
140523,"TO"
140524,"$"
140525,"CD"
140526,"CD"
140527,","
140528,"CD"
140529,"NN"
140530,"IN"
140531,"DT"
140532,"JJ"
140533,"NN"
140534,"JJ"
140535,"NN"
140536,"."
140537,"IN"
140538,"NN"
140539,"NN"
140540,","
140541,"NNP"
140542,"NNP"
140543,"VBD"
140544,"NN"
140545,"NNS"
140546,"VBP"
140547,"VBN"
140548,"DT"
140549,"JJ"
140550,"NN"
140551,"IN"
140552,"CD"
140553,","
140554,"CC"
140555,"VBD"
140556,"$"
140557,"CD"
140558,"CD"
140559,"IN"
140560,"NN"
140561,"POS"
140562,"NN"
140563,"IN"
140564,"DT"
140565,"JJ"
140566,"NN"
140567,"IN"
140568,"DT"
140569,"NN"
140570,"POS"
140571,"NN"
140572,"."
140573,"NNP"
140574,"NN"
140575,"VBD"
140576,"TO"
140577,"$"
140578,"CD"
140579,"CD"
140580,","
140581,"JJR"
140582,"IN"
140583,"RB"
140584,"DT"
140585,"JJ"
140586,"NN"
140587,"."
140588,"O"
140589,"NNP"
140590,"NNP"
140591,","
140592,"NNP"
140593,"NNP"
140594,","
140595,"NNP"
140596,","
140597,"VBD"
140598,"PRP"
140599,"VBZ"
140600,"VBN"
140601,"DT"
140602,"NN"
140603,"TO"
140604,"VB"
140605,"RB"
140606,"JJ"
140607,"NNS"
140608,","
140609,"CC"
140610,"NNP"
140611,","
140612,"WDT"
140613,"RB"
140614,"VBD"
140615,"DT"
140616,"NN"
140617,"IN"
140618,"JJ"
140619,"NN"
140620,"IN"
140621,"NNS"
140622,"CC"
140623,"NNS"
140624,"."
140625,"DT"
140626,"NN"
140627,"IN"
140628,"NN"
140629,"NNS"
140630,"VBD"
140631,"DT"
140632,"NN"
140633,","
140634,"WDT"
140635,"VBZ"
140636,"DT"
140637,"NN"
140638,"IN"
140639,"DT"
140640,"JJ"
140641,"NN"
140642,"NN"
140643,"IN"
140644,"NNS"
140645,"TO"
140646,"VB"
140647,"DT"
140648,"JJ"
140649,"NN"
140650,"CC"
140651,"VB"
140652,"PRP"
140653,"TO"
140654,"DT"
140655,"NN"
140656,"NN"
140657,","
140658,"VBZ"
140659,"RB"
140660,"IN"
140661,"NN"
140662,"IN"
140663,"DT"
140664,"NN"
140665,"IN"
140666,"PRP$"
140667,"NN"
140668,"NNS"
140669,","
140670,"CC"
140671,"MD"
140672,"VB"
140673,"JJ"
140674,"TO"
140675,"DT"
140676,"VBN"
140677,"NN"
140678,"NNS"
140679,"IN"
140680,"NN"
140681,"."
140682,"JJR"
140683,"NNS"
140684,"VBD"
140685,"DT"
140686,"NNS"
140687,"IN"
140688,"IN"
140689,"DT"
140690,"NN"
140691,"IN"
140692,"DT"
140693,"NN"
140694,"RB"
140695,"IN"
140696,"DT"
140697,"NN"
140698,"."
140699,"NNS"
140700,"VBP"
140701,"RB"
140702,"VBN"
140703,"IN"
140704,"NNS"
140705,","
140706,"NNS"
140707,"CC"
140708,"NN"
140709,"NNS"
140710,"."
140711,"CC"
140712,"PRP$"
140713,"NN"
140714,"VBZ"
140715,"VBN"
140716,"VBN"
140717,"TO"
140718,"DT"
140719,"RB"
140720,"JJ"
140721,"NN"
140722,"IN"
140723,"DT"
140724,"NN"
140725,"POS"
140726,"NN"
140727,"NN"
140728,","
140729,"CC"
140730,"DT"
140731,"NN"
140732,"IN"
140733,"NNS"
140734,"VBP"
140735,"VBG"
140736,"TO"
140737,"VB"
140738,"NN"
140739,","
140740,"CC"
140741,"IN"
140742,"JJS"
140743,"NN"
140744,","
140745,"IN"
140746,"DT"
140747,"NN"
140748,"."
140749,"NNP"
140750,"VBD"
140751,","
140752,"``"
140753,"PRP"
140754,"VBP"
140755,"DT"
140756,"NN"
140757,"IN"
140758,"DT"
140759,"JJ"
140760,"CC"
140761,"JJ"
140762,"NN"
140763,"IN"
140764,"JJ"
140765,"NN"
140766,"IN"
140767,"NNP"
140768,"NNP"
140769,"IN"
140770,"NNP"
140771,"NN"
140772,"."
140773,"O"
140774,"NNP"
140775,"NNP"
140776,"NNP"
140777,","
140778,"NNP"
140779,","
140780,"VBD"
140781,"PRP"
140782,"VBD"
140783,"DT"
140784,"JJ"
140785,"NN"
140786,"NN"
140787,"NN"
140788,"IN"
140789,"PRP$"
140790,"RB"
140791,"VBN"
140792,"JJ"
140793,"NN"
140794,"IN"
140795,"DT"
140796,"JJ"
140797,"NN"
140798,"NN"
140799,"IN"
140800,"NNP"
140801,"."
140802,"NNP"
140803,"VBD"
140804,"PRP"
140805,"VBD"
140806,"RB"
140807,"VB"
140808,"DT"
140809,"NN"
140810,"NN"
140811,"IN"
140812,"DT"
140813,"CD"
140814,"NN"
140815,"NNS"
140816,"PRP"
140817,"VBN"
140818,"IN"
140819,"DT"
140820,"NN"
140821,","
140822,"WDT"
140823,"VBZ"
140824,"IN"
140825,"CD"
140826,"NNS"
140827,"IN"
140828,"DT"
140829,"NNP"
140830,"NNP"
140831,","
140832,"IN"
140833,"DT"
140834,"NNS"
140835,"VBP"
140836,"JJ"
140837,"TO"
140838,"NNS"
140839,"VBN"
140840,"IN"
140841,"PRP$"
140842,"NN"
140843,"CC"
140844,"NN"
140845,"NNS"
140846,"."
140847,"RB"
140848,","
140849,"NNP"
140850,"VBD"
140851,"PRP"
140852,"VBZ"
140853,"DT"
140854,"NNS"
140855,"IN"
140856,"DT"
140857,"NN"
140858,"NN"
140859,"IN"
140860,"CD"
140861,"CD"
140862,"NNS"
140863,"IN"
140864,"NN"
140865,"."
140866,"DT"
140867,"NNP"
140868,"NNP"
140869,"VBZ"
140870,"VBN"
140871,"NNS"
140872,"IN"
140873,"CD"
140874,"CD"
140875,"NNS"
140876,"CC"
140877,"DT"
140878,"JJ"
140879,"NN"
140880,"VBZ"
140881,"JJ"
140882,"NNS"
140883,"IN"
140884,"CD"
140885,"CD"
140886,"NNS"
140887,"."
140888,"NNP"
140889,","
140890,"DT"
140891,"JJ"
140892,"NN"
140893,"CC"
140894,"NN"
140895,"NN"
140896,","
140897,"VBZ"
140898,"DT"
140899,"NN"
140900,"CC"
140901,"VBZ"
140902,"DT"
140903,"CD"
140904,"NN"
140905,"NN"
140906,"IN"
140907,"DT"
140908,"JJ"
140909,"NN"
140910,","
140911,"VBD"
140912,"NNP"
140913,"NNP"
140914,"."
140915,"JJ"
140916,"NNS"
140917,"VBP"
140918,"VBN"
140919,"IN"
140920,"NNP"
140921,"NNP"
140922,"NNP"
140923,"("
140924,"NNP"
140925,")"
140926,"NNP"
140927,","
140928,"NNP"
140929,"NNP"
140930,"NNP"
140931,"NNP"
140932,"NNP"
140933,","
140934,"NNP"
140935,"NNP"
140936,"NNP"
140937,"NNP"
140938,"."
140939,"NNP"
140940,","
140941,"NNP"
140942,"("
140943,"NNP"
140944,")"
140945,"NNP"
140946,"NNP"
140947,","
140948,"NNP"
140949,"NNP"
140950,"("
140951,"NNP"
140952,")"
140953,"NNP"
140954,","
140955,"FW"
140956,"NNP"
140957,"NNP"
140958,"NNP"
140959,","
140960,"NNP"
140961,"NNP"
140962,"NNP"
140963,","
140964,"NNP"
140965,"NNP"
140966,","
140967,"NNP"
140968,"NN"
140969,"NNP"
140970,"CC"
140971,"NNP"
140972,"NNP"
140973,"NNP"
140974,"."
140975,"DT"
140976,"JJ"
140977,"NN"
140978,"NN"
140979,"VBZ"
140980,"VBN"
140981,"IN"
140982,"NNP"
140983,","
140984,"DT"
140985,"JJ"
140986,"NN"
140987,"NN"
140988,"NN"
140989,"."
140990,"O"
140991,"NNP"
140992,"NNP"
140993,"NNP"
140994,"VBD"
140995,"PRP"
140996,"VBZ"
140997,"VBG"
140998,"PRP$"
140999,"NNS"
141000,"TO"
141001,"VB"
141002,"PRP$"
141003,"JJ"
141004,"JJ"
141005,"NN"
141006,"IN"
141007,"DT"
141008,"JJ"
141009,"CD"
141010,"NNS"
141011,"IN"
141012,"PRP$"
141013,"JJ"
141014,"NN"
141015,"IN"
141016,"VBG"
141017,"PRP"
141018,"VBD"
141019,"NN"
141020,"NNS"
141021,"WDT"
141022,"RB"
141023,"VBD"
141024,"VBN"
141025,"VBN"
141026,"JJ"
141027,"NN"
141028,"."
141029,"DT"
141030,"NNP"
141031,"NNP"
141032,","
141033,"NNP"
141034,","
141035,"NN"
141036,"NNS"
141037,"NN"
141038,"VBD"
141039,"DT"
141040,"NN"
141041,"MD"
141042,"VB"
141043,"PRP$"
141044,"NN"
141045,"IN"
141046,"DT"
141047,"CD"
141048,"NNS"
141049,"VBN"
141050,"NNP"
141051,"CD"
141052,"TO"
141053,"$"
141054,"CD"
141055,"CD"
141056,","
141057,"CC"
141058,"CD"
141059,"NNS"
141060,"DT"
141061,"NN"
141062,","
141063,"IN"
141064,"$"
141065,"CD"
141066,"CD"
141067,","
141068,"CC"
141069,"CD"
141070,"NNS"
141071,"DT"
141072,"NN"
141073,"."
141074,"NN"
141075,"IN"
141076,"DT"
141077,"JJ"
141078,"NN"
141079,","
141080,"VBN"
141081,","
141082,"VBZ"
141083,"$"
141084,"CD"
141085,"CD"
141086,","
141087,"CC"
141088,"CD"
141089,"NNS"
141090,"DT"
141091,"NN"
141092,"."
141093,"DT"
141094,"NN"
141095,"RB"
141096,"VBD"
141097,"NN"
141098,"IN"
141099,"$"
141100,"CD"
141101,"CD"
141102,","
141103,"CC"
141104,"CD"
141105,"NNS"
141106,"DT"
141107,"NN"
141108,"."
141109,"DT"
141110,"NN"
141111,"VBD"
141112,"IN"
141113,"IN"
141114,"JJ"
141115,"NN"
141116,"NNS"
141117,"JJ"
141118,"NN"
141119,"PRP"
141120,"VBD"
141121,"NN"
141122,"NNS"
141123,"WDT"
141124,"MD"
141125,"VB"
141126,"VBN"
141127,"IN"
141128,"NN"
141129,"NNS"
141130,"DT"
141131,"NN"
141132,"."
141133,"CC"
141134,"RB"
141135,"IN"
141136,"NN"
141137,","
141138,"PRP"
141139,"VBD"
141140,"DT"
141141,"NNS"
141142,"RB"
141143,"IN"
141144,"VBG"
141145,"PRP$"
141146,"NNS"
141147,"IN"
141148,"DT"
141149,"JJ"
141150,"CD"
141151,"NNS"
141152,"."
141153,"NNP"
141154,"NNP"
141155,"NNP"
141156,","
141157,"NNP"
141158,"NNP"
141159,"NN"
141160,"CC"
141161,"JJ"
141162,"NN"
141163,"NN"
141164,","
141165,"VBD"
141166,"DT"
141167,"NN"
141168,"VBZ"
141169,"DT"
141170,"NN"
141171,"POS"
141172,"JJ"
141173,"NN"
141174,"NN"
141175,"TO"
141176,"IN"
141177,"CD"
141178,"NN"
141179,"IN"
141180,"CD"
141181,"NN"
141182,"."
141183,"O"
141184,"NNP"
141185,"NNP"
141186,"NNP"
141187,"VBD"
141188,"PRP"
141189,"VBD"
141190,"DT"
141191,"JJ"
141192,"NN"
141193,"NN"
141194,"IN"
141195,"NNP"
141196,"NNP"
141197,"NNP"
141198,"IN"
141199,"WDT"
141200,"FW"
141201,"MD"
141202,"VB"
141203,"FW"
141204,"IN"
141205,"$"
141206,"CD"
141207,"("
141208,"NNP"
141209,"."
141210,")"
141211,"DT"
141212,"NN"
141213,","
141214,"CC"
141215,"IN"
141216,"$"
141217,"CD"
141218,"CD"
141219,","
141220,"IN"
141221,"NN"
141222,"CC"
141223,"NNS"
141224,"."
141225,"IN"
141226,"NNP"
141227,"NNP"
141228,"NNP"
141229,"JJ"
141230,"NN"
141231,","
141232,"NNP"
141233,"VBD"
141234,"RB"
141235,"$"
141236,"CD"
141237,"IN"
141238,"$"
141239,"CD"
141240,"."
141241,"IN"
141242,"NNP"
141243,"NNP"
141244,"NN"
141245,","
141246,"NNP"
141247,"VBD"
141248,"JJ"
141249,"IN"
141250,"CD"
141251,"JJ"
141252,"NNS"
141253,"("
141254,"$"
141255,"CD"
141256,")"
141257,"."
141258,"NNP"
141259,"VBD"
141260,"IN"
141261,"DT"
141262,"NN"
141263,","
141264,"NNP"
141265,","
141266,"DT"
141267,"NNP"
141268,","
141269,"NNP"
141270,","
141271,"NN"
141272,"IN"
141273,"NN"
141274,"NN"
141275,"CC"
141276,"NNS"
141277,"TO"
141278,"DT"
141279,"NN"
141280,"NN"
141281,","
141282,"MD"
141283,"VB"
141284,"IN"
141285,"DT"
141286,"JJ"
141287,"NN"
141288,"IN"
141289,"NNP"
141290,"VBD"
141291,"IN"
141292,"DT"
141293,"NN"
141294,"."
141295,"NNP"
141296,"VBZ"
141297,"DT"
141298,"JJ"
141299,"NN"
141300,"IN"
141301,"NN"
141302,"NNS"
141303,"CC"
141304,"NN"
141305,"IN"
141306,"NN"
141307,"CC"
141308,"NN"
141309,"NNS"
141310,"."
141311,"NNP"
141312,"VBD"
141313,"DT"
141314,"NN"
141315,"VBZ"
141316,"IN"
141317,"PRP"
141318,"TO"
141319,"VB"
141320,"DT"
141321,"$"
141322,"JJ"
141323,"NN"
141324,"NN"
141325,"NN"
141326,"IN"
141327,"DT"
141328,"NNS"
141329,"JJ"
141330,"IN"
141331,"NNP"
141332,"."
141333,"CC"
141334,"PRP"
141335,"VBD"
141336,"NNP"
141337,"NNP"
141338,","
141339,"NN"
141340,"NN"
141341,"CC"
141342,"NN"
141343,","
141344,"VBD"
141345,"TO"
141346,"VB"
141347,"PRP$"
141348,"CD"
141349,"NN"
141350,"NN"
141351,"IN"
141352,"CD"
141353,"TO"
141354,"CD"
141355,"IN"
141356,"NN"
141357,"IN"
141358,"DT"
141359,"NN"
141360,"NN"
141361,"IN"
141362,"DT"
141363,"NN"
141364,"IN"
141365,"NN"
141366,","
141367,"NN"
141368,"NN"
141369,"CC"
141370,"NNS"
141371,"."
141372,"NNP"
141373,"VBD"
141374,"DT"
141375,"NN"
141376,"NN"
141377,"VBZ"
141378,"VBN"
141379,"IN"
141380,","
141381,"IN"
141382,"JJ"
141383,"NNS"
141384,","
141385,"NNS"
141386,"VBG"
141387,"IN"
141388,"JJS"
141389,"CD"
141390,"NN"
141391,"IN"
141392,"DT"
141393,"NNS"
141394,"JJ"
141395,","
141396,"JJ"
141397,"IN"
141398,"DT"
141399,"NNS"
141400,"VBN"
141401,"IN"
141402,"NNP"
141403,"NNP"
141404,"."
141405,"NNP"
141406,"VBD"
141407,"PRP$"
141408,"NN"
141409,"VBZ"
141410,"VBN"
141411,"NN"
141412,"TO"
141413,"VB"
141414,"NNS"
141415,"IN"
141416,"DT"
141417,"NNS"
141418,"VBN"
141419,"IN"
141420,"VBG"
141421,"DT"
141422,"NN"
141423,"."
141424,"NNP"
141425,"VBD"
141426,"PRP"
141427,"MD"
141428,"VB"
141429,"IN"
141430,"DT"
141431,"NN"
141432,"NN"
141433,"IN"
141434,"NNP"
141435,"IN"
141436,"DT"
141437,"JJR"
141438,"NN"
141439,"NNS"
141440,"."
141441,"O"
141442,"NNP"
141443,"NNP"
141444,"NNP"
141445,","
141446,"NNP"
141447,","
141448,"NNP"
141449,","
141450,"VBD"
141451,"PRP"
141452,"VBZ"
141453,"VBN"
141454,"DT"
141455,"NN"
141456,"IN"
141457,"PRP$"
141458,"JJ"
141459,"NN"
141460,"IN"
141461,"DT"
141462,"NN"
141463,"VBN"
141464,"IN"
141465,"PRP$"
141466,"NNS"
141467,"IN"
141468,"CD"
141469,"."
141470,"IN"
141471,"DT"
141472,"NN"
141473,"IN"
141474,"DT"
141475,"JJ"
141476,"NN"
141477,","
141478,"NNP"
141479,"VBD"
141480,"PRP$"
141481,"NN"
141482,"VBD"
141483,"DT"
141484,"NN"
141485,"IN"
141486,"RB"
141487,"JJ"
141488,"IN"
141489,"CD"
141490,"CD"
141491,"IN"
141492,"PRP$"
141493,"NNS"
141494,"."
141495,"DT"
141496,"NN"
141497,"VBD"
141498,"CD"
141499,"CD"
141500,"NNS"
141501,"VBP"
141502,"VBN"
141503,"VBN"
141504,"IN"
141505,"RB"
141506,"."
141507,"DT"
141508,"NN"
141509,"VBD"
141510,"PRP"
141511,"MD"
141512,"VB"
141513,"JJ"
141514,"NNS"
141515,"``"
141516,"IN"
141517,"NN"
141518,"TO"
141519,"NN"
141520,"IN"
141521,"DT"
141522,"JJ"
141523,"NN"
141524,"CC"
141525,"IN"
141526,"JJ"
141527,"NNS"
141528,"IN"
141529,"JJ"
141530,"NN"
141531,"NNS"
141532,"."
141533,"''"
141534,"IN"
141535,"JJ"
141536,"NN"
141537,"IN"
141538,"DT"
141539,"NNP"
141540,"NNP"
141541,"NNP"
141542,"NNP"
141543,","
141544,"NNP"
141545,"NNP"
141546,"VBD"
141547,"IN"
141548,"$"
141549,"CD"
141550,"DT"
141551,"NN"
141552,","
141553,"RB"
141554,"CD"
141555,"NNS"
141556,","
141557,"IN"
141558,"DT"
141559,"NN"
141560,"NN"
141561,"IN"
141562,"$"
141563,"CD"
141564,"DT"
141565,"NN"
141566,"IN"
141567,"NNP"
141568,","
141569,"IN"
141570,"NNP"
141571,"POS"
141572,"NN"
141573,"."
141574,"DT"
141575,"NN"
141576,"NN"
141577,"RB"
141578,"VBZ"
141579,"IN"
141580,"CD"
141581,"CD"
141582,"NNS"
141583,"JJ"
141584,"."
141585,"NNP"
141586,"NNP"
141587,"CC"
141588,"NNP"
141589,"MD"
141590,"VB"
141591,"IN"
141592,"DT"
141593,"JJ"
141594,"NN"
141595,"IN"
141596,"DT"
141597,"NN"
141598,"."
141599,"O"
141600,"NNP"
141601,"NNP"
141602,"NNP"
141603,","
141604,"DT"
141605,"NN"
141606,"IN"
141607,"NNP"
141608,"NNP"
141609,"NNP"
141610,","
141611,"VBD"
141612,"PRP"
141613,"VBD"
141614,"TO"
141615,"VB"
141616,"DT"
141617,"NNP"
141618,"NNP"
141619,"NN"
141620,"IN"
141621,"NNP"
141622,"NNP"
141623,"."
141624,"NNS"
141625,"IN"
141626,"DT"
141627,"NN"
141628,"VBD"
141629,"RB"
141630,"VBN"
141631,"."
141632,"CC"
141633,"IN"
141634,"DT"
141635,"JJ"
141636,"NN"
141637,"VBD"
141638,"NNP"
141639,"CD"
141640,","
141641,"CD"
141642,","
141643,"DT"
141644,"RBS"
141645,"JJ"
141646,"NN"
141647,"IN"
141648,"WDT"
141649,"NNS"
141650,"VBD"
141651,"VBN"
141652,"RP"
141653,","
141654,"DT"
141655,"NN"
141656,"NN"
141657,"VBD"
141658,"IN"
141659,"JJR"
141660,"IN"
141661,"PDT"
141662,"DT"
141663,"$"
141664,"CD"
141665,"CD"
141666,"IN"
141667,"NNS"
141668,"VBN"
141669,"IN"
141670,"DT"
141671,"NN"
141672,"POS"
141673,"NN"
141674,"NNS"
141675,"NN"
141676,"."
141677,"NNP"
141678,","
141679,"WDT"
141680,"VBZ"
141681,"VBN"
141682,"IN"
141683,"NNP"
141684,","
141685,"NNP"
141686,","
141687,"VBD"
141688,"DT"
141689,"NN"
141690,"IN"
141691,"DT"
141692,"NNP"
141693,","
141694,"NNP"
141695,","
141696,"NN"
141697,"VBZ"
141698,"JJ"
141699,"IN"
141700,"PRP$"
141701,"NN"
141702,"NN"
141703,"VBN"
141704,"IN"
141705,"NNP"
141706,"."
141707,"IN"
141708,"NN"
141709,"TO"
141710,"VBG"
141711,"JJ"
141712,"NNS"
141713,","
141714,"DT"
141715,"NN"
141716,"RB"
141717,"VBZ"
141718,"NN"
141719,"NN"
141720,"NNS"
141721,"."
141722,"DT"
141723,"NN"
141724,"VBN"
141725,"IN"
141726,"JJ"
141727,"NNS"
141728,"TO"
141729,"VB"
141730,"NNS"
141731,"IN"
141732,"DT"
141733,"NN"
141734,"NN"
141735,"VBZ"
141736,"VBN"
141737,"VBN"
141738,"IN"
141739,"PRP"
141740,"."
141741,"NNP"
141742,"IN"
141743,"NNP"
141744,"NNP"
141745,"VBD"
141746,"DT"
141747,"NN"
141748,"NN"
141749,"POS"
141750,"NN"
141751,"VBZ"
141752,"NNS"
141753,"IN"
141754,"PRP$"
141755,"NNP"
141756,"CC"
141757,"NNP"
141758,"NNP"
141759,"NN"
141760,","
141761,"WDT"
141762,"VBZ"
141763,"JJ"
141764,"NNS"
141765,","
141766,"JJ"
141767,"NNS"
141768,"CC"
141769,"NN"
141770,"NN"
141771,"NN"
141772,"."
141773,"NNP"
141774,"VBD"
141775,"PRP"
141776,"VBZ"
141777,"DT"
141778,"NN"
141779,"TO"
141780,"VB"
141781,"IN"
141782,"NN"
141783,"NN"
141784,"."
141785,"O"
141786,"DT"
141787,"NNP"
141788,"NNP"
141789,"IN"
141790,"NNP"
141791,"VBD"
141792,"DT"
141793,"JJ"
141794,"JJ"
141795,"NN"
141796,"CC"
141797,"DT"
141798,"CC"
141799,"CD"
141800,"IN"
141801,"DT"
141802,"JJ"
141803,"NNS"
141804,"IN"
141805,"NNP"
141806,"NNP"
141807,"NNP"
141808,"."
141809,"NNP"
141810,"POS"
141811,"NNP"
141812,"NNP"
141813,"NNP"
141814,"JJ"
141815,","
141816,"WDT"
141817,"VBZ"
141818,"IN"
141819,"CD"
141820,"NN"
141821,"NNS"
141822,"CC"
141823,"NN"
141824,"NNS"
141825,","
141826,"VBD"
141827,"DT"
141828,"JJ"
141829,"NN"
141830,"."
141831,"CC"
141832,"DT"
141833,"NN"
141834,"CC"
141835,"DT"
141836,"JJ"
141837,"NN"
141838,"NN"
141839,"VBD"
141840,"PRP"
141841,"VBD"
141842,"VBG"
141843,"RB"
141844,"TO"
141845,"VB"
141846,"NNS"
141847,"."
141848,"DT"
141849,"JJ"
141850,"JJ"
141851,"NNS"
141852,","
141853,"WDT"
141854,"VBP"
141855,"NNS"
141856,"WDT"
141857,"VBD"
141858,"NNP"
141859,"CD"
141860,","
141861,"VB"
141862,"CD"
141863,"NNP"
141864,"NNP"
141865,"NNS"
141866,"."
141867,"DT"
141868,"NN"
141869,"VBZ"
141870,"DT"
141871,"JJ"
141872,"NN"
141873,"IN"
141874,"DT"
141875,"JJ"
141876,"NN"
141877,"."
141878,"RB"
141879,","
141880,"NNP"
141881,"CC"
141882,"NNP"
141883,"NNP"
141884,"IN"
141885,"NNP"
141886,"NNP"
141887,"NNS"
141888,"VBP"
141889,"IN"
141890,"NN"
141891,"IN"
141892,"NNP"
141893,"NNP"
141894,","
141895,"DT"
141896,"JJ"
141897,"JJ"
141898,"JJ"
141899,"NN"
141900,"NN"
141901,"."
141902,"DT"
141903,"NNS"
141904,"CC"
141905,"DT"
141906,"NN"
141907,"JJ"
141908,"NN"
141909,"VBD"
141910,"TO"
141911,"VB"
141912,"."
141913,"DT"
141914,"NNP"
141915,"VBZ"
141916,"CD"
141917,"NNP"
141918,"NNS"
141919,"CC"
141920,"DT"
141921,"NN"
141922,"VBZ"
141923,"CD"
141924,"NNS"
141925,"."
141926,"O"
141927,"IN"
141928,"DT"
141929,"NN"
141930,","
141931,"IN"
141932,"JJS"
141933,","
141934,"NN"
141935,"VBZ"
141936,"VBN"
141937,"NN"
141938,"IN"
141939,"NNP"
141940,"NNP"
141941,"."
141942,"DT"
141943,"NNP"
141944,"NNP"
141945,"NNP"
141946,"NNP"
141947,"VBD"
141948,"RB"
141949,"NN"
141950,"TO"
141951,"VB"
141952,"IN"
141953,"CD"
141954,","
141955,"NN"
141956,"VBD"
141957,"RB"
141958,"NN"
141959,"DT"
141960,"NN"
141961,"POS"
141962,"NNS"
141963,","
141964,"CC"
141965,"NNS"
141966,"JJ"
141967,"CC"
141968,"JJ"
141969,"VBD"
141970,"TO"
141971,"VB"
141972,"NNP"
141973,"POS"
141974,"JJ"
141975,"JJ"
141976,"NN"
141977,"IN"
141978,"DT"
141979,"JJ"
141980,"NN"
141981,","
141982,"RB"
141983,"DT"
141984,"NN"
141985,"."
141986,"DT"
141987,"VBD"
141988,"VBG"
141989,"."
141990,"IN"
141991,"DT"
141992,"NN"
141993,"IN"
141994,"NN"
141995,"VBD"
141996,"NNP"
141997,"NNP"
141998,"NNP"
141999,","
142000,"NN"
142001,"IN"
142002,"NNP"
142003,"NNP"
142004,","
142005,"WP"
142006,"VBD"
142007,"TO"
142008,"DT"
142009,"NN"
142010,"POS"
142011,"NN"
142012,"NN"
142013,"TO"
142014,"VB"
142015,"NN"
142016,"POS"
142017,"NNS"
142018,"."
142019,"IN"
142020,"DT"
142021,"NN"
142022,"VBD"
142023,"NN"
142024,"IN"
142025,"JJ"
142026,"NN"
142027,","
142028,"PRP"
142029,"VBD"
142030,"RB"
142031,","
142032,"VBD"
142033,"PRP$"
142034,"JJ"
142035,"NN"
142036,"CC"
142037,"VBD"
142038,"NNP"
142039,"NNP"
142040,","
142041,"PRP$"
142042,"JJ"
142043,"NN"
142044,"NN"
142045,","
142046,"IN"
142047,"DT"
142048,"NN"
142049,"."
142050,"IN"
142051,"RB"
142052,","
142053,"PRP"
142054,"VBD"
142055,"RB"
142056,"IN"
142057,"NN"
142058,"MD"
142059,"VB"
142060,"PRP"
142061,"."
142062,"IN"
142063,"NN"
142064,"VBD"
142065,"NN"
142066,"NN"
142067,"IN"
142068,"DT"
142069,"NNP"
142070,"NNP"
142071,","
142072,"NNS"
142073,"IN"
142074,"JJ"
142075,"IN"
142076,"DT"
142077,"NN"
142078,"POS"
142079,"JJS"
142080,"NNS"
142081,"MD"
142082,"RB"
142083,"VB"
142084,"IN"
142085,"NN"
142086,"IN"
142087,"DT"
142088,"NN"
142089,"IN"
142090,"JJ"
142091,"NNS"
142092,"VBD"
142093,"JJ"
142094,"NNS"
142095,"."
142096,"IN"
142097,"NNP"
142098,","
142099,"DT"
142100,"NNP"
142101,"NNP"
142102,"VBD"
142103,"IN"
142104,"CD"
142105,"NNS"
142106,","
142107,"CC"
142108,"DT"
142109,"NN"
142110,"IN"
142111,"NNP"
142112,"NNP"
142113,","
142114,"WP$"
142115,"NNS"
142116,"VBD"
142117,"VBN"
142118,"IN"
142119,"NNP"
142120,"POS"
142121,"NN"
142122,","
142123,"RB"
142124,"VBD"
142125,"RB"
142126,"VBN"
142127,"."
142128,"CC"
142129,"RB"
142130,","
142131,"RB"
142132,"RB"
142133,"IN"
142134,"DT"
142135,"NNP"
142136,"VBD"
142137,"VBN"
142138,","
142139,"PRP"
142140,"VBD"
142141,"TO"
142142,"VB"
142143,"RB"
142144,"."
142145,"PRP"
142146,"VBD"
142147,"IN"
142148,"DT"
142149,"NN"
142150,"IN"
142151,"CD"
142152,"NNS"
142153,"."
142154,"IN"
142155,"DT"
142156,"NN"
142157,"POS"
142158,"NN"
142159,","
142160,"NN"
142161,"IN"
142162,"DT"
142163,"NNP"
142164,"NNP"
142165,"NN"
142166,"VBD"
142167,"JJR"
142168,"IN"
142169,"CD"
142170,"CD"
142171,","
142172,"DT"
142173,"JJ"
142174,"JJS"
142175,"IN"
142176,"NN"
142177,"."
142178,"DT"
142179,"NNP"
142180,"NNP"
142181,"VBD"
142182,"DT"
142183,"JJ"
142184,"NN"
142185,"IN"
142186,"DT"
142187,"JJ"
142188,"NN"
142189,","
142190,"IN"
142191,"JJ"
142192,"NN"
142193,"TO"
142194,"NNP"
142195,"NNP"
142196,"IN"
142197,"CD"
142198,"."
142199,"CC"
142200,"DT"
142201,"NN"
142202,"VBD"
142203,"RB"
142204,"VBN"
142205,"TO"
142206,"DT"
142207,"JJ"
142208,"NNS"
142209,","
142210,"WDT"
142211,"VBD"
142212,"VBN"
142213,"JJ"
142214,"NN"
142215,"IN"
142216,"NNP"
142217,"POS"
142218,"NN"
142219,"NN"
142220,"."
142221,"RB"
142222,","
142223,"JJR"
142224,"NNP"
142225,"NNP"
142226,"NNS"
142227,"VBD"
142228,"NN"
142229,"IN"
142230,"VBN"
142231,"."
142232,"CC"
142233,"JJ"
142234,"NNS"
142235,","
142236,"RB"
142237,"VBG"
142238,"IN"
142239,"NNP"
142240,"POS"
142241,"NN"
142242,"IN"
142243,"DT"
142244,"NNP"
142245,"NN"
142246,","
142247,"VBD"
142248,"RB"
142249,"VB"
142250,"NN"
142251,"WRB"
142252,"DT"
142253,"VBN"
142254,"NN"
142255,"IN"
142256,"NNP"
142257,"NNP"
142258,","
142259,"DT"
142260,"NN"
142261,"IN"
142262,"NNP"
142263,"NNP"
142264,","
142265,"VBD"
142266,"."
142267,"RB"
142268,","
142269,"DT"
142270,"NNP"
142271,"NNP"
142272,"NNP"
142273,"NNP"
142274,"VBD"
142275,"CD"
142276,"NNS"
142277,","
142278,"PRP$"
142279,"RBS"
142280,"NN"
142281,"IN"
142282,"NN"
142283,"."
142284,"NNP"
142285,","
142286,"NN"
142287,"VBD"
142288,"RB"
142289,"JJ"
142290,"."
142291,"DT"
142292,"NNP"
142293,"NN"
142294,"NN"
142295,"VBD"
142296,"RBS"
142297,"VBN"
142298,"IN"
142299,"DT"
142300,"JJ"
142301,"NNS"
142302,","
142303,"IN"
142304,"JJ"
142305,"NNS"
142306,"RB"
142307,"VBG"
142308,"CD"
142309,"NN"
142310,"."
142311,"IN"
142312,"NNP"
142313,","
142314,"DT"
142315,"NN"
142316,"NN"
142317,"VBD"
142318,"DT"
142319,"NN"
142320,"POS"
142321,"JJ"
142322,"NN"
142323,"IN"
142324,"CD"
142325,"NN"
142326,","
142327,"CC"
142328,"NNP"
142329,"POS"
142330,"JJ"
142331,"NN"
142332,"NN"
142333,"VBD"
142334,"RB"
142335,"CD"
142336,"NN"
142337,"IN"
142338,"RB"
142339,"JJ"
142340,"NN"
142341,"."
142342,"JJ"
142343,","
142344,"RBR"
142345,"RB"
142346,"VBN"
142347,"JJ"
142348,"NNS"
142349,"VBD"
142350,"VBN"
142351,"JJR"
142352,"IN"
142353,"NNP"
142354,"POS"
142355,","
142356,"CC"
142357,"EX"
142358,"VBD"
142359,"UH"
142360,"PDT"
142361,"VBZ"
142362,"."
142363,"NNP"
142364,"JJ"
142365,"CC"
142366,"JJ"
142367,"VBP"
142368,"PRP"
142369,"VBD"
142370,"JJ"
142371,"NNS"
142372,"IN"
142373,"DT"
142374,"CD"
142375,"NN"
142376,":"
142377,"IN"
142378,"DT"
142379,"NN"
142380,"IN"
142381,"JJ"
142382,"NN"
142383,","
142384,"JJ"
142385,"NNS"
142386,"CC"
142387,"NNS"
142388,"IN"
142389,"DT"
142390,"JJ"
142391,"NNS"
142392,"POS"
142393,"NN"
142394,"MD"
142395,"VB"
142396,"VBN"
142397,"."
142398,"WP"
142399,"VBZ"
142400,"JJR"
142401,","
142402,"JJ"
142403,"JJ"
142404,"NNS"
142405,"VBP"
142406,"JJ"
142407,"CC"
142408,"VBP"
142409,"RB"
142410,"VB"
142411,"IN"
142412,"NN"
142413,"NN"
142414,"."
142415,"NNP"
142416,"NNP"
142417,","
142418,"DT"
142419,"JJ"
142420,"NN"
142421,"NN"
142422,"IN"
142423,"NNP"
142424,"NNP"
142425,"NNP"
142426,"IN"
142427,"NNP"
142428,","
142429,"VBZ"
142430,","
142431,"``"
142432,"EX"
142433,"VBD"
142434,"JJR"
142435,"NN"
142436,"IN"
142437,"IN"
142438,"CD"
142439,":"
142440,"PRP"
142441,"VBD"
142442,"VBN"
142443,"IN"
142444,"PRP"
142445,"RB"
142446,"."
142447,"''"
142448,"IN"
142449,"NNP"
142450,","
142451,"NNP"
142452,","
142453,"NNP"
142454,"NNP"
142455,","
142456,"WP"
142457,"VBZ"
142458,"DT"
142459,"NN"
142460,"IN"
142461,"JJ"
142462,"NN"
142463,"CC"
142464,"VBZ"
142465,"RB"
142466,"JJ"
142467,"IN"
142468,"DT"
142469,"NN"
142470,"NN"
142471,","
142472,"VBZ"
142473,"."
142474,"``"
142475,"PRP"
142476,"VBP"
142477,"IN"
142478,"PRP"
142479,"IN"
142480,"DT"
142481,"NN"
142482,"NN"
142483,","
142484,"''"
142485,"PRP"
142486,"VBZ"
142487,"."
142488,"DT"
142489,"JJ"
142490,"NNS"
142491,"VBD"
142492,"DT"
142493,"NN"
142494,"IN"
142495,"NN"
142496,"POS"
142497,"NN"
142498,"."
142499,"DT"
142500,"NNP"
142501,"NNP"
142502,"VBD"
142503,"PRP$"
142504,"NN"
142505,"TO"
142506,"VB"
142507,"NN"
142508,":"
142509,"DT"
142510,"NN"
142511,"NN"
142512,"IN"
142513,"PRP$"
142514,"NNS"
142515,"TO"
142516,"JJ"
142517,"NNS"
142518,"VBD"
142519,"RB"
142520,"JJ"
142521,"IN"
142522,"DT"
142523,"NN"
142524,"."
142525,"JJ"
142526,"NN"
142527,"NNS"
142528,","
142529,"WDT"
142530,"VBD"
142531,"RP"
142532,"NNP"
142533,"NNP"
142534,"IN"
142535,"DT"
142536,"JJ"
142537,"NN"
142538,"NN"
142539,","
142540,"VBD"
142541,"DT"
142542,"NN"
142543,"RB"
142544,"IN"
142545,"RB"
142546,"JJ"
142547,"NNS"
142548,"."
142549,"DT"
142550,"NN"
142551,","
142552,"IN"
142553,"VBG"
142554,"RB"
142555,"IN"
142556,"JJ"
142557,"NN"
142558,"TO"
142559,"CD"
142560,"NNS"
142561,","
142562,"VBD"
142563,"RB"
142564,"RB"
142565,"TO"
142566,"VB"
142567,","
142568,"RB"
142569,"VBG"
142570,"NNS"
142571,"IN"
142572,"NNS"
142573,"MD"
142574,"VB"
142575,"JJ"
142576,"NNS"
142577,"."
142578,"CC"
142579,"DT"
142580,"RB"
142581,"JJ"
142582,"NN"
142583,"IN"
142584,"JJS"
142585,"NN"
142586,"NNS"
142587,"IN"
142588,"DT"
142589,"NN"
142590,"VBD"
142591,"RB"
142592,"IN"
142593,"NN"
142594,"RB"
142595,"VBD"
142596,"JJ"
142597,"NNS"
142598,"."
142599,"DT"
142600,"JJ"
142601,"NNS"
142602,","
142603,"IN"
142604,"NN"
142605,","
142606,"VBD"
142607,"IN"
142608,"NN"
142609,"NN"
142610,"JJ"
142611,"TO"
142612,"VB"
142613,"DT"
142614,"IN"
142615,"DT"
142616,"JJ"
142617,"NNS"
142618,"PRP"
142619,"VBD"
142620,"VBD"
142621,"VBN"
142622,"RB"
142623,"VBN"
142624,"IN"
142625,"NNP"
142626,"."
142627,"RB"
142628,","
142629,"IN"
142630,"PDT"
142631,"DT"
142632,"NN"
142633,"CC"
142634,"NNS"
142635,"IN"
142636,"NN"
142637,"IN"
142638,"NN"
142639,"POS"
142640,"NNS"
142641,","
142642,"DT"
142643,"NN"
142644,"NNS"
142645,"VBD"
142646,"IN"
142647,"EX"
142648,"VBZ"
142649,"NN"
142650,"JJ"
142651,"IN"
142652,"DT"
142653,"JJ"
142654,"NN"
142655,"NN"
142656,"TO"
142657,"VB"
142658,"DT"
142659,"JJ"
142660,"NN"
142661,"JJ"
142662,"IN"
142663,"NNP"
142664,"POS"
142665,"."
142666,"``"
142667,"EX"
142668,"VBZ"
142669,"RB"
142670,"JJ"
142671,"NN"
142672,","
142673,"''"
142674,"VBZ"
142675,"NN"
142676,"NN"
142677,"NNP"
142678,"NNP"
142679,"."
142680,"NNS"
142681,"VBP"
142682,"RB"
142683,"JJ"
142684,"NNS"
142685,"NNS"
142686,"RB"
142687,","
142688,"RB"
142689,"IN"
142690,"DT"
142691,"NN"
142692,"CC"
142693,"NN"
142694,"NN"
142695,"IN"
142696,"NN"
142697,"NN"
142698,"VBZ"
142699,"RB"
142700,"VBN"
142701,"IN"
142702,"DT"
142703,"NN"
142704,"."
142705,"IN"
142706,"NNS"
142707,"RB"
142708,"RB"
142709,"JJ"
142710,"NN"
142711,"POS"
142712,"NN"
142713,"IN"
142714,"NNP"
142715,","
142716,"WRB"
142717,"DT"
142718,"NNP"
142719,"NN"
142720,"IN"
142721,"CD"
142722,"JJ"
142723,"NNS"
142724,"VBD"
142725,"RB"
142726,"TO"
142727,"DT"
142728,"JJ"
142729,"NN"
142730,"."
142731,"DT"
142732,"NN"
142733,"VBD"
142734,"DT"
142735,"CD"
142736,"NNS"
142737,","
142738,"CC"
142739,"CD"
142740,"NN"
142741,","
142742,"IN"
142743,"DT"
142744,"JJ"
142745,"CD"
142746,"NNS"
142747,"IN"
142748,"NN"
142749,"."
142750,"CC"
142751,"DT"
142752,"NN"
142753,"NN"
142754,"VBD"
142755,"DT"
142756,"NN"
142757,","
142758,"CC"
142759,"DT"
142760,"NN"
142761,"RB"
142762,"VBD"
142763,"RB"
142764,"IN"
142765,"CD"
142766,"NNS"
142767,","
142768,"RB"
142769,"VBD"
142770,"JJR"
142771,","
142772,"VBG"
142773,"RP"
142774,"FW"
142775,"."
142776,"IN"
142777,"CD"
142778,"NNS"
142779,"RB"
142780,","
142781,"JJS"
142782,"IN"
142783,"NNP"
142784,"POS"
142785,"JJ"
142786,"NNS"
142787,"VBD"
142788,"TO"
142789,"VB"
142790,"DT"
142791,"NN"
142792,"IN"
142793,"."
142794,"IN"
142795,"NNP"
142796,"NNP"
142797,"CC"
142798,"NNP"
142799,"POS"
142800,"NNP"
142801,"NN"
142802,"NN"
142803,","
142804,"DT"
142805,"CD"
142806,"NNS"
142807,"CC"
142808,"NNS"
142809,"VBD"
142810,"RB"
142811,","
142812,"IN"
142813,"JJ"
142814,"NNS"
142815,"TO"
142816,"VB"
142817,"."
142818,"NNS"
142819,"``"
142820,"VBP"
142821,"PDT"
142822,"VBG"
142823,"RP"
142824,"''"
142825,"IN"
142826,"DT"
142827,"NN"
142828,","
142829,"CD"
142830,"NN"
142831,"NN"
142832,"VBZ"
142833,"."
142834,"DT"
142835,"JJ"
142836,"JJ"
142837,"IN"
142838,"NNP"
142839,"VBD"
142840,"JJ"
142841,"NN"
142842,"TO"
142843,"NNS"
142844,"VBG"
142845,"RP"
142846,"IN"
142847,"NNP"
142848,"."
142849,"NNP"
142850,"POS"
142851,"NN"
142852,"VBD"
142853,"VBN"
142854,"DT"
142855,"JJ"
142856,"NN"
142857,"IN"
142858,"IN"
142859,"DT"
142860,"NN"
142861,"IN"
142862,"JJ"
142863,"NNS"
142864,"."
142865,"``"
142866,"DT"
142867,"NN"
142868,"VBD"
142869,"JJ"
142870,","
142871,"''"
142872,"VBZ"
142873,"NNP"
142874,"NNP"
142875,","
142876,"DT"
142877,"NN"
142878,"IN"
142879,"NNP"
142880,"NNP"
142881,"NNP"
142882,","
142883,"DT"
142884,"NN"
142885,"IN"
142886,"DT"
142887,"NN"
142888,"NN"
142889,"IN"
142890,"DT"
142891,"JJ"
142892,"NNS"
142893,"NN"
142894,","
142895,"NNP"
142896,"CC"
142897,"NNP"
142898,","
142899,"RB"
142900,"VBD"
142901,"JJ"
142902,"."
142903,"DT"
142904,"NN"
142905,"NN"
142906,"VBG"
142907,"CD"
142908,"JJ"
142909,"NNS"
142910,"NNS"
142911,"DT"
142912,"NN"
142913,"VBD"
142914,"WRB"
142915,"PRP$"
142916,"NN"
142917,"VBZ"
142918,"VBG"
142919,"."
142920,"DT"
142921,"NN"
142922,"VBD"
142923,"DT"
142924,"NN"
142925,"IN"
142926,"NNP"
142927,"."
142928,"``"
142929,"PRP"
142930,"VBP"
142931,"NN"
142932,","
142933,"CC"
142934,"PRP"
142935,"VBP"
142936,"RB"
142937,"VB"
142938,"NN"
142939,","
142940,"''"
142941,"VBZ"
142942,"NNP"
142943,"NNP"
142944,"NNP"
142945,","
142946,"DT"
142947,"NNP"
142948,"NNP"
142949,"WP"
142950,"VBZ"
142951,"DT"
142952,"NN"
142953,"NN"
142954,"."
142955,"NNP"
142956,"POS"
142957,"JJ"
142958,"NN"
142959,"NN"
142960,"VBD"
142961,"RB"
142962,"RB"
142963,"IN"
142964,"CD"
142965,"RB"
142966,"."
142967,"NNP"
142968,"NNP"
142969,"NN"
142970,","
142971,"VBG"
142972,"DT"
142973,"JJ"
142974,"NN"
142975,"TO"
142976,"NNP"
142977,"NNP"
142978,"."
142979,"WRB"
142980,"VBG"
142981,"VBN"
142982,"IN"
142983,"NNP"
142984,"NNP"
142985,"IN"
142986,"CD"
142987,"NN"
142988,"NNP"
142989,","
142990,"NNS"
142991,"VBD"
142992,"RB"
142993,":"
142994,"RB"
142995,"VBN"
142996,"."
142997,"NNP"
142998,"NNS"
142999,"IN"
143000,"NNP"
143001,"VBD"
143002,"VBN"
143003,"IN"
143004,"DT"
143005,"NN"
143006,"VBG"
143007,"DT"
143008,"NNP"
143009,"MD"
143010,"VB"
143011,"IN"
143012,"IN"
143013,"CD"
143014,"NNS"
143015,"."
143016,"IN"
143017,"JJ"
143018,"NNS"
143019,"VBD"
143020,"RB"
143021,"IN"
143022,"NNP"
143023,","
143024,"IN"
143025,"PDT"
143026,"DT"
143027,"NNS"
143028,"IN"
143029,"DT"
143030,"NNP"
143031,"MD"
143032,"RB"
143033,"VB"
143034,"IN"
143035,"NN"
143036,"."
143037,"IN"
143038,"NNP"
143039,","
143040,"DT"
143041,"JJ"
143042,"NN"
143043,"VBD"
143044,"VBN"
143045,"CD"
143046,"NNS"
143047,"."
143048,"IN"
143049,"CD"
143050,"NN"
143051,","
143052,"PRP"
143053,"VBD"
143054,"IN"
143055,"CD"
143056,"."
143057,"CD"
143058,"NNS"
143059,"RB"
143060,","
143061,"DT"
143062,"NNP"
143063,"NN"
143064,"NN"
143065,":"
143066,"IN"
143067,"CD"
143068,"NNS"
143069,","
143070,"DT"
143071,"CD"
143072,"NN"
143073,"."
143074,"CC"
143075,"RB"
143076,"IN"
143077,"RB"
143078,","
143079,"RB"
143080,"IN"
143081,"NNP"
143082,"NNP"
143083,"POS"
143084,"JJS"
143085,"NNS"
143086,"VBP"
143087,","
143088,"PRP"
143089,"VBN"
143090,"DT"
143091,"VB"
143092,"."
143093,"``"
143094,"DT"
143095,"JJ"
143096,"NN"
143097,"WDT"
143098,"VBD"
143099,"PRP$"
143100,"NN"
143101,"IN"
143102,"VBD"
143103,"VBG"
143104,"VBD"
143105,"NNP"
143106,"NNS"
143107,"VBD"
143108,"RB"
143109,","
143110,"''"
143111,"VBZ"
143112,"NNP"
143113,"NNP"
143114,","
143115,"NN"
143116,"IN"
143117,"NN"
143118,"NN"
143119,"IN"
143120,"NNP"
143121,"NNP"
143122,"NNP"
143123,"."
143124,"``"
143125,"PRP"
143126,"VBD"
143127,"DT"
143128,"NNS"
143129,"VBD"
143130,"RB"
143131,"VBG"
143132,"NNP"
143133,"TO"
143134,"DT"
143135,"NN"
143136,"IN"
143137,"NNS"
143138,"."
143139,"''"
143140,"RB"
143141,"IN"
143142,"CD"
143143,"NN"
143144,","
143145,"DT"
143146,"NNP"
143147,"NNP"
143148,"NNP"
143149,","
143150,"DT"
143151,"NNP"
143152,"NNP"
143153,"IN"
143154,"NNP"
143155,"NNS"
143156,"NN"
143157,"IN"
143158,"CD"
143159,"NNS"
143160,"VBN"
143161,"TO"
143162,"VB"
143163,"DT"
143164,"NNP"
143165,","
143166,"VBD"
143167,"JJ"
143168,"."
143169,"NNP"
143170,"NNS"
143171,"VBD"
143172,"VBN"
143173,":"
143174,"IN"
143175,"DT"
143176,"NN"
143177,"IN"
143178,"DT"
143179,"NNP"
143180,"VBD"
143181,"RB"
143182,"VBN"
143183,"DT"
143184,"NN"
143185,"IN"
143186,"NNS"
143187,"IN"
143188,"DT"
143189,"NNP"
143190,"NN"
143191,"NNP"
143192,"NNP"
143193,"."
143194,"``"
143195,"DT"
143196,"NNP"
143197,"VBZ"
143198,"VBN"
143199,"RB"
143200,","
143201,"''"
143202,"VBD"
143203,"DT"
143204,"NN"
143205,"IN"
143206,"DT"
143207,"JJ"
143208,"NN"
143209,"IN"
143210,"NNP"
143211,"NNP"
143212,"NNP"
143213,"."
143214,"NNP"
143215,"POS"
143216,"NNP"
143217,"NN"
143218,"NN"
143219,"VBD"
143220,"JJ"
143221,"."
143222,"NNS"
143223,"VBD"
143224,"RP"
143225,"IN"
143226,"PRP$"
143227,"NNP"
143228,","
143229,"NNP"
143230,"CC"
143231,"NNP"
143232,"NNS"
143233,"VBD"
143234,"DT"
143235,"JJ"
143236,"NN"
143237,"IN"
143238,"NNP"
143239,"NNP"
143240,"."
143241,"RB"
143242,","
143243,"CD"
143244,"NNS"
143245,"RB"
143246,","
143247,"NNP"
143248,"NNP"
143249,"RB"
143250,"VBD"
143251,"TO"
143252,"DT"
143253,"NN"
143254,"IN"
143255,"DT"
143256,"NN"
143257,"."
143258,"``"
143259,"NNP"
143260,","
143261,"NN"
143262,","
143263,"NN"
143264,","
143265,"''"
143266,"VBD"
143267,"NNP"
143268,"NNP"
143269,"NNP"
143270,"NNP"
143271,"."
143272,"``"
143273,"DT"
143274,"VBZ"
143275,"NN"
143276,"NN"
143277,"."
143278,"''"
143279,"JJ"
143280,"JJ"
143281,"NNS"
143282,"IN"
143283,"NNP"
143284,"NNP"
143285,","
143286,"NNP"
143287,"NNP"
143288,"CC"
143289,"NNP"
143290,"CC"
143291,"NNP"
143292,"VBD"
143293,"DT"
143294,"NN"
143295,"."
143296,"NNP"
143297,"VBD"
143298,"VBN"
143299,"TO"
143300,"VB"
143301,"JJ"
143302,"NNS"
143303,"."
143304,"NNP"
143305,"CC"
143306,"JJ"
143307,"NNS"
143308,"RB"
143309,"VBN"
143310,"RP"
143311,"IN"
143312,"NNP"
143313,"NNP"
143314,"."
143315,"RB"
143316,","
143317,"NNS"
143318,"VBP"
143319,","
143320,"NNS"
143321,"IN"
143322,"NN"
143323,"NN"
143324,"NNS"
143325,"VBN"
143326,"IN"
143327,"JJ"
143328,"NN"
143329,","
143330,"VBG"
143331,"NNS"
143332,"IN"
143333,","
143334,"IN"
143335,"JJ"
143336,"NNS"
143337,","
143338,"JJ"
143339,"NN"
143340,"CC"
143341,"NNP"
143342,"POS"
143343,"."
143344,"NNP"
143345,"NNP"
143346,"NNP"
143347,","
143348,"WDT"
143349,"VBD"
143350,"CD"
143351,"IN"
143352,"DT"
143353,"JJS"
143354,"NN"
143355,"NNS"
143356,"IN"
143357,"NNP"
143358,"CC"
143359,"VBD"
143360,"CD"
143361,"IN"
143362,"CD"
143363,"NNS"
143364,"IN"
143365,"VBN"
143366,"NN"
143367,"CC"
143368,"RB"
143369,"VBD"
143370,"DT"
143371,"NN"
143372,","
143373,"VBD"
143374,"RB"
143375,"JJ"
143376,"IN"
143377,"CD"
143378,","
143379,"RB"
143380,"CD"
143381,"."
143382,"CC"
143383,"RB"
143384,"PRP"
143385,"RB"
143386,"NN"
143387,"RB"
143388,"CD"
143389,"IN"
143390,"NNP"
143391,","
143392,"NNP"
143393,"CC"
143394,"NNP"
143395,"VBD"
143396,"IN"
143397,"CC"
143398,"VBD"
143399,"RB"
143400,"DT"
143401,"NN"
143402,"NN"
143403,","
143404,"NNS"
143405,"VBD"
143406,"."
143407,"IN"
143408,"NNP"
143409,","
143410,"DT"
143411,"NNP"
143412,"VBD"
143413,"VBN"
143414,"RB"
143415,"IN"
143416,"DT"
143417,"NN"
143418,","
143419,"VBG"
143420,"NNS"
143421,"IN"
143422,"NN"
143423,"NNS"
143424,"CC"
143425,"NN"
143426,"NNS"
143427,"."
143428,"IN"
143429,"NNP"
143430,"NNP"
143431,"NNS"
143432,","
143433,"DT"
143434,"NN"
143435,"VBD"
143436,"``"
143437,"VB"
143438,"PRP$"
143439,"NNS"
143440,"''"
143441,":"
143442,"VBG"
143443,"WDT"
143444,"NNS"
143445,"RB"
143446,"VBN"
143447,"TO"
143448,"VB"
143449,"JJR"
143450,"NNS"
143451,"IN"
143452,"PRP$"
143453,"NNS"
143454,"."
143455,"``"
143456,"PRP"
143457,"VBD"
143458,"JJ"
143459,"IN"
143460,"DT"
143461,"NN"
143462,","
143463,"''"
143464,"VBD"
143465,"NNP"
143466,"NNP"
143467,"NNP"
143468,"NN"
143469,"."
143470,"``"
143471,"WP"
143472,"PRP"
143473,"VBD"
143474,"VBD"
143475,"DT"
143476,"JJ"
143477,","
143478,"JJ"
143479,"NN"
143480,"."
143481,"''"
143482,"DT"
143483,"JJ"
143484,"NN"
143485,"VBN"
143486,"NN"
143487,"IN"
143488,"NNP"
143489,"NNP"
143490,"POS"
143491,"``"
143492,"JJ"
143493,"NNS"
143494,","
143495,"''"
143496,"NN"
143497,"NNS"
143498,"VBN"
143499,"TO"
143500,"VB"
143501,"JJ"
143502,"NN"
143503,"NNS"
143504,"IN"
143505,"JJ"
143506,"NNS"
143507,"."
143508,"JJ"
143509,","
143510,"RB"
143511,","
143512,"VBD"
143513,"NNP"
143514,"POS"
143515,"NNP"
143516,"NNP"
143517,"."
143518,"NNP"
143519,"NNP"
143520,","
143521,"WP"
143522,"VBZ"
143523,"$"
143524,"CD"
143525,"CD"
143526,","
143527,"VBZ"
143528,","
143529,"``"
143530,"PRP"
143531,"VBD"
143532,"DT"
143533,"NN"
143534,"NN"
143535,"IN"
143536,","
143537,"CC"
143538,"PRP"
143539,"VBD"
143540,"WDT"
143541,"PRP"
143542,"VBD"
143543,"VBN"
143544,"TO"
143545,"VB"
143546,"."
143547,"''"
143548,"VBN"
143549,"WP"
143550,"NNS"
143551,"DT"
143552,"NN"
143553,"VBD"
143554,","
143555,"DT"
143556,"NN"
143557,"NN"
143558,"VBZ"
143559,","
143560,"``"
143561,"PRP"
143562,"VBP"
143563,"RB"
143564,"VB"
143565,"."
143566,"''"
143567,"RB"
143568,"NN"
143569,"VBD"
143570,"VBG"
143571,"NN"
143572,"."
143573,"DT"
143574,"NN"
143575,"IN"
143576,"DT"
143577,"NNP"
143578,"NNP"
143579,"NNPS"
143580,"NNP"
143581,","
143582,"DT"
143583,"NN"
143584,"POS"
143585,"JJ"
143586,"NNS"
143587,"NN"
143588,","
143589,"VBD"
143590,"JJ"
143591,"IN"
143592,"DT"
143593,"NN"
143594,"IN"
143595,"NNP"
143596,"CD"
143597,"NN"
143598,"NNS"
143599,"VBD"
143600,"VBN"
143601,"NNP"
143602,"."
143603,"JJ"
143604,"NN"
143605,"NNS"
143606,"IN"
143607,"DT"
143608,"NNP"
143609,"CD"
143610,"NN"
143611,"NNS"
143612,"NN"
143613,"VBD"
143614,"JJ"
143615,"NNS"
143616,"NNP"
143617,","
143618,"CC"
143619,"WRB"
143620,"DT"
143621,"JJ"
143622,"VBD"
143623,"PRP"
143624,"VBD"
143625,"VBN"
143626,"IN"
143627,"JJ"
143628,"NNS"
143629,"."
143630,"IN"
143631,"DT"
143632,"NN"
143633,","
143634,"NN"
143635,"NNS"
143636,"VBD"
143637,"DT"
143638,"NNP"
143639,"NN"
143640,"NNS"
143641,"TO"
143642,"VB"
143643,"RP"
143644,"IN"
143645,"PRP$"
143646,"NNS"
143647,"IN"
143648,"DT"
143649,"NN"
143650,"NNP"
143651,"NN"
143652,"."
143653,"``"
143654,"PRP"
143655,"VBD"
143656,"RB"
143657,"VBN"
143658,","
143659,"JJ"
143660,","
143661,"''"
143662,"VBD"
143663,"CD"
143664,"JJ"
143665,"NNS"
143666,"NN"
143667,"."
143668,"RB"
143669,","
143670,"DT"
143671,"NN"
143672,"IN"
143673,"DT"
143674,"NN"
143675,"NN"
143676,"POS"
143677,"NN"
143678,"VBD"
143679,"IN"
143680,"IN"
143681,"CD"
143682,"NN"
143683,","
143684,"IN"
143685,"DT"
143686,"NNP"
143687,"IN"
143688,"CD"
143689,","
143690,"RB"
143691,"CD"
143692,"NNS"
143693,"IN"
143694,"DT"
143695,"NN"
143696,"."
143697,"NNP"
143698,"NNP"
143699,","
143700,"DT"
143701,"NN"
143702,"IN"
143703,"NNP"
143704,"NNP"
143705,","
143706,"VBZ"
143707,"NN"
143708,"NN"
143709,"VBD"
143710,"VBN"
143711,"DT"
143712,"NNP"
143713,"POS"
143714,"NN"
143715,"RB"
143716,"TO"
143717,"DT"
143718,"NN"
143719,"CC"
143720,"DT"
143721,"JJ"
143722,"NN"
143723,"NNS"
143724,"VBD"
143725,"VBG"
143726,"DT"
143727,"NN"
143728,"IN"
143729,"DT"
143730,"NNP"
143731,"."
143732,"RB"
143733,","
143734,"DT"
143735,"NN"
143736,"IN"
143737,"JJ"
143738,"NN"
143739,"NN"
143740,"CC"
143741,"RB"
143742,"NN"
143743,"NNP"
143744,"NNP"
143745,"VBD"
143746,"VBG"
143747,"PRP$"
143748,"NN"
143749,"IN"
143750,"NNP"
143751,"NNP"
143752,"MD"
143753,"VB"
143754,"VBN"
143755,"VBN"
143756,"TO"
143757,"VB"
143758,"NNS"
143759,"."
143760,"RB"
143761,","
143762,"DT"
143763,"NN"
143764,"RB"
143765,"VBD"
143766,"IN"
143767,"IN"
143768,"CD"
143769,"NNS"
143770,"CC"
143771,"RB"
143772,"VBD"
143773,"RB"
143774,"IN"
143775,"NNS"
143776,"VBD"
143777,"VBG"
143778,"."
143779,"DT"
143780,"NN"
143781,"VBD"
143782,"NNS"
143783,"IN"
143784,"VBG"
143785,"PRP$"
143786,"NN"
143787,"IN"
143788,"DT"
143789,"NN"
143790,"IN"
143791,"NN"
143792,"DT"
143793,"NN"
143794,","
143795,"JJ"
143796,"NNS"
143797,"VBD"
143798,"NN"
143799,"POS"
143800,"NNS"
143801,"IN"
143802,"NN"
143803,","
143804,"IN"
143805,"VBG"
143806,"RB"
143807,"JJ"
143808,"IN"
143809,"DT"
143810,"NN"
143811,"NN"
143812,"IN"
143813,"NN"
143814,"."
143815,"VBZ"
143816,"NNP"
143817,"NNP"
143818,","
143819,"DT"
143820,"NN"
143821,"IN"
143822,"NNP"
143823,","
143824,"NNP"
143825,":"
143826,"``"
143827,"PRP"
143828,"VBP"
143829,"RB"
143830,"VB"
143831,"IN"
143832,"NNS"
143833,"."
143834,"PRP"
143835,"RB"
143836,"VBP"
143837,"NN"
143838,"PRP"
143839,"MD"
143840,"VB"
143841,"PRP$"
143842,"NNS"
143843,"IN"
143844,"."
143845,"''"
143846,"IN"
143847,"NNP"
143848,"NNP"
143849,"VBD"
143850,"DT"
143851,"NN"
143852,"POS"
143853,"NN"
143854,"NNP"
143855,"JJ"
143856,","
143857,"PRP"
143858,"VBZ"
143859,","
143860,"PRP"
143861,"VBZ"
143862,"JJ"
143863,"."
143864,"``"
143865,"PRP"
143866,"VBP"
143867,"PDT"
143868,"DT"
143869,"NNS"
143870,"VBG"
143871,"CD"
143872,"NN"
143873,"CC"
143874,"PDT"
143875,"DT"
143876,"JJ"
143877,"''"
143878,"IN"
143879,"DT"
143880,"NN"
143881,"IN"
143882,"DT"
143883,"NN"
143884,"."
143885,"NNP"
143886,"NNP"
143887,","
143888,"DT"
143889,"NN"
143890,"CC"
143891,"NN"
143892,"NN"
143893,"NN"
143894,"IN"
143895,"NNP"
143896,","
143897,"NNP"
143898,","
143899,"VBZ"
143900,"IN"
143901,"DT"
143902,"JJ"
143903,"JJ"
143904,"NN"
143905,"NNS"
143906,","
143907,"``"
143908,"IN"
143909,"NN"
143910,"RB"
143911,"VBZ"
143912,"RP"
143913,"IN"
143914,"DT"
143915,","
143916,"PRP"
143917,"MD"
143918,"VB"
143919,"IN"
143920,"PRP"
143921,"VBZ"
143922,"DT"
143923,"IN"
143924,"DT"
143925,"NNS"
143926,"IN"
143927,"DT"
143928,"NNS"
143929,"."
143930,"''"
143931,"VBZ"
143932,"NNP"
143933,"NNP"
143934,","
143935,"DT"
143936,"NN"
143937,"NN"
143938,"IN"
143939,"NNP"
143940,"NNP"
143941,"NNP"
143942,"IN"
143943,"NNP"
143944,","
143945,"``"
143946,"PRP"
143947,"VBP"
143948,"IN"
143949,"DT"
143950,"NN"
143951,"NN"
143952,","
143953,"CC"
143954,"DT"
143955,"MD"
143956,"VB"
143957,"."
143958,"DT"
143959,"NN"
143960,"VBZ"
143961,"RB"
143962,"JJ"
143963,"."
143964,"O"
143965,"NNP"
143966,"POS"
143967,"NNP"
143968,","
143969,"NNP"
143970,","
143971,"NNP"
143972,","
143973,"VBD"
143974,"PRP"
143975,"VBD"
143976,"DT"
143977,"JJ"
143978,"NN"
143979,"NN"
143980,"IN"
143981,"DT"
143982,"NNP"
143983,"NNP"
143984,"NNP"
143985,"NN"
143986,"TO"
143987,"VB"
143988,"DT"
143989,"JJ"
143990,"NN"
143991,"IN"
143992,"NNP"
143993,"POS"
143994,"NNP"
143995,"PRP"
143996,"VBZ"
143997,"RB"
143998,"JJ"
143999,"IN"
144000,"$"
144001,"CD"
144002,"DT"
144003,"NN"
144004,","
144005,"CC"
144006,"IN"
144007,"$"
144008,"CD"
144009,"CD"
144010,"."
144011,"NNP"
144012,"NNP"
144013,"NNP"
144014,","
144015,"DT"
144016,"JJ"
144017,"NN"
144018,"NN"
144019,","
144020,"VBZ"
144021,"TO"
144022,"VB"
144023,"DT"
144024,"NN"
144025,"NN"
144026,"IN"
144027,"NNP"
144028,"POS"
144029,"IN"
144030,"NNP"
144031,","
144032,"VBD"
144033,"IN"
144034,"IN"
144035,"JJS"
144036,"NNS"
144037,"IN"
144038,"FW"
144039,"POS"
144040,"NNS"
144041,"VBG"
144042,"VBN"
144043,"."
144044,"NNP"
144045,","
144046,"NNP"
144047,"NNP"
144048,"NNP"
144049,"VBD"
144050,"DT"
144051,"NN"
144052,"MD"
144053,"VB"
144054,"VBN"
144055,"IN"
144056,"PRP$"
144057,"JJ"
144058,"NN"
144059,"NN"
144060,"."
144061,"IN"
144062,"JJ"
144063,"JJ"
144064,"NN"
144065,","
144066,"NNP"
144067,"POS"
144068,"NNS"
144069,"VBD"
144070,"CD"
144071,"NNS"
144072,"TO"
144073,"$"
144074,"CD"
144075,"."
144076,"NNP"
144077,"POS"
144078,"VBD"
144079,"DT"
144080,"NN"
144081,"MD"
144082,"VB"
144083,"NN"
144084,"NN"
144085,"CC"
144086,"JJ"
144087,"NN"
144088,"."
144089,"NNP"
144090,"VBZ"
144091,"RB"
144092,"VBN"
144093,"IN"
144094,"DT"
144095,"$"
144096,"JJ"
144097,"NN"
144098,"IN"
144099,"NNP"
144100,"NNP"
144101,"CC"
144102,"NNP"
144103,"NNP"
144104,"NNP"
144105,"VBD"
144106,"IN"
144107,"DT"
144108,"NN"
144109,"MD"
144110,"VB"
144111,"NNP"
144112,"NNP"
144113,"POS"
144114,"NN"
144115,"NNS"
144116,"."
144117,"NNP"
144118,"NNP"
144119,"VBD"
144120,"PRP"
144121,"VBD"
144122,"PRP$"
144123,"NN"
144124,"IN"
144125,"NNP"
144126,"NNP"
144127,","
144128,"VBG"
144129,"PRP"
144130,"TO"
144131,"VB"
144132,"DT"
144133,"NN"
144134,"."
144135,"RB"
144136,","
144137,"NNP"
144138,"POS"
144139,"NNS"
144140,"VBD"
144141,"TO"
144142,"VB"
144143,"RB"
144144,","
144145,"VBG"
144146,"DT"
144147,"JJR"
144148,"NN"
144149,","
144150,"NNP"
144151,"NNP"
144152,"VBD"
144153,"."
144154,"IN"
144155,"DT"
144156,"CD"
144157,"NNS"
144158,"VBD"
144159,"NNP"
144160,"CD"
144161,","
144162,"NNP"
144163,"POS"
144164,"VBD"
144165,"JJ"
144166,"NN"
144167,"IN"
144168,"$"
144169,"CD"
144170,","
144171,"CC"
144172,"CD"
144173,"NNS"
144174,"DT"
144175,"NN"
144176,","
144177,"VBN"
144178,"IN"
144179,"DT"
144180,"JJ"
144181,"NN"
144182,"DT"
144183,"NN"
144184,"RBR"
144185,"."
144186,"NNP"
144187,"VBD"
144188,"$"
144189,"CD"
144190,"CD"
144191,"."
144192,"O"
144193,"NNP"
144194,"NNP"
144195,"NNP"
144196,"IN"
144197,"NNS"
144198,"RB"
144199,"VBD"
144200,"NNP"
144201,"POS"
144202,"NN"
144203,"."
144204,"IN"
144205,"WP"
144206,"VBD"
144207,"VBN"
144208,"DT"
144209,"JJS"
144210,"NN"
144211,"IN"
144212,"DT"
144213,"JJ"
144214,"NN"
144215,"POS"
144216,"JJ"
144217,"NN"
144218,","
144219,"IN"
144220,"JJS"
144221,"CD"
144222,"NNS"
144223,"VBD"
144224,"IN"
144225,"DT"
144226,"JJ"
144227,"NN"
144228,"IN"
144229,"NNP"
144230,"TO"
144231,"VB"
144232,"NNS"
144233,"IN"
144234,"JJ"
144235,"NNS"
144236,","
144237,"NN"
144238,"NNS"
144239,"VBD"
144240,"."
144241,"NNP"
144242,"VBD"
144243,"RB"
144244,"VB"
144245,"."
144246,"RB"
144247,","
144248,"IN"
144249,"DT"
144250,"JJ"
144251,"IN"
144252,"JJR"
144253,"IN"
144254,"CD"
144255,"NNP"
144256,"NNPS"
144257,"VBG"
144258,"TO"
144259,"VB"
144260,"TO"
144261,"DT"
144262,"NNP"
144263,"IN"
144264,"NNP"
144265,"VBD"
144266,"PRP$"
144267,"NN"
144268,","
144269,"DT"
144270,"JJ"
144271,"JJ"
144272,"NN"
144273,"VBN"
144274,"IN"
144275,"JJ"
144276,"JJ"
144277,"NNS"
144278,"VBD"
144279,"DT"
144280,"NN"
144281,"IN"
144282,"JJ"
144283,"NN"
144284,"NN"
144285,"."
144286,"NNP"
144287,"IN"
144288,"NNP"
144289,"NNP"
144290,","
144291,"IN"
144292,"DT"
144293,"JJ"
144294,"NN"
144295,"NN"
144296,","
144297,"VBN"
144298,"IN"
144299,"DT"
144300,"NN"
144301,"IN"
144302,"NNP"
144303,","
144304,"VBG"
144305,"PRP"
144306,"VBD"
144307,"DT"
144308,"``"
144309,"JJ"
144310,"NN"
144311,"''"
144312,"IN"
144313,"DT"
144314,"JJ"
144315,"NNS"
144316,"."
144317,"NNP"
144318,"VBD"
144319,"DT"
144320,"NNP"
144321,"NNP"
144322,"POS"
144323,"NN"
144324,"IN"
144325,"VBG"
144326,"TO"
144327,"DT"
144328,"NN"
144329,"POS"
144330,"VBG"
144331,"NNS"
144332,"."
144333,"IN"
144334,"DT"
144335,"NN"
144336,"NNP"
144337,","
144338,"DT"
144339,"NNP"
144340,"NN"
144341,"VBD"
144342,"IN"
144343,"JJ"
144344,"NNS"
144345,"WDT"
144346,"VBD"
144347,"DT"
144348,"NN"
144349,"IN"
144350,"JJ"
144351,"NN"
144352,","
144353,"CC"
144354,"VBD"
144355,"DT"
144356,"NN"
144357,"IN"
144358,"NN"
144359,"NN"
144360,"NN"
144361,"IN"
144362,"NNS"
144363,"IN"
144364,"NN"
144365,"NNS"
144366,"IN"
144367,"JJ"
144368,"NNS"
144369,"."
144370,"NNP"
144371,"NNS"
144372,"VBD"
144373,"DT"
144374,"JJ"
144375,"NN"
144376,"NN"
144377,"IN"
144378,"JJ"
144379,"NN"
144380,"NNS"
144381,"IN"
144382,"DT"
144383,"JJ"
144384,"NNP"
144385,"CC"
144386,"IN"
144387,"NNS"
144388,"IN"
144389,"JJR"
144390,"IN"
144391,"CD"
144392,"NNS"
144393,"TO"
144394,"NNP"
144395,"CC"
144396,"NNP"
144397,"."
144398,"DT"
144399,"NNS"
144400,"MD"
144401,"VB"
144402,"DT"
144403,"CC"
144404,"DT"
144405,"JJ"
144406,"NN"
144407,"IN"
144408,"NNS"
144409,","
144410,"CC"
144411,"VB"
144412,"DT"
144413,"NN"
144414,"IN"
144415,"DT"
144416,"JJ"
144417,"NN"
144418,"IN"
144419,"NNS"
144420,"IN"
144421,"JJR"
144422,"IN"
144423,"CD"
144424,"NNS"
144425,"."
144426,"NNP"
144427,"NNP"
144428,"NNP"
144429,"VBD"
144430,"VBN"
144431,"IN"
144432,"DT"
144433,"JJ"
144434,"NN"
144435,"IN"
144436,"NNP"
144437,"NNP"
144438,"TO"
144439,"CD"
144440,"NNS"
144441,"IN"
144442,"NN"
144443,"CC"
144444,"VBN"
144445,"$"
144446,"CD"
144447,"IN"
144448,"PRP$"
144449,"NN"
144450,"NN"
144451,"IN"
144452,"DT"
144453,"NNP"
144454,"NN"
144455,"."
144456,"NNP"
144457,","
144458,"DT"
144459,"NN"
144460,"IN"
144461,"NNP"
144462,"NNP"
144463,"NNP"
144464,","
144465,"VBD"
144466,"VBN"
144467,"JJ"
144468,"IN"
144469,"NNP"
144470,"IN"
144471,"VBG"
144472,"$"
144473,"CD"
144474,"IN"
144475,"JJ"
144476,"NNS"
144477,"IN"
144478,"DT"
144479,"JJ"
144480,"NN"
144481,"NN"
144482,"."
144483,"NNP"
144484,"VBD"
144485,"DT"
144486,"NN"
144487,"IN"
144488,"NN"
144489,"POS"
144490,"NN"
144491,"IN"
144492,"DT"
144493,"NN"
144494,"NN"
144495,"NN"
144496,","
144497,"CC"
144498,"DT"
144499,"JJ"
144500,"NNS"
144501,"NN"
144502,"IN"
144503,"NNP"
144504,"VBD"
144505,"DT"
144506,"NN"
144507,"IN"
144508,"JJ"
144509,"NNS"
144510,"TO"
144511,"VB"
144512,"DT"
144513,"NN"
144514,"IN"
144515,"DT"
144516,"JJ"
144517,"NN"
144518,"NN"
144519,"NN"
144520,"VBD"
144521,"IN"
144522,"."
144523,"DT"
144524,"NN"
144525,"NN"
144526,"VBD"
144527,"PRP"
144528,"VBD"
144529,"RB"
144530,"VB"
144531,"NN"
144532,"CC"
144533,"NNS"
144534,"TO"
144535,"VB"
144536,"DT"
144537,"NN"
144538,"."
144539,"DT"
144540,"NNP"
144541,"NN"
144542,"VBZ"
144543,"VBG"
144544,"TO"
144545,"VB"
144546,"DT"
144547,"NN"
144548,"IN"
144549,"JJ"
144550,"NN"
144551,"IN"
144552,"NN"
144553,"VBG"
144554,"JJ"
144555,"NN"
144556,","
144557,"NN"
144558,"NNS"
144559,"VBD"
144560,"."
144561,"DT"
144562,"JJ"
144563,"NN"
144564,"VBD"
144565,"VBN"
144566,"IN"
144567,"NNP"
144568,"CD"
144569,"."
144570,"IN"
144571,"JJ"
144572,"NNS"
144573,"VBP"
144574,"VBN"
144575,"TO"
144576,"JJ"
144577,"NN"
144578,","
144579,"NNS"
144580,"VBP"
144581,"VBN"
144582,"VBG"
144583,"JJ"
144584,"NN"
144585,"MD"
144586,"VB"
144587,"JJ"
144588,"IN"
144589,"VBG"
144590,"NNS"
144591,"."
144592,"NNS"
144593,"IN"
144594,"CD"
144595,"NNS"
144596,"VBD"
144597,"DT"
144598,"NN"
144599,"IN"
144600,"NN"
144601,"NN"
144602,"NN"
144603,"IN"
144604,"DT"
144605,"NN"
144606,"TO"
144607,"VB"
144608,"DT"
144609,"JJ"
144610,"NN"
144611,"IN"
144612,"NN"
144613,"."
144614,"CD"
144615,"JJ"
144616,"NNS"
144617,","
144618,"RB"
144619,","
144620,"VBD"
144621,"PRP"
144622,"MD"
144623,"VB"
144624,"VBG"
144625,"DT"
144626,"JJ"
144627,"NN"
144628,"."
144629,"NNP"
144630,"VBD"
144631,"JJ"
144632,"NNS"
144633,"IN"
144634,"NNP"
144635,"IN"
144636,"DT"
144637,"JJ"
144638,"NN"
144639,"IN"
144640,"NNP"
144641,"NNP"
144642,"."
144643,"PRP"
144644,"VBD"
144645,"DT"
144646,"JJ"
144647,"NN"
144648,"POS"
144649,"JJ"
144650,"NN"
144651,"TO"
144652,"NNP"
144653,"IN"
144654,"CD"
144655,"NNS"
144656,"."
144657,"PRP"
144658,"VBD"
144659,"DT"
144660,"NN"
144661,"IN"
144662,"NNS"
144663,"IN"
144664,"NN"
144665,","
144666,"CC"
144667,"VBD"
144668,"RB"
144669,"VB"
144670,"DT"
144671,"JJ"
144672,"NNS"
144673,"IN"
144674,"JJ"
144675,"JJ"
144676,"JJ"
144677,"NNS"
144678,"."
144679,"DT"
144680,"JJ"
144681,"NN"
144682,"VBD"
144683,"PRP"
144684,"MD"
144685,"VB"
144686,"NNP"
144687,"NN"
144688,"TO"
144689,"VB"
144690,"DT"
144691,"NNS"
144692,"."
144693,"NNP"
144694,"NNP"
144695,"NNP"
144696,"VBD"
144697,"DT"
144698,"JJ"
144699,"NN"
144700,"TO"
144701,"VB"
144702,"NNS"
144703,"IN"
144704,"NNS"
144705,"IN"
144706,"DT"
144707,"VBN"
144708,"JJ"
144709,"NN"
144710,"."
144711,"JJ"
144712,"NN"
144713,"NNS"
144714,"MD"
144715,"VB"
144716,"DT"
144717,"NN"
144718,"IN"
144719,"NNP"
144720,"."
144721,"NNS"
144722,"VBD"
144723,"IN"
144724,"DT"
144725,"NNP"
144726,"CC"
144727,"NNP"
144728,"NNP"
144729,"NNS"
144730,","
144731,"RB"
144732,","
144733,"IN"
144734,"NNS"
144735,"IN"
144736,"DT"
144737,"NNS"
144738,"."
144739,"JJ"
144740,"JJ"
144741,"NNS"
144742,"VBD"
144743,"JJ"
144744,"NN"
144745,"IN"
144746,"NNP"
144747,"NNP"
144748,"NNP"
144749,"VBD"
144750,"TO"
144751,"VB"
144752,"IN"
144753,"NN"
144754,","
144755,"VBG"
144756,"NNS"
144757,"IN"
144758,"DT"
144759,"JJ"
144760,"JJ"
144761,"NN"
144762,"."
144763,"DT"
144764,"NN"
144765,"POS"
144766,"JJ"
144767,"JJ"
144768,"NN"
144769,"NN"
144770,"VBD"
144771,"IN"
144772,"DT"
144773,"NN"
144774,"POS"
144775,"NN"
144776,"NNP"
144777,"IN"
144778,"CD"
144779,"JJ"
144780,"JJ"
144781,"NNS"
144782,"VBD"
144783,"VBG"
144784,"NN"
144785,"CC"
144786,"JJ"
144787,"JJ"
144788,"JJ"
144789,"NN"
144790,"TO"
144791,"DT"
144792,"NN"
144793,"."
144794,"DT"
144795,"NNP"
144796,"NNP"
144797,"VBD"
144798,"NNP"
144799,"VBZ"
144800,"``"
144801,"RB"
144802,"JJ"
144803,"''"
144804,"IN"
144805,"NNP"
144806,"NNP"
144807,"NNP"
144808,"CC"
144809,"DT"
144810,"NN"
144811,"NN"
144812,"POS"
144813,"NN"
144814,"IN"
144815,"DT"
144816,"NNP"
144817,"CD"
144818,"VBD"
144819,"FW"
144820,"IN"
144821,"NNP"
144822,"."
144823,"DT"
144824,"NNP"
144825,"NNP"
144826,"VBD"
144827,"DT"
144828,"JJ"
144829,"JJ"
144830,"NN"
144831,"NNS"
144832,"VBD"
144833,"VBN"
144834,"IN"
144835,"NNP"
144836,"POS"
144837,"JJ"
144838,"NNS"
144839,"IN"
144840,"DT"
144841,"NN"
144842,"CC"
144843,"VBD"
144844,"PRP"
144845,"VBD"
144846,"."
144847,"NNP"
144848,"POS"
144849,"NN"
144850,"VBD"
144851,"NNS"
144852,"IN"
144853,"JJ"
144854,"NN"
144855,"NNS"
144856,"IN"
144857,"JJ"
144858,"NNS"
144859,"IN"
144860,"NN"
144861,"NN"
144862,"NNS"
144863,"."
144864,"DT"
144865,"NN"
144866,"VBD"
144867,"VBN"
144868,"DT"
144869,"NN"
144870,"IN"
144871,"DT"
144872,"JJ"
144873,"NN"
144874,"POS"
144875,"NN"
144876,"TO"
144877,"VB"
144878,"IN"
144879,"DT"
144880,"JJ"
144881,"NN"
144882,"NN"
144883,"."
144884,"NNP"
144885,"POS"
144886,"NNP"
144887,"NNP"
144888,"NNP"
144889,"VBD"
144890,"DT"
144891,"JJ"
144892,"NN"
144893,"NN"
144894,"IN"
144895,"NNP"
144896,"NNP"
144897,"NNP"
144898,"POS"
144899,"JJ"
144900,"NN"
144901,"NN"
144902,"JJ"
144903,"NN"
144904,"."
144905,"DT"
144906,"JJ"
144907,"NN"
144908,"VBZ"
144909,"VBN"
144910,"IN"
144911,"NNP"
144912,"NNP"
144913,"NNP"
144914,"NNP"
144915,","
144916,"WP"
144917,"VBD"
144918,"DT"
144919,"``"
144920,"JJ"
144921,"NN"
144922,"''"
144923,"IN"
144924,"DT"
144925,"NN"
144926,"VBZ"
144927,"RB"
144928,"CD"
144929,"NNS"
144930,"IN"
144931,"NNP"
144932,"POS"
144933,"JJ"
144934,"NN"
144935,"."
144936,"NNP"
144937,"NNP"
144938,"POS"
144939,"NN"
144940,"VBD"
144941,"DT"
144942,"JJ"
144943,"NN"
144944,"IN"
144945,"NNS"
144946,"IN"
144947,"DT"
144948,"NN"
144949,"POS"
144950,"JJ"
144951,"NNS"
144952,"IN"
144953,"DT"
144954,"NN"
144955,"TO"
144956,"VB"
144957,"DT"
144958,"JJ"
144959,"JJ"
144960,"NN"
144961,"."
144962,"DT"
144963,"NN"
144964,"VBD"
144965,"DT"
144966,"NNS"
144967,"MD"
144968,"VB"
144969,"DT"
144970,"NN"
144971,"NN"
144972,"IN"
144973,"DT"
144974,"NNS"
144975,"IN"
144976,"NNP"
144977,"NNP"
144978,"WDT"
144979,"VBZ"
144980,"JJ"
144981,"CC"
144982,"JJ"
144983,"NNS"
144984,"."
144985,"DT"
144986,"NNP"
144987,"NNP"
144988,"VBD"
144989,"EX"
144990,"VBD"
144991,"DT"
144992,"``"
144993,"NN"
144994,"''"
144995,"IN"
144996,"DT"
144997,"JJ"
144998,"NNS"
144999,"VBD"
145000,"VBG"
145001,"PRP$"
145002,"JJ"
145003,"NNS"
145004,"TO"
145005,"JJ"
145006,"NNS"
145007,","
145008,"CC"
145009,"VBD"
145010,"PRP"
145011,"VBD"
145012,"RB"
145013,"DT"
145014,"JJ"
145015,"NN"
145016,"."
145017,"RB"
145018,","
145019,"NNP"
145020,"IN"
145021,"NNP"
145022,"NNP"
145023,"VBD"
145024,"IN"
145025,"DT"
145026,"NNP"
145027,"NN"
145028,"WP"
145029,"JJ"
145030,"NN"
145031,"VBD"
145032,"DT"
145033,"NNPS"
145034,"TO"
145035,"CC"
145036,"IN"
145037,"NN"
145038,"IN"
145039,"DT"
145040,"JJ"
145041,"NN"
145042,"NN"
145043,"."
145044,"VBN"
145045,":"
145046,"NNP"
145047,"NNP"
145048,","
145049,"CD"
145050,","
145051,"NN"
145052,"CC"
145053,"NN"
145054,","
145055,"IN"
145056,"NNP"
145057,"NNP"
145058,","
145059,"IN"
145060,"NN"
145061,":"
145062,"."
145063,"NNP"
145064,"NNP"
145065,","
145066,"CD"
145067,","
145068,"JJ"
145069,"NN"
145070,"CC"
145071,"NN"
145072,","
145073,"NNP"
145074,","
145075,"IN"
145076,"NNP"
145077,","
145078,"IN"
145079,"NN"
145080,"."
145081,"O"
145082,"JJ"
145083,"JJ"
145084,"NNS"
145085,"NN"
145086,"VBD"
145087,"DT"
145088,"JJ"
145089,"CD"
145090,"NN"
145091,"IN"
145092,"NNP"
145093,"IN"
145094,"NNP"
145095,"NNP"
145096,"VBD"
145097,"RP"
145098,"CD"
145099,"NN"
145100,"IN"
145101,"NNP"
145102,"CD"
145103,","
145104,"DT"
145105,"NNP"
145106,"IN"
145107,"NNP"
145108,"CC"
145109,"NNP"
145110,"VBD"
145111,"."
145112,"IN"
145113,"DT"
145114,"CD"
145115,"NNS"
145116,"VBN"
145117,"IN"
145118,"NNP"
145119,","
145120,"JJ"
145121,"NNS"
145122,"NN"
145123,"VBD"
145124,"RB"
145125,"CD"
145126,"NN"
145127,"IN"
145128,"DT"
145129,"JJ"
145130,"CD"
145131,"NNS"
145132,"CC"
145133,"RB"
145134,"CD"
145135,"NN"
145136,"IN"
145137,"DT"
145138,"NN"
145139,"RBR"
145140,"."
145141,"O"
145142,"NNP"
145143,"NN"
145144,"NNP"
145145,"NNP"
145146,"VBD"
145147,"TO"
145148,"VB"
145149,"CD"
145150,"NNS"
145151,"IN"
145152,"NNP"
145153,"NNP"
145154,"CC"
145155,"NNP"
145156,"IN"
145157,"IN"
145158,"$"
145159,"CD"
145160,"CD"
145161,"IN"
145162,"NNP"
145163,"NNP"
145164,","
145165,"DT"
145166,"RB"
145167,"VBN"
145168,"NN"
145169,"NN"
145170,"VBN"
145171,"IN"
145172,"NNP"
145173,"."
145174,"RB"
145175,"IN"
145176,"VBG"
145177,"DT"
145178,"$"
145179,"CD"
145180,"CD"
145181,"NN"
145182,"IN"
145183,"NNP"
145184,"NNP"
145185,"NNP"
145186,"IN"
145187,"NNP"
145188,","
145189,"NNP"
145190,"NNP"
145191,"POS"
145192,"NN"
145193,"NN"
145194,","
145195,"NNP"
145196,"NNP"
145197,","
145198,"VBD"
145199,"PRP"
145200,"VBD"
145201,"VBG"
145202,"DT"
145203,"NN"
145204,"IN"
145205,"NNP"
145206,","
145207,"DT"
145208,"JJ"
145209,"NN"
145210,"NN"
145211,"CC"
145212,"NN"
145213,"IN"
145214,"NNP"
145215,"NNP"
145216,"POS"
145217,"JJS"
145218,"NNS"
145219,"."
145220,"VBN"
145221,"IN"
145222,"DT"
145223,"NN"
145224,"VBP"
145225,"NNP"
145226,"NNS"
145227,"WDT"
145228,"VBP"
145229,"NNS"
145230,"POS"
145231,"NNS"
145232,"IN"
145233,"DT"
145234,"NN"
145235,"NN"
145236,","
145237,"NNS"
145238,"IN"
145239,"DT"
145240,"NNP"
145241,"NNP"
145242,"NN"
145243,"CC"
145244,"NN"
145245,"IN"
145246,"DT"
145247,"NN"
145248,"NN"
145249,"."
145250,"DT"
145251,"NNS"
145252,"VBD"
145253,"DT"
145254,"NN"
145255,"VBZ"
145256,"JJ"
145257,"TO"
145258,"NNP"
145259,"POS"
145260,"NN"
145261,"IN"
145262,"NN"
145263,"CC"
145264,"TO"
145265,"JJ"
145266,"CC"
145267,"JJ"
145268,"NNS"
145269,"."
145270,"PRP"
145271,"VBD"
145272,"DT"
145273,"NN"
145274,"VBZ"
145275,"VBN"
145276,"TO"
145277,"VB"
145278,"VBN"
145279,"IN"
145280,"DT"
145281,"NN"
145282,"IN"
145283,"NNP"
145284,"."
145285,"NNP"
145286,"NNP"
145287,"VBD"
145288,"DT"
145289,"NN"
145290,"IN"
145291,"CD"
145292,"IN"
145293,"NNP"
145294,"POS"
145295,"CD"
145296,"JJ"
145297,"NNS"
145298,"IN"
145299,"JJ"
145300,"``"
145301,"JJ"
145302,"''"
145303,"NNP"
145304,"NNP"
145305,"NN"
145306,"NNS"
145307,"IN"
145308,"NNP"
145309,","
145310,"MD"
145311,"VB"
145312,"IN"
145313,"DT"
145314,"NN"
145315,"IN"
145316,"IN"
145317,"$"
145318,"CD"
145319,"CD"
145320,"."
145321,"PRP"
145322,"VBD"
145323,"RB"
145324,"VB"
145325,"IN"
145326,"JJ"
145327,"NN"
145328,"NNS"
145329,"VBG"
145330,"VBN"
145331,"."
145332,"NNP"
145333,"NNP"
145334,"VBD"
145335,"DT"
145336,"JJ"
145337,"NN"
145338,"WRB"
145339,"PRP"
145340,"VBD"
145341,"NNP"
145342,"NNP"
145343,"NNP"
145344,"NNP"
145345,"RB"
145346,"VBD"
145347,"RB"
145348,"IN"
145349,"PRP$"
145350,"NNS"
145351,"."
145352,"CC"
145353,"PRP"
145354,"VBD"
145355,"NN"
145356,"IN"
145357,"DT"
145358,"NNP"
145359,"NNP"
145360,","
145361,"DT"
145362,"NN"
145363,"NN"
145364,"IN"
145365,"PRP"
145366,"RB"
145367,"VBZ"
145368,"CC"
145369,"VBZ"
145370,"IN"
145371,"NN"
145372,"CC"
145373,"JJ"
145374,"NN"
145375,"."
145376,"NNP"
145377,"VBD"
145378,"DT"
145379,"JJ"
145380,"NN"
145381,"IN"
145382,"NNP"
145383,"NNP"
145384,"VBD"
145385,"PRP"
145386,"IN"
145387,"$"
145388,"CD"
145389,"CD"
145390,"IN"
145391,"NN"
145392,"CC"
145393,"NN"
145394,"IN"
145395,"CD"
145396,"."
145397,"IN"
145398,"DT"
145399,"JJ"
145400,"NN"
145401,"VBD"
145402,"NNP"
145403,"CD"
145404,","
145405,"CD"
145406,","
145407,"NNP"
145408,"VBD"
145409,"NN"
145410,"NN"
145411,"IN"
145412,"$"
145413,"CD"
145414,"CD"
145415,"IN"
145416,"NNS"
145417,"IN"
145418,"$"
145419,"CD"
145420,"CD"
145421,"."
145422,"NNP"
145423,"VBZ"
145424,"NNS"
145425,"IN"
145426,"JJ"
145427,"NNS"
145428,","
145429,"VBG"
145430,"NNS"
145431,"VBP"
145432,"JJ"
145433,"CC"
145434,"NNP"
145435,"NNP"
145436,"IN"
145437,"NNP"
145438,"CC"
145439,"NNP"
145440,"NNP"
145441,"IN"
145442,"NNS"
145443,"."
145444,"DT"
145445,"NN"
145446,"VBD"
145447,"DT"
145448,"NN"
145449,"VBD"
145450,"NNS"
145451,"IN"
145452,"$"
145453,"CD"
145454,"CD"
145455,"IN"
145456,"CD"
145457,"."
145458,"IN"
145459,"NNP"
145460,"NNP"
145461,"NNP"
145462,"NNP"
145463,"JJ"
145464,"NN"
145465,","
145466,"NNP"
145467,"NNP"
145468,"VBD"
145469,"CD"
145470,"NNS"
145471,"TO"
145472,"$"
145473,"CD"
145474,"."
145475,"O"
145476,"NNP"
145477,"POS"
145478,"NNP"
145479,"NNP"
145480,"NNP"
145481,"VBZ"
145482,"TO"
145483,"VB"
145484,"PRP$"
145485,"NN"
145486,"TO"
145487,"JJR"
145488,"NNP"
145489,"CC"
145490,"VB"
145491,"RP"
145492,"DT"
145493,"NN"
145494,"IN"
145495,"DT"
145496,"RB"
145497,"$"
145498,"CD"
145499,"CD"
145500,"IN"
145501,"JJ"
145502,"MD"
145503,"VBN"
145504,"IN"
145505,"DT"
145506,"NN"
145507,"IN"
145508,"JJ"
145509,"NN"
145510,"NNP"
145511,"."
145512,"NNP"
145513,"NNP"
145514,"NNP"
145515,"NNP"
145516,"NNP"
145517,"VBD"
145518,"IN"
145519,"DT"
145520,"NN"
145521,"IN"
145522,"DT"
145523,"CD"
145524,"NNS"
145525,"MD"
145526,"VB"
145527,"DT"
145528,"NN"
145529,"TO"
145530,"VBG"
145531,"DT"
145532,"NN"
145533,"POS"
145534,"JJS"
145535,"JJ"
145536,"NN"
145537,"IN"
145538,"DT"
145539,"NNP"
145540,"."
145541,"NNP"
145542,"NNP"
145543,"VBD"
145544,"DT"
145545,"JJ"
145546,"NNS"
145547,","
145548,"VBN"
145549,"IN"
145550,"DT"
145551,"JJ"
145552,"NNS"
145553,","
145554,"IN"
145555,"NNP"
145556,"NNP"
145557,"VBD"
145558,"DT"
145559,"CD"
145560,"NN"
145561,"NN"
145562,"IN"
145563,"PRP$"
145564,"JJ"
145565,"NN"
145566,"NNS"
145567,"."
145568,"DT"
145569,"NN"
145570,"NN"
145571,"CC"
145572,"JJ"
145573,"NN"
145574,"NN"
145575,"MD"
145576,"VB"
145577,"VB"
145578,"NNP"
145579,"NNP"
145580,"POS"
145581,"NN"
145582,"IN"
145583,"DT"
145584,"NNP"
145585,"NNP"
145586,"NN"
145587,"CC"
145588,"VB"
145589,"PRP"
145590,"DT"
145591,"RBR"
145592,"JJ"
145593,"NN"
145594,"IN"
145595,"NNP"
145596,"NNS"
145597,"VBP"
145598,"NN"
145599,"IN"
145600,"JJ"
145601,"NNS"
145602,"IN"
145603,"NNP"
145604,"POS"
145605,"NN"
145606,"NN"
145607,"."
145608,"NNP"
145609,"NNS"
145610,"RB"
145611,"VBP"
145612,"JJR"
145613,"IN"
145614,"CD"
145615,"NN"
145616,"IN"
145617,"NNP"
145618,"NNP"
145619,"VBD"
145620,"IN"
145621,"CD"
145622,"NN"
145623,"JJ"
145624,"NNP"
145625,"."
145626,"``"
145627,"IN"
145628,"DT"
145629,"JJ"
145630,"NN"
145631,","
145632,"DT"
145633,"NN"
145634,"IN"
145635,"DT"
145636,"JJ"
145637,"NN"
145638,"VBZ"
145639,"RB"
145640,"JJR"
145641,"IN"
145642,"NNP"
145643,"NNP"
145644,","
145645,"''"
145646,"NNP"
145647,"NNP"
145648,"VBD"
145649,"."
145650,"DT"
145651,"NNS"
145652,"RB"
145653,"MD"
145654,"VB"
145655,"NNS"
145656,"POS"
145657,"NN"
145658,"IN"
145659,"NNP"
145660,"NNP"
145661,"IN"
145662,"DT"
145663,"NN"
145664,"IN"
145665,"NN"
145666,"."
145667,"``"
145668,"PRP"
145669,"RB"
145670,"VBZ"
145671,"DT"
145672,"NN"
145673,"IN"
145674,"NNP"
145675,"NNP"
145676,"VBZ"
145677,"DT"
145678,"NN"
145679,"IN"
145680,"DT"
145681,"NN"
145682,","
145683,"''"
145684,"VBD"
145685,"NNP"
145686,"NNP"
145687,","
145688,"DT"
145689,"NN"
145690,"IN"
145691,"NNP"
145692,"NNP"
145693,"CC"
145694,"NNP"
145695,"IN"
145696,"NNP"
145697,"NNP"
145698,"."
145699,"DT"
145700,"JJ"
145701,"NNS"
145702,"``"
145703,"PDT"
145704,"VB"
145705,"DT"
145706,"NN"
145707,"IN"
145708,"NN"
145709,"TO"
145710,"PRP"
145711,","
145712,"''"
145713,"PRP"
145714,"VBD"
145715,"."
145716,"IN"
145717,"DT"
145718,"RB"
145719,"JJ"
145720,"NN"
145721,"NN"
145722,","
145723,"NNP"
145724,"NNP"
145725,"VBD"
145726,"NNP"
145727,"NNP"
145728,"IN"
145729,"NNP"
145730,"NNP"
145731,"NN"
145732,"NN"
145733,"IN"
145734,"NNP"
145735,","
145736,"DT"
145737,"NN"
145738,"IN"
145739,"NNP"
145740,"NNP"
145741,"VBD"
145742,"VBN"
145743,"NNP"
145744,"NNP"
145745,"IN"
145746,"IN"
145747,"DT"
145748,"$"
145749,"CD"
145750,"NN"
145751,"NN"
145752,"IN"
145753,"JJ"
145754,"NN"
145755,"."
145756,"NNP"
145757,"NNP"
145758,"VBD"
145759,"PRP$"
145760,"NN"
145761,"IN"
145762,"NNP"
145763,"IN"
145764,"VBG"
145765,"RP"
145766,"IN"
145767,"NNP"
145768,"NNP"
145769,"IN"
145770,"NN"
145771,"."
145772,"CC"
145773,"DT"
145774,"NNP"
145775,"NNP"
145776,"NNP"
145777,"VBZ"
145778,"RB"
145779,"RB"
145780,"RB"
145781,","
145782,"IN"
145783,"DT"
145784,"JJ"
145785,"NN"
145786,"VBZ"
145787,"VBG"
145788,"DT"
145789,"JJ"
145790,"#"
145791,"CD"
145792,"CD"
145793,"("
145794,"$"
145795,"CD"
145796,"CD"
145797,")"
145798,"NN"
145799,"WDT"
145800,"NNP"
145801,"NNP"
145802,"VBZ"
145803,"VBD"
145804,"VBD"
145805,"VBN"
145806,"IN"
145807,"NNP"
145808,"NNP"
145809,"POS"
145810,"NN"
145811,"."
145812,"NNP"
145813,"NNP"
145814,"VBD"
145815,"JJ"
145816,"TO"
145817,"VB"
145818,"IN"
145819,"DT"
145820,"$"
145821,"CD"
145822,"CD"
145823,"NN"
145824,"IN"
145825,"NNP"
145826,"IN"
145827,"CD"
145828,"RB"
145829,"IN"
145830,"JJ"
145831,"JJ"
145832,"CC"
145833,"JJ"
145834,"NN"
145835,"NNS"
145836,"VBP"
145837,"JJR"
145838,"VBD"
145839,"NNS"
145840,"IN"
145841,"JJ"
145842,"NNS"
145843,"."
145844,"IN"
145845,"JJ"
145846,"NNS"
145847,","
145848,"NNP"
145849,"NNP"
145850,"VBD"
145851,"JJ"
145852,"TO"
145853,"VB"
145854,"RP"
145855,"IN"
145856,"IN"
145857,"DT"
145858,"$"
145859,"CD"
145860,"CD"
145861,"IN"
145862,"JJ"
145863,"NN"
145864,"VBG"
145865,"IN"
145866,"DT"
145867,"NN"
145868,"."
145869,"IN"
145870,"DT"
145871,"JJ"
145872,"NN"
145873,","
145874,"NNP"
145875,"NNP"
145876,"MD"
145877,"VB"
145878,"TO"
145879,"VB"
145880,"DT"
145881,"JJ"
145882,"NN"
145883,"IN"
145884,"RB"
145885,"JJ"
145886,"IN"
145887,"CD"
145888,"NNS"
145889,","
145890,"VBG"
145891,"DT"
145892,"JJ"
145893,"NN"
145894,"IN"
145895,"JJ"
145896,"NNS"
145897,"."
145898,"JJ"
145899,"NN"
145900,"VBZ"
145901,"DT"
145902,"NN"
145903,"IN"
145904,"NN"
145905,"IN"
145906,"DT"
145907,"VBN"
145908,"NN"
145909,","
145910,"NN"
145911,"NN"
145912,"CC"
145913,"NNS"
145914,"IN"
145915,"DT"
145916,"JJ"
145917,"CC"
145918,"JJ"
145919,"NN"
145920,"NN"
145921,"IN"
145922,"DT"
145923,"NNS"
145924,"."
145925,"CC"
145926,"IN"
145927,"RB"
145928,"JJ"
145929,"NNS"
145930,"RB"
145931,"VBN"
145932,"IN"
145933,"DT"
145934,"NNP"
145935,","
145936,"NNP"
145937,"NNP"
145938,"VBZ"
145939,"PRP$"
145940,"NNS"
145941,"CD"
145942,"NNS"
145943,","
145944,"VBN"
145945,"IN"
145946,"DT"
145947,"NNP"
145948,"CC"
145949,"NNP"
145950,"NN"
145951,"NNS"
145952,"."
145953,"``"
145954,"PRP$"
145955,"NN"
145956,"NNS"
145957,"VBP"
145958,"IN"
145959,"PRP"
145960,"VBD"
145961,"IN"
145962,"NNP"
145963,"POS"
145964,"NN"
145965,","
145966,"''"
145967,"NNP"
145968,"NNP"
145969,"VBD"
145970,"."
145971,"DT"
145972,"JJ"
145973,"NN"
145974,"VBZ"
145975,"``"
145976,"DT"
145977,"NN"
145978,"IN"
145979,"NNS"
145980,"IN"
145981,"JJ"
145982,"NN"
145983,"''"
145984,"VBG"
145985,"DT"
145986,"CD"
145987,"NN"
145988,"IN"
145989,"JJ"
145990,"NN"
145991,","
145992,"IN"
145993,"DT"
145994,"JJ"
145995,"NN"
145996,"VBZ"
145997,"``"
145998,"$"
145999,"CD"
146000,"CD"
146001,"IN"
146002,"JJ"
146003,"NN"
146004,"IN"
146005,"RB"
146006,"NN"
146007,"IN"
146008,"("
146009,"DT"
146010,"JJ"
146011,"MD"
146012,")"
146013,"VBZ"
146014,"VBN"
146015,"VBN"
146016,"RP"
146017,"."
146018,"''"
146019,"NNP"
146020,"NNP"
146021,"VBD"
146022,"PRP"
146023,"VBZ"
146024,"TO"
146025,"VB"
146026,"DT"
146027,"IN"
146028,"DT"
146029,"JJ"
146030,"NN"
146031,"NN"
146032,"IN"
146033,"NNP"
146034,"NNP"
146035,"POS"
146036,"JJ"
146037,"NNS"
146038,"IN"
146039,"CD"
146040,"VBD"
146041,"NN"
146042,","
146043,"CC"
146044,"MD"
146045,"RB"
146046,"VB"
146047,"WRB"
146048,"RB"
146049,"."
146050,"NNS"
146051,"RB"
146052,"TO"
146053,"NNP"
146054,"NNP"
146055,"VBD"
146056,"DT"
146057,"NN"
146058,"MD"
146059,"VB"
146060,"DT"
146061,"JJ"
146062,"NN"
146063,","
146064,"IN"
146065,"NNS"
146066,"VBG"
146067,"JJ"
146068,"NN"
146069,"VBD"
146070,"DT"
146071,"NN"
146072,"IN"
146073,"NNP"
146074,"POS"
146075,"JJ"
146076,"NN"
146077,"."
146078,"DT"
146079,"NN"
146080,","
146081,"RB"
146082,"IN"
146083,"DT"
146084,"NN"
146085,"TO"
146086,"DT"
146087,"JJ"
146088,"NN"
146089,","
146090,"MD"
146091,"VB"
146092,"DT"
146093,"NN"
146094,"POS"
146095,"NNS"
146096,"IN"
146097,"RB"
146098,"JJ"
146099,"NNS"
146100,"IN"
146101,"JJ"
146102,"NN"
146103,"."
146104,"DT"
146105,"NN"
146106,"IN"
146107,"JJ"
146108,"JJ"
146109,"NNS"
146110,"VBD"
146111,"IN"
146112,"CD"
146113,"NN"
146114,"IN"
146115,"DT"
146116,"CD"
146117,"NNS"
146118,"VBG"
146119,"NNP"
146120,"CD"
146121,","
146122,"IN"
146123,"VBG"
146124,"RB"
146125,"CD"
146126,"NN"
146127,"IN"
146128,"NNP"
146129,","
146130,"VBD"
146131,"NNP"
146132,"NNP"
146133,"POS"
146134,"NNP"
146135,"NNP"
146136,"."
146137,"NNP"
146138,"NNP"
146139,"VBD"
146140,"DT"
146141,"JJ"
146142,"NN"
146143,"NN"
146144,"IN"
146145,"DT"
146146,"NN"
146147,"VBD"
146148,"NNP"
146149,"CD"
146150,"RB"
146151,"IN"
146152,"JJR"
146153,"NNS"
146154,"NN"
146155,"IN"
146156,"JJ"
146157,"NNS"
146158,"IN"
146159,"NNP"
146160,"."
146161,"RB"
146162,","
146163,"JJ"
146164,"NN"
146165,"VBD"
146166,"TO"
146167,"#"
146168,"CD"
146169,"CD"
146170,"IN"
146171,"DT"
146172,"NN"
146173,"IN"
146174,"#"
146175,"CD"
146176,"CD"
146177,"DT"
146178,"NN"
146179,"RBR"
146180,"."
146181,"O"
146182,"NNP"
146183,"NNP"
146184,"NNP"
146185,","
146186,"DT"
146187,"NN"
146188,"VBN"
146189,"IN"
146190,"JJ"
146191,"NNP"
146192,"NNP"
146193,"NNP"
146194,"IN"
146195,"DT"
146196,"NN"
146197,"IN"
146198,"DT"
146199,"JJ"
146200,"NN"
146201,"IN"
146202,"DT"
146203,"JJ"
146204,"NN"
146205,"IN"
146206,"JJ"
146207,"NNS"
146208,","
146209,"VBZ"
146210,"TO"
146211,"VB"
146212,"DT"
146213,"JJ"
146214,"NN"
146215,"IN"
146216,"DT"
146217,"NN"
146218,"POS"
146219,"JJ"
146220,"NN"
146221,","
146222,"NNP"
146223,"NNP"
146224,"NNP"
146225,"."
146226,"DT"
146227,"JJ"
146228,"JJ"
146229,"NNP"
146230,"NNP"
146231,"NNP"
146232,"NN"
146233,"VBZ"
146234,"PRP"
146235,"MD"
146236,"VB"
146237,"JJR"
146238,"DT"
146239,"NN"
146240,"."
146241,"CC"
146242,"NNS"
146243,","
146244,"IN"
146245,"VBG"
146246,"DT"
146247,"NN"
146248,","
146249,"VBP"
146250,"NNP"
146251,"POS"
146252,"JJ"
146253,"NN"
146254,"VBZ"
146255,"DT"
146256,"JJ"
146257,"NN"
146258,"IN"
146259,"VBG"
146260,"DT"
146261,"CD"
146262,"NNS"
146263,"."
146264,"NNP"
146265,"NNP"
146266,","
146267,"VBN"
146268,"IN"
146269,"NNP"
146270,"IN"
146271,"$"
146272,"CD"
146273,"CD"
146274,","
146275,"VBZ"
146276,"JJ"
146277,"NN"
146278,"CC"
146279,"JJ"
146280,"NNS"
146281,"."
146282,"DT"
146283,"NN"
146284,","
146285,"NNP"
146286,","
146287,"NN"
146288,"POS"
146289,"NNS"
146290,"VBP"
146291,"VBN"
146292,"NNP"
146293,"CC"
146294,"PRP$"
146295,"NNS"
146296,"VBP"
146297,"VBN"
146298,"."
146299,"JJ"
146300,"NN"
146301,"POS"
146302,"NNS"
146303,"IN"
146304,"$"
146305,"CD"
146306,"CD"
146307,","
146308,"VBG"
146309,"$"
146310,"CD"
146311,"IN"
146312,"DT"
146313,"NN"
146314,"NN"
146315,","
146316,"VBD"
146317,"RB"
146318,"IN"
146319,"DT"
146320,"JJ"
146321,"$"
146322,"CD"
146323,"CD"
146324,"."
146325,"IN"
146326,"VBG"
146327,"NNP"
146328,"NNP"
146329,"POS"
146330,"NNS"
146331,","
146332,"WDT"
146333,"VBD"
146334,"$"
146335,"CD"
146336,"CD"
146337,"IN"
146338,"CD"
146339,","
146340,"NNP"
146341,"NNP"
146342,"MD"
146343,"VB"
146344,"PRP$"
146345,"NNS"
146346,"CC"
146347,"NN"
146348,"NN"
146349,"."
146350,"``"
146351,"DT"
146352,"NN"
146353,"VBZ"
146354,"WRB"
146355,"JJ"
146356,"PRP"
146357,"VBZ"
146358,"VBG"
146359,"TO"
146360,"VB"
146361,"NNP"
146362,"NNP"
146363,"TO"
146364,"VB"
146365,"DT"
146366,"NN"
146367,","
146368,"''"
146369,"VBZ"
146370,"NNP"
146371,"NNP"
146372,"NNP"
146373,","
146374,"DT"
146375,"NN"
146376,"IN"
146377,"NNP"
146378,"NNP"
146379,"NNP"
146380,"IN"
146381,"NNP"
146382,"."
146383,"DT"
146384,"NN"
146385,"MD"
146386,"VB"
146387,"VB"
146388,"IN"
146389,"NNP"
146390,"VBZ"
146391,"TO"
146392,"VB"
146393,"DT"
146394,"JJ"
146395,"NNS"
146396,"VBN"
146397,"IN"
146398,"NNP"
146399,"NNP"
146400,"."
146401,"DT"
146402,"NNP"
146403,","
146404,"NNP"
146405,","
146406,"NN"
146407,"VBD"
146408,"NN"
146409,"IN"
146410,"$"
146411,"CD"
146412,"DT"
146413,"NN"
146414,"IN"
146415,"NNP"
146416,"CD"
146417,","
146418,"CC"
146419,"NNP"
146420,"NNP"
146421,"POS"
146422,"NN"
146423,"RB"
146424,"VBD"
146425,"DT"
146426,"$"
146427,"CD"
146428,"JJ"
146429,"NN"
146430,"IN"
146431,"CD"
146432,"."
146433,"JJ"
146434,"NN"
146435,"NN"
146436,"VBD"
146437,"VB"
146438,"WDT"
146439,"NN"
146440,"RB"
146441,"RB"
146442,"IN"
146443,"NN"
146444,","
146445,"IN"
146446,"NNP"
146447,"CD"
146448,"."
146449,"DT"
146450,"NN"
146451,"VBZ"
146452,"IN"
146453,"JJ"
146454,","
146455,"VBG"
146456,"IN"
146457,"$"
146458,"CD"
146459,"DT"
146460,"NN"
146461,"JJ"
146462,"NN"
146463,"CC"
146464,"NN"
146465,"NN"
146466,"IN"
146467,"$"
146468,"CD"
146469,"IN"
146470,"JJ"
146471,"JJ"
146472,"NN"
146473,"."
146474,"CC"
146475,"NNP"
146476,"NNP"
146477,"VBZ"
146478,"VBN"
146479,"DT"
146480,"JJ"
146481,"NN"
146482,"IN"
146483,"$"
146484,"CD"
146485,"DT"
146486,"NN"
146487,"IN"
146488,"DT"
146489,"NN"
146490,"IN"
146491,"NN"
146492,"IN"
146493,"NN"
146494,","
146495,"VBZ"
146496,"NNP"
146497,"NNP"
146498,"NNP"
146499,","
146500,"NNP"
146501,"POS"
146502,"JJ"
146503,"JJ"
146504,"NN"
146505,","
146506,"MD"
146507,"VB"
146508,"``"
146509,"JJ"
146510,"NN"
146511,"''"
146512,"IN"
146513,"NN"
146514,"IN"
146515,"NNP"
146516,"CC"
146517,"NN"
146518,"IN"
146519,"PRP$"
146520,"JJ"
146521,"CD"
146522,"NN"
146523,"NN"
146524,"IN"
146525,"NN"
146526,"IN"
146527,"NN"
146528,"NN"
146529,"."
146530,"IN"
146531,"NNP"
146532,"NNP"
146533,","
146534,"NNP"
146535,"NNP"
146536,"VBZ"
146537,"DT"
146538,"NN"
146539,"``"
146540,"RB"
146541,"JJ"
146542,"''"
146543,"TO"
146544,"DT"
146545,"NN"
146546,"PRP"
146547,"VBD"
146548,"WRB"
146549,"PRP"
146550,"VBD"
146551,"NNP"
146552,"IN"
146553,"NN"
146554,"CC"
146555,"JJ"
146556,"NN"
146557,"NN"
146558,"IN"
146559,"CD"
146560,"."
146561,"NNP"
146562,","
146563,"RB"
146564,"DT"
146565,"RB"
146566,"JJ"
146567,"NN"
146568,","
146569,"VBD"
146570,"NN"
146571,"IN"
146572,"DT"
146573,"NN"
146574,"IN"
146575,"PRP$"
146576,"JJ"
146577,"NN"
146578,"."
146579,"IN"
146580,"JJ"
146581,","
146582,"PRP"
146583,"``"
146584,"VBD"
146585,"RB"
146586,"JJ"
146587,"CC"
146588,"VBD"
146589,"RB"
146590,"VBG"
146591,"DT"
146592,"JJ"
146593,"NN"
146594,"IN"
146595,"VBN"
146596,"NN"
146597,","
146598,"''"
146599,"PRP"
146600,"VBZ"
146601,"."
146602,"NNP"
146603,"NNP"
146604,"VBZ"
146605,"JJ"
146606,"IN"
146607,"DT"
146608,"NN"
146609,"TO"
146610,"VB"
146611,"JJ"
146612,"NN"
146613,"NNS"
146614,"MD"
146615,"VB"
146616,"IN"
146617,"NNP"
146618,"NNP"
146619,"IN"
146620,"PRP"
146621,"VBZ"
146622,"IN"
146623,"NNP"
146624,"."
146625,"PRP"
146626,"RB"
146627,"VBZ"
146628,"DT"
146629,"``"
146630,"JJ"
146631,"''"
146632,"NN"
146633,"TO"
146634,"VB"
146635,"DT"
146636,"JJ"
146637,"NN"
146638,"IN"
146639,"NNS"
146640,"NNS"
146641,"WP"
146642,"VBP"
146643,"CC"
146644,"WRB"
146645,"VBG"
146646,"VBZ"
146647,"VBN"
146648,"."
146649,"NNP"
146650,"NNP"
146651,"VBZ"
146652,"DT"
146653,"JJ"
146654,"NN"
146655,"POS"
146656,"NNS"
146657,"``"
146658,"RB"
146659,"JJ"
146660,"''"
146661,"CC"
146662,"VBZ"
146663,"IN"
146664,"NNP"
146665,"NNP"
146666,"VBZ"
146667,"VBN"
146668,"RB"
146669,"JJ"
146670,"IN"
146671,"VBG"
146672,"IN"
146673,"NNS"
146674,"WDT"
146675,"VBP"
146676,"RB"
146677,"VBN"
146678,"JJR"
146679,"NNS"
146680,"."
146681,"``"
146682,"IN"
146683,"DT"
146684,"JJ"
146685,"NN"
146686,","
146687,"DT"
146688,"NNS"
146689,"MD"
146690,"VB"
146691,"RB"
146692,"JJ"
146693,","
146694,"''"
146695,"NNP"
146696,"NNP"
146697,"VBZ"
146698,"."
146699,"IN"
146700,"IN"
146701,"CD"
146702,"NNS"
146703,","
146704,"``"
146705,"NNS"
146706,"MD"
146707,"VB"
146708,"JJ"
146709,"IN"
146710,"DT"
146711,"JJ"
146712,"NN"
146713,","
146714,"''"
146715,"PRP"
146716,"VBZ"
146717,"."
146718,"NNP"
146719,"NNP"
146720,"VBZ"
146721,"PRP"
146722,"MD"
146723,"VB"
146724,"JJR"
146725,"TO"
146726,"VB"
146727,"NNP"
146728,"NNP"
146729,"IN"
146730,"IN"
146731,"PRP"
146732,"VBZ"
146733,"RB"
146734,"IN"
146735,"DT"
146736,"NN"
146737,"POS"
146738,"NN"
146739,"."
146740,"WRB"
146741,"PRP"
146742,"VBD"
146743,"TO"
146744,"NNP"
146745,","
146746,"``"
146747,"PRP"
146748,"VBD"
146749,"RB"
146750,"VB"
146751,"DT"
146752,"NN"
146753,"TO"
146754,"VB"
146755,"IN"
146756,"PRP"
146757,"VBP"
146758,"NN"
146759,","
146760,"''"
146761,"PRP"
146762,"VBZ"
146763,"."
146764,"PRP"
146765,"VBD"
146766,"VBN"
146767,"JJ"
146768,"NN"
146769,"NN"
146770,"IN"
146771,"NNP"
146772,"IN"
146773,"CD"
146774,"CC"
146775,"VBD"
146776,"NN"
146777,"JJ"
146778,"NNP"
146779,"."
146780,"IN"
146781,"NNP"
146782,","
146783,"NNP"
146784,"NNP"
146785,"VBD"
146786,"NN"
146787,"IN"
146788,"PRP$"
146789,"JJ"
146790,"NN"
146791,"."
146792,"PRP"
146793,"VBD"
146794,"DT"
146795,"NN"
146796,"NN"
146797,"IN"
146798,"DT"
146799,"NN"
146800,"IN"
146801,"NNP"
146802,"NNP"
146803,"IN"
146804,"$"
146805,"CD"
146806,"CD"
146807,","
146808,"WDT"
146809,"VBD"
146810,"VB"
146811,"DT"
146812,"NN"
146813,"POS"
146814,"NN"
146815,"NN"
146816,"."
146817,"NNS"
146818,"VBD"
146819,"TO"
146820,"DT"
146821,"JJ"
146822,"$"
146823,"CD"
146824,"CD"
146825,"IN"
146826,"JJ"
146827,"CD"
146828,","
146829,"VBN"
146830,"NNP"
146831,"CD"
146832,","
146833,"IN"
146834,"$"
146835,"CD"
146836,"CD"
146837,"IN"
146838,"JJ"
146839,"CD"
146840,"."
146841,"DT"
146842,"NN"
146843,"VBZ"
146844,"IN"
146845,"NNS"
146846,","
146847,"WDT"
146848,"VBP"
146849,"VBD"
146850,"RB"
146851,"RB"
146852,"IN"
146853,"JJ"
146854,"NNS"
146855,","
146856,"VBN"
146857,"IN"
146858,"$"
146859,"CD"
146860,"CD"
146861,","
146862,"CC"
146863,"$"
146864,"CD"
146865,"DT"
146866,"NN"
146867,","
146868,"IN"
146869,"DT"
146870,"JJ"
146871,"NN"
146872,"RB"
146873,"VBD"
146874,","
146875,"RP"
146876,"IN"
146877,"$"
146878,"CD"
146879,"CD"
146880,"IN"
146881,"JJ"
146882,"CD"
146883,"CC"
146884,"$"
146885,"CD"
146886,"CD"
146887,"IN"
146888,"CD"
146889,"."
146890,"O"
146891,"NNP"
146892,","
146893,"PRP"
146894,"VBD"
146895,"RB"
146896,"NNP"
146897,"NNP"
146898,"."
146899,"CC"
146900,"IN"
146901,"DT"
146902,"NNP"
146903,"NNP"
146904,"NNP"
146905,"NNP"
146906,"VBD"
146907,"RB"
146908,"VB"
146909,"RB"
146910,"NNP"
146911,"IN"
146912,"DT"
146913,"NNP"
146914,"NNP"
146915,"NNP"
146916,"NNP"
146917,"VBD"
146918,"CD"
146919,"NNS"
146920,":"
146921,"JJS"
146922,"IN"
146923,"PRP"
146924,"IN"
146925,"DT"
146926,"JJ"
146927,"NN"
146928,":"
146929,"PRP"
146930,"RB"
146931,"VBD"
146932,"TO"
146933,"VB"
146934,"DT"
146935,"NN"
146936,"IN"
146937,"NN"
146938,"."
146939,"DT"
146940,"``"
146941,"NN"
146942,"NNS"
146943,"''"
146944,"VBN"
146945,"IN"
146946,"DT"
146947,"NNP"
146948,"CD"
146949,"NN"
146950,"VBD"
146951,"PRP$"
146952,"JJ"
146953,"NN"
146954,","
146955,"NNS"
146956,"VBP"
146957,","
146958,"JJ"
146959,"TO"
146960,"VB"
146961,"DT"
146962,"NN"
146963,"NN"
146964,"IN"
146965,"DT"
146966,"NNS"
146967,"CC"
146968,"NNS"
146969,"."
146970,"DT"
146971,"CD"
146972,"NN"
146973,"NN"
146974,"NNS"
146975,"IN"
146976,"DT"
146977,"NNP"
146978,"NNP"
146979,"NN"
146980,":"
146981,"DT"
146982,"NNS"
146983,"CC"
146984,"NNS"
146985,"IN"
146986,"JJ"
146987,"NN"
146988,"WP"
146989,"VBD"
146990,"VBN"
146991,"IN"
146992,"DT"
146993,"CD"
146994,"NN"
146995,":"
146996,"RB"
146997,"RB"
146998,"MD"
146999,"RB"
147000,"VB"
147001,"DT"
147002,"NN"
147003,"NN"
147004,"."
147005,"JJ"
147006,"NN"
147007,"NNS"
147008,"VBD"
147009,"TO"
147010,"VB"
147011,"RB"
147012,"TO"
147013,"DT"
147014,"NN"
147015,"TO"
147016,"VB"
147017,"DT"
147018,"JJ"
147019,"NN"
147020,"NNS"
147021,"IN"
147022,"VBG"
147023,"JJ"
147024,"NNS"
147025,"IN"
147026,"NN"
147027,","
147028,"NNS"
147029,"VBP"
147030,"."
147031,"JJ"
147032,"NN"
147033,"IN"
147034,"NNP"
147035,"CC"
147036,"NNP"
147037,"POS"
147038,"JJ"
147039,"NN"
147040,"NNS"
147041,"IN"
147042,"NNP"
147043,"NNP"
147044,"VBD"
147045,"NNS"
147046,"RB"
147047,"."
147048,"NNP"
147049,"NNP"
147050,"NNP"
147051,"NNS"
147052,":"
147053,"NNP"
147054,","
147055,"NNP"
147056,","
147057,"NNP"
147058,","
147059,"NNP"
147060,"NNP"
147061,","
147062,"NNP"
147063,"NNP"
147064,","
147065,"NNP"
147066,"NNP"
147067,"CC"
147068,"NNP"
147069,"NNP"
147070,"NNP"
147071,":"
147072,"VBD"
147073,"NN"
147074,"CC"
147075,"RB"
147076,"VBD"
147077,"."
147078,"DT"
147079,"NN"
147080,"VBZ"
147081,"RB"
147082,"VBN"
147083,"."
147084,"``"
147085,"DT"
147086,"NN"
147087,"NN"
147088,"VBD"
147089,"CD"
147090,"."
147091,"RB"
147092,"RB"
147093,"("
147094,"DT"
147095,"NNS"
147096,")"
147097,"VBD"
147098,"RB"
147099,"JJ"
147100,"TO"
147101,"VB"
147102,"DT"
147103,"NNS"
147104,"IN"
147105,"DT"
147106,"NN"
147107,"IN"
147108,"DT"
147109,"NNP"
147110,"NNP"
147111,"NNP"
147112,"NNP"
147113,","
147114,"''"
147115,"VBD"
147116,"NNP"
147117,"NNP"
147118,","
147119,"JJ"
147120,"NN"
147121,"NN"
147122,"IN"
147123,"NNP"
147124,"NNP"
147125,"NNP"
147126,"."
147127,"NNP"
147128,"NNP"
147129,"NNP"
147130,","
147131,"NN"
147132,"IN"
147133,"NNS"
147134,"NNP"
147135,"NNP"
147136,"NNP"
147137,":"
147138,"``"
147139,"PRP"
147140,"VBZ"
147141,"JJ"
147142,"TO"
147143,"VB"
147144,"DT"
147145,"NN"
147146,"VBZ"
147147,"RB"
147148,"VBG"
147149,"PRP$"
147150,"NN"
147151,"."
147152,"WRB"
147153,"DT"
147154,"NN"
147155,"VBZ"
147156,"IN"
147157,"DT"
147158,"NN"
147159,","
147160,"RB"
147161,"JJ"
147162,"NNS"
147163,"MD"
147164,"RB"
147165,"VB"
147166,"PRP"
147167,"."
147168,"NNS"
147169,"VBP"
147170,"VBG"
147171,"IN"
147172,"DT"
147173,"NN"
147174,"IN"
147175,"NN"
147176,"WDT"
147177,"VBZ"
147178,"RB"
147179,"RB"
147180,"IN"
147181,"DT"
147182,"NN"
147183,"."
147184,"''"
147185,"JJ"
147186,"NN"
147187,"NNS"
147188,"CC"
147189,"DT"
147190,"NNS"
147191,"VBD"
147192,"RB"
147193,"VBN"
147194,"PRP$"
147195,"NNS"
147196,"JJ"
147197,"NNP"
147198,"NN"
147199,"IN"
147200,"DT"
147201,"JJ"
147202,"NN"
147203,"NN"
147204,":"
147205,"IN"
147206,"DT"
147207,"NN"
147208,"NN"
147209,"VBD"
147210,"RB"
147211,"JJ"
147212,"."
147213,"RB"
147214,"IN"
147215,"DT"
147216,"JJ"
147217,"NN"
147218,","
147219,"DT"
147220,"NNP"
147221,"NNP"
147222,"NNS"
147223,"IN"
147224,"RB"
147225,"DT"
147226,"NN"
147227,"VBD"
147228,"IN"
147229,"DT"
147230,"NN"
147231,"IN"
147232,"PRP$"
147233,"NNS"
147234,"DT"
147235,"NN"
147236,","
147237,"VBG"
147238,"IN"
147239,"DT"
147240,"NN"
147241,","
147242,"CC"
147243,"CD"
147244,"NN"
147245,","
147246,"NN"
147247,"IN"
147248,"DT"
147249,"NN"
147250,"IN"
147251,"JJ"
147252,"NN"
147253,"NN"
147254,"."
147255,"JJ"
147256,"NN"
147257,"VBD"
147258,"TO"
147259,"CD"
147260,"CD"
147261,"NNS"
147262,","
147263,"DT"
147264,"NN"
147265,"IN"
147266,"DT"
147267,"NNP"
147268,"NNP"
147269,"."
147270,"IN"
147271,"DT"
147272,"NN"
147273,"IN"
147274,"DT"
147275,"NN"
147276,","
147277,"CD"
147278,"CD"
147279,"NNS"
147280,"VBD"
147281,"VBN"
147282,"."
147283,"DT"
147284,"NNP"
147285,"NNP"
147286,"NNS"
147287,"VBD"
147288,"IN"
147289,"CD"
147290,"."
147291,"DT"
147292,"NNP"
147293,"POS"
147294,"NN"
147295,"VBD"
147296,"JJ"
147297,"IN"
147298,"NN"
147299,"NNS"
147300,"RB"
147301,"TO"
147302,"DT"
147303,"JJ"
147304,"NNP"
147305,"NNP"
147306,"NN"
147307,"WDT"
147308,"VBD"
147309,"NNP"
147310,"CD"
147311,","
147312,"CD"
147313,"."
147314,"IN"
147315,"NN"
147316,"NNS"
147317,","
147318,"RB"
147319,","
147320,"DT"
147321,"NNP"
147322,"POS"
147323,"NN"
147324,"VBD"
147325,"DT"
147326,"NN"
147327,"RB"
147328,"CC"
147329,"DT"
147330,"NN"
147331,"IN"
147332,"DT"
147333,"NN"
147334,"VBD"
147335,"CD"
147336,","
147337,"CC"
147338,"CD"
147339,"NN"
147340,","
147341,"DT"
147342,"NN"
147343,"IN"
147344,"NNP"
147345,"NNP"
147346,"."
147347,"NNP"
147348,"NNP"
147349,"VBD"
147350,"CD"
147351,"NN"
147352,"IN"
147353,"NNP"
147354,"NNP"
147355,"."
147356,"NNS"
147357,"IN"
147358,"NNP"
147359,","
147360,"DT"
147361,"NN"
147362,"IN"
147363,"NNP"
147364,"NNP"
147365,","
147366,"VBD"
147367,"RB"
147368,"JJ"
147369,"DT"
147370,"NN"
147371,"NNP"
147372,","
147373,"VBG"
147374,"TO"
147375,"NN"
147376,"CC"
147377,"NNS"
147378,"IN"
147379,"DT"
147380,"JJ"
147381,"$"
147382,"CD"
147383,"CD"
147384,"NN"
147385,"IN"
147386,"DT"
147387,"NN"
147388,"IN"
147389,"DT"
147390,"JJ"
147391,"NN"
147392,"."
147393,"NNP"
147394,"NNP"
147395,"POS"
147396,"JJ"
147397,"NNS"
147398,","
147399,"CC"
147400,"``"
147401,"NN"
147402,"NNS"
147403,","
147404,"''"
147405,"VBD"
147406,"VBN"
147407,"RB"
147408,"JJ"
147409,"NNS"
147410,"IN"
147411,"DT"
147412,"NN"
147413,"MD"
147414,"VB"
147415,"NNP"
147416,"NNP"
147417,"NN"
147418,"MD"
147419,"VB"
147420,"."
147421,"IN"
147422,"JJ"
147423,"NN"
147424,"NNP"
147425,","
147426,"VBD"
147427,"DT"
147428,"JJ"
147429,"NN"
147430,":"
147431,"DT"
147432,"NNP"
147433,"NNP"
147434,"VBD"
147435,"JJ"
147436,"NN"
147437,"IN"
147438,"NNP"
147439,","
147440,"``"
147441,"JJ"
147442,"NN"
147443,"."
147444,"''"
147445,"IN"
147446,"DT"
147447,"NN"
147448,"NN"
147449,","
147450,"``"
147451,"RB"
147452,"RB"
147453,"IN"
147454,"NNP"
147455,"VBD"
147456,"NN"
147457,","
147458,"PRP"
147459,"VBD"
147460,"IN"
147461,"DT"
147462,"NN"
147463,","
147464,"''"
147465,"VBD"
147466,"CD"
147467,"JJ"
147468,"NN"
147469,"NN"
147470,"."
147471,"JJ"
147472,"NNS"
147473,"MD"
147474,"VB"
147475,"VBN"
147476,"VBG"
147477,"PRP$"
147478,"NNS"
147479,"WRB"
147480,"DT"
147481,"NN"
147482,"VBD"
147483,"."
147484,"IN"
147485,"NNS"
147486,","
147487,"DT"
147488,"NN"
147489,"VBD"
147490,"VBN"
147491,"JJ"
147492,"IN"
147493,"NNS"
147494,","
147495,"IN"
147496,"NNP"
147497,"NNP"
147498,"POS"
147499,"NN"
147500,"NN"
147501,"VBN"
147502,"NN"
147503,"IN"
147504,"DT"
147505,"NNS"
147506,"IN"
147507,"NN"
147508,"RB"
147509,"JJ"
147510,"NNS"
147511,"."
147512,"CC"
147513,"CD"
147514,"NNS"
147515,"IN"
147516,"DT"
147517,"NNP"
147518,"NN"
147519,"NN"
147520,"VBD"
147521,"NN"
147522,"IN"
147523,"DT"
147524,"NNP"
147525,"NN"
147526,"MD"
147527,"RB"
147528,"VB"
147529,"NN"
147530,"IN"
147531,"PRP$"
147532,"NN"
147533,"."
147534,"IN"
147535,"DT"
147536,"NN"
147537,","
147538,"DT"
147539,"NNP"
147540,"VBD"
147541,"RB"
147542,"IN"
147543,"CD"
147544,"NNS"
147545,"."
147546,"DT"
147547,"NN"
147548,"VBD"
147549,"."
147550,"NNP"
147551,"MD"
147552,"RB"
147553,"VB"
147554,"PRP$"
147555,"NNP"
147556,"NN"
147557,":"
147558,"CC"
147559,"PRP"
147560,"VB"
147561,"PRP"
147562,"IN"
147563,"RB"
147564,"DT"
147565,"``"
147566,"NN"
147567,"''"
147568,"NN"
147569,"PRP"
147570,"VBD"
147571,"."
147572,"IN"
147573,"NN"
147574,","
147575,"PRP$"
147576,"NN"
147577,"VBD"
147578,"NN"
147579,"NNS"
147580,"TO"
147581,"VB"
147582,"VBN"
147583,"IN"
147584,"NNP"
147585,"NNP"
147586,","
147587,"WDT"
147588,"VBD"
147589,"RP"
147590,"LS"
147591,"CD"
147592,"TO"
147593,"CD"
147594,"CD"
147595,","
147596,"NNP"
147597,"NNP"
147598,"NNP"
147599,","
147600,"WDT"
147601,"VBD"
147602,"CD"
147603,"CD"
147604,"TO"
147605,"CD"
147606,"CD"
147607,","
147608,"CC"
147609,"NNP"
147610,"NNP"
147611,","
147612,"WDT"
147613,"VBD"
147614,"CD"
147615,"TO"
147616,"CD"
147617,"CD"
147618,"."
147619,"DT"
147620,"NNS"
147621,"RB"
147622,"VBD"
147623,"."
147624,"CC"
147625,"IN"
147626,"NN"
147627,"NN"
147628,","
147629,"NNS"
147630,"VBD"
147631,"TO"
147632,"VB"
147633,"JJ"
147634,"NNS"
147635,"JJ"
147636,"IN"
147637,"NNP"
147638,"NNP"
147639,"CC"
147640,"NNP"
147641,"NNP"
147642,"NNP"
147643,"TO"
147644,"VB"
147645,"PRP$"
147646,"NNS"
147647,"."
147648,"WRB"
147649,"NN"
147650,"VBD"
147651,"VBN"
147652,"IN"
147653,"NNP"
147654,"NNP"
147655,","
147656,"DT"
147657,"NN"
147658,"VBD"
147659,"NN"
147660,"IN"
147661,"CD"
147662,","
147663,"RB"
147664,"CD"
147665,"CD"
147666,","
147667,"IN"
147668,"NNP"
147669,"VBD"
147670,"CD"
147671,"CD"
147672,"JJR"
147673,"IN"
147674,"CD"
147675,"."
147676,"NNP"
147677,"VBD"
147678,"IN"
147679,"IN"
147680,"NNS"
147681,"IN"
147682,"JJ"
147683,"``"
147684,"NN"
147685,"''"
147686,"NNS"
147687,","
147688,"WDT"
147689,"VBP"
147690,"VBN"
147691,"IN"
147692,"NN"
147693,"WRB"
147694,"NNS"
147695,"VBP"
147696,"TO"
147697,"JJ"
147698,"NNS"
147699,"."
147700,"JJS"
147701,"IN"
147702,"DT"
147703,"NN"
147704,"NN"
147705,"NN"
147706,"VBD"
147707,"IN"
147708,"NNP"
147709,"NNP"
147710,"NNS"
147711,","
147712,"VBG"
147713,"JJ"
147714,"NN"
147715,"NNS"
147716,"."
147717,"NNS"
147718,"VBD"
147719,"JJS"
147720,"IN"
147721,"PRP$"
147722,"JJ"
147723,"JJ"
147724,"NNS"
147725,","
147726,"IN"
147727,"DT"
147728,"JJ"
147729,"NN"
147730,","
147731,"VBD"
147732,"JJ"
147733,"."
147734,"RB"
147735,","
147736,"IN"
147737,"NNP"
147738,","
147739,"CD"
147740,"IN"
147741,"DT"
147742,"NN"
147743,"POS"
147744,"JJ"
147745,"``"
147746,"NNS"
147747,"''"
147748,"VBD"
147749,"VB"
147750,"IN"
147751,"DT"
147752,"NNP"
147753,"CD"
147754,"NNS"
147755,"NN"
147756,"VBD"
147757,"VBN"
147758,"CD"
147759,"NNS"
147760,","
147761,"JJ"
147762,"TO"
147763,"RP"
147764,"DT"
147765,"JJ"
147766,"NN"
147767,"IN"
147768,"DT"
147769,"NNP"
147770,"NNS"
147771,"."
147772,"IN"
147773,"DT"
147774,"NN"
147775,"VBN"
147776,"IN"
147777,"DT"
147778,"NNP"
147779,"NNP"
147780,"CC"
147781,"DT"
147782,"NNP"
147783,"NNP"
147784,"NNP"
147785,","
147786,"NN"
147787,"VBD"
147788,"RB"
147789,"VBN"
147790,"IN"
147791,"NNP"
147792,"."
147793,"IN"
147794,"DT"
147795,"NN"
147796,"NN"
147797,"IN"
147798,"DT"
147799,"NNP"
147800,"CD"
147801,"NN"
147802,"IN"
147803,"NNP"
147804,","
147805,"NNS"
147806,"IN"
147807,"NN"
147808,"VBD"
147809,"TO"
147810,"VB"
147811,"NNS"
147812,"PRP"
147813,"IN"
147814,"DT"
147815,"NNP"
147816,"NNP"
147817,","
147818,"CC"
147819,"NNS"
147820,"VBD"
147821,"TO"
147822,"VB"
147823,"NNS"
147824,"RB"
147825,"."
147826,"IN"
147827,"DT"
147828,"NN"
147829,","
147830,"DT"
147831,"NN"
147832,"IN"
147833,"DT"
147834,"NNS"
147835,"CC"
147836,"NN"
147837,"NNS"
147838,"VBD"
147839,"RB"
147840,"."
147841,"IN"
147842,"DT"
147843,"NN"
147844,"IN"
147845,"JJ"
147846,"NNS"
147847,":"
147848,"DT"
147849,"NN"
147850,"IN"
147851,"WRB"
147852,"NNS"
147853,"VBP"
147854,"DT"
147855,"JJ"
147856,"NN"
147857,"NN"
147858,"VBZ"
147859,"VBN"
147860,":"
147861,"JJ"
147862,"NNS"
147863,"VBD"
147864,"JJ"
147865,"TO"
147866,"VB"
147867,"NN"
147868,"NNS"
147869,"VBN"
147870,"IN"
147871,"DT"
147872,"NNP"
147873,"NNP"
147874,"."
147875,"DT"
147876,"NNS"
147877,"NN"
147878,"VBD"
147879,"RB"
147880,"VBN"
147881,"IN"
147882,"NNP"
147883,"NNP"
147884,"NN"
147885,"NNS"
147886,"."
147887,"``"
147888,"PRP"
147889,"VBD"
147890,"NNS"
147891,"RB"
147892,","
147893,"''"
147894,"VBD"
147895,"CD"
147896,"JJ"
147897,"NN"
147898,"."
147899,"DT"
147900,"NN"
147901,"RB"
147902,"VBD"
147903,"CD"
147904,"NN"
147905,"IN"
147906,"NN"
147907,"NN"
147908,","
147909,"NN"
147910,"NN"
147911,"NN"
147912,","
147913,"WDT"
147914,"RB"
147915,"VBZ"
147916,"DT"
147917,"NNS"
147918,"CC"
147919,"NN"
147920,"NNS"
147921,","
147922,"CC"
147923,"VBZ"
147924,"VBN"
147925,"VBN"
147926,"IN"
147927,"DT"
147928,"IN"
147929,"DT"
147930,"NN"
147931,"POS"
147932,"JJ"
147933,"NNS"
147934,"."
147935,"("
147936,"IN"
147937,"DT"
147938,"JJ"
147939,"NN"
147940,"NN"
147941,"NN"
147942,","
147943,"NNS"
147944,"VB"
147945,"CC"
147946,"VB"
147947,"JJ"
147948,"NNS"
147949,"IN"
147950,"NNS"
147951,"CC"
147952,"VB"
147953,"DT"
147954,"NN"
147955,"IN"
147956,"NNS"
147957,"TO"
147958,"VB"
147959,"IN"
147960,"DT"
147961,"NN"
147962,"NN"
147963,"."
147964,")"
147965,"``"
147966,"WRB"
147967,"DT"
147968,"NN"
147969,"NN"
147970,"VBD"
147971,"RB"
147972,","
147973,"PRP"
147974,"VBD"
147975,"DT"
147976,"NN"
147977,"PRP"
147978,"VBD"
147979,"IN"
147980,"DT"
147981,"NN"
147982,","
147983,"''"
147984,"VBD"
147985,"DT"
147986,"NN"
147987,"NN"
147988,"IN"
147989,"NN"
147990,"IN"
147991,"DT"
147992,"JJS"
147993,"JJ"
147994,"NNS"
147995,"."
147996,"``"
147997,"PRP"
147998,"VBD"
147999,"RB"
148000,"RB"
148001,"VB"
148002,"DT"
148003,"NN"
148004,"TO"
148005,"VB"
148006,"DT"
148007,"NNS"
148008,"PRP"
148009,"VBD"
148010,"TO"
148011,"VB"
148012,"."
148013,"''"
148014,"CC"
148015,"NNS"
148016,"VBD"
148017,"VBG"
148018,"."
148019,"DT"
148020,"NNP"
148021,"NNS"
148022,"VBD"
148023,"RB"
148024,"CD"
148025,"NNS"
148026,"IN"
148027,"CD"
148028,"NN"
148029,"IN"
148030,"DT"
148031,"JJ"
148032,"NN"
148033,"."
148034,"IN"
148035,"CD"
148036,"NN"
148037,","
148038,"IN"
148039,"DT"
148040,"NN"
148041,"IN"
148042,"DT"
148043,"``"
148044,"VBG"
148045,"RP"
148046,"''"
148047,"NN"
148048,","
148049,"DT"
148050,"NN"
148051,"VBD"
148052,"RB"
148053,"CD"
148054,"NNS"
148055,"."
148056,"RB"
148057,","
148058,"IN"
148059,"DT"
148060,"NNP"
148061,"NNP"
148062,"NN"
148063,"NN"
148064,","
148065,"NNP"
148066,"NNS"
148067,"VBP"
148068,"NNS"
148069,"VBD"
148070,"VBG"
148071,"RB"
148072,","
148073,"IN"
148074,"NNS"
148075,"IN"
148076,"NNP"
148077,"NNP"
148078,"VBD"
148079,"VBG"
148080,"RB"
148081,"."
148082,"NNP"
148083,"NNP"
148084,"NNP"
148085,"NNP"
148086,"NNP"
148087,"NNP"
148088,"VBD"
148089,"RB"
148090,"DT"
148091,"NN"
148092,"NN"
148093,"``"
148094,"VBD"
148095,"RB"
148096,"RB"
148097,"."
148098,"PRP"
148099,"RB"
148100,"VBP"
148101,"PRP"
148102,"VBZ"
148103,"JJ"
148104,"IN"
148105,"DT"
148106,"NN"
148107,"TO"
148108,"VB"
148109,"IN"
148110,"DT"
148111,"NN"
148112,"IN"
148113,"NN"
148114,"NN"
148115,"MD"
148116,"VB"
148117,"VBN"
148118,"CC"
148119,"VBN"
148120,"NNS"
148121,"."
148122,"''"
148123,"IN"
148124,"DT"
148125,"JJ"
148126,"NN"
148127,","
148128,"NNP"
148129,"NNP"
148130,"NNP"
148131,"NNP"
148132,"NNP"
148133,"("
148134,"NNP"
148135,"NNP"
148136,"VBD"
148137,"VBG"
148138,"TO"
148139,"NNP"
148140,"IN"
148141,"DT"
148142,"NN"
148143,"VBD"
148144,"VBG"
148145,")"
148146,"VBD"
148147,"VBG"
148148,"IN"
148149,"DT"
148150,"``"
148151,"JJ"
148152,"JJ"
148153,"NN"
148154,"''"
148155,"TO"
148156,"DT"
148157,"JJ"
148158,"NNS"
148159,","
148160,"DT"
148161,"NNP"
148162,"CC"
148163,"NNP"
148164,"NNP"
148165,"CC"
148166,"DT"
148167,"NNP"
148168,"NNP"
148169,"NNP"
148170,"."
148171,"PRP"
148172,"VBD"
148173,"RB"
148174,"IN"
148175,"DT"
148176,"JJ"
148177,"NN"
148178,"NN"
148179,"IN"
148180,"DT"
148181,"NN"
148182,"IN"
148183,"DT"
148184,"NNP"
148185,"NNP"
148186,","
148187,"WRB"
148188,"PRP"
148189,"MD"
148190,"VB"
148191,"NNS"
148192,"IN"
148193,"NNS"
148194,"CC"
148195,"JJ"
148196,"NN"
148197,"NNS"
148198,"."
148199,"IN"
148200,"IN"
148201,"CD"
148202,"NN"
148203,"NNP"
148204,","
148205,"NNP"
148206,"NNS"
148207,"VBD"
148208,"NN"
148209,","
148210,"CC"
148211,"IN"
148212,"DT"
148213,"JJ"
148214,"NN"
148215,"DT"
148216,"NNS"
148217,"CC"
148218,"NN"
148219,"NNS"
148220,"VBD"
148221,"TO"
148222,"VB"
148223,"RB"
148224,"IN"
148225,"NN"
148226,"."
148227,"NNS"
148228,"VBD"
148229,"RP"
148230,"TO"
148231,"DT"
148232,"NNS"
148233,"NN"
148234,"."
148235,"CC"
148236,"DT"
148237,"NN"
148238,"IN"
148239,"NN"
148240,"NNS"
148241,"VBP"
148242,"NNS"
148243,"VBN"
148244,"IN"
148245,"DT"
148246,"NN"
148247,","
148248,"CC"
148249,"DT"
148250,"NN"
148251,"IN"
148252,"NNS"
148253,"VBD"
148254,"TO"
148255,"NN"
148256,"RB"
148257,"."
148258,"IN"
148259,"IN"
148260,"NNP"
148261,","
148262,"DT"
148263,"NNP"
148264,"NN"
148265,"VBD"
148266,"TO"
148267,"RB"
148268,"DT"
148269,"NN"
148270,","
148271,"IN"
148272,"CD"
148273,"NNS"
148274,"RB"
148275,","
148276,"CC"
148277,"NN"
148278,"VBD"
148279,"VBN"
148280,"RB"
148281,"."
148282,"NNP"
148283,"NNS"
148284,"VBP"
148285,"DT"
148286,"NN"
148287,"VBD"
148288,"VBG"
148289,"IN"
148290,"DT"
148291,"NNP"
148292,"MD"
148293,"VB"
148294,"RB"
148295,"JJ"
148296,"IN"
148297,"CD"
148298,"NNS"
148299,"."
148300,"IN"
148301,"DT"
148302,"NN"
148303,","
148304,"JJ"
148305,"NNS"
148306,"VBD"
148307,"VBG"
148308,"PRP$"
148309,"NNS"
148310,","
148311,"VBG"
148312,"IN"
148313,"DT"
148314,"NN"
148315,"VBD"
148316,"VBN"
148317,"."
148318,"IN"
148319,"NNP"
148320,"NNP"
148321,"NNP"
148322,","
148323,"WDT"
148324,"VBZ"
148325,"VBG"
148326,"TO"
148327,"VB"
148328,"TO"
148329,"JJ"
148330,"NNS"
148331,","
148332,"DT"
148333,"JJ"
148334,"NNS"
148335,"VBD"
148336,"DT"
148337,"MD"
148338,"VB"
148339,"DT"
148340,"JJ"
148341,"NN"
148342,"."
148343,"DT"
148344,"VBZ"
148345,"WRB"
148346,"NNP"
148347,"NNP"
148348,"NNP"
148349,","
148350,"NN"
148351,"IN"
148352,"DT"
148353,"NNP"
148354,"NNP"
148355,"NNP"
148356,"IN"
148357,"NNP"
148358,"NN"
148359,","
148360,"VBD"
148361,"TO"
148362,"DT"
148363,"JJ"
148364,"NN"
148365,"NN"
148366,"TO"
148367,"VB"
148368,"IN"
148369,"DT"
148370,"NN"
148371,"VBD"
148372,"RB"
148373,"``"
148374,"JJ"
148375,"."
148376,"''"
148377,"``"
148378,"PRP"
148379,"VBP"
148380,"DT"
148381,"NN"
148382,"IN"
148383,"DT"
148384,"JJ"
148385,"NN"
148386,"NN"
148387,"VBZ"
148388,"NN"
148389,"``"
148390,"RBR"
148391,"NNP"
148392,"RB"
148393,"JJR"
148394,"."
148395,"''"
148396,"PRP"
148397,"MD"
148398,"VB"
148399,"PRP$"
148400,"NN"
148401,"TO"
148402,"VB"
148403,"NNS"
148404,"RB"
148405,"TO"
148406,"VB"
148407,","
148408,"TO"
148409,"VB"
148410,"IN"
148411,"DT"
148412,"NN"
148413,"TO"
148414,"VB"
148415,","
148416,"''"
148417,"NNP"
148418,"NNP"
148419,"VBD"
148420,"DT"
148421,"NNS"
148422,"."
148423,"IN"
148424,"NNP"
148425,"NNP"
148426,"CC"
148427,"NNP"
148428,","
148429,"DT"
148430,"NN"
148431,"POS"
148432,"JJS"
148433,"NN"
148434,"NN"
148435,","
148436,"DT"
148437,"NN"
148438,"NN"
148439,"VBD"
148440,"VBN"
148441,"VBN"
148442,"``"
148443,"NNP"
148444,"NNP"
148445,"NNS"
148446,"IN"
148447,"NNP"
148448,"NNP"
148449,"."
148450,"''"
148451,"DT"
148452,"NN"
148453,"VBD"
148454,"IN"
148455,"``"
148456,"EX"
148457,"VBP"
148458,"JJ"
148459,"NNS"
148460,"IN"
148461,"DT"
148462,"JJ"
148463,"NN"
148464,"CC"
148465,"IN"
148466,"IN"
148467,"NNP"
148468,"CD"
148469,"''"
148470,"CC"
148471,"WDT"
148472,"EX"
148473,"VBP"
148474,"RB"
148475,"``"
148476,"JJ"
148477,"NN"
148478,"NNS"
148479,"''"
148480,"IN"
148481,"DT"
148482,"NN"
148483,"NN"
148484,"."
148485,"RB"
148486,","
148487,"NNP"
148488,"NNP"
148489,"NNP"
148490,","
148491,"NN"
148492,"IN"
148493,"NNP"
148494,"NNP"
148495,"NNP"
148496,"NNP"
148497,","
148498,"VBD"
148499,"IN"
148500,"NNP"
148501,"POS"
148502,"NN"
148503,"VBZ"
148504,"``"
148505,"VBG"
148506,"TO"
148507,"VB"
148508,"RP"
148509,"''"
148510,"NNS"
148511,"IN"
148512,"NNS"
148513,","
148514,"``"
148515,"IN"
148516,"PRP"
148517,"VBZ"
148518,"DT"
148519,"NN"
148520,"IN"
148521,"NN"
148522,"."
148523,"CC"
148524,"PRP"
148525,"VBP"
148526,"DT"
148527,"NN"
148528,"IN"
148529,"NNS"
148530,"MD"
148531,"NN"
148532,"IN"
148533,"NN"
148534,"NN"
148535,"."
148536,"PRP"
148537,"VBZ"
148538,"VBG"
148539,"TO"
148540,"VB"
148541,"DT"
148542,"NN"
148543,"NN"
148544,"NN"
148545,"TO"
148546,"DT"
148547,"NN"
148548,"."
148549,"''"
148550,"IN"
148551,"DT"
148552,"NNP"
148553,"NN"
148554,"NN"
148555,"TO"
148556,"PRP$"
148557,"JJ"
148558,"CD"
148559,"NN"
148560,"NNP"
148561,","
148562,"DT"
148563,"NNP"
148564,"NN"
148565,"VBD"
148566,"VBN"
148567,"IN"
148568,"PRP$"
148569,"JJ"
148570,"NN"
148571,"NN"
148572,"."
148573,"NNP"
148574,"NNP"
148575,"IN"
148576,"NN"
148577,"NN"
148578,"NNP"
148579,"NNP"
148580,"NNP"
148581,"VBD"
148582,"CD"
148583,"NN"
148584,"NNS"
148585,"VBD"
148586,"IN"
148587,"NN"
148588,"IN"
148589,"DT"
148590,"NN"
148591,","
148592,"DT"
148593,"NN"
148594,"IN"
148595,"$"
148596,"CD"
148597,"CD"
148598,"IN"
148599,"NN"
148600,"."
148601,"CC"
148602,"EX"
148603,"VBD"
148604,"DT"
148605,"NNS"
148606,"."
148607,"IN"
148608,"NNP"
148609,"POS"
148610,"NN"
148611,"VBD"
148612,"RB"
148613,"JJ"
148614,"NNS"
148615,"RB"
148616,"IN"
148617,"NNS"
148618,","
148619,"PRP"
148620,"VBD"
148621,"DT"
148622,"NN"
148623,"JJ"
148624,"TO"
148625,"JJ"
148626,"NN"
148627,"DT"
148628,"NN"
148629,","
148630,"NNS"
148631,"VBD"
148632,"."
148633,"NN"
148634,"NNS"
148635,"NNS"
148636,"VBD"
148637,"IN"
148638,"RB"
148639,"JJR"
148640,"NNS"
148641,"IN"
148642,"NNS"
148643,"IN"
148644,"DT"
148645,"NN"
148646,"NN"
148647,"PRP"
148648,"."
148649,"IN"
148650,"DT"
148651,"NNS"
148652,","
148653,"NNS"
148654,"VBP"
148655,"VBN"
148656,"RB"
148657,"TO"
148658,"VB"
148659,"VBN"
148660,"IN"
148661,"NN"
148662,"NNS"
148663,","
148664,"WP"
148665,"VBP"
148666,"IN"
148667,"NNS"
148668,"IN"
148669,"NN"
148670,"NNS"
148671,"WRB"
148672,"NNS"
148673,"NNS"
148674,"NN"
148675,","
148676,"CC"
148677,"RB"
148678,"VB"
148679,"RP"
148680,"NNS"
148681,"."
148682,"CC"
148683,"NN"
148684,"VBZ"
148685,"IN"
148686,"WP"
148687,"VBP"
148688,"DT"
148689,"NNS"
148690,"CC"
148691,"NNS"
148692,"MD"
148693,"VB"
148694,"NN"
148695,"."
148696,"DT"
148697,"NN"
148698,"IN"
148699,"DT"
148700,"NN"
148701,"CC"
148702,"NNS"
148703,"NNS"
148704,"NNP"
148705,"MD"
148706,"RB"
148707,"VB"
148708,"JJ"
148709,"NN"
148710,"IN"
148711,"IN"
148712,"NNP"
148713,"NNP"
148714,"VBZ"
148715,"RB"
148716,"VBN"
148717,"IN"
148718,"DT"
148719,"NN"
148720,"NN"
148721,"."
148722,"DT"
148723,"NNP"
148724,"NNP"
148725,"POS"
148726,"NNP"
148727,"NNP"
148728,"VBD"
148729,","
148730,"``"
148731,"PRP$"
148732,"JJ"
148733,"NN"
148734,"VBD"
148735,"JJ"
148736,"."
148737,"''"
148738,"CC"
148739,"DT"
148740,"NN"
148741,"MD"
148742,"``"
148743,"VB"
148744,"IN"
148745,"DT"
148746,"NN"
148747,"IN"
148748,"DT"
148749,"NNS"
148750,"IN"
148751,"DT"
148752,"NNS"
148753,"."
148754,"RB"
148755,"PRP"
148756,"MD"
148757,"VB"
148758,"DT"
148759,"JJ"
148760,"NN"
148761,"IN"
148762,"DT"
148763,"NN"
148764,"IN"
148765,"WDT"
148766,"PRP"
148767,"VBP"
148768,"DT"
148769,"NN"
148770,"NNS"
148771,"VBD"
148772,"RB"
148773,"VBN"
148774,","
148775,"''"
148776,"PRP"
148777,"VBD"
148778,"."
148779,"("
148780,"VB"
148781,"VBN"
148782,"NN"
148783,":"
148784,"``"
148785,"NNP"
148786,"NNP"
148787,"TO"
148788,"VB"
148789,"JJ"
148790,"NNS"
148791,"''"
148792,":"
148793,"NNP"
148794,"NNP"
148795,"CD"
148796,","
148797,"CD"
148798,")"
148799,"CC"
148800,"NNS"
148801,"VBP"
148802,"RB"
148803,"IN"
148804,"RB"
148805,"RB"
148806,"IN"
148807,"DT"
148808,"CD"
148809,"NN"
148810,","
148811,"DT"
148812,"``"
148813,"NNS"
148814,"''"
148815,"NNS"
148816,":"
148817,"JJ"
148818,"NN"
148819,"NNS"
148820,"IN"
148821,"NN"
148822,"DT"
148823,"NN"
148824,"IN"
148825,"VBG"
148826,"JJ"
148827,"NNS"
148828,"IN"
148829,"NN"
148830,":"
148831,"VBN"
148832,"IN"
148833,"DT"
148834,"NNS"
148835,"IN"
148836,"NNP"
148837,"POS"
148838,"NN"
148839,"."
148840,"NNP"
148841,"NNP"
148842,"VBD"
148843,","
148844,"``"
148845,"PRP"
148846,"MD"
148847,"VB"
148848,"DT"
148849,"NN"
148850,"CC"
148851,"CD"
148852,"''"
148853,"TO"
148854,"VB"
148855,"WP"
148856,"VBD"
148857,"VBG"
148858,"CC"
148859,"VBG"
148860,"NNP"
148861,"."
148862,"O"
148863,"VBG"
148864,"PRP$"
148865,"NNP"
148866,"CD"
148867,"NN"
148868,"NN"
148869,"IN"
148870,"NNP"
148871,"NNP"
148872,"CC"
148873,"DT"
148874,"NNS"
148875,":"
148876,"PRP"
148877,"VBZ"
148878,"DT"
148879,"JJ"
148880,"CD"
148881,"NNS"
148882,"IN"
148883,"NNP"
148884,"VBZ"
148885,"VBN"
148886,"DT"
148887,"NN"
148888,"."
148889,"PRP"
148890,"VBZ"
148891,"RB"
148892,"DT"
148893,"NNP"
148894,"NNP"
148895,"IN"
148896,"NNP"
148897,"NNP"
148898,"CC"
148899,"NNP"
148900,"NNP"
148901,","
148902,"VBG"
148903,"NNP"
148904,","
148905,"NNP"
148906,"NNP"
148907,","
148908,"NNP"
148909,","
148910,"CC"
148911,":"
148912,"UH"
148913,"UH"
148914,","
148915,"NNP"
148916,","
148917,"RB"
148918,"."
148919,"RB"
148920,"VBD"
148921,"PRP"
148922,"MD"
148923,"VB"
148924,"TO"
148925,"VB"
148926,"."
148927,"NNP"
148928,"NNP"
148929,"O"
148930,"VBZ"
148931,"IN"
148932,"VB"
148933,"NNP"
148934,"VBN"
148935,"NNS"
148936,"TO"
148937,"VB"
148938,"PRP$"
148939,"VBG"
148940,"CD"
148941,"NN"
148942,"TO"
148943,"NNS"
148944,"IN"
148945,"VBD"
148946,"RB"
148947,"VBN"
148948,"."
148949,"DT"
148950,"NNS"
148951,"VBP"
148952,"TO"
148953,"DT"
148954,"NN"
148955,"IN"
148956,"CD"
148957,"DT"
148958,"NN"
148959,"IN"
148960,"NNS"
148961,"DT"
148962,"NN"
148963,"NN"
148964,"VBZ"
148965,"VBN"
148966,"DT"
148967,"NN"
148968,"IN"
148969,"NN"
148970,"IN"
148971,"DT"
148972,"NN"
148973,"."
148974,"DT"
148975,"NN"
148976,"VBD"
148977,"DT"
148978,"NN"
148979,"IN"
148980,"DT"
148981,"$"
148982,"CD"
148983,"CD"
148984,"VBN"
148985,"IN"
148986,"DT"
148987,"NNS"
148988,"MD"
148989,"VB"
148990,"VBN"
148991,"TO"
148992,"VB"
148993,"PRP$"
148994,"NN"
148995,"NN"
148996,"CC"
148997,"JJ"
148998,"NNS"
148999,"VBG"
149000,"IN"
149001,"DT"
149002,"RB"
149003,"VBN"
149004,"NN"
149005,"NNS"
149006,"."
149007,"RB"
149008,"DT"
149009,"NN"
149010,"VBD"
149011,"PRP"
149012,"MD"
149013,"VB"
149014,"PRP$"
149015,"VBG"
149016,"NN"
149017,"IN"
149018,"NNP"
149019,"NNP"
149020,"NNP"
149021,"IN"
149022,"IN"
149023,"JJ"
149024,"NN"
149025,"NNS"
149026,"."
149027,"O"
149028,"DT"
149029,"NN"
149030,"IN"
149031,"JJ"
149032,"NNS"
149033,"VBG"
149034,"IN"
149035,"NNP"
149036,"NNP"
149037,"NNP"
149038,"VBD"
149039,"PRP"
149040,"VBZ"
149041,"VBN"
149042,"DT"
149043,"$"
149044,"CD"
149045,"CD"
149046,"NN"
149047,"NN"
149048,"IN"
149049,"JJS"
149050,"IN"
149051,"NNP"
149052,"NNP"
149053,"NNP"
149054,"POS"
149055,"NN"
149056,"CC"
149057,"NN"
149058,"NNS"
149059,"."
149060,"DT"
149061,"$"
149062,"CD"
149063,"CD"
149064,"NN"
149065,"VBZ"
149066,"DT"
149067,"NN"
149068,"IN"
149069,"DT"
149070,"JJ"
149071,"$"
149072,"CD"
149073,"CD"
149074,"IN"
149075,"JJ"
149076,"NNS"
149077,"IN"
149078,"DT"
149079,"NNS"
149080,","
149081,"VBG"
149082,"TO"
149083,"DT"
149084,"NN"
149085,"DT"
149086,"NN"
149087,"."
149088,"DT"
149089,"NN"
149090,"VBZ"
149091,"VBN"
149092,"IN"
149093,"NNP"
149094,"NNP"
149095,","
149096,"JJ"
149097,"NN"
149098,"NN"
149099,"IN"
149100,"NNP"
149101,"NNP"
149102,"NNP"
149103,"IN"
149104,"NNP"
149105,","
149106,"CC"
149107,"NNP"
149108,"NNP"
149109,"NNP"
149110,","
149111,"JJ"
149112,"NN"
149113,"IN"
149114,"DT"
149115,"JJ"
149116,"NNP"
149117,"NNP"
149118,"NNP"
149119,"."
149120,"NNP"
149121,"NNP"
149122,"POS"
149123,"NN"
149124,"VBZ"
149125,"IN"
149126,"JJ"
149127,"NN"
149128,"NN"
149129,"CC"
149130,"VBZ"
149131,"TO"
149132,"VB"
149133,"$"
149134,"CD"
149135,"CD"
149136,"IN"
149137,"NNS"
149138,":"
149139,"NNP"
149140,"NNP"
149141,"VBZ"
149142,"DT"
149143,"NN"
149144,"CC"
149145,"DT"
149146,"JJ"
149147,"JJ"
149148,"NN"
149149,"IN"
149150,"NNP"
149151,"NNP"
149152,"."
149153,"``"
149154,"DT"
149155,"NNS"
149156,"VBP"
149157,"JJ"
149158,","
149159,"CC"
149160,"PRP"
149161,"VBP"
149162,"JJR"
149163,"NN"
149164,"CC"
149165,"NN"
149166,"''"
149167,"IN"
149168,"MD"
149169,"VB"
149170,"VBN"
149171,"IN"
149172,"NNP"
149173,"NNP"
149174,"POS"
149175,"JJ"
149176,"NN"
149177,","
149178,"VBD"
149179,"NNP"
149180,"NNP"
149181,"IN"
149182,"DT"
149183,"NN"
149184,"."
149185,"``"
149186,"NNP"
149187,"POS"
149188,"NN"
149189,"VBD"
149190,"TO"
149191,"VB"
149192,"CC"
149193,"VB"
149194,"."
149195,"PRP"
149196,"VBP"
149197,"TO"
149198,"VB"
149199,"CC"
149200,"VB"
149201,"."
149202,"''"
149203,"NNP"
149204,"NNP"
149205,","
149206,"VBN"
149207,"IN"
149208,"NNP"
149209,","
149210,"VBZ"
149211,"NN"
149212,"IN"
149213,"NN"
149214,"IN"
149215,"PRP$"
149216,"NNS"
149217,"IN"
149218,"NNP"
149219,"CD"
149220,"IN"
149221,"DT"
149222,"NNP"
149223,"NNP"
149224,"NNP"
149225,"."
149226,"PRP$"
149227,"NN"
149228,"NN"
149229,","
149230,"NNP"
149231,"NNP"
149232,"IN"
149233,"NNP"
149234,","
149235,"NNP"
149236,","
149237,"VBZ"
149238,"RB"
149239,"VBG"
149240,"VBN"
149241,"IN"
149242,"DT"
149243,"JJ"
149244,"JJ"
149245,"NN"
149246,"."
149247,"NNP"
149248,"NNP"
149249,","
149250,"JJ"
149251,"NN"
149252,"IN"
149253,"NNP"
149254,"NNP"
149255,","
149256,"VBD"
149257,"NN"
149258,"IN"
149259,"DT"
149260,"NN"
149261,"IN"
149262,"PRP"
149263,"VBZ"
149264,"RB"
149265,"RB"
149266,"VBN"
149267,"DT"
149268,"NN"
149269,"CC"
149270,"IN"
149271,"PRP"
149272,"MD"
149273,"VB"
149274,"PRP"
149275,"CC"
149276,"VB"
149277,"PRP"
149278,"TO"
149279,"DT"
149280,"NN"
149281,"IN"
149282,"DT"
149283,"NNS"
149284,"NN"
149285,"."
149286,"DT"
149287,"$"
149288,"CD"
149289,"CD"
149290,"NN"
149291,"VBZ"
149292,"VBN"
149293,"IN"
149294,"NNP"
149295,"NNP"
149296,"IN"
149297,"VBG"
149298,"CD"
149299,"NN"
149300,"IN"
149301,"DT"
149302,"NN"
149303,"IN"
149304,"DT"
149305,"NNP"
149306,"NN"
149307,"NNS"
149308,"IN"
149309,"DT"
149310,"NNP"
149311,"."
149312,"RB"
149313,"VBN"
149314,"IN"
149315,"DT"
149316,"NN"
149317,"VBP"
149318,"NNP"
149319,"NNP"
149320,"CC"
149321,"NNP"
149322,"NNP"
149323,"CC"
149324,"NNP"
149325,","
149326,"NNP"
149327,"NNP"
149328,"POS"
149329,"NN"
149330,"NNS"
149331,"."
149332,"DT"
149333,"NN"
149334,"VBZ"
149335,"DT"
149336,"JJ"
149337,"CD"
149338,"NN"
149339,"NN"
149340,"NN"
149341,"PDT"
149342,"IN"
149343,"NNP"
149344,","
149345,"DT"
149346,"CD"
149347,"NN"
149348,"CC"
149349,"JJ"
149350,"PDT"
149351,"IN"
149352,"NNP"
149353,","
149354,"NNP"
149355,","
149356,"CC"
149357,"DT"
149358,"CD"
149359,"NN"
149360,"NNP"
149361,"NNP"
149362,"NNP"
149363,"NN"
149364,"IN"
149365,"NNP"
149366,","
149367,"NNP"
149368,"."
149369,"DT"
149370,"NN"
149371,"NN"
149372,"VBD"
149373,"NNP"
149374,"CD"
149375,"IN"
149376,"DT"
149377,"JJ"
149378,"POS"
149379,"NN"
149380,"IN"
149381,"PRP$"
149382,"NN"
149383,":"
149384,"DT"
149385,"NNP"
149386,"NN"
149387,"VBZ"
149388,"VBN"
149389,"TO"
149390,"VB"
149391,"NNP"
149392,"CD"
149393,"."
149394,"NNP"
149395,"NNP"
149396,"NNS"
149397,"VBD"
149398,"VBP"
149399,"DT"
149400,"JJ"
149401,"NN"
149402,"NN"
149403,"IN"
149404,"JJ"
149405,"NNP"
149406,","
149407,"VBD"
149408,"TO"
149409,"VB"
149410,"VBN"
149411,"IN"
149412,"NNP"
149413,":"
149414,"JJ"
149415,"NN"
149416,"NNS"
149417,"IN"
149418,"NNP"
149419,"CC"
149420,"NNP"
149421,":"
149422,"NNP"
149423,"NNP"
149424,"NNP"
149425,","
149426,"DT"
149427,"JJ"
149428,"NN"
149429,"NN"
149430,"NN"
149431,"IN"
149432,"RB"
149433,"VBD"
149434,"NN"
149435,"IN"
149436,"NNP"
149437,"NNP"
149438,"NNP"
149439,"NNP"
149440,"NNP"
149441,","
149442,"CC"
149443,"JJ"
149444,"NN"
149445,"NNS"
149446,"."
149447,"DT"
149448,"NN"
149449,"VBD"
149450,"VBN"
149451,"RB"
149452,"IN"
149453,"JJ"
149454,"NNP"
149455,","
149456,"DT"
149457,"JJ"
149458,"NN"
149459,"NN"
149460,"NN"
149461,"WDT"
149462,"VBZ"
149463,"DT"
149464,"NN"
149465,"IN"
149466,"NNP"
149467,"NNP"
149468,"NNP"
149469,"."
149470,"``"
149471,"PRP"
149472,"VBP"
149473,"RB"
149474,"VB"
149475,"DT"
149476,"NNS"
149477,"IN"
149478,"VBG"
149479,"DT"
149480,"NN"
149481,"IN"
149482,"DT"
149483,"NN"
149484,","
149485,"''"
149486,"VBD"
149487,"NNP"
149488,"NNP"
149489,","
149490,"DT"
149491,"NN"
149492,"IN"
149493,"NNS"
149494,"CC"
149495,"NNS"
149496,"IN"
149497,"NNP"
149498,"NNP"
149499,","
149500,"IN"
149501,"DT"
149502,"NN"
149503,"."
149504,"NNP"
149505,"NNP"
149506,"VBZ"
149507,"VBG"
149508,"IN"
149509,"DT"
149510,"NN"
149511,"POS"
149512,"NN"
149513,"NNS"
149514,"."
149515,"VBG"
149516,"TO"
149517,"NNS"
149518,"JJ"
149519,"IN"
149520,"DT"
149521,"NN"
149522,","
149523,"DT"
149524,"NN"
149525,"VBD"
149526,"VBN"
149527,"NN"
149528,"NN"
149529,","
149530,"DT"
149531,"NN"
149532,"IN"
149533,"DT"
149534,"NN"
149535,"``"
149536,"JJ"
149537,"''"
149538,"IN"
149539,"WDT"
149540,"DT"
149541,"NN"
149542,"VBD"
149543,"IN"
149544,"NN"
149545,"NNP"
149546,"NNP"
149547,"VBZ"
149548,"VBN"
149549,"IN"
149550,"DT"
149551,"JJ"
149552,"NN"
149553,"IN"
149554,"DT"
149555,"NN"
149556,"NN"
149557,"VBD"
149558,"NNP"
149559,"JJ"
149560,"."
149561,"NNP"
149562,"NNP"
149563,"VBD"
149564,"DT"
149565,"JJ"
149566,"NN"
149567,"NN"
149568,"VBN"
149569,"IN"
149570,"NNP"
149571,"IN"
149572,"CD"
149573,"WRB"
149574,"NNP"
149575,"NNP"
149576,"VBD"
149577,"VBN"
149578,"TO"
149579,"VB"
149580,"PRP"
149581,"IN"
149582,"JJ"
149583,"NN"
149584,"."
149585,"DT"
149586,"NN"
149587,"VBD"
149588,"RB"
149589,"IN"
149590,"CD"
149591,","
149592,"WRB"
149593,"DT"
149594,"NN"
149595,"NN"
149596,"IN"
149597,"NNP"
149598,"NNP"
149599,"VBD"
149600,"VBN"
149601,"IN"
149602,"JJ"
149603,"NN"
149604,"NNP"
149605,"NNP"
149606,","
149607,"RB"
149608,"NNP"
149609,"POS"
149610,"NN"
149611,"."
149612,"NNP"
149613,"NNP"
149614,"VBD"
149615,"TO"
149616,"VB"
149617,"DT"
149618,"JJ"
149619,","
149620,"CC"
149621,"JJ"
149622,","
149623,"$"
149624,"CD"
149625,"CD"
149626,"NN"
149627,"NN"
149628,"WDT"
149629,"VBD"
149630,"NNP"
149631,"NNP"
149632,"CC"
149633,"NNP"
149634,"NNP"
149635,"CC"
149636,"NNP"
149637,","
149638,"RB"
149639,"RB"
149640,"IN"
149641,"NN"
149642,"NNS"
149643,"IN"
149644,"NNP"
149645,"NNP"
149646,","
149647,"DT"
149648,"NNP"
149649,"NN"
149650,":"
149651,"NNP"
149652,"NNP"
149653,","
149654,"DT"
149655,"JJ"
149656,"NN"
149657,","
149658,"CC"
149659,"NNP"
149660,"NNP"
149661,","
149662,"DT"
149663,"JJ"
149664,"NN"
149665,"NN"
149666,"."
149667,"RB"
149668,"NNP"
149669,"NNP"
149670,"CC"
149671,"NNP"
149672,"NNP"
149673,"VBD"
149674,"DT"
149675,"VBG"
149676,"NN"
149677,"IN"
149678,"DT"
149679,"NN"
149680,"IN"
149681,"DT"
149682,"NN"
149683,","
149684,"CC"
149685,"NNP"
149686,"NNP"
149687,"VBD"
149688,"PRP"
149689,"VBD"
149690,"IN"
149691,"CD"
149692,"."
149693,"IN"
149694,"RB"
149695,","
149696,"NNP"
149697,"NNP"
149698,"VBZ"
149699,"VBN"
149700,"PRP$"
149701,"NN"
149702,"IN"
149703,"DT"
149704,"JJ"
149705,"NN"
149706,"NN"
149707,"TO"
149708,"NNP"
149709,"POS"
149710,"NN"
149711,"CC"
149712,"VBZ"
149713,"RB"
149714,"VBG"
149715,"TO"
149716,"VB"
149717,"DT"
149718,"NNP"
149719,"NNP"
149720,"CC"
149721,"NNP"
149722,"NN"
149723,"."
149724,"IN"
149725,"NN"
149726,","
149727,"NNP"
149728,"NNP"
149729,","
149730,"JJ"
149731,"NN"
149732,"IN"
149733,"DT"
149734,"NN"
149735,"NN"
149736,","
149737,"VBZ"
149738,"VBG"
149739,"NNS"
149740,"TO"
149741,"VB"
149742,"IN"
149743,"DT"
149744,"NNP"
149745,"NN"
149746,"IN"
149747,"PRP$"
149748,"NN"
149749,"."
149750,"DT"
149751,"NNP"
149752,"NN"
149753,"VBZ"
149754,"RB"
149755,"VBG"
149756,"VBN"
149757,"IN"
149758,"NN"
149759,"IN"
149760,"NNP"
149761,"NNP"
149762,"NNP"
149763,"."
149764,"VBN"
149765,"IN"
149766,"NNP"
149767,","
149768,"NNP"
149769,"NNP"
149770,"VBD"
149771,"IN"
149772,"PRP"
149773,"VBZ"
149774,"DT"
149775,"JJ"
149776,"NNP"
149777,"NNP"
149778,"MD"
149779,"VB"
149780,"JJ"
149781,"IN"
149782,"JJ"
149783,"NN"
149784,"."
149785,"``"
149786,"DT"
149787,"VBP"
149788,"RB"
149789,"VB"
149790,"NNS"
149791,","
149792,"CC"
149793,"PRP"
149794,"VBP"
149795,"DT"
149796,"NN"
149797,"TO"
149798,"VB"
149799,"RB"
149800,","
149801,"''"
149802,"VBD"
149803,"NNP"
149804,"NNP"
149805,"."
149806,"``"
149807,"JJ"
149808,"RB"
149809,","
149810,"CC"
149811,"IN"
149812,"DT"
149813,"JJ"
149814,"NN"
149815,","
149816,"DT"
149817,"MD"
149818,"VB"
149819,"JJ"
149820,"NN"
149821,"NNS"
149822,"."
149823,"O"
149824,"NNP"
149825,"VBD"
149826,"NN"
149827,"VBD"
149828,"CD"
149829,"JJ"
149830,"NNS"
149831,"IN"
149832,"DT"
149833,"NN"
149834,"VBD"
149835,"NNP"
149836,"CD"
149837,","
149838,"RB"
149839,"CD"
149840,"NN"
149841,"IN"
149842,"DT"
149843,"JJ"
149844,"NN"
149845,"POS"
149846,"NN"
149847,"IN"
149848,"NN"
149849,"NNS"
149850,","
149851,"NNP"
149852,"NNP"
149853,","
149854,"DT"
149855,"JJ"
149856,"NN"
149857,","
149858,"VBD"
149859,"."
149860,"DT"
149861,"NN"
149862,"POS"
149863,"NN"
149864,"VBD"
149865,"RB"
149866,"CD"
149867,"NN"
149868,"IN"
149869,"CD"
149870,"NNS"
149871,"DT"
149872,"NN"
149873,"RBR"
149874,"."
149875,"DT"
149876,"JJ"
149877,"NN"
149878,"VBD"
149879,"CD"
149880,"NNS"
149881,","
149882,"RB"
149883,"CD"
149884,"NN"
149885,"IN"
149886,"CD"
149887,"NNS"
149888,"DT"
149889,"NN"
149890,"RBR"
149891,"."
149892,"O"
149893,"NNP"
149894,"NNP"
149895,"VBZ"
149896,"TO"
149897,"VB"
149898,"$"
149899,"CD"
149900,"CD"
149901,"IN"
149902,"JJ"
149903,"NN"
149904,"NNP"
149905,"IN"
149906,"NN"
149907,"IN"
149908,"$"
149909,"CD"
149910,"CD"
149911,"IN"
149912,"JJ"
149913,"NNS"
149914,"CC"
149915,"JJ"
149916,"$"
149917,"CD"
149918,"CD"
149919,"IN"
149920,"VBG"
149921,"NNS"
149922,"."
149923,"DT"
149924,"NNS"
149925,"MD"
149926,"VB"
149927,"VBN"
149928,"NNP"
149929,"CD"
149930,"CC"
149931,"MD"
149932,"VB"
149933,"NNP"
149934,"CD"
149935,","
149936,"CD"
149937,"."
149938,"PRP"
149939,"MD"
149940,"VB"
149941,"JJ"
149942,"IN"
149943,"JJ"
149944,"NNS"
149945,"IN"
149946,"$"
149947,"CD"
149948,"."
149949,"NNS"
149950,"MD"
149951,"VB"
149952,"VBN"
149953,"IN"
149954,"CD"
149955,"NN"
149956,"NNP"
149957,"NNP"
149958,"IN"
149959,"DT"
149960,"NNP"
149961,"CC"
149962,"IN"
149963,"NNP"
149964,"NNP"
149965,"NNS"
149966,"CC"
149967,"NNS"
149968,"."
149969,"O"
149970,"IN"
149971,"JJ"
149972,"NNS"
149973,"VBD"
149974,"PRP$"
149975,"JJ"
149976,"NNS"
149977,"IN"
149978,"NN"
149979,"NNS"
149980,"IN"
149981,"DT"
149982,"NN"
149983,","
149984,"JJ"
149985,"NN"
149986,"NNS"
149987,"VBD"
149988,"PRP"
149989,"VBP"
149990,"DT"
149991,"JJ"
149992,"NN"
149993,"IN"
149994,"DT"
149995,"NN"
149996,"IN"
149997,"NNS"
149998,":"
149999,"NN"
150000,"."
150001,"IN"
150002,"DT"
150003,"NN"
150004,"IN"
150005,"NNP"
150006,"NNP"
150007,","
150008,"DT"
150009,"NNS"
150010,"VBD"
150011,"RB"
150012,"VBN"
150013,"IN"
150014,"JJ"
150015,"NN"
150016,"NNS"
150017,"."
150018,"CC"
150019,"JJ"
150020,"NN"
150021,"NNS"
150022,"VBP"
150023,"VBN"
150024,"IN"
150025,"NN"
150026,"NNS"
150027,"CC"
150028,"VB"
150029,"PRP"
150030,"MD"
150031,"VB"
150032,"NN"
150033,"NN"
150034,"DT"
150035,"NN"
150036,"."
150037,"IN"
150038,"NNP"
150039,"NNP"
150040,","
150041,"DT"
150042,"NN"
150043,"POS"
150044,"JJS"
150045,"NN"
150046,"NN"
150047,","
150048,"NN"
150049,"NN"
150050,"VBD"
150051,"RB"
150052,"RB"
150053,","
150054,"CC"
150055,"PRP"
150056,"VBD"
150057,"RB"
150058,"IN"
150059,"RB"
150060,"PDT"
150061,"DT"
150062,"NN"
150063,"IN"
150064,"DT"
150065,"NN"
150066,"VBG"
150067,"NNP"
150068,"NNP"
150069,"IN"
150070,"CD"
150071,"."
150072,"DT"
150073,"NNP"
150074,"NN"
150075,"VBD"
150076,"JJ"
150077,"NNS"
150078,"VBD"
150079,"VBG"
150080,"IN"
150081,"JJR"
150082,"IN"
150083,"NN"
150084,"DT"
150085,"NN"
150086,"CD"
150087,"NNS"
150088,"RB"
150089,"."
150090,"IN"
150091,"IN"
150092,"NN"
150093,"NN"
150094,","
150095,"DT"
150096,"NNS"
150097,"VBD"
150098,"JJR"
150099,"IN"
150100,"CD"
150101,"NN"
150102,"IN"
150103,"DT"
150104,"JJ"
150105,"NN"
150106,"NN"
150107,"IN"
150108,"IN"
150109,"$"
150110,"CD"
150111,"CD"
150112,"IN"
150113,"NNP"
150114,"POS"
150115,"NN"
150116,"NNS"
150117,"."
150118,"``"
150119,"CD"
150120,"NNS"
150121,"IN"
150122,"EX"
150123,"VBD"
150124,"JJ"
150125,"NN"
150126,"NNS"
150127,"IN"
150128,"DT"
150129,"NN"
150130,"CC"
150131,"DT"
150132,"NN"
150133,"IN"
150134,"NN"
150135,"IN"
150136,","
150137,"''"
150138,"VBD"
150139,"NNP"
150140,"NNP"
150141,"NNP"
150142,","
150143,"WP"
150144,"VBZ"
150145,"NNP"
150146,"NNP"
150147,"POS"
150148,"$"
150149,"CD"
150150,"CD"
150151,"JJ"
150152,"NN"
150153,"."
150154,"``"
150155,"DT"
150156,"VBZ"
150157,"JJR"
150158,"IN"
150159,"DT"
150160,"JJ"
150161,"NN"
150162,"."
150163,"NNS"
150164,"VBP"
150165,"RB"
150166,"JJ"
150167,"."
150168,"''"
150169,"DT"
150170,"NN"
150171,"MD"
150172,"VB"
150173,"NN"
150174,"."
150175,"NNP"
150176,"POS"
150177,"NN"
150178,"NN"
150179,"NN"
150180,"VBD"
150181,"RB"
150182,"JJ"
150183,"IN"
150184,"JJ"
150185,"NNS"
150186,"TO"
150187,"VB"
150188,"."
150189,"DT"
150190,"NNS"
150191,"VBP"
150192,"VBN"
150193,"RB"
150194,"IN"
150195,"NN"
150196,"IN"
150197,"DT"
150198,"NN"
150199,"NNS"
150200,"VBN"
150201,"IN"
150202,"NNP"
150203,"POS"
150204,"NN"
150205,"MD"
150206,"VB"
150207,"NN"
150208,"IN"
150209,"NN"
150210,"POS"
150211,"NN"
150212,"NNS"
150213,"."
150214,"NNP"
150215,"NN"
150216,"NNS"
150217,"IN"
150218,"DT"
150219,"CD"
150220,"NN"
150221,"VBD"
150222,"RB"
150223,"VB"
150224,"TO"
150225,"DT"
150226,"IN"
150227,"IN"
150228,"DT"
150229,"NN"
150230,"VBN"
150231,"IN"
150232,"NNP"
150233,"NNP"
150234,"."
150235,"CC"
150236,"NN"
150237,"NNS"
150238,"VBP"
150239,"PRP"
150240,"VBP"
150241,"JJ"
150242,"."
150243,"DT"
150244,"VBP"
150245,"VBN"
150246,"NN"
150247,"NNS"
150248,","
150249,"WDT"
150250,"VBP"
150251,"IN"
150252,"DT"
150253,"NN"
150254,"IN"
150255,"JJ"
150256,"NN"
150257,"NNS"
150258,"."
150259,"NNP"
150260,"NNP"
150261,","
150262,"IN"
150263,"NN"
150264,","
150265,"VBZ"
150266,"NN"
150267,"NNS"
150268,"RB"
150269,"IN"
150270,"CD"
150271,"NN"
150272,"IN"
150273,"JJ"
150274,"IN"
150275,"PRP$"
150276,"NNS"
150277,"."
150278,"NNP"
150279,"NNP"
150280,"POS"
150281,"NNP"
150282,"NNP"
150283,"CC"
150284,"NNP"
150285,"NNP"
150286,"POS"
150287,"NNP"
150288,"NNP"
150289,"VBD"
150290,"PRP"
150291,"VBD"
150292,"VBN"
150293,"PRP$"
150294,"NN"
150295,"NNS"
150296,"TO"
150297,"JJR"
150298,"IN"
150299,"CD"
150300,"NN"
150301,"CC"
150302,"CD"
150303,"NN"
150304,","
150305,"RB"
150306,","
150307,"DT"
150308,"NN"
150309,"."
150310,"RB"
150311,"NNP"
150312,"NNP"
150313,","
150314,"NN"
150315,"IN"
150316,"NNP"
150317,"POS"
150318,"$"
150319,"CD"
150320,"CD"
150321,"NNP"
150322,"NNP"
150323,","
150324,"DT"
150325,"NN"
150326,"POS"
150327,"JJS"
150328,"NN"
150329,"NN"
150330,","
150331,"VBN"
150332,"IN"
150333,"NN"
150334,"TO"
150335,"CD"
150336,"NN"
150337,"CC"
150338,"$"
150339,"CD"
150340,"CD"
150341,"."
150342,"CD"
150343,"NN"
150344,"VBZ"
150345,"IN"
150346,"IN"
150347,"CD"
150348,"NNS"
150349,"IN"
150350,"JJ"
150351,"JJ"
150352,"NNS"
150353,","
150354,"DT"
150355,"NN"
150356,"VBD"
150357,"JJ"
150358,"NNS"
150359,"IN"
150360,"NN"
150361,"IN"
150362,"NNS"
150363,"IN"
150364,"NNP"
150365,"CC"
150366,"NNP"
150367,"."
150368,"``"
150369,"PRP"
150370,"VBP"
150371,"VBN"
150372,"DT"
150373,"NN"
150374,"VB"
150375,"RB"
150376,","
150377,"''"
150378,"NNP"
150379,"NNP"
150380,"VBD"
150381,","
150382,"WP"
150383,"VBD"
150384,"IN"
150385,"PRP"
150386,"VBZ"
150387,"VBN"
150388,"NN"
150389,"VBG"
150390,"NNS"
150391,"PRP"
150392,"VBZ"
150393,"."
150394,"RB"
150395,"DT"
150396,"NNS"
150397,"VBP"
150398,"VBN"
150399,"NN"
150400,"NNS"
150401,","
150402,"IN"
150403,"NN"
150404,"."
150405,"IN"
150406,"DT"
150407,"NN"
150408,","
150409,"NN"
150410,"NNS"
150411,"VBD"
150412,"CD"
150413,"NN"
150414,"IN"
150415,"NNS"
150416,"IN"
150417,"NN"
150418,"IN"
150419,"IN"
150420,"NNP"
150421,","
150422,"DT"
150423,"JJ"
150424,"NNS"
150425,"JJ"
150426,"IN"
150427,"DT"
150428,"NNP"
150429,"NNP"
150430,"NNP"
150431,"."
150432,"DT"
150433,"VBD"
150434,"RB"
150435,"JJR"
150436,"IN"
150437,"DT"
150438,"CD"
150439,"NN"
150440,"CC"
150441,"CD"
150442,"NN"
150443,"NNS"
150444,"IN"
150445,"NNP"
150446,"NNP"
150447,"NNP"
150448,"IN"
150449,"CD"
150450,"."
150451,"RB"
150452,","
150453,"JJ"
150454,"NNS"
150455,"MD"
150456,"VB"
150457,"DT"
150458,"NN"
150459,"NNS"
150460,"TO"
150461,"VB"
150462,"NNS"
150463,"TO"
150464,"VB"
150465,"NN"
150466,"."
150467,"CC"
150468,"DT"
150469,"JJ"
150470,"NN"
150471,"IN"
150472,"NN"
150473,"NNS"
150474,"VBZ"
150475,"RB"
150476,"RBR"
150477,"JJ"
150478,"DT"
150479,"NN"
150480,"IN"
150481,","
150482,"NN"
150483,"NNS"
150484,"VBD"
150485,"."
150486,"DT"
150487,"JJ"
150488,"NN"
150489,"VBZ"
150490,"IN"
150491,"NNS"
150492,"RB"
150493,"VBP"
150494,"RB"
150495,"VBN"
150496,"RP"
150497,"PRP$"
150498,"NNS"
150499,"IN"
150500,"NN"
150501,"NNS"
150502,"IN"
150503,"NNP"
150504,"NNP"
150505,"."
150506,"JJ"
150507,"NNS"
150508,"VBP"
150509,"VBN"
150510,"IN"
150511,"JJ"
150512,"NNS"
150513,","
150514,"CC"
150515,"JJ"
150516,"NN"
150517,"NNS"
150518,"VBP"
150519,"RB"
150520,"VBG"
150521,"IN"
150522,"JJR"
150523,"IN"
150524,"PDT"
150525,"CD"
150526,"NNS"
150527,"."
150528,"``"
150529,"EX"
150530,"VBZ"
150531,"RB"
150532,"RB"
150533,"IN"
150534,"JJ"
150535,"NN"
150536,","
150537,"''"
150538,"VBD"
150539,"NNP"
150540,"NN"
150541,","
150542,"NN"
150543,"IN"
150544,"NNP"
150545,"NNP"
150546,"NNP"
150547,","
150548,"DT"
150549,"JJ"
150550,"NNP"
150551,"NNP"
150552,","
150553,"NNP"
150554,","
150555,"NN"
150556,"NN"
150557,"."
150558,"JJ"
150559,"NN"
150560,"NNS"
150561,"VBP"
150562,"IN"
150563,"RB"
150564,"POS"
150565,"DT"
150566,"NN"
150567,"TO"
150568,"VB"
150569,"."
150570,"NNP"
150571,"NNP"
150572,","
150573,"NN"
150574,"IN"
150575,"DT"
150576,"$"
150577,"CD"
150578,"CD"
150579,"NNP"
150580,"NNP"
150581,","
150582,"VBD"
150583,"TO"
150584,"PRP$"
150585,"NNS"
150586,"IN"
150587,"NNP"
150588,"NNP"
150589,","
150590,"NNP"
150591,"CC"
150592,"NNP"
150593,"CC"
150594,"NNP"
150595,"NNP"
150596,"."
150597,"CC"
150598,"NN"
150599,"PRP"
150600,"MD"
150601,"VB"
150602,"VBG"
150603,"TO"
150604,"VB"
150605,"NN"
150606,"NNS"
150607,"IN"
150608,"NNP"
150609,"NNP"
150610,","
150611,"NNP"
150612,"CC"
150613,"NNP"
150614,"NNP"
150615,"NNPS"
150616,"WP$"
150617,"NN"
150618,"NNS"
150619,"VBP"
150620,"VBN"
150621,"VBN"
150622,"IN"
150623,"NN"
150624,"NNS"
150625,"."
150626,"NNP"
150627,"POS"
150628,"NNP"
150629,"NNP"
150630,","
150631,"IN"
150632,"PRP$"
150633,"NN"
150634,","
150635,"VBD"
150636,"RP"
150637,"NNP"
150638,"NNP"
150639,"NNS"
150640,"NNP"
150641,"IN"
150642,"DT"
150643,"NN"
150644,"VBD"
150645,"VBN"
150646,"."
150647,"IN"
150648,"DT"
150649,"NN"
150650,"VBZ"
150651,"JJ"
150652,"NN"
150653,","
150654,"PRP"
150655,"VBD"
150656,"PRP"
150657,"MD"
150658,"VB"
150659,"VBG"
150660,"JJ"
150661,"NNS"
150662,"JJ"
150663,"IN"
150664,"NNP"
150665,"CC"
150666,"NNP"
150667,"."
150668,"``"
150669,"IN"
150670,"PRP"
150671,"VBP"
150672,"NNS"
150673,"IN"
150674,"DT"
150675,","
150676,"''"
150677,"PRP"
150678,"VBD"
150679,","
150680,"PRP"
150681,"VBZ"
150682,"DT"
150683,"NN"
150684,"WDT"
150685,"VBZ"
150686,"``"
150687,"DT"
150688,"NN"
150689,"IN"
150690,"NN"
150691,"PRP"
150692,"VBP"
150693,"RB"
150694,"."
150695,"''"
150696,"JJ"
150697,"NN"
150698,"NNS"
150699,"VBD"
150700,"NN"
150701,"NNS"
150702,"VBD"
150703,"VBG"
150704,"IN"
150705,"RB"
150706,"DT"
150707,"JJ"
150708,"NN"
150709,"NN"
150710,"NN"
150711,"."
150712,"CC"
150713,"JJS"
150714,"NNS"
150715,"VBD"
150716,"VBG"
150717,"NN"
150718,"NNS"
150719,"CC"
150720,"JJ"
150721,"NN"
150722,"."
150723,"NNP"
150724,"NN"
150725,"VBD"
150726,"RB"
150727,"RB"
150728,"JJR"
150729,"IN"
150730,"JJ"
150731,"."
150732,"RB"
150733,","
150734,"NN"
150735,"NNS"
150736,"VBP"
150737,"RB"
150738,"VBG"
150739,"DT"
150740,"NNS"
150741,"."
150742,"PRP"
150743,"VBP"
150744,"TO"
150745,"VB"
150746,"DT"
150747,"VBN"
150748,"NN"
150749,"NNS"
150750,"CC"
150751,"JJ"
150752,"NNS"
150753,"WDT"
150754,"VBD"
150755,"DT"
150756,"NN"
150757,"NNS"
150758,"IN"
150759,"NNP"
150760,"CD"
150761,"."
150762,"NNP"
150763,"IN"
150764,"NNP"
150765,"VBD"
150766,"PRP$"
150767,"CD"
150768,"NN"
150769,"NN"
150770,"NNS"
150771,"IN"
150772,"DT"
150773,"NN"
150774,"."
150775,"DT"
150776,"NNS"
150777,"RB"
150778,"VBP"
150779,"VBN"
150780,"IN"
150781,"DT"
150782,"NN"
150783,"."
150784,"IN"
150785,"NN"
150786,","
150787,"NNP"
150788,"NNP"
150789,"NNS"
150790,"MD"
150791,"VB"
150792,"IN"
150793,"CD"
150794,"NNP"
150795,"DT"
150796,"NN"
150797,","
150798,"RB"
150799,"IN"
150800,"DT"
150801,"JJ"
150802,"CD"
150803,"."
150804,"NNP"
150805,"NNP"
150806,"NNP"
150807,"NNP"
150808,"NNP"
150809,"VBD"
150810,"PRP$"
150811,"NN"
150812,"IN"
150813,"NN"
150814,"NNS"
150815,"TO"
150816,"VB"
150817,"NN"
150818,"NNS"
150819,"."
150820,"DT"
150821,"JJ"
150822,"NN"
150823,"VBD"
150824,"IN"
150825,"DT"
150826,"NNS"
150827,"VBD"
150828,"NN"
150829,"IN"
150830,"NN"
150831,"NNS"
150832,"TO"
150833,"JJ"
150834,"NNS"
150835,"."
150836,"CC"
150837,"JJS"
150838,"NNS"
150839,"VBD"
150840,"TO"
150841,"VB"
150842,"``"
150843,"IN"
150844,"DT"
150845,"NN"
150846,"NN"
150847,"RB"
150848,"IN"
150849,"IN"
150850,"DT"
150851,"NN"
150852,"NN"
150853,","
150854,"''"
150855,"VBD"
150856,"NNP"
150857,"NNP"
150858,","
150859,"DT"
150860,"NN"
150861,"NN"
150862,"."
150863,"CC"
150864,"NNP"
150865,","
150866,"IN"
150867,"JJ"
150868,"NNS"
150869,","
150870,"VBD"
150871,"PRP"
150872,"VBD"
150873,"VBG"
150874,"JJR"
150875,"NN"
150876,"NNS"
150877,"NN"
150878,"TO"
150879,"VB"
150880,"NNS"
150881,"VB"
150882,"IN"
150883,"."
150884,"IN"
150885,"DT"
150886,"JJ"
150887,"NN"
150888,","
150889,"JJ"
150890,"NNS"
150891,"VBD"
150892,"TO"
150893,"VB"
150894,"NNS"
150895,"IN"
150896,"NNS"
150897,"IN"
150898,"PRP$"
150899,"JJ"
150900,"NN"
150901,"NNS"
150902,"."
150903,"``"
150904,"PRP"
150905,"VBP"
150906,"("
150907,"NNP"
150908,"POS"
150909,")"
150910,"NN"
150911,"NN"
150912,"IN"
150913,"VBG"
150914,"PRP"
150915,"DT"
150916,"NN"
150917,"NN"
150918,"IN"
150919,"JJ"
150920,"NNS"
150921,","
150922,"''"
150923,"DT"
150924,"NN"
150925,"IN"
150926,"NNP"
150927,"CC"
150928,"NNP"
150929,"NNS"
150930,"VBD"
150931,"IN"
150932,"DT"
150933,"NN"
150934,"."
150935,"DT"
150936,"NNP"
150937,"NNP"
150938,"VBD"
150939,"DT"
150940,"JJ"
150941,"NN"
150942,"IN"
150943,"NNS"
150944,"."
150945,"JJ"
150946,"NN"
150947,"NNS"
150948,"VBP"
150949,"DT"
150950,"JJ"
150951,"NN"
150952,"DT"
150953,"NN"
150954,"IN"
150955,"NNS"
150956,"VB"
150957,"."
150958,"DT"
150959,"JJ"
150960,"NN"
150961,"VBZ"
150962,"JJ"
150963,"TO"
150964,"VB"
150965,"IN"
150966,"NNS"
150967,"CC"
150968,"NN"
150969,"NNS"
150970,"WP"
150971,"VBP"
150972,"TO"
150973,"VB"
150974,"IN"
150975,"DT"
150976,"NN"
150977,"POS"
150978,"JJ"
150979,"NNS"
150980,"."
150981,"NNP"
150982,"NNS"
150983,"VBP"
150984,"VBN"
150985,"DT"
150986,"JJ"
150987,"NN"
150988,"IN"
150989,"CD"
150990,"NN"
150991,"IN"
150992,"NNP"
150993,","
150994,"VBG"
150995,"TO"
150996,"NNP"
150997,"NNP"
150998,"NNP"
150999,"NNP"
151000,"."
151001,"NNP"
151002,"NNP"
151003,","
151004,"WP"
151005,"VBZ"
151006,"NNP"
151007,"NNP"
151008,"NNP"
151009,"NNP"
151010,"POS"
151011,"$"
151012,"CD"
151013,"CD"
151014,"NN"
151015,"NN"
151016,"NN"
151017,","
151018,"VBZ"
151019,"DT"
151020,"NN"
151021,"MD"
151022,"VB"
151023,"RP"
151024,"IN"
151025,"JJS"
151026,"CD"
151027,"NNS"
151028,"IN"
151029,"JJ"
151030,"NNS"
151031,"CC"
151032,"``"
151033,"DT"
151034,"NN"
151035,"NN"
151036,"."
151037,"''"
151038,"CC"
151039,"PRP"
151040,"VBZ"
151041,"NNS"
151042,"TO"
151043,"VB"
151044,"RB"
151045,"CC"
151046,"VBZ"
151047,"VBG"
151048,"NNS"
151049,"PRP"
151050,"VBZ"
151051,"DT"
151052,"NN"
151053,"NN"
151054,"MD"
151055,"RB"
151056,"VB"
151057,"JJR"
151058,"IN"
151059,"CD"
151060,"NN"
151061,"TO"
151062,"CD"
151063,"NN"
151064,"IN"
151065,"JJ"
151066,"NNS"
151067,"."
151068,"``"
151069,"DT"
151070,"VBZ"
151071,"RB"
151072,"DT"
151073,"JJ"
151074,"NN"
151075,","
151076,"''"
151077,"PRP"
151078,"VBD"
151079,"."
151080,"RB"
151081,","
151082,"NNP"
151083,"NNP"
151084,"VBD"
151085,"PRP"
151086,"VBD"
151087,"VBN"
151088,"IN"
151089,"NN"
151090,"NNS"
151091,"IN"
151092,"DT"
151093,"NN"
151094,"IN"
151095,"JJ"
151096,"NNS"
151097,"."
151098,"``"
151099,"NN"
151100,"IN"
151101,"PRP"
151102,"VBP"
151103,"RB"
151104,"VBN"
151105,"CC"
151106,"VBP"
151107,"TO"
151108,"VB"
151109,","
151110,"''"
151111,"PRP"
151112,"VBD"
151113,","
151114,"``"
151115,"CC"
151116,"PRP"
151117,"VBP"
151118,"VBG"
151119,"TO"
151120,"VB"
151121,"PRP"
151122,"RP"
151123,"IN"
151124,"PRP"
151125,"."
151126,"''"
151127,"PRP"
151128,"VBD"
151129,","
151130,"``"
151131,"IN"
151132,"PRP"
151133,"PDT"
151134,"VBD"
151135,"JJ"
151136,","
151137,"PRP"
151138,"MD"
151139,"RB"
151140,"VB"
151141,"VBN"
151142,"."
151143,"''"
151144,"DT"
151145,"NN"
151146,"IN"
151147,"NNP"
151148,"POS"
151149,"NN"
151150,"VBD"
151151,"RB"
151152,"JJ"
151153,"IN"
151154,"DT"
151155,"IN"
151156,"DT"
151157,"NNP"
151158,"CD"
151159,"NN"
151160,","
151161,"NN"
151162,"NNS"
151163,"VBP"
151164,"."
151165,"CD"
151166,"NNS"
151167,"RB"
151168,","
151169,"IN"
151170,"NN"
151171,","
151172,"DT"
151173,"NN"
151174,"VBD"
151175,"JJ"
151176,","
151177,"NN"
151178,"NNS"
151179,"VBD"
151180,"VBG"
151181,"CC"
151182,"DT"
151183,"NN"
151184,"VBD"
151185,"RB"
151186,"JJ"
151187,","
151188,"PRP"
151189,"VBP"
151190,"."
151191,"``"
151192,"IN"
151193,"DT"
151194,"NNS"
151195,"POS"
151196,"NN"
151197,","
151198,"NNS"
151199,"CC"
151200,"NNS"
151201,"VBD"
151202,"DT"
151203,"JJ"
151204,"NN"
151205,":"
151206,"IN"
151207,"NN"
151208,"IN"
151209,"DT"
151210,"NNS"
151211,"''"
151212,"IN"
151213,"NNP"
151214,"NNP"
151215,","
151216,"VBD"
151217,"NNP"
151218,"NNP"
151219,","
151220,"NN"
151221,"IN"
151222,"DT"
151223,"$"
151224,"CD"
151225,"CD"
151226,"NNP"
151227,"NNP"
151228,"NNP"
151229,"NNP"
151230,"CC"
151231,"NNP"
151232,"NNP"
151233,"."
151234,"DT"
151235,"NN"
151236,","
151237,"``"
151238,"PRP"
151239,"VBP"
151240,"RB"
151241,"VB"
151242,"PRP"
151243,"MD"
151244,"VB"
151245,"DT"
151246,"NN"
151247,"NN"
151248,"."
151249,"O"
151250,"NNP"
151251,"NNP"
151252,"VBD"
151253,"PRP"
151254,"VBZ"
151255,"TO"
151256,"VB"
151257,"JJ"
151258,"NNS"
151259,"IN"
151260,"IN"
151261,"CD"
151262,"NNS"
151263,"CC"
151264,"CD"
151265,"NNS"
151266,"DT"
151267,"NN"
151268,","
151269,"RB"
151270,"IN"
151271,"NNS"
151272,"POS"
151273,"NNS"
151274,"IN"
151275,"CD"
151276,"NNS"
151277,"TO"
151278,"CD"
151279,"NNS"
151280,"."
151281,"DT"
151282,"NN"
151283,"IN"
151284,"JJ"
151285,"NNS"
151286,"CC"
151287,"NN"
151288,"NNS"
151289,"VBD"
151290,"NNS"
151291,"VBD"
151292,"IN"
151293,"NNS"
151294,"IN"
151295,"JJ"
151296,"NNS"
151297,"."
151298,"DT"
151299,"NN"
151300,"VBD"
151301,"IN"
151302,"NNS"
151303,"IN"
151304,"DT"
151305,"JJ"
151306,"NN"
151307,"MD"
151308,"RB"
151309,"VB"
151310,"DT"
151311,"NN"
151312,"NN"
151313,"POS"
151314,"NN"
151315,","
151316,"WRB"
151317,"NNP"
151318,"VBD"
151319,"JJ"
151320,"NN"
151321,"IN"
151322,"$"
151323,"CD"
151324,"CD"
151325,","
151326,"CC"
151327,"CD"
151328,"NNS"
151329,"DT"
151330,"NN"
151331,","
151332,"IN"
151333,"$"
151334,"CD"
151335,"CD"
151336,"IN"
151337,"NNS"
151338,"."
151339,"O"
151340,"NNS"
151341,"IN"
151342,"DT"
151343,"NN"
151344,"IN"
151345,"CD"
151346,"NNS"
151347,"NN"
151348,"NNS"
151349,"IN"
151350,"NNP"
151351,"NNP"
151352,"VBD"
151353,"NN"
151354,"NNS"
151355,"NNP"
151356,"IN"
151357,"NNP"
151358,"NNP"
151359,"NNP"
151360,"VBD"
151361,"PRP"
151362,"MD"
151363,"VB"
151364,"PRP$"
151365,"JJ"
151366,"NN"
151367,"IN"
151368,"IN"
151369,"NNP"
151370,"IN"
151371,"IN"
151372,"NNS"
151373,"IN"
151374,"VBG"
151375,"NN"
151376,"IN"
151377,"DT"
151378,"NNP"
151379,"NN"
151380,"NN"
151381,"."
151382,"NNP"
151383,"NNP"
151384,","
151385,"NN"
151386,"NN"
151387,"IN"
151388,"NN"
151389,"IN"
151390,"DT"
151391,"NNP"
151392,","
151393,"NNP"
151394,","
151395,"NN"
151396,","
151397,"VBD"
151398,"IN"
151399,"DT"
151400,"NN"
151401,"IN"
151402,"DT"
151403,"NN"
151404,"NN"
151405,"IN"
151406,"NNP"
151407,","
151408,"RB"
151409,"VBG"
151410,"PRP$"
151411,"JJ"
151412,"NN"
151413,","
151414,"``"
151415,"VBZ"
151416,"VBN"
151417,"DT"
151418,"NN"
151419,"IN"
151420,"PRP$"
151421,"NN"
151422,"''"
151423,"CC"
151424,"WDT"
151425,"JJR"
151426,"IN"
151427,"CD"
151428,"NNS"
151429,"WP"
151430,"VBD"
151431,"VBN"
151432,"TO"
151433,"VB"
151434,"RP"
151435,"IN"
151436,"NNP"
151437,"IN"
151438,"NNP"
151439,"NNP"
151440,"MD"
151441,"RB"
151442,"VB"
151443,"VBN"
151444,"IN"
151445,"JJ"
151446,"NNS"
151447,"."
151448,"NNP"
151449,"NNP"
151450,"VBD"
151451,"NNP"
151452,"VBD"
151453,"NNP"
151454,"NNP"
151455,"IN"
151456,"DT"
151457,"CD"
151458,"PRP"
151459,"VBD"
151460,"VBN"
151461,"TO"
151462,"VB"
151463,"DT"
151464,"NNP"
151465,"MD"
151466,"RB"
151467,"VB"
151468,"VBN"
151469,"IN"
151470,"NNP"
151471,"CD"
151472,":"
151473,"DT"
151474,"NN"
151475,"IN"
151476,"DT"
151477,"NN"
151478,"VBD"
151479,"VBN"
151480,"VBG"
151481,"TO"
151482,"VB"
151483,"NN"
151484,"IN"
151485,"NNP"
151486,"IN"
151487,"CD"
151488,"JJ"
151489,"NNS"
151490,","
151491,"VBG"
151492,"CD"
151493,"NNS"
151494,"TO"
151495,"NNP"
151496,"CC"
151497,"CD"
151498,"NN"
151499,"TO"
151500,"NNP"
151501,"NNP"
151502,"."
151503,"RB"
151504,","
151505,"DT"
151506,"NNS"
151507,"VBP"
151508,"RB"
151509,"VBN"
151510,"TO"
151511,"VB"
151512,"IN"
151513,"NNP"
151514,"."
151515,"NNP"
151516,"VBZ"
151517,"RB"
151518,"VBN"
151519,"TO"
151520,"VB"
151521,"TO"
151522,"NNP"
151523,"NNP"
151524,"DT"
151525,"CD"
151526,"NN"
151527,"NN"
151528,"IN"
151529,"NN"
151530,"IN"
151531,"DT"
151532,"CD"
151533,"IN"
151534,"NN"
151535,"POS"
151536,"NN"
151537,"."
151538,"DT"
151539,","
151540,"RB"
151541,","
151542,"VBP"
151543,"RB"
151544,"JJ"
151545,"TO"
151546,"VB"
151547,"JJ"
151548,"."
151549,"IN"
151550,"DT"
151551,"NN"
151552,","
151553,"DT"
151554,"JJ"
151555,"NNP"
151556,"NNP"
151557,"NNS"
151558,":"
151559,"VBG"
151560,"PRP$"
151561,"JJ"
151562,"NN"
151563,"IN"
151564,"NNP"
151565,"NNP"
151566,","
151567,"NNP"
151568,":"
151569,"NNP"
151570,","
151571,"NNP"
151572,":"
151573,"CC"
151574,"NNP"
151575,","
151576,"NNP"
151577,":"
151578,"VBP"
151579,"VBN"
151580,"VBN"
151581,"IN"
151582,"DT"
151583,"NNS"
151584,"IN"
151585,"NNP"
151586,"NNS"
151587,"."
151588,"RB"
151589,","
151590,"DT"
151591,"NN"
151592,"POS"
151593,"NN"
151594,"VBZ"
151595,"DT"
151596,"JJ"
151597,"NN"
151598,"IN"
151599,"DT"
151600,"JJ"
151601,"NN"
151602,"JJ"
151603,"IN"
151604,"NNP"
151605,"MD"
151606,"VB"
151607,"IN"
151608,"JJ"
151609,"NNS"
151610,"IN"
151611,"DT"
151612,"NN"
151613,"."
151614,"PRP"
151615,"RB"
151616,"VBZ"
151617,"JJ"
151618,"TO"
151619,"VB"
151620,"DT"
151621,"NNS"
151622,"VBN"
151623,"VBD"
151624,"NN"
151625,"IN"
151626,"DT"
151627,"NN"
151628,"."
151629,"``"
151630,"PRP"
151631,"RB"
151632,"VBP"
151633,"RB"
151634,"VB"
151635,"IN"
151636,"DT"
151637,"NN"
151638,"MD"
151639,"RB"
151640,"VB"
151641,"CC"
151642,"MD"
151643,"VB"
151644,"DT"
151645,"JJ"
151646,"NN"
151647,","
151648,"''"
151649,"NNP"
151650,"NNP"
151651,","
151652,"NN"
151653,"IN"
151654,"NNP"
151655,"POS"
151656,"NNP"
151657,"NNP"
151658,","
151659,"VBD"
151660,"IN"
151661,"DT"
151662,"NN"
151663,"NN"
151664,"."
151665,"``"
151666,"PRP"
151667,"VBP"
151668,"RB"
151669,"VB"
151670,"PRP$"
151671,"NNS"
151672,"MD"
151673,"VB"
151674,"PRP"
151675,"RB"
151676,"RB"
151677,"."
151678,"''"
151679,"NNP"
151680,"NNP"
151681,","
151682,"RB"
151683,","
151684,"VBZ"
151685,"DT"
151686,"JJR"
151687,"NN"
151688,"CC"
151689,"RB"
151690,"RBR"
151691,"JJ"
151692,"IN"
151693,"DT"
151694,"JJ"
151695,"NN"
151696,"IN"
151697,"DT"
151698,"JJ"
151699,"NN"
151700,"IN"
151701,"JJ"
151702,"IN"
151703,"PRP$"
151704,"NNS"
151705,"MD"
151706,"VB"
151707,"."
151708,"``"
151709,"PRP"
151710,"VBP"
151711,"IN"
151712,"NNP"
151713,"CC"
151714,"NNP"
151715,"RB"
151716,"VBP"
151717,"PDT"
151718,"DT"
151719,"JJ"
151720,"NN"
151721,"VBG"
151722,"PDT"
151723,"DT"
151724,"NNS"
151725,"IN"
151726,"PRP$"
151727,"NNS"
151728,","
151729,"PRP"
151730,"MD"
151731,"RB"
151732,"VB"
151733,"NN"
151734,"IN"
151735,"DT"
151736,","
151737,"''"
151738,"NNP"
151739,"NNP"
151740,"VBD"
151741,"."
151742,"RB"
151743,","
151744,"DT"
151745,"JJ"
151746,"NN"
151747,"NNP"
151748,"VBD"
151749,"RB"
151750,"VB"
151751,"TO"
151752,"VB"
151753,"IN"
151754,"DT"
151755,"NN"
151756,"VBD"
151757,"VBG"
151758,"RB"
151759,"IN"
151760,"DT"
151761,"NN"
151762,"IN"
151763,"JJ"
151764,"NN"
151765,"NNS"
151766,"."
151767,"NNP"
151768,"NNP"
151769,"VBZ"
151770,"DT"
151771,"NNP"
151772,"CD"
151773,"NN"
151774,"IN"
151775,"NN"
151776,"IN"
151777,"DT"
151778,"NN"
151779,"IN"
151780,"DT"
151781,"NN"
151782,"CC"
151783,"VBZ"
151784,"TO"
151785,"VB"
151786,"DT"
151787,"NN"
151788,"IN"
151789,"NN"
151790,"."
151791,"``"
151792,"PRP"
151793,"VBZ"
151794,"RB"
151795,"JJ"
151796,"TO"
151797,"NN"
151798,","
151799,"NNP"
151800,"POS"
151801,"VBD"
151802,"PRP"
151803,"EX"
151804,"MD"
151805,"RB"
151806,"VB"
151807,"DT"
151808,"NN"
151809,","
151810,"''"
151811,"VBD"
151812,"DT"
151813,"NN"
151814,"NN"
151815,"."
151816,"DT"
151817,"NN"
151818,"IN"
151819,"NNP"
151820,"NNP"
151821,"VBD"
151822,"NNP"
151823,"VBZ"
151824,"VBN"
151825,"JJ"
151826,"NNS"
151827,"PRP"
151828,"MD"
151829,"VB"
151830,"DT"
151831,"CD"
151832,"IN"
151833,"NN"
151834,"RBR"
151835,"DT"
151836,"NN"
151837,"."
151838,"NNP"
151839,"VBZ"
151840,"VBG"
151841,"TO"
151842,"VB"
151843,"NN"
151844,"IN"
151845,"DT"
151846,"CD"
151847,"IN"
151848,"JJ"
151849,"NNP"
151850,"CC"
151851,"CD"
151852,"JJR"
151853,"JJ"
151854,"NN"
151855,"CC"
151856,"VBZ"
151857,"RB"
151858,"VBG"
151859,"DT"
151860,"NNS"
151861,"IN"
151862,"DT"
151863,"NN"
151864,"."
151865,"IN"
151866,"NNP"
151867,","
151868,"DT"
151869,"NNP"
151870,"NN"
151871,"VBD"
151872,"IN"
151873,"DT"
151874,"NN"
151875,"VBZ"
151876,"VBN"
151877,"IN"
151878,"JJ"
151879,"NN"
151880,"IN"
151881,"DT"
151882,"IN"
151883,"PRP$"
151884,"NNS"
151885,"CC"
151886,"IN"
151887,"PRP"
151888,"VBD"
151889,"JJ"
151890,"TO"
151891,"VB"
151892,"WP"
151893,"JJ"
151894,"NNS"
151895,"MD"
151896,"VB"
151897,"VBN"
151898,"IN"
151899,"DT"
151900,"NN"
151901,"."
151902,"RB"
151903,","
151904,"NNS"
151905,"CC"
151906,"JJ"
151907,"NNS"
151908,"VBP"
151909,"VBN"
151910,"VBG"
151911,"TO"
151912,"VB"
151913,"DT"
151914,"CD"
151915,"NNS"
151916,":"
151917,"RB"
151918,"CD"
151919,"CC"
151920,"CD"
151921,"JJ"
151922,"NNS"
151923,"IN"
151924,"DT"
151925,"NN"
151926,"POS"
151927,"NNP"
151928,","
151929,"NNP"
151930,","
151931,"NN"
151932,":"
151933,"WDT"
151934,"VBD"
151935,"PDT"
151936,"CC"
151937,"VBN"
151938,"IN"
151939,"DT"
151940,"NN"
151941,"."
151942,"IN"
151943,"IN"
151944,"NNP"
151945,","
151946,"CD"
151947,"VBD"
151948,"VBN"
151949,"VBN"
151950,"CC"
151951,"DT"
151952,"JJ"
151953,"NN"
151954,","
151955,"DT"
151956,"NN"
151957,","
151958,"VBD"
151959,"VBN"
151960,"TO"
151961,"VB"
151962,"VBN"
151963,"RP"
151964,"IN"
151965,"DT"
151966,"NN"
151967,"TO"
151968,"NNP"
151969,"NNP"
151970,"."
151971,"DT"
151972,"NN"
151973,"VBZ"
151974,"RB"
151975,"VBN"
151976,"VBN"
151977,"TO"
151978,"VB"
151979,"RB"
151980,"TO"
151981,"DT"
151982,"NN"
151983,"NN"
151984,"."
151985,"``"
151986,"PRP"
151987,"VBP"
151988,"TO"
151989,"VB"
151990,"JJ"
151991,"PRP"
151992,"VBP"
151993,"WP"
151994,"PRP"
151995,"VBP"
151996,"IN"
151997,"PRP"
151998,"VBP"
151999,"RB"
152000,","
152001,"''"
152002,"VBD"
152003,"NNP"
152004,"NNP"
152005,","
152006,"DT"
152007,"JJ"
152008,"NN"
152009,"WP"
152010,"VBZ"
152011,"VBN"
152012,"IN"
152013,"NN"
152014,"IN"
152015,"DT"
152016,"NNS"
152017,"IN"
152018,"DT"
152019,"NN"
152020,"VBD"
152021,"."
152022,"DT"
152023,"NN"
152024,"NN"
152025,","
152026,"IN"
152027,"NN"
152028,","
152029,"VBZ"
152030,"VBN"
152031,"VBG"
152032,"DT"
152033,"JJ"
152034,"NN"
152035,"."
152036,"NNP"
152037,"NNP"
152038,"POS"
152039,"NN"
152040,"NN"
152041,"VBD"
152042,"VBN"
152043,"RB"
152044,"IN"
152045,"DT"
152046,"NN"
152047,"IN"
152048,"DT"
152049,"NN"
152050,"NNP"
152051,","
152052,"PRP"
152053,"RB"
152054,"VBZ"
152055,"VBN"
152056,"IN"
152057,"DT"
152058,"JJ"
152059,"CD"
152060,"NNS"
152061,"IN"
152062,"DT"
152063,"NN"
152064,"IN"
152065,"JJ"
152066,"NNS"
152067,"."
152068,"``"
152069,"DT"
152070,"NN"
152071,"VBZ"
152072,"VBN"
152073,"CD"
152074,"NNS"
152075,":"
152076,"IN"
152077,"DT"
152078,"NN"
152079,"NN"
152080,"MD"
152081,"VB"
152082,"VBN"
152083,"IN"
152084,"DT"
152085,"JJ"
152086,"NN"
152087,"CC"
152088,"DT"
152089,"NNS"
152090,"VBP"
152091,"RB"
152092,"JJ"
152093,"IN"
152094,"NNP"
152095,"IN"
152096,"DT"
152097,"JJ"
152098,"NN"
152099,","
152100,"''"
152101,"VBD"
152102,"NNP"
152103,"NNP"
152104,","
152105,"DT"
152106,"NN"
152107,"IN"
152108,"NNP"
152109,"NNP"
152110,"NNP"
152111,"NNP"
152112,"."
152113,"NNP"
152114,"POS"
152115,"NNS"
152116,"VBD"
152117,"$"
152118,"CD"
152119,"NNP"
152120,"TO"
152121,"VB"
152122,"IN"
152123,"$"
152124,"CD"
152125,"IN"
152126,"JJ"
152127,"NN"
152128,"IN"
152129,"DT"
152130,"NNP"
152131,"NNP"
152132,"NNP"
152133,"NNP"
152134,"."
152135,"CC"
152136,"NNP"
152137,"NNP"
152138,"VBD"
152139,"PRP"
152140,"VBZ"
152141,"DT"
152142,"JJS"
152143,"DT"
152144,"NN"
152145,"MD"
152146,"VB"
152147,"VBN"
152148,"MD"
152149,"VB"
152150,"DT"
152151,"NN"
152152,"IN"
152153,"DT"
152154,"NN"
152155,","
152156,"VBG"
152157,"IN"
152158,"DT"
152159,"NN"
152160,"CC"
152161,"NN"
152162,"MD"
152163,"VB"
152164,"NNS"
152165,"IN"
152166,"JJ"
152167,"IN"
152168,"DT"
152169,"NN"
152170,"."
152171,"RB"
152172,","
152173,"PRP"
152174,"VBD"
152175,","
152176,"PRP"
152177,"VBZ"
152178,"JJ"
152179,"IN"
152180,"DT"
152181,"NN"
152182,"MD"
152183,"VB"
152184,"RB"
152185,"RB"
152186,"."
152187,"``"
152188,"PRP"
152189,"MD"
152190,"RB"
152191,"VB"
152192,"DT"
152193,"JJ"
152194,"NN"
152195,"TO"
152196,"NN"
152197,"."
152198,"''"
152199,"JJ"
152200,"NN"
152201,","
152202,"NNP"
152203,"NNP"
152204,"NNP"
152205,"NNP"
152206,"VBD"
152207,"JJ"
152208,"NNS"
152209,"DT"
152210,"NN"
152211,","
152212,"VBG"
152213,"IN"
152214,"``"
152215,"TO"
152216,"PRP$"
152217,"NN"
152218,","
152219,"NNP"
152220,"POS"
152221,"NN"
152222,"VBZ"
152223,"DT"
152224,"RBS"
152225,"JJ"
152226,"JJ"
152227,"NN"
152228,"IN"
152229,"DT"
152230,"JJ"
152231,"NNP"
152232,"JJ"
152233,"NN"
152234,"IN"
152235,"JJ"
152236,"NN"
152237,"."
152238,"''"
152239,"CC"
152240,"NNP"
152241,"NNP"
152242,"VBD"
152243,"DT"
152244,"NN"
152245,":"
152246,"CC"
152247,"DT"
152248,"NN"
152249,"POS"
152250,"NN"
152251,"IN"
152252,"DT"
152253,"CD"
152254,"NN"
152255,"NN"
152256,"NN"
152257,"IN"
152258,"DT"
152259,"NN"
152260,"IN"
152261,"DT"
152262,"NN"
152263,","
152264,"CC"
152265,"NNS"
152266,":"
152267,"``"
152268,"RB"
152269,"JJ"
152270,"."
152271,"''"
152272,"PRP"
152273,"VBD"
152274,"IN"
152275,"DT"
152276,"NN"
152277,"VBD"
152278,"DT"
152279,"NN"
152280,"POS"
152281,"NN"
152282,"CC"
152283,"DT"
152284,"NNS"
152285,"POS"
152286,"NN"
152287,"IN"
152288,"VBG"
152289,"VBN"
152290,"TO"
152291,"VB"
152292,"JJ"
152293,"NNS"
152294,"RB"
152295,"."
152296,"IN"
152297,"JJ"
152298,"NNS"
152299,":"
152300,":"
152301,"FW"
152302,"VBP"
152303,"VBN"
152304,"RP"
152305,"IN"
152306,"NNS"
152307,"NNS"
152308,"IN"
152309,"NNP"
152310,"NNP"
152311,"CC"
152312,"DT"
152313,"NNP"
152314,","
152315,"NNP"
152316,","
152317,"NN"
152318,"NN"
152319,"."
152320,"DT"
152321,"NN"
152322,"VBZ"
152323,"VBG"
152324,"TO"
152325,"VB"
152326,"IN"
152327,"PRP$"
152328,"VBN"
152329,"NN"
152330,","
152331,"RB"
152332,"."
152333,"PRP"
152334,"VBD"
152335,"VBN"
152336,"DT"
152337,"NN"
152338,"NN"
152339,"IN"
152340,"JJ"
152341,"NNP"
152342,","
152343,"CC"
152344,"DT"
152345,"VBZ"
152346,"VBN"
152347,"VBN"
152348,"RB"
152349,"RB"
152350,"."
152351,":"
152352,"NNP"
152353,"NNP"
152354,"NNP"
152355,"NNP"
152356,"NNP"
152357,","
152358,"WDT"
152359,"VBZ"
152360,"CD"
152361,"NNS"
152362,"IN"
152363,"NNP"
152364,"POS"
152365,"NN"
152366,"NN"
152367,"IN"
152368,"NNP"
152369,"NNP"
152370,","
152371,"NNP"
152372,","
152373,"VBD"
152374,"PRP"
152375,"VBD"
152376,"TO"
152377,"VB"
152378,"PRP$"
152379,"NN"
152380,"IN"
152381,"DT"
152382,"JJ"
152383,"NN"
152384,","
152385,"IN"
152386,"DT"
152387,"JJ"
152388,"NN"
152389,"TO"
152390,"VB"
152391,","
152392,"IN"
152393,"PRP"
152394,"VBZ"
152395,"NN"
152396,"."
152397,"DT"
152398,"NN"
152399,"VBD"
152400,"NN"
152401,"."
152402,":"
152403,"CC"
152404,"NNP"
152405,"IN"
152406,"NNP"
152407,"VBD"
152408,"PRP"
152409,"VBD"
152410,"DT"
152411,"NN"
152412,"IN"
152413,"NN"
152414,"CC"
152415,"IN"
152416,"CD"
152417,"NN"
152418,"CD"
152419,"NN"
152420,"NNS"
152421,"VBN"
152422,"IN"
152423,"DT"
152424,"NN"
152425,"IN"
152426,"IN"
152427,"$"
152428,"CD"
152429,"CD"
152430,"."
152431,"DT"
152432,"NNS"
152433,","
152434,"JJ"
152435,"NN"
152436,"NNS"
152437,"IN"
152438,"DT"
152439,"JJ"
152440,"NN"
152441,","
152442,"MD"
152443,"VB"
152444,"VBN"
152445,"IN"
152446,"NNP"
152447,"CC"
152448,"NNP"
152449,"NNP"
152450,"NNS"
152451,"."
152452,"NNP"
152453,"CC"
152454,"NNP"
152455,"VBZ"
152456,"DT"
152457,"NN"
152458,"IN"
152459,"NNP"
152460,"NNP"
152461,"NNP"
152462,"."
152463,"NNP"
152464,"NNP"
152465,"VBZ"
152466,"VBN"
152467,"IN"
152468,"NNP"
152469,"."
152470,"DT"
152471,"NNP"
152472,"NN"
152473,"VBD"
152474,"DT"
152475,"NN"
152476,"NN"
152477,"IN"
152478,"DT"
152479,"NNS"
152480,"VBZ"
152481,"RB"
152482,"VBG"
152483,"VBN"
152484,"RP"
152485,"``"
152486,"IN"
152487,"DT"
152488,"NN"
152489,"IN"
152490,"NNS"
152491,","
152492,"CC"
152493,"RB"
152494,"RB"
152495,"IN"
152496,"DT"
152497,"NN"
152498,"."
152499,"''"
152500,"NNP"
152501,"NNP"
152502,"VBD"
152503,"TO"
152504,"DT"
152505,"NN"
152506,"."
152507,"O"
152508,"NNP"
152509,"NNP"
152510,"VBD"
152511,"PRP$"
152512,"NNS"
152513,"NN"
152514,"VBZ"
152515,"VBG"
152516,"VBG"
152517,"JJ"
152518,"JJ"
152519,"NN"
152520,"NNS"
152521,","
152522,"DT"
152523,"VBN"
152524,"IN"
152525,"JJR"
152526,"IN"
152527,"CD"
152528,"CD"
152529,"JJ"
152530,"NNS"
152531,"("
152532,"$"
152533,"CD"
152534,"CD"
152535,")"
152536,","
152537,"IN"
152538,"NNP"
152539,"NNP"
152540,"CC"
152541,"RB"
152542,"."
152543,"NNP"
152544,"NNP"
152545,","
152546,"NNP"
152547,"POS"
152548,"JJ"
152549,"NN"
152550,"NN"
152551,","
152552,"NN"
152553,","
152554,"VBD"
152555,"PRP$"
152556,"JJ"
152557,"JJ"
152558,"NNP"
152559,"NNP"
152560,"NN"
152561,"VBZ"
152562,"VBG"
152563,"JJ"
152564,"NNS"
152565,"IN"
152566,"NNP"
152567,"NNP"
152568,","
152569,"CC"
152570,"JJ"
152571,"JJ"
152572,"NN"
152573,"VBG"
152574,"NNS"
152575,"RB"
152576,","
152577,"IN"
152578,"NNP"
152579,","
152580,"WRB"
152581,"DT"
152582,"JJ"
152583,"NN"
152584,"VBZ"
152585,"TO"
152586,"VB"
152587,"JJ"
152588,"NN"
152589,"IN"
152590,"JJ"
152591,"NN"
152592,"IN"
152593,"JJ"
152594,"NNS"
152595,"IN"
152596,"NN"
152597,"IN"
152598,"PRP$"
152599,"JJ"
152600,"NN"
152601,"."
152602,"``"
152603,"DT"
152604,"NNS"
152605,"VBP"
152606,"JJ"
152607,"."
152608,"PRP"
152609,"MD"
152610,"VB"
152611,"$"
152612,"CD"
152613,"CD"
152614,"NN"
152615,","
152616,"''"
152617,"NNP"
152618,"NNP"
152619,"VBD"
152620,"."
152621,"``"
152622,"CC"
152623,"PRP"
152624,"MD"
152625,"RB"
152626,"VB"
152627,"IN"
152628,"PRP"
152629,"RB"
152630,","
152631,"''"
152632,"NNP"
152633,"NNP"
152634,"NNPS"
152635,"POS"
152636,"NN"
152637,"NN"
152638,"MD"
152639,"VB"
152640,"JJ"
152641,","
152642,"PRP"
152643,"VBD"
152644,"."
152645,"``"
152646,"RB"
152647,","
152648,"PRP"
152649,"MD"
152650,"VB"
152651,"TO"
152652,"VB"
152653,"DT"
152654,"NN"
152655,"("
152656,"IN"
152657,"DT"
152658,"NN"
152659,")"
152660,"CC"
152661,"DT"
152662,"JJ"
152663,"NN"
152664,"NN"
152665,"."
152666,"PRP$"
152667,"JJ"
152668,"NN"
152669,"VBZ"
152670,"PRP$"
152671,"JJ"
152672,"NN"
152673,"TO"
152674,"VB"
152675,"''"
152676,"NN"
152677,"NNS"
152678,","
152679,"PRP"
152680,"VBD"
152681,"."
152682,"NNP"
152683,"NNP"
152684,"MD"
152685,"RB"
152686,"VB"
152687,"NNS"
152688,"VBG"
152689,"FW"
152690,"POS"
152691,"VBN"
152692,"JJ"
152693,"NN"
152694,","
152695,"CC"
152696,"PRP"
152697,"VBD"
152698,"PRP"
152699,"MD"
152700,"VB"
152701,"IN"
152702,"NNS"
152703,"IN"
152704,"CD"
152705,"JJ"
152706,"JJ"
152707,"NN"
152708,"VBG"
152709,"NNS"
152710,"WDT"
152711,"MD"
152712,"VB"
152713,"VBN"
152714,"IN"
152715,"DT"
152716,"NN"
152717,"POS"
152718,"NN"
152719,"TO"
152720,"VB"
152721,"PRP$"
152722,"JJ"
152723,"NN"
152724,"CC"
152725,"JJ"
152726,"NNS"
152727,"."
152728,"NNP"
152729,"POS"
152730,"NN"
152731,"VBZ"
152732,"TO"
152733,"VB"
152734,"IN"
152735,"#"
152736,"CD"
152737,"CD"
152738,"("
152739,"$"
152740,"CD"
152741,"CD"
152742,")"
152743,"IN"
152744,"DT"
152745,"NN"
152746,"IN"
152747,"JJS"
152748,"IN"
152749,"PRP$"
152750,"JJ"
152751,"NN"
152752,"CC"
152753,"JJ"
152754,"NNS"
152755,","
152756,"VBG"
152757,"JJ"
152758,"NN"
152759,"."
152760,"DT"
152761,"JJ"
152762,"JJ"
152763,"NN"
152764,"NN"
152765,","
152766,"VBN"
152767,"IN"
152768,"JJ"
152769,"NN"
152770,","
152771,"VBZ"
152772,"RB"
152773,"VBN"
152774,"TO"
152775,"VB"
152776,"#"
152777,"CD"
152778,"CD"
152779,","
152780,"VBG"
152781,"PRP"
152782,"DT"
152783,"NN"
152784,"POS"
152785,"JJS"
152786,"NN"
152787,"NN"
152788,"."
152789,"IN"
152790,"NNS"
152791,"IN"
152792,"DT"
152793,"NN"
152794,","
152795,"JJ"
152796,"NNS"
152797,"MD"
152798,"VB"
152799,"JJ"
152800,"TO"
152801,"VB"
152802,"IN"
152803,"CD"
152804,"NN"
152805,"IN"
152806,"NNS"
152807,"IN"
152808,"CD"
152809,","
152810,"CC"
152811,"IN"
152812,"DT"
152813,"CD"
152814,"NN"
152815,"IN"
152816,"CD"
152817,"CC"
152818,"CD"
152819,"."
152820,"NNP"
152821,"NNP"
152822,"VBD"
152823,"CD"
152824,"NN"
152825,"IN"
152826,"$"
152827,"CD"
152828,"CD"
152829,","
152830,"RB"
152831,"IN"
152832,"PRP$"
152833,"JJ"
152834,"NN"
152835,"CC"
152836,"JJ"
152837,"NN"
152838,"NNS"
152839,"IN"
152840,"NNP"
152841,","
152842,"WRB"
152843,"DT"
152844,"NN"
152845,"VBZ"
152846,"IN"
152847,"CD"
152848,"NNS"
152849,"."
152850,"``"
152851,"EX"
152852,"VBZ"
152853,"TO"
152854,"VB"
152855,"DT"
152856,"NN"
152857,"IN"
152858,"DT"
152859,"NN"
152860,"TO"
152861,"VB"
152862,"DT"
152863,"NN"
152864,"IN"
152865,"NN"
152866,","
152867,"''"
152868,"NNP"
152869,"NNP"
152870,"VBD"
152871,","
152872,"CC"
152873,"NNP"
152874,"NNP"
152875,"VBZ"
152876,"TO"
152877,"VB"
152878,"IN"
152879,"PRP"
152880,"."
152881,"``"
152882,"DT"
152883,"VBZ"
152884,"DT"
152885,"JJ"
152886,"NN"
152887,"IN"
152888,"PRP$"
152889,"NN"
152890,"NN"
152891,","
152892,"''"
152893,"PRP"
152894,"VBD"
152895,","
152896,"VBG"
152897,"IN"
152898,"JJ"
152899,"NNS"
152900,"VBZ"
152901,"RB"
152902,"VBG"
152903,"NNS"
152904,"IN"
152905,"JJ"
152906,"NNS"
152907,","
152908,"IN"
152909,"PRP"
152910,"MD"
152911,"VB"
152912,"JJ"
152913,"."
152914,"NNP"
152915,"NNP"
152916,"VBZ"
152917,"RB"
152918,"RB"
152919,"IN"
152920,"VBG"
152921,"NN"
152922,"NN"
152923,"NNS"
152924,"IN"
152925,"NNP"
152926,","
152927,"IN"
152928,"NN"
152929,"IN"
152930,"DT"
152931,"JJ"
152932,"NN"
152933,"."
152934,"``"
152935,"PRP"
152936,"VBP"
152937,"RB"
152938,"VBG"
152939,"IN"
152940,"DT"
152941,"NN"
152942,"VBG"
152943,"NNS"
152944,"IN"
152945,"NNP"
152946,","
152947,"''"
152948,"VBD"
152949,"NNP"
152950,"NNP"
152951,","
152952,"NN"
152953,"NN"
152954,","
152955,"JJ"
152956,"NN"
152957,"CC"
152958,"JJ"
152959,"NN"
152960,","
152961,"IN"
152962,"NNP"
152963,"NNP"
152964,","
152965,"NNP"
152966,","
152967,"DT"
152968,"JJ"
152969,"JJ"
152970,"NN"
152971,"NN"
152972,"CC"
152973,"NN"
152974,"NN"
152975,"."
152976,"NNP"
152977,"NNP"
152978,"VBD"
152979,"NNP"
152980,"VBZ"
152981,"VBG"
152982,"VBG"
152983,"JJ"
152984,"NN"
152985,"NNS"
152986,"IN"
152987,"DT"
152988,"NN"
152989,"JJ"
152990,"IN"
152991,"VBG"
152992,"IN"
152993,"CD"
152994,"NNS"
152995,"IN"
152996,"NN"
152997,"IN"
152998,"DT"
152999,"NN"
153000,"IN"
153001,"IN"
153002,"$"
153003,"CD"
153004,"CD"
153005,"TO"
153006,"$"
153007,"CD"
153008,"CD"
153009,"."
153010,"O"
153011,"NNP"
153012,"NNP"
153013,"VBD"
153014,"PRP"
153015,"VBZ"
153016,"TO"
153017,"VB"
153018,"JJ"
153019,"NNS"
153020,"IN"
153021,"$"
153022,"CD"
153023,"CD"
153024,"TO"
153025,"$"
153026,"CD"
153027,"CD"
153028,","
153029,"CC"
153030,"CD"
153031,"NNS"
153032,"TO"
153033,"CD"
153034,"NNS"
153035,"DT"
153036,"NN"
153037,"."
153038,"IN"
153039,"DT"
153040,"JJ"
153041,"NN"
153042,","
153043,"DT"
153044,"NN"
153045,"CC"
153046,"NN"
153047,"IN"
153048,"NN"
153049,"CC"
153050,"NN"
153051,"NN"
153052,"NN"
153053,"NNS"
153054,"VBD"
153055,"JJ"
153056,"NN"
153057,"IN"
153058,"$"
153059,"CD"
153060,","
153061,"CC"
153062,"CD"
153063,"NNS"
153064,"DT"
153065,"NN"
153066,","
153067,"IN"
153068,"NN"
153069,"IN"
153070,"IN"
153071,"$"
153072,"CD"
153073,"CD"
153074,"."
153075,"DT"
153076,"NN"
153077,"VBD"
153078,"DT"
153079,"NN"
153080,"VBZ"
153081,"VBN"
153082,"TO"
153083,"JJ"
153084,"NN"
153085,"NNS"
153086,"WDT"
153087,"VBP"
153088,"VBN"
153089,"VBN"
153090,"IN"
153091,"NN"
153092,"."
153093,"O"
153094,"NNP"
153095,"NNP"
153096,"NNS"
153097,"VBP"
153098,"$"
153099,"CD"
153100,"TO"
153101,"NNP"
153102,"CC"
153103,"$"
153104,"CD"
153105,"TO"
153106,"NNP"
153107,"."
153108,"IN"
153109,"DT"
153110,"JJ"
153111,"NN"
153112,"NN"
153113,"NNP"
153114,"CD"
153115,","
153116,"DT"
153117,"NNS"
153118,"VBD"
153119,"VBN"
153120,"."
153121,"O"
153122,"NNP"
153123,"NNP"
153124,"NNP"
153125,"NNP"
153126,"VBD"
153127,"PRP"
153128,"VBD"
153129,"VBN"
153130,"NN"
153131,"JJ"
153132,"NNP"
153133,"."
153134,"DT"
153135,"NN"
153136,"VBD"
153137,"IN"
153138,"DT"
153139,"NN"
153140,"IN"
153141,"CD"
153142,"CD"
153143,"JJ"
153144,"NNS"
153145,"IN"
153146,"NN"
153147,"DT"
153148,"NN"
153149,"IN"
153150,"DT"
153151,"CD"
153152,"NN"
153153,"NN"
153154,"IN"
153155,"NNS"
153156,"IN"
153157,"NNP"
153158,"CC"
153159,"JJ"
153160,"NNS"
153161,"."
153162,"NNP"
153163,"NNP"
153164,"VBZ"
153165,"DT"
153166,"NN"
153167,","
153168,"IN"
153169,"DT"
153170,"CD"
153171,"NN"
153172,"NN"
153173,"IN"
153174,"DT"
153175,"NN"
153176,"."
153177,"NNP"
153178,"NNP"
153179,"NNP"
153180,"POS"
153181,"NN"
153182,"VBD"
153183,"CD"
153184,"NNS"
153185,"NNP"
153186,"TO"
153187,"VB"
153188,"IN"
153189,"$"
153190,"CD"
153191,"IN"
153192,"NNP"
153193,"NNP"
153194,"NNP"
153195,"NNP"
153196,"JJ"
153197,"NN"
153198,"."
153199,"O"
153200,"NNP"
153201,"CC"
153202,"NNP"
153203,"NNP"
153204,"NNP"
153205,"VBD"
153206,"PRP"
153207,"VBD"
153208,"DT"
153209,"$"
153210,"CD"
153211,"CD"
153212,"JJ"
153213,"NN"
153214,"NN"
153215,"TO"
153216,"VB"
153217,"NN"
153218,"IN"
153219,"NNP"
153220,"JJ"
153221,"IN"
153222,"JJ"
153223,"NN"
153224,"."
153225,"DT"
153226,"NN"
153227,","
153228,"NNP"
153229,"CC"
153230,"NNP"
153231,"NNP"
153232,"NNP"
153233,"NNP"
153234,"NNP"
153235,"NNP"
153236,","
153237,"VBZ"
153238,"DT"
153239,"JJ"
153240,"JJ"
153241,"NN"
153242,"IN"
153243,"DT"
153244,"NN"
153245,"VBN"
153246,"IN"
153247,"JJ"
153248,"NNS"
153249,"IN"
153250,"NNP"
153251,"NNP"
153252,"NNP"
153253,","
153254,"DT"
153255,"NN"
153256,"IN"
153257,"NNP"
153258,"NNP"
153259,"NNP"
153260,","
153261,"DT"
153262,"JJ"
153263,"NN"
153264,"NN"
153265,","
153266,"NN"
153267,"CC"
153268,"NN"
153269,"NN"
153270,"IN"
153271,"NNS"
153272,"IN"
153273,"NNP"
153274,"CC"
153275,"NNP"
153276,"NNP"
153277,","
153278,"NNP"
153279,"."
153280,"NNP"
153281,"CC"
153282,"NNP"
153283,","
153284,"DT"
153285,"NN"
153286,"NN"
153287,"NN"
153288,","
153289,"VBD"
153290,"TO"
153291,"VB"
153292,"DT"
153293,"JJ"
153294,"NNS"
153295,"."
153296,"DT"
153297,"NN"
153298,"TO"
153299,"VB"
153300,"VBN"
153301,"IN"
153302,"DT"
153303,"JJ"
153304,"NN"
153305,"VBZ"
153306,"RB"
153307,"RB"
153308,"VBN"
153309,"NN"
153310,"CC"
153311,"JJ"
153312,"NNS"
153313,"VBN"
153314,"IN"
153315,"NN"
153316,","
153317,"CC"
153318,"NN"
153319,"IN"
153320,"NNP"
153321,"CC"
153322,"NNP"
153323,"POS"
153324,"NN"
153325,"MD"
153326,"VB"
153327,"TO"
153328,"VB"
153329,"JJ"
153330,"NNS"
153331,"."
153332,"DT"
153333,"NN"
153334,"VBZ"
153335,"DT"
153336,"NN"
153337,"IN"
153338,"PRP"
153339,"MD"
153340,"RB"
153341,"VB"
153342,"DT"
153343,"NNS"
153344,"IN"
153345,"NN"
153346,","
153347,"CC"
153348,"IN"
153349,"NN"
153350,","
153351,"PRP"
153352,"MD"
153353,"VB"
153354,"NN"
153355,"IN"
153356,"NN"
153357,"RB"
153358,"IN"
153359,"JJ"
153360,"NNS"
153361,","
153362,"WDT"
153363,"MD"
153364,"VB"
153365,"IN"
153366,"JJ"
153367,"NNS"
153368,","
153369,"VBD"
153370,"NNP"
153371,"NNP"
153372,","
153373,"NN"
153374,"CC"
153375,"JJ"
153376,"NN"
153377,"NN"
153378,"IN"
153379,"NNP"
153380,"CC"
153381,"NNP"
153382,"."
153383,"``"
153384,"EX"
153385,"VBP"
153386,"RB"
153387,"RB"
153388,"JJ"
153389,"NNS"
153390,"WDT"
153391,"VBP"
153392,"JJ"
153393,"NN"
153394,"TO"
153395,"VB"
153396,"NNS"
153397,"IN"
153398,"DT"
153399,"JJ"
153400,"NN"
153401,"IN"
153402,"NN"
153403,"."
153404,"RB"
153405,","
153406,"NNS"
153407,"NN"
153408,"NN"
153409,","
153410,"CC"
153411,"RB"
153412,"IN"
153413,"PRP"
153414,"VBP"
153415,"DT"
153416,"JJ"
153417,"NNS"
153418,","
153419,"PRP"
153420,"VBP"
153421,"PRP"
153422,","
153423,"''"
153424,"VBD"
153425,"NNP"
153426,"NNP"
153427,","
153428,"VBG"
153429,"IN"
153430,"PRP"
153431,"VBZ"
153432,"DT"
153433,"JJ"
153434,"NN"
153435,"VBZ"
153436,"DT"
153437,"JJ"
153438,"IN"
153439,"PRP$"
153440,"NN"
153441,"."
153442,"``"
153443,"PRP"
153444,"RB"
153445,"VBP"
153446,"IN"
153447,"DT"
153448,"JJ"
153449,"NN"
153450,"."
153451,"''"
153452,"IN"
153453,"VBG"
153454,"RP"
153455,"DT"
153456,"JJ"
153457,"NN"
153458,","
153459,"NNP"
153460,"CC"
153461,"NNP"
153462,"MD"
153463,"VB"
153464,"DT"
153465,"RBR"
153466,"JJ"
153467,"NN"
153468,"IN"
153469,"VBG"
153470,"JJ"
153471,"NN"
153472,","
153473,"IN"
153474,"VBG"
153475,"DT"
153476,"JJ"
153477,"NNS"
153478,"TO"
153479,"PRP$"
153480,"JJ"
153481,"NN"
153482,"NN"
153483,","
153484,"NNP"
153485,"NNP"
153486,"VBD"
153487,"."
153488,"DT"
153489,"NN"
153490,"VBZ"
153491,"VBG"
153492,"RP"
153493,"RB"
153494,"CD"
153495,"NN"
153496,"IN"
153497,"DT"
153498,"NN"
153499,","
153500,"IN"
153501,"PRP"
153502,"VBZ"
153503,"JJ"
153504,"IN"
153505,"VBG"
153506,"NN"
153507,","
153508,"NN"
153509,"CC"
153510,"NN"
153511,"NNS"
153512,"TO"
153513,"DT"
153514,"JJ"
153515,"NN"
153516,"."
153517,"``"
153518,"DT"
153519,"VBZ"
153520,"CD"
153521,"IN"
153522,"DT"
153523,"JJS"
153524,"NNS"
153525,"TO"
153526,"VB"
153527,"DT"
153528,"NN"
153529,"IN"
153530,"NN"
153531,"TO"
153532,"VB"
153533,"PRP$"
153534,"NN"
153535,"IN"
153536,"DT"
153537,"JJ"
153538,"NN"
153539,"TO"
153540,"PRP$"
153541,"NN"
153542,","
153543,"''"
153544,"NNP"
153545,"NNP"
153546,"VBD"
153547,"."
153548,"O"
153549,"WRB"
153550,"DT"
153551,"NN"
153552,"IN"
153553,"NNS"
153554,"VBD"
153555,"RB"
153556,"IN"
153557,"CD"
153558,","
153559,"NNP"
153560,"NNP"
153561,"NNP"
153562,"VBD"
153563,"RB"
153564,"IN"
153565,"DT"
153566,"NN"
153567,"."
153568,"DT"
153569,"NN"
153570,"IN"
153571,"NNP"
153572,"POS"
153573,"JJ"
153574,"NN"
153575,"NN"
153576,","
153577,"NNP"
153578,"NNP"
153579,"NNP"
153580,","
153581,"VBD"
153582,"TO"
153583,"VB"
153584,"NN"
153585,"JJR"
153586,"IN"
153587,"VBN"
153588,","
153589,"IN"
153590,"PRP"
153591,"VBD"
153592,"RB"
153593,"VBN"
153594,"NNP"
153595,"POS"
153596,"NN"
153597,"IN"
153598,"NNS"
153599,"."
153600,"DT"
153601,"NN"
153602,"VBD"
153603,"RB"
153604,"IN"
153605,"DT"
153606,"JJ"
153607,"NN"
153608,"IN"
153609,"JJ"
153610,"NN"
153611,"VBD"
153612,"JJ"
153613,"IN"
153614,"CD"
153615,"NNS"
153616,"."
153617,"NNP"
153618,"NNP"
153619,"VBD"
153620,"IN"
153621,"DT"
153622,"NN"
153623,","
153624,"``"
153625,"PRP"
153626,"VBZ"
153627,"VBG"
153628,"TO"
153629,"VB"
153630,"DT"
153631,"JJ"
153632,"NN"
153633,"RB"
153634,"IN"
153635,"NN"
153636,"VBZ"
153637,"."
153638,"''"
153639,"CC"
153640,"JJ"
153641,"NNS"
153642,"VBP"
153643,"VBN"
153644,"CC"
153645,"NNP"
153646,"POS"
153647,"NN"
153648,"VBZ"
153649,"VBG"
153650,"."
153651,"DT"
153652,"NNS"
153653,"NNS"
153654,"VBP"
153655,"VBG"
153656,"IN"
153657,"DT"
153658,"JJR"
153659,"IN"
153660,"JJ"
153661,"NNS"
153662,"IN"
153663,"DT"
153664,"NN"
153665,"IN"
153666,"DT"
153667,"JJ"
153668,"NN"
153669,","
153670,"VBN"
153671,"IN"
153672,"JJ"
153673,"NN"
153674,"IN"
153675,"$"
153676,"CD"
153677,"CD"
153678,","
153679,"CC"
153680,"$"
153681,"CD"
153682,"DT"
153683,"NN"
153684,","
153685,"IN"
153686,"NNS"
153687,"IN"
153688,"$"
153689,"CD"
153690,"CD"
153691,"."
153692,"DT"
153693,"NN"
153694,","
153695,"VBG"
153696,"VBD"
153697,"RB"
153698,"DT"
153699,"NN"
153700,"IN"
153701,"PRP$"
153702,"NN"
153703,"IN"
153704,"NNP"
153705,"CD"
153706,","
153707,"VBN"
153708,"IN"
153709,"$"
153710,"CD"
153711,"NN"
153712,","
153713,"RB"
153714,"$"
153715,"CD"
153716,","
153717,"IN"
153718,"NNP"
153719,"NNP"
153720,"NNP"
153721,"NNP"
153722,"JJ"
153723,"NN"
153724,"NNP"
153725,"."
153726,"TO"
153727,"DT"
153728,"NN"
153729,","
153730,"NNP"
153731,"VBZ"
153732,"DT"
153733,"JJ"
153734,"NNS"
153735,"WDT"
153736,"VBP"
153737,"VBN"
153738,"IN"
153739,"NNS"
153740,"IN"
153741,"DT"
153742,"JJ"
153743,"NN"
153744,"NNS"
153745,"IN"
153746,"JJ"
153747,"JJ"
153748,"NN"
153749,"."
153750,"VBG"
153751,"RB"
153752,"VBN"
153753,"IN"
153754,"CD"
153755,"IN"
153756,"DT"
153757,"RBS"
153758,"JJ"
153759,"NNS"
153760,"IN"
153761,"PRP$"
153762,"NN"
153763,","
153764,"DT"
153765,"NNS"
153766,"RB"
153767,"VBP"
153768,"PRP$"
153769,"NNS"
153770,"VBG"
153771,"."
153772,"JJ"
153773,"NNS"
153774,","
153775,"TO"
153776,"VB"
153777,"JJ"
153778,","
153779,"JJ"
153780,"NN"
153781,"JJ"
153782,"IN"
153783,"NNS"
153784,"NNS"
153785,"."
153786,"CC"
153787,"DT"
153788,"JJ"
153789,"NN"
153790,"IN"
153791,"DT"
153792,"NNS"
153793,"JJ"
153794,"RB"
153795,"IN"
153796,"NN"
153797,"IN"
153798,"DT"
153799,"JJ"
153800,"NN"
153801,"WDT"
153802,"VBZ"
153803,"RB"
153804,"IN"
153805,"PRP"
153806,"."
153807,"``"
153808,"PRP"
153809,"VBD"
153810,"DT"
153811,"JJ"
153812,"NNS"
153813,"JJ"
153814,"NN"
153815,","
153816,"''"
153817,"VBZ"
153818,"DT"
153819,"NN"
153820,"IN"
153821,"NN"
153822,"IN"
153823,"NNP"
153824,"POS"
153825,"NNS"
153826,"."
153827,"``"
153828,"RB"
153829,"PRP"
153830,"VBP"
153831,"IN"
153832,"DT"
153833,"NN"
153834,"IN"
153835,"DT"
153836,"NN"
153837,"."
153838,"''"
153839,"IN"
153840,"NNP"
153841,","
153842,"WDT"
153843,"VBZ"
153844,"VBN"
153845,"IN"
153846,"NNP"
153847,"NNP"
153848,","
153849,"DT"
153850,"NN"
153851,"VBZ"
153852,"VBN"
153853,"IN"
153854,"DT"
153855,"NN"
153856,"POS"
153857,"JJ"
153858,"NN"
153859,"IN"
153860,"NNS"
153861,"."
153862,"RB"
153863,"VBN"
153864,"IN"
153865,"NNP"
153866,"NNP"
153867,"CC"
153868,"NNP"
153869,"NNP"
153870,","
153871,"DT"
153872,"NN"
153873,"VBD"
153874,"DT"
153875,"NN"
153876,"CC"
153877,"NNS"
153878,"NN"
153879,"CC"
153880,"VBD"
153881,"JJR"
153882,"IN"
153883,"PRP$"
153884,"NNS"
153885,"IN"
153886,"NNS"
153887,"IN"
153888,"NNP"
153889,"NNP"
153890,"VBD"
153891,"DT"
153892,"JJ"
153893,"NN"
153894,"POS"
153895,"NN"
153896,"IN"
153897,"CD"
153898,"."
153899,"NNP"
153900,"NNP"
153901,","
153902,"CD"
153903,"NNS"
153904,"JJ"
153905,","
153906,"VBD"
153907,"TO"
153908,"VB"
153909,"VBN"
153910,"IN"
153911,"DT"
153912,"NN"
153913,","
153914,"CC"
153915,"PRP"
153916,"VBZ"
153917,"RB"
153918,"VBN"
153919,"IN"
153920,"IN"
153921,"DT"
153922,"JJ"
153923,"NN"
153924,":"
153925,"IN"
153926,"PDT"
153927,"DT"
153928,"NNS"
153929,"CC"
153930,"DT"
153931,"NN"
153932,"IN"
153933,"DT"
153934,"NNS"
153935,"NN"
153936,":"
153937,"NNP"
153938,"MD"
153939,"VB"
153940,"IN"
153941,"PRP$"
153942,"JJ"
153943,"NN"
153944,"."
153945,"NNP"
153946,"POS"
153947,"NN"
153948,"VBZ"
153949,"RB"
153950,"VBN"
153951,"TO"
153952,"NN"
153953,"NN"
153954,","
153955,"VBD"
153956,"TO"
153957,"VB"
153958,"NN"
153959,"NNS"
153960,","
153961,"NN"
153962,"NNS"
153963,","
153964,"NNS"
153965,","
153966,"NNS"
153967,"CC"
153968,"NN"
153969,"NN"
153970,","
153971,"IN"
153972,"JJ"
153973,"NNS"
153974,"."
153975,"IN"
153976,"DT"
153977,"NNP"
153978,"NN"
153979,"NN"
153980,","
153981,"NNP"
153982,"VBZ"
153983,"VBN"
153984,"DT"
153985,"JJS"
153986,"NN"
153987,","
153988,"RB"
153989,"CD"
153990,"NN"
153991,"."
153992,"CC"
153993,"PRP$"
153994,"NNS"
153995,":"
153996,"VBG"
153997,"NNP"
153998,"NNP"
153999,"NNP"
154000,","
154001,"NNP"
154002,"NNP"
154003,"NNP"
154004,"CC"
154005,"JJ"
154006,"NN"
154007,"NNS"
154008,":"
154009,"VBP"
154010,"RB"
154011,"JJR"
154012,"NN"
154013,"NNS"
154014,"CC"
154015,"RB"
154016,"VBP"
154017,"JJR"
154018,"VBN"
154019,"IN"
154020,"NN"
154021,"NNS"
154022,"."
154023,"WRB"
154024,"DT"
154025,"NN"
154026,"IN"
154027,"NN"
154028,"VBZ"
154029,"DT"
154030,"JJ"
154031,"NN"
154032,"DT"
154033,"NN"
154034,","
154035,"NNP"
154036,"POS"
154037,"JJ"
154038,"NN"
154039,"NN"
154040,"IN"
154041,"IN"
154042,"CD"
154043,"NNS"
154044,"DT"
154045,"NN"
154046,","
154047,"VBD"
154048,"DT"
154049,"JJ"
154050,"NNS"
154051,"VBP"
154052,"VBG"
154053,"."
154054,"IN"
154055,"JJ"
154056,"NNS"
154057,"DT"
154058,"NN"
154059,"IN"
154060,"NN"
154061,","
154062,"RB"
154063,"JJR"
154064,"IN"
154065,"DT"
154066,"IN"
154067,"JJ"
154068,"NN"
154069,"NNS"
154070,","
154071,"VBZ"
154072,"VBN"
154073,"DT"
154074,"NN"
154075,"."
154076,"JJ"
154077,"NNS"
154078,","
154079,"WDT"
154080,"RB"
154081,"VBD"
154082,"IN"
154083,"IN"
154084,"RB"
154085,"IN"
154086,"CD"
154087,"NNS"
154088,"DT"
154089,"NN"
154090,"JJ"
154091,"NN"
154092,","
154093,"VBP"
154094,"VBD"
154095,"TO"
154096,"IN"
154097,"CD"
154098,"NNS"
154099,"CC"
154100,"CD"
154101,"NNS"
154102,"."
154103,"RB"
154104,","
154105,"DT"
154106,"NN"
154107,"IN"
154108,"NNP"
154109,","
154110,"DT"
154111,"JJ"
154112,"NN"
154113,"NN"
154114,"IN"
154115,"NN"
154116,","
154117,"VBZ"
154118,"RB"
154119,"VBN"
154120,"RB"
154121,"RB"
154122,"JJ"
154123,"."
154124,"DT"
154125,"NN"
154126,"VBZ"
154127,"NNP"
154128,"RB"
154129,","
154130,"IN"
154131,"PRP$"
154132,"JJ"
154133,"NNS"
154134,"VBP"
154135,"RB"
154136,"IN"
154137,"NN"
154138,"IN"
154139,"PRP$"
154140,"JJ"
154141,"NNS"
154142,"."
154143,"IN"
154144,"JJ"
154145,"NNS"
154146,","
154147,"DT"
154148,"JJ"
154149,"NN"
154150,"IN"
154151,"DT"
154152,"NN"
154153,"NN"
154154,"IN"
154155,"DT"
154156,"NN"
154157,"VBD"
154158,"IN"
154159,"DT"
154160,"NN"
154161,"IN"
154162,"DT"
154163,"NN"
154164,"."
154165,"NNP"
154166,","
154167,"WDT"
154168,"VBD"
154169,"VBN"
154170,"VBG"
154171,"IN"
154172,"JJ"
154173,"NNS"
154174,"IN"
154175,"NN"
154176,","
154177,"RB"
154178,"VBD"
154179,"PRP"
154180,"."
154181,"VBG"
154182,"DT"
154183,"JJ"
154184,"NN"
154185,"MD"
154186,"RB"
154187,"VB"
154188,"JJ"
154189,"IN"
154190,"DT"
154191,"NN"
154192,","
154193,"JJ"
154194,"NNS"
154195,"RB"
154196,"VBN"
154197,"IN"
154198,"NNS"
154199,"VBD"
154200,"VBN"
154201,"CC"
154202,"RB"
154203,"VBD"
154204,"TO"
154205,"VB"
154206,"RP"
154207,"NNS"
154208,"RB"
154209,"IN"
154210,"NN"
154211,"JJ"
154212,"NN"
154213,"."
154214,"NNP"
154215,"NNP"
154216,","
154217,"NN"
154218,"IN"
154219,"NNP"
154220,"POS"
154221,"NN"
154222,"NN"
154223,","
154224,"VBZ"
154225,"NNS"
154226,"VBD"
154227,"VBN"
154228,"TO"
154229,"VB"
154230,"WRB"
154231,"JJ"
154232,"NNS"
154233,"VBD"
154234,"VBN"
154235,"IN"
154236,"DT"
154237,"NN"
154238,"NN"
154239,"IN"
154240,"NNS"
154241,"VBD"
154242,"RP"
154243,"."
154244,"``"
154245,"NNS"
154246,"VBD"
154247,"RB"
154248,"JJ"
154249,"NNS"
154250,","
154251,"''"
154252,"PRP"
154253,"VBZ"
154254,"."
154255,"NNP"
154256,"NNS"
154257,"VBP"
154258,"NNS"
154259,"VBP"
154260,"JJ"
154261,"NN"
154262,"."
154263,"PRP"
154264,"RB"
154265,"VBD"
154266,"NNS"
154267,"IN"
154268,"DT"
154269,"JJ"
154270,"NNS"
154271,"DT"
154272,"NN"
154273,"TO"
154274,"VB"
154275,"NN"
154276,"IN"
154277,"DT"
154278,"JJ"
154279,"JJ"
154280,"NNS"
154281,"."
154282,"DT"
154283,"NN"
154284,"VBZ"
154285,","
154286,"RB"
154287,","
154288,"IN"
154289,"DT"
154290,"JJ"
154291,"VBN"
154292,"NNS"
154293,"MD"
154294,"VB"
154295,"IN"
154296,"NNS"
154297,"CC"
154298,"NNS"
154299,"VBP"
154300,"TO"
154301,"VB"
154302,"."
154303,"NNP"
154304,"NNP"
154305,"VBZ"
154306,"NNP"
154307,"NNP"
154308,","
154309,"DT"
154310,"JJ"
154311,"NN"
154312,"IN"
154313,"NNP"
154314,"CC"
154315,"NNP"
154316,"CC"
154317,"DT"
154318,"NN"
154319,"IN"
154320,"NNS"
154321,"NNS"
154322,"."
154323,"VBG"
154324,"NNS"
154325,"POS"
154326,"NNS"
154327,"IN"
154328,"WRB"
154329,"NN"
154330,"NNS"
154331,"MD"
154332,"VB"
154333,"VBN"
154334,","
154335,"PRP"
154336,"VBZ"
154337,","
154338,"``"
154339,"DT"
154340,"VBP"
154341,"NNP"
154342,"."
154343,"DT"
154344,"NN"
154345,"NNP"
154346,"."
154347,"PRP"
154348,"VBP"
154349,"CD"
154350,"."
154351,"''"
154352,"PRP"
154353,"VBZ"
154354,"IN"
154355,"NNS"
154356,"TO"
154357,"NN"
154358,"RP"
154359,"NNS"
154360,"MD"
154361,"VB"
154362,"VBN"
154363,"IN"
154364,"NNS"
154365,"POS"
154366,"NNS"
154367,"TO"
154368,"VB"
154369,"NN"
154370,"NN"
154371,"."
154372,"DT"
154373,"JJ"
154374,"NN"
154375,"VBZ"
154376,"JJ"
154377,"TO"
154378,"NNP"
154379,"IN"
154380,"PRP$"
154381,"NN"
154382,"NNS"
154383,"VBP"
154384,"JJ"
154385,"."
154386,"DT"
154387,"NN"
154388,"VBZ"
154389,"VBG"
154390,"TO"
154391,"VB"
154392,"IN"
154393,"DT"
154394,"JJ"
154395,","
154396,"$"
154397,"CD"
154398,"CD"
154399,"NN"
154400,"NN"
154401,"VBD"
154402,"DT"
154403,"NN"
154404,"."
154405,"IN"
154406,"DT"
154407,"JJ"
154408,"NN"
154409,","
154410,"PRP$"
154411,"JJ"
154412,"NNS"
154413,"IN"
154414,"JJ"
154415,"NN"
154416,"MD"
154417,"RBR"
154418,"IN"
154419,"JJ"
154420,"IN"
154421,"DT"
154422,"NN"
154423,"IN"
154424,"TO"
154425,"IN"
154426,"$"
154427,"CD"
154428,"CD"
154429,","
154430,"RB"
154431,"IN"
154432,"IN"
154433,"NN"
154434,"VBN"
154435,"IN"
154436,"TO"
154437,"VB"
154438,"DT"
154439,"$"
154440,"VBP"
154441,"JJ"
154442,"NN"
154443,"RBR"
154444,"DT"
154445,"NN"
154446,"."
154447,"NNP"
154448,"VBD"
154449,"DT"
154450,"NN"
154451,"IN"
154452,"DT"
154453,"NN"
154454,"IN"
154455,"DT"
154456,"NN"
154457,"IN"
154458,"PRP"
154459,"TO"
154460,"VB"
154461,"DT"
154462,"NN"
154463,"IN"
154464,"PRP$"
154465,"NNS"
154466,","
154467,"IN"
154468,"PRP$"
154469,"NN"
154470,"NN"
154471,"VBD"
154472,"RB"
154473,"VBG"
154474,"DT"
154475,"JJ"
154476,"NN"
154477,"NNS"
154478,"."
154479,"DT"
154480,"NNS"
154481,"VBD"
154482,"DT"
154483,"NN"
154484,"IN"
154485,"DT"
154486,"NN"
154487,"RB"
154488,"TO"
154489,"VB"
154490,"NN"
154491,"NN"
154492,"."
154493,"IN"
154494,"DT"
154495,"NN"
154496,"NN"
154497,"MD"
154498,"RB"
154499,"VB"
154500,"DT"
154501,"NN"
154502,"TO"
154503,"VB"
154504,"PRP$"
154505,"JJ"
154506,"NN"
154507,","
154508,"VBD"
154509,"CD"
154510,"NN"
154511,"TO"
154512,"CD"
154513,"NNS"
154514,"DT"
154515,"NN"
154516,"RB"
154517,"DT"
154518,"NN"
154519,"RB"
154520,","
154521,"VBZ"
154522,"VBN"
154523,"DT"
154524,"NN"
154525,"IN"
154526,"JJ"
154527,"NN"
154528,"IN"
154529,"NNP"
154530,"NNP"
154531,"IN"
154532,"NNP"
154533,"NNP"
154534,"JJ"
154535,"NN"
154536,"NNS"
154537,"IN"
154538,"DT"
154539,"NNP"
154540,"CD"
154541,"NN"
154542,"IN"
154543,"NNS"
154544,"."
154545,"DT"
154546,"VBD"
154547,"PRP$"
154548,"NN"
154549,":"
154550,"IN"
154551,"NN"
154552,"NNS"
154553,"VBP"
154554,"DT"
154555,"NN"
154556,"RB"
154557,":"
154558,"IN"
154559,"NN"
154560,"JJR"
154561,"IN"
154562,"DT"
154563,"JJ"
154564,"NN"
154565,"IN"
154566,"NNS"
154567,"."
154568,"CC"
154569,"NNS"
154570,"VBD"
154571,"RB"
154572,"VBG"
154573,"PRP"
154574,"VBD"
154575,"VBN"
154576,"NN"
154577,"RBR"
154578,"IN"
154579,"PRP$"
154580,"JJ"
154581,"NN"
154582,"NN"
154583,"."
154584,"IN"
154585,"DT"
154586,"NN"
154587,","
154588,"IN"
154589,"DT"
154590,"NN"
154591,"IN"
154592,"DT"
154593,"NN"
154594,","
154595,"NNP"
154596,"POS"
154597,"NNS"
154598,"VBD"
154599,"$"
154600,"CD"
154601,"TO"
154602,"$"
154603,"CD"
154604,"IN"
154605,"NNP"
154606,"NNP"
154607,"NN"
154608,"."
154609,"IN"
154610,"NN"
154611,"IN"
154612,"NN"
154613,"NN"
154614,","
154615,"NNP"
154616,"NNP"
154617,"DT"
154618,"NN"
154619,"IN"
154620,"PRP$"
154621,"NN"
154622,"IN"
154623,"NNP"
154624,","
154625,"NNP"
154626,"."
154627,"IN"
154628,"DT"
154629,"NN"
154630,"VBD"
154631,"DT"
154632,"NN"
154633,"IN"
154634,"NNP"
154635,","
154636,"DT"
154637,"NN"
154638,"VBD"
154639,"IN"
154640,"NNP"
154641,"TO"
154642,"IN"
154643,"CD"
154644,"NNS"
154645,"IN"
154646,"VBG"
154647,"DT"
154648,"NN"
154649,"NN"
154650,"IN"
154651,"VBG"
154652,"PRP"
154653,"."
154654,"RB"
154655,"DT"
154656,"JJ"
154657,"NN"
154658,"VBD"
154659,"."
154660,"CD"
154661,"NNS"
154662,"VBD"
154663,"CC"
154664,"CD"
154665,"VBP"
154666,"IN"
154667,"DT"
154668,"NN"
154669,"."
154670,"DT"
154671,"JJ"
154672,"NN"
154673,"VBZ"
154674,"DT"
154675,"RBS"
154676,"JJ"
154677,"NN"
154678,"RB"
154679,"TO"
154680,"DT"
154681,"JJ"
154682,"NN"
154683,"IN"
154684,"NNP"
154685,"POS"
154686,"NNS"
154687,"."
154688,"IN"
154689,"DT"
154690,"NN"
154691,","
154692,"DT"
154693,"NN"
154694,"VBD"
154695,"VBN"
154696,"RB"
154697,"VBG"
154698,"PRP$"
154699,"NN"
154700,"NN"
154701,"CC"
154702,"VBG"
154703,"RP"
154704,"JJ"
154705,"NN"
154706,"NNS"
154707,"."
154708,"DT"
154709,"JJ"
154710,"NN"
154711,"NN"
154712,"IN"
154713,"DT"
154714,"NN"
154715,"MD"
154716,"VB"
154717,"DT"
154718,"NN"
154719,"IN"
154720,"NNP"
154721,"POS"
154722,"JJ"
154723,"NN"
154724,"."
154725,"WRB"
154726,"DT"
154727,"NN"
154728,"VBZ"
154729,"RB"
154730,"VBN"
154731,"VBG"
154732,"JJ"
154733,"RP"
154734,"TO"
154735,"VB"
154736,"NN"
154737,","
154738,"VBG"
154739,"VBN"
154740,"NN"
154741,"CC"
154742,"RB"
154743,"VBZ"
154744,"IN"
154745,"NN"
154746,"NN"
154747,"VBZ"
154748,"JJ"
154749,"."
154750,"CC"
154751,"DT"
154752,"NNS"
154753,"VBP"
154754,"JJ"
154755,":"
154756,"CC"
154757,"JJ"
154758,"TO"
154759,"VBG"
154760,"IN"
154761,"VBN"
154762,"CC"
154763,"NN"
154764,":"
154765,"WRB"
154766,"NN"
154767,"VBZ"
154768,"VBG"
154769,"."
154770,"``"
154771,"PRP"
154772,"VBP"
154773,"PRP"
154774,"MD"
154775,"VB"
154776,"VBN"
154777,"NNP"
154778,"NN"
154779,"IN"
154780,"DT"
154781,"NN"
154782,"CC"
154783,"JJ"
154784,"NN"
154785,"IN"
154786,"DT"
154787,","
154788,"''"
154789,"VBZ"
154790,"NNP"
154791,"NNP"
154792,","
154793,"DT"
154794,"NN"
154795,"IN"
154796,"NNP"
154797,"NNP"
154798,"NNP"
154799,"WP"
154800,"VBD"
154801,"IN"
154802,"DT"
154803,"NN"
154804,"IN"
154805,"PRP$"
154806,"JJ"
154807,"NN"
154808,"IN"
154809,"DT"
154810,"JJ"
154811,"NN"
154812,"."
154813,"``"
154814,"CC"
154815,"RB"
154816,"PRP"
154817,"RB"
154818,"VBP"
154819,"TO"
154820,"VB"
154821,"."
154822,"''"
154823,"NNP"
154824,"VBZ"
154825,"DT"
154826,"NNP"
154827,"NN"
154828,","
154829,"WRB"
154830,"JJ"
154831,"NN"
154832,"VBD"
154833,"IN"
154834,"NN"
154835,"JJ"
154836,"NN"
154837,","
154838,"MD"
154839,"VB"
154840,"JJ"
154841,"NN"
154842,"IN"
154843,"NN"
154844,"POS"
154845,"NN"
154846,"."
154847,"DT"
154848,"NN"
154849,"RB"
154850,"VBZ"
154851,"IN"
154852,"CD"
154853,"NN"
154854,"TO"
154855,"CD"
154856,"NN"
154857,"IN"
154858,"NNP"
154859,"POS"
154860,"NN"
154861,"NN"
154862,"CC"
154863,"CD"
154864,"NN"
154865,"IN"
154866,"PRP$"
154867,"JJ"
154868,"NN"
154869,"."
154870,"RB"
154871,"NN"
154872,"VBZ"
154873,"JJ"
154874,"IN"
154875,"NNP"
154876,"."
154877,"DT"
154878,"NN"
154879,"NN"
154880,"MD"
154881,"VB"
154882,"DT"
154883,"NN"
154884,"POS"
154885,"NN"
154886,"IN"
154887,"DT"
154888,"NN"
154889,"NN"
154890,","
154891,"WRB"
154892,"NN"
154893,"NN"
154894,"VBZ"
154895,"RB"
154896,"VBN"
154897,"IN"
154898,"JJ"
154899,"NN"
154900,"."
154901,"IN"
154902,"VBG"
154903,"JJ"
154904,"NN"
154905,","
154906,"DT"
154907,"NN"
154908,"MD"
154909,"RB"
154910,"VB"
154911,"DT"
154912,"NN"
154913,"POS"
154914,"JJ"
154915,"NN"
154916,"NNS"
154917,"."
154918,"NNP"
154919,"VBZ"
154920,"RB"
154921,"VBG"
154922,"PRP$"
154923,"NN"
154924,"IN"
154925,"PRP$"
154926,"JJ"
154927,"JJ"
154928,"NN"
154929,"IN"
154930,"NNS"
154931,","
154932,"NN"
154933,"NN"
154934,"."
154935,"IN"
154936,"DT"
154937,"NN"
154938,"IN"
154939,"PRP$"
154940,"NN"
154941,"NN"
154942,","
154943,"NNP"
154944,"NNP"
154945,"NNP"
154946,","
154947,"NNP"
154948,"VBD"
154949,"IN"
154950,"NNP"
154951,"DT"
154952,"NN"
154953,"IN"
154954,"NNP"
154955,"NNP"
154956,"IN"
154957,"DT"
154958,"NN"
154959,"VBN"
154960,"IN"
154961,"$"
154962,"CD"
154963,"CD"
154964,"."
154965,"NNP"
154966,"VBZ"
154967,"DT"
154968,"JJ"
154969,"NN"
154970,"NN"
154971,"IN"
154972,"DT"
154973,"NNP"
154974,"."
154975,"DT"
154976,"JJS"
154977,","
154978,"NNP"
154979,"NNP"
154980,","
154981,"VBD"
154982,"RB"
154983,"VBN"
154984,"IN"
154985,"NNP"
154986,"."
154987,"RB"
154988,","
154989,"NNP"
154990,"VBZ"
154991,"DT"
154992,"NN"
154993,"TO"
154994,"VB"
154995,"JJ"
154996,"NN"
154997,"RB"
154998,"."
154999,"DT"
155000,"NNS"
155001,"VBP"
155002,"DT"
155003,"NN"
155004,"NN"
155005,"MD"
155006,"RB"
155007,"VB"
155008,"DT"
155009,"NN"
155010,"."
155011,"DT"
155012,"NN"
155013,"NN"
155014,"IN"
155015,"NNS"
155016,"VBZ"
155017,"NNP"
155018,"NNP"
155019,"NNP"
155020,","
155021,"WDT"
155022,"VBZ"
155023,"VBG"
155024,"TO"
155025,"VB"
155026,"PRP$"
155027,"NN"
155028,"NN"
155029,"IN"
155030,"DT"
155031,"NNP"
155032,"."
155033,"VBN"
155034,"IN"
155035,"DT"
155036,"NN"
155037,"IN"
155038,"NNP"
155039,","
155040,"DT"
155041,"JJ"
155042,"NN"
155043,"VBZ"
155044,","
155045,"``"
155046,"PRP"
155047,"RB"
155048,"RB"
155049,"VB"
155050,"DT"
155051,"NN"
155052,"IN"
155053,"RB"
155054,"VBG"
155055,"IN"
155056,"NNS"
155057,","
155058,"CC"
155059,"PRP"
155060,"VBP"
155061,"DT"
155062,"VBZ"
155063,"IN"
155064,"WDT"
155065,"NN"
155066,"."
155067,"O"
155068,"NNP"
155069,"NNP"
155070,"NNP"
155071,"VBZ"
155072,"VBG"
155073,"PRP$"
155074,"NN"
155075,"JJ"
155076,"IN"
155077,"NN"
155078,"NN"
155079,"NN"
155080,"NN"
155081,","
155082,"RB"
155083,"DT"
155084,"NN"
155085,"IN"
155086,"VBG"
155087,"CD"
155088,"IN"
155089,"DT"
155090,"NN"
155091,"POS"
155092,"CD"
155093,"NNS"
155094,"TO"
155095,"NNP"
155096,"NNP"
155097,"IN"
155098,"NNP"
155099,"."
155100,"DT"
155101,"NN"
155102,"IN"
155103,"DT"
155104,"JJ"
155105,"JJ"
155106,"NN"
155107,"CC"
155108,"NN"
155109,"NN"
155110,","
155111,"VBN"
155112,"JJ"
155113,"RBR"
155114,"DT"
155115,"NN"
155116,"IN"
155117,"DT"
155118,"$"
155119,"CD"
155120,"CD"
155121,"JJ"
155122,"NN"
155123,"IN"
155124,"NNP"
155125,"NNP"
155126,"NNP"
155127,"CC"
155128,"NNP"
155129,","
155130,"VBD"
155131,"IN"
155132,"PRP"
155133,"VBZ"
155134,"VBG"
155135,"RP"
155136,"DT"
155137,"NNP"
155138,"NNP"
155139,"NNP"
155140,"NN"
155141,","
155142,"CC"
155143,"VBG"
155144,"PRP$"
155145,"CD"
155146,"NNS"
155147,","
155148,"IN"
155149,"DT"
155150,"NN"
155151,"TO"
155152,"VB"
155153,"NN"
155154,"."
155155,"DT"
155156,"NN"
155157,"VBD"
155158,"NNP"
155159,"VBZ"
155160,"VBG"
155161,"PRP$"
155162,"JJ"
155163,"NNS"
155164,"IN"
155165,"PRP$"
155166,"CD"
155167,"JJ"
155168,"NN"
155169,"NNS"
155170,","
155171,"NNP"
155172,"NNP"
155173,"CC"
155174,"NNP"
155175,"NNP"
155176,"."
155177,"``"
155178,"PRP"
155179,"VBD"
155180,"IN"
155181,"DT"
155182,"NN"
155183,"IN"
155184,"PRP$"
155185,"NN"
155186,"NNS"
155187,"IN"
155188,"DT"
155189,"NN"
155190,"NN"
155191,"MD"
155192,"VB"
155193,"RB"
155194,"RB"
155195,"JJ"
155196,"DT"
155197,"NN"
155198,"IN"
155199,"RB"
155200,"JJR"
155201,"NN"
155202,","
155203,"''"
155204,"VBD"
155205,"DT"
155206,"NN"
155207,","
155208,"WP"
155209,"VBD"
155210,"TO"
155211,"VB"
155212,"WRB"
155213,"RB"
155214,"NNP"
155215,"VBZ"
155216,"IN"
155217,"NN"
155218,"NN"
155219,"NN"
155220,"."
155221,"DT"
155222,"JJ"
155223,"NN"
155224,"TO"
155225,"DT"
155226,"NN"
155227,"VBD"
155228,"NNP"
155229,"VBZ"
155230,"VBG"
155231,"IN"
155232,"$"
155233,"CD"
155234,"CD"
155235,"IN"
155236,"NN"
155237,"NN"
155238,"NN"
155239,"DT"
155240,"NN"
155241,","
155242,"RB"
155243,"IN"
155244,"RB"
155245,"$"
155246,"CD"
155247,"CD"
155248,"JJ"
155249,"NN"
155250,"."
155251,"DT"
155252,"NN"
155253,"VBD"
155254,"DT"
155255,"NN"
155256,"NN"
155257,"MD"
155258,"VB"
155259,"VBN"
155260,"NNP"
155261,"CD"
155262,","
155263,"CC"
155264,"DT"
155265,"NN"
155266,"MD"
155267,"RB"
155268,"VB"
155269,"NNP"
155270,"POS"
155271,"NN"
155272,","
155273,"NN"
155274,"CC"
155275,"JJ"
155276,"NN"
155277,"NNS"
155278,"."
155279,"DT"
155280,"NN"
155281,"NN"
155282,"VBD"
155283,"VBN"
155284,"VBN"
155285,"IN"
155286,"NNP"
155287,"NNP"
155288,"IN"
155289,"DT"
155290,"NN"
155291,"RB"
155292,","
155293,"WRB"
155294,"NNP"
155295,"POS"
155296,"JJ"
155297,"NN"
155298,"VBD"
155299,"PRP"
155300,"TO"
155301,"NNP"
155302,","
155303,"DT"
155304,"NN"
155305,"POS"
155306,"NN"
155307,"IN"
155308,"DT"
155309,"NN"
155310,"."
155311,"CD"
155312,"NN"
155313,"IN"
155314,"DT"
155315,"NN"
155316,"VBD"
155317,"NNP"
155318,"VBD"
155319,"CD"
155320,"NNS"
155321,"IN"
155322,"DT"
155323,"NN"
155324,"NN"
155325,"TO"
155326,"NNP"
155327,"NNP"
155328,"IN"
155329,"NNP"
155330,"IN"
155331,"``"
155332,"EX"
155333,"VBD"
155334,"VBN"
155335,"TO"
155336,"VB"
155337,"DT"
155338,"NN"
155339,"."
155340,"''"
155341,"PRP"
155342,"VBD"
155343,"DT"
155344,"NN"
155345,"VBD"
155346,"CD"
155347,"JJR"
155348,"NNS"
155349,"IN"
155350,"DT"
155351,"NN"
155352,"IN"
155353,"DT"
155354,"JJ"
155355,"CD"
155356,"NNS"
155357,","
155358,"VBG"
155359,"PRP"
155360,"IN"
155361,"NNS"
155362,"IN"
155363,"NN"
155364,"NNS"
155365,"."
155366,"DT"
155367,"NNP"
155368,"NN"
155369,"VBD"
155370,"DT"
155371,"NN"
155372,"VBD"
155373,"DT"
155374,"CD"
155375,"NNS"
155376,"TO"
155377,"NNP"
155378,"NNP"
155379,"JJ"
155380,"NN"
155381,"IN"
155382,"DT"
155383,"NN"
155384,"VBD"
155385,"RB"
155386,"VBN"
155387,"IN"
155388,"DT"
155389,"NN"
155390,"IN"
155391,"NN"
155392,"NN"
155393,"NN"
155394,"IN"
155395,"DT"
155396,"NNS"
155397,"POS"
155398,"JJ"
155399,"NN"
155400,"."
155401,"``"
155402,"DT"
155403,"NNS"
155404,"("
155405,"IN"
155406,"VBG"
155407,"DT"
155408,"NN"
155409,")"
155410,"MD"
155411,"RB"
155412,"VB"
155413,"VBN"
155414,"IN"
155415,"NNP"
155416,","
155417,"''"
155418,"PRP"
155419,"VBD"
155420,"."
155421,"DT"
155422,"NN"
155423,"POS"
155424,"NN"
155425,","
155426,"NNP"
155427,"NNP"
155428,","
155429,"VBD"
155430,"RB"
155431,"IN"
155432,"PRP$"
155433,"NN"
155434,"NNP"
155435,"NN"
155436,"TO"
155437,"VB"
155438,"."
155439,"O"
155440,"NNP"
155441,"NNP"
155442,","
155443,"WDT"
155444,"VBZ"
155445,"VBG"
155446,"PRP$"
155447,"NN"
155448,"NNS"
155449,","
155450,"VBZ"
155451,"VBG"
155452,"DT"
155453,"JJR"
155454,"NN"
155455,"IN"
155456,"PRP$"
155457,"NN"
155458,"NN"
155459,"TO"
155460,"JJ"
155461,"CC"
155462,"RB"
155463,"JJ"
155464,"NNS"
155465,"WDT"
155466,"VBP"
155467,"RB"
155468,"JJ"
155469,"NN"
155470,"NNS"
155471,"."
155472,"RB"
155473,","
155474,"DT"
155475,"NNP"
155476,"VBZ"
155477,"VBN"
155478,"DT"
155479,"JJ"
155480,"NN"
155481,"IN"
155482,"NNP"
155483,"POS"
155484,"NN"
155485,"NN"
155486,","
155487,"CC"
155488,"VBD"
155489,"RB"
155490,"DT"
155491,"JJ"
155492,"NN"
155493,"TO"
155494,"DT"
155495,"NN"
155496,"NN"
155497,"IN"
155498,"DT"
155499,"NNP"
155500,"NNP"
155501,"."
155502,"NNP"
155503,","
155504,"JJ"
155505,"TO"
155506,"NNP"
155507,"CC"
155508,"NNP"
155509,"NNP"
155510,","
155511,"VBZ"
155512,"VBN"
155513,"TO"
155514,"VB"
155515,"DT"
155516,"RB"
155517,"JJR"
155518,"NN"
155519,"IN"
155520,"DT"
155521,"NNP"
155522,"NN"
155523,"IN"
155524,"PRP"
155525,"VBD"
155526,"IN"
155527,"DT"
155528,"JJ"
155529,"JJ"
155530,"NN"
155531,"NNS"
155532,","
155533,"WDT"
155534,"VBD"
155535,"NNP"
155536,"CD"
155537,"."
155538,"NNP"
155539,"CC"
155540,"NNP"
155541,"VBP"
155542,"DT"
155543,"JJ"
155544,"CD"
155545,"NNS"
155546,"WDT"
155547,"VBP"
155548,"RB"
155549,"VBN"
155550,"NN"
155551,"NNS"
155552,"IN"
155553,"DT"
155554,"NNP"
155555,"IN"
155556,"DT"
155557,"NN"
155558,"VBG"
155559,"NNP"
155560,"CD"
155561,","
155562,"CD"
155563,"."
155564,"IN"
155565,"JJ"
155566,"NNS"
155567,","
155568,"NNP"
155569,"NNS"
155570,"VBP"
155571,"VBN"
155572,"IN"
155573,"CD"
155574,"NN"
155575,"IN"
155576,"DT"
155577,"CD"
155578,"CD"
155579,"NNS"
155580,"IN"
155581,"NN"
155582,"VBD"
155583,"RB"
155584,"IN"
155585,"DT"
155586,"NN"
155587,"."
155588,"IN"
155589,"DT"
155590,"JJ"
155591,"CD"
155592,"NN"
155593,"JJ"
155594,","
155595,"DT"
155596,"NN"
155597,"NNS"
155598,"VBP"
155599,"IN"
155600,"CD"
155601,"NN"
155602,"TO"
155603,"JJ"
155604,"NNS"
155605,","
155606,"IN"
155607,"DT"
155608,"NN"
155609,"VBD"
155610,"RB"
155611,"IN"
155612,"NNP"
155613,":"
155614,"WDT"
155615,"VBZ"
155616,"RB"
155617,"VBN"
155618,"IN"
155619,"DT"
155620,"NN"
155621,"NN"
155622,"."
155623,"JJ"
155624,"NNS"
155625,"WDT"
155626,"VBP"
155627,"RB"
155628,"VB"
155629,"JJ"
155630,"NN"
155631,"NNS"
155632,"IN"
155633,"DT"
155634,"NNP"
155635,","
155636,"JJ"
155637,"IN"
155638,"NNP"
155639,","
155640,"NNP"
155641,"CC"
155642,"NNP"
155643,","
155644,"RB"
155645,"VBP"
155646,"VBN"
155647,"NN"
155648,"."
155649,"DT"
155650,"IN"
155651,"DT"
155652,"NNS"
155653,"VBP"
155654,"IN"
155655,"JJ"
155656,"NNS"
155657,"VBD"
155658,"JJ"
155659,"NNS"
155660,"IN"
155661,"DT"
155662,"NNP"
155663,"WDT"
155664,"VBP"
155665,"JJ"
155666,"TO"
155667,"NNS"
155668,"."
155669,"DT"
155670,"NNP"
155671,"NN"
155672,"RBR"
155673,"DT"
155674,"NN"
155675,"VBD"
155676,"PRP"
155677,"MD"
155678,"VB"
155679,"NN"
155680,"NNS"
155681,","
155682,"VBN"
155683,"IN"
155684,"JJ"
155685,"NN"
155686,"NNS"
155687,","
155688,"IN"
155689,"NNP"
155690,"CD"
155691,","
155692,"CD"
155693,"."
155694,"PRP"
155695,"RB"
155696,"VBD"
155697,"PRP"
155698,"MD"
155699,"VB"
155700,"DT"
155701,"JJ"
155702,"NN"
155703,"NN"
155704,"TO"
155705,"VB"
155706,"IN"
155707,"DT"
155708,"JJ"
155709,"NN"
155710,"IN"
155711,"VBG"
155712,"IN"
155713,"DT"
155714,"JJ"
155715,"NN"
155716,"NN"
155717,","
155718,"WDT"
155719,"VBZ"
155720,"VBN"
155721,"RB"
155722,"VBN"
155723,","
155724,"VBN"
155725,"CC"
155726,"VBN"
155727,"IN"
155728,"NNS"
155729,"."
155730,"NNP"
155731,"NNP"
155732,"VBD"
155733,"PRP$"
155734,"NN"
155735,","
155736,"DT"
155737,"``"
155738,"NN"
155739,"NN"
155740,"NN"
155741,","
155742,"''"
155743,"IN"
155744,"DT"
155745,"NN"
155746,"IN"
155747,"PRP"
155748,"VBZ"
155749,"RB"
155750,"DT"
155751,"NN"
155752,"."
155753,"NNP"
155754,","
155755,"WDT"
155756,"VBD"
155757,"VBN"
155758,"IN"
155759,"DT"
155760,"JJ"
155761,"NNS"
155762,"TO"
155763,"VB"
155764,"PRP$"
155765,"NN"
155766,"NNS"
155767,"IN"
155768,"DT"
155769,"NNP"
155770,","
155771,"RB"
155772,"VBD"
155773,"PRP$"
155774,"NN"
155775,"TO"
155776,"CD"
155777,"NN"
155778,"IN"
155779,"DT"
155780,"NNP"
155781,"NN"
155782,"NN"
155783,"IN"
155784,"CD"
155785,"NN"
155786,"IN"
155787,"DT"
155788,"JJ"
155789,"NNS"
155790,"."
155791,"NNP"
155792,"NNP"
155793,","
155794,"WDT"
155795,"VBD"
155796,"CD"
155797,"NN"
155798,"IN"
155799,"DT"
155800,"JJ"
155801,"NNS"
155802,","
155803,"VBZ"
155804,"VBN"
155805,"TO"
155806,"VB"
155807,"DT"
155808,"JJ"
155809,"NN"
155810,"TO"
155811,"IN"
155812,"CD"
155813,"NN"
155814,"."
155815,"DT"
155816,"NN"
155817,"VBZ"
155818,"TO"
155819,"RB"
155820,"JJR"
155821,"IN"
155822,"CD"
155823,"NN"
155824,"IN"
155825,"DT"
155826,"JJ"
155827,"NN"
155828,"IN"
155829,"DT"
155830,"JJ"
155831,"NN"
155832,"NN"
155833,"NN"
155834,"VBZ"
155835,"VBN"
155836,"."
155837,"RB"
155838,","
155839,"NNP"
155840,"VBZ"
155841,"VBN"
155842,"TO"
155843,"VB"
155844,"PRP$"
155845,"NN"
155846,"IN"
155847,"DT"
155848,"CD"
155849,"NN"
155850,"NN"
155851,"PRP"
155852,"VBZ"
155853,"VBN"
155854,"IN"
155855,"JJ"
155856,"NNS"
155857,"."
155858,"DT"
155859,"NNP"
155860,"NNP"
155861,"NNP"
155862,":"
155863,"DT"
155864,"NNP"
155865,"POS"
155866,"JJS"
155867,"NN"
155868,"NNS"
155869,":"
155870,"VBP"
155871,"RB"
155872,"VBN"
155873,"VBG"
155874,"PRP$"
155875,"NNS"
155876,"TO"
155877,"DT"
155878,"JJ"
155879,"NN"
155880,"."
155881,"DT"
155882,"NNP"
155883,"NN"
155884,"NN"
155885,","
155886,"WDT"
155887,"VBZ"
155888,"VBN"
155889,"VBG"
155890,"IN"
155891,"JJ"
155892,"JJ"
155893,"NN"
155894,","
155895,"VBZ"
155896,"VBN"
155897,"VBG"
155898,"IN"
155899,"CD"
155900,"NN"
155901,"IN"
155902,"DT"
155903,"NNP"
155904,"NN"
155905,"VBN"
155906,"IN"
155907,"JJ"
155908,"NNS"
155909,"IN"
155910,"IN"
155911,"CD"
155912,"NN"
155913,"."
155914,"NNP"
155915,"VBZ"
155916,"VBN"
155917,"VBG"
155918,"NN"
155919,"TO"
155920,"VB"
155921,"IN"
155922,"CD"
155923,"NN"
155924,"IN"
155925,"DT"
155926,"NNP"
155927,"NN"
155928,"VBN"
155929,"IN"
155930,"DT"
155931,"NN"
155932,"IN"
155933,"CD"
155934,"NN"
155935,"."
155936,"IN"
155937,"DT"
155938,"JJ"
155939,"NNS"
155940,","
155941,"DT"
155942,"NNP"
155943,"VBD"
155944,"PRP$"
155945,"NN"
155946,"VBD"
155947,"IN"
155948,"CD"
155949,"NNS"
155950,","
155951,"TO"
155952,"CD"
155953,"NN"
155954,"IN"
155955,"DT"
155956,"NNP"
155957,"NN"
155958,"IN"
155959,"CD"
155960,"NN"
155961,"IN"
155962,"CD"
155963,"."
155964,"CC"
155965,"PRP$"
155966,"NN"
155967,"VBZ"
155968,"VBN"
155969,"RB"
155970,"JJ"
155971,"IN"
155972,"CD"
155973,"NN"
155974,"IN"
155975,"CD"
155976,"."
155977,"NNP"
155978,","
155979,"RB"
155980,","
155981,"VBZ"
155982,"VBN"
155983,"TO"
155984,"VB"
155985,"PRP$"
155986,"NN"
155987,"TO"
155988,"IN"
155989,"CD"
155990,"NN"
155991,"IN"
155992,"CD"
155993,"NN"
155994,"RB"
155995,"."
155996,"NNP"
155997,","
155998,"DT"
155999,"NNP"
156000,","
156001,"NNP"
156002,","
156003,"NNP"
156004,"CC"
156005,"NNP"
156006,"NNP"
156007,"VBP"
156008,"IN"
156009,"CD"
156010,"NN"
156011,"IN"
156012,"DT"
156013,"NN"
156014,"VBN"
156015,"TO"
156016,"DT"
156017,"NNP"
156018,"IN"
156019,"DT"
156020,"NN"
156021,"NN"
156022,"."
156023,"DT"
156024,"NN"
156025,"VBZ"
156026,"VBN"
156027,"IN"
156028,"DT"
156029,"NN"
156030,"IN"
156031,"JJR"
156032,"NNS"
156033,","
156034,"JJ"
156035,"IN"
156036,"NNP"
156037,"CC"
156038,"NNP"
156039,"."
156040,"NNP"
156041,"NNP"
156042,"VBD"
156043,"IN"
156044,"DT"
156045,"JJ"
156046,"CD"
156047,"NN"
156048,"IN"
156049,"DT"
156050,"JJ"
156051,"NN"
156052,"NN"
156053,"TO"
156054,"VB"
156055,"TO"
156056,"JJ"
156057,"NNS"
156058,"IN"
156059,"PRP$"
156060,"NN"
156061,"NNS"
156062,"."
156063,"DT"
156064,"VBD"
156065,"RB"
156066,"VBN"
156067,"RB"
156068,"IN"
156069,"DT"
156070,"CD"
156071,"NN"
156072,"NN"
156073,"IN"
156074,"DT"
156075,"JJ"
156076,"NN"
156077,"NN"
156078,"CC"
156079,"CD"
156080,"NN"
156081,"IN"
156082,"VBG"
156083,"NNP"
156084,"POS"
156085,"NN"
156086,"."
156087,"NNS"
156088,"IN"
156089,"DT"
156090,"NNP"
156091,"NNP"
156092,"NN"
156093,"NN"
156094,"MD"
156095,"VB"
156096,"DT"
156097,"NN"
156098,"NNS"
156099,"IN"
156100,"NN"
156101,"WRB"
156102,"PRP"
156103,"MD"
156104,"VB"
156105,"DT"
156106,"CD"
156107,"NN"
156108,"IN"
156109,"DT"
156110,"NNP"
156111,"NN"
156112,"NN"
156113,"TO"
156114,"VB"
156115,"."
156116,"DT"
156117,"JJ"
156118,"JJ"
156119,"NNS"
156120,"TO"
156121,"DT"
156122,"NN"
156123,"NN"
156124,"NN"
156125,"VBP"
156126,"VBN"
156127,"IN"
156128,"DT"
156129,"NNP"
156130,"NN"
156131,"POS"
156132,"NN"
156133,"NN"
156134,"TO"
156135,"VB"
156136,"PRP$"
156137,"NNS"
156138,"NN"
156139,"IN"
156140,"JJ"
156141,"NN"
156142,"NNS"
156143,"TO"
156144,"VB"
156145,"TO"
156146,"VB"
156147,"PRP"
156148,"TO"
156149,"VB"
156150,"NNS"
156151,"CC"
156152,"NN"
156153,"IN"
156154,"PRP$"
156155,"JJ"
156156,"NN"
156157,"NNS"
156158,"."
156159,"O"
156160,"NNP"
156161,"NNP"
156162,"VBZ"
156163,"JJ"
156164,"JJ"
156165,"NNS"
156166,"TO"
156167,"VB"
156168,"CD"
156169,"NNS"
156170,","
156171,"CC"
156172,"VBZ"
156173,"DT"
156174,"JJ"
156175,"JJ"
156176,"NNS"
156177,"MD"
156178,"VB"
156179,"TO"
156180,"DT"
156181,"``"
156182,"RB"
156183,"JJR"
156184,"''"
156185,"NN"
156186,"IN"
156187,"PRP$"
156188,"JJ"
156189,"NN"
156190,"."
156191,"NNP"
156192,","
156193,"DT"
156194,"NN"
156195,"NN"
156196,","
156197,"VBD"
156198,"JJ"
156199,"NN"
156200,"IN"
156201,"$"
156202,"CD"
156203,","
156204,"CC"
156205,"CD"
156206,"NNS"
156207,"DT"
156208,"NN"
156209,","
156210,"IN"
156211,"PRP$"
156212,"JJ"
156213,"JJ"
156214,"NN"
156215,","
156216,"VBD"
156217,"NNP"
156218,"CD"
156219,"."
156220,"NNP"
156221,"VBD"
156222,"$"
156223,"CD"
156224,"CD"
156225,"."
156226,"NNP"
156227,"NNP"
156228,","
156229,"NN"
156230,"CC"
156231,"JJ"
156232,"NN"
156233,"NN"
156234,","
156235,"VBD"
156236,"IN"
156237,"DT"
156238,"NN"
156239,"IN"
156240,"NNS"
156241,"IN"
156242,"DT"
156243,"RBS"
156244,"JJ"
156245,"NN"
156246,"MD"
156247,"VB"
156248,"IN"
156249,"CD"
156250,"NNS"
156251,"DT"
156252,"NN"
156253,"IN"
156254,"NN"
156255,"IN"
156256,"RB"
156257,"IN"
156258,"$"
156259,"CD"
156260,"CD"
156261,"."
156262,"DT"
156263,"JJR"
156264,"NNS"
156265,","
156266,"NNP"
156267,"NNP"
156268,"VBD"
156269,","
156270,"VB"
156271,"DT"
156272,"JJ"
156273,"NN"
156274,"IN"
156275,"NN"
156276,"NNS"
156277,"IN"
156278,"RB"
156279,"VBN"
156280,"NN"
156281,"NNS"
156282,","
156283,"NNP"
156284,"POS"
156285,"JJ"
156286,"NN"
156287,"."
156288,"IN"
156289,"NNP"
156290,"NNP"
156291,"VBZ"
156292,"DT"
156293,"NN"
156294,"IN"
156295,"NN"
156296,"TO"
156297,"VB"
156298,"IN"
156299,"DT"
156300,"JJ"
156301,"NN"
156302,","
156303,"PRP"
156304,"VBD"
156305,"NNP"
156306,"MD"
156307,"RB"
156308,"VB"
156309,"IN"
156310,"VBG"
156311,"IN"
156312,"JJ"
156313,"NNS"
156314,"."
156315,"JJ"
156316,"IN"
156317,"DT"
156318,"VBZ"
156319,"DT"
156320,"NN"
156321,"POS"
156322,"NN"
156323,"IN"
156324,"DT"
156325,"JJ"
156326,"NN"
156327,"NN"
156328,","
156329,"NNP"
156330,"NNP"
156331,"VBD"
156332,"."
156333,"IN"
156334,"DT"
156335,"JJ"
156336,"NN"
156337,","
156338,"NNP"
156339,"VBZ"
156340,"TO"
156341,"VB"
156342,"CD"
156343,"NN"
156344,"NNS"
156345,","
156346,"VBN"
156347,"IN"
156348,"NNP"
156349,"IN"
156350,"NNP"
156351,","
156352,"IN"
156353,"NNS"
156354,","
156355,"JJ"
156356,"NNS"
156357,","
156358,"NNS"
156359,"CC"
156360,"JJ"
156361,"JJ"
156362,"NNS"
156363,"IN"
156364,"DT"
156365,"NN"
156366,"."
156367,"NNP"
156368,"MD"
156369,"VB"
156370,"DT"
156371,"JJ"
156372,"NN"
156373,"IN"
156374,"DT"
156375,"NNS"
156376,"TO"
156377,"VB"
156378,","
156379,"NN"
156380,"CC"
156381,"RB"
156382,"NN"
156383,"NNS"
156384,"."
156385,"NNP"
156386,"NNP"
156387,"VBD"
156388,"NNP"
156389,"MD"
156390,"VB"
156391,"DT"
156392,"NN"
156393,"IN"
156394,"$"
156395,"CD"
156396,"IN"
156397,"VBG"
156398,"JJ"
156399,"NNS"
156400,"IN"
156401,"DT"
156402,"NN"
156403,"DT"
156404,"NN"
156405,"."
156406,"NNP"
156407,"VBZ"
156408,"RB"
156409,"VBN"
156410,"DT"
156411,"JJ"
156412,"NN"
156413,"NN"
156414,"WDT"
156415,"MD"
156416,"VB"
156417,"JJ"
156418,"NN"
156419,"IN"
156420,"DT"
156421,"NN"
156422,"POS"
156423,"NN"
156424,"IN"
156425,"NN"
156426,"CC"
156427,"NN"
156428,"NN"
156429,"NNS"
156430,"CC"
156431,"VB"
156432,"NNS"
156433,"."
156434,"NNP"
156435,"NN"
156436,"NNS"
156437,"MD"
156438,"VB"
156439,"DT"
156440,"NN"
156441,"IN"
156442,"RB"
156443,"DT"
156444,"NN"
156445,","
156446,"NNP"
156447,"NNP"
156448,"VBD"
156449,","
156450,"RB"
156451,"JJ"
156452,"NNS"
156453,"VBN"
156454,"IN"
156455,"NNP"
156456,"."
156457,"DT"
156458,"NN"
156459,"MD"
156460,"RB"
156461,"VB"
156462,"VBG"
156463,"DT"
156464,"JJ"
156465,"NN"
156466,"IN"
156467,"NN"
156468,"NNS"
156469,","
156470,"WDT"
156471,"VBP"
156472,"RB"
156473,"VB"
156474,"NNS"
156475,","
156476,"IN"
156477,"NN"
156478,"IN"
156479,"NN"
156480,"NNS"
156481,","
156482,"NN"
156483,"NNS"
156484,","
156485,"NN"
156486,"NNS"
156487,"CC"
156488,"JJ"
156489,"NNS"
156490,"."
156491,"NNP"
156492,"NNP"
156493,"VBD"
156494,"IN"
156495,"DT"
156496,"NNS"
156497,"CC"
156498,"NN"
156499,"NNS"
156500,"MD"
156501,"VB"
156502,"IN"
156503,"$"
156504,"CD"
156505,"IN"
156506,"VBG"
156507,"JJ"
156508,"NNS"
156509,"IN"
156510,"DT"
156511,"NN"
156512,"DT"
156513,"NN"
156514,"."
156515,"O"
156516,"NNP"
156517,"POS"
156518,"JJ"
156519,"NN"
156520,"NN"
156521,"VBD"
156522,"CD"
156523,"NN"
156524,"IN"
156525,"NNP"
156526,"IN"
156527,"NNP"
156528,"NNP"
156529,"VBD"
156530,"RB"
156531,"CD"
156532,"NN"
156533,"IN"
156534,"DT"
156535,"NN"
156536,","
156537,"DT"
156538,"NNP"
156539,"NNP"
156540,"NNP"
156541,"VBD"
156542,"."
156543,"O"
156544,"NNP"
156545,"NNP"
156546,"NNP"
156547,"VBD"
156548,"PRP"
156549,"VBD"
156550,"DT"
156551,"NNS"
156552,"POS"
156553,"NNS"
156554,"VBP"
156555,"IN"
156556,"WDT"
156557,"NNS"
156558,"TO"
156559,"VB"
156560,"NNS"
156561,"IN"
156562,"JJ"
156563,"NN"
156564,"MD"
156565,"VB"
156566,"VBN"
156567,"IN"
156568,"DT"
156569,"NN"
156570,"TO"
156571,"NNS"
156572,"IN"
156573,"NN"
156574,"IN"
156575,"IN"
156576,"NNP"
156577,"CD"
156578,"."
156579,"DT"
156580,"NN"
156581,"VBD"
156582,"DT"
156583,"NN"
156584,"VBD"
156585,"RB"
156586,"VBN"
156587,"IN"
156588,"NN"
156589,"TO"
156590,"DT"
156591,"JJ"
156592,"NNS"
156593,"IN"
156594,"NNP"
156595,","
156596,"DT"
156597,"NN"
156598,"CC"
156599,"NN"
156600,"IN"
156601,"NN"
156602,"NNS"
156603,"."
156604,"DT"
156605,"NNS"
156606,"VBP"
156607,"NNS"
156608,"TO"
156609,"VB"
156610,"JJ"
156611,"NN"
156612,"IN"
156613,"DT"
156614,"NN"
156615,"IN"
156616,"DT"
156617,"NN"
156618,"CC"
156619,"NN"
156620,"VBZ"
156621,"JJR"
156622,"IN"
156623,"CD"
156624,"NN"
156625,"IN"
156626,"DT"
156627,"NN"
156628,"POS"
156629,"JJ"
156630,"NN"
156631,"CC"
156632,"VBZ"
156633,"DT"
156634,"NN"
156635,"NN"
156636,"."
156637,"O"
156638,"NNP"
156639,"NNP"
156640,"MD"
156641,"RB"
156642,"VB"
156643,"VBN"
156644,"IN"
156645,"NNS"
156646,"IN"
156647,"DT"
156648,"JJ"
156649,"NN"
156650,"."
156651,"NNP"
156652,"CC"
156653,"NNP"
156654,"NNP"
156655,"VBZ"
156656,"TO"
156657,"VB"
156658,"NN"
156659,"IN"
156660,"NN"
156661,"DT"
156662,"JJ"
156663,"NN"
156664,"WDT"
156665,"MD"
156666,"VB"
156667,"RB"
156668,"DT"
156669,"JJ"
156670,"NN"
156671,"IN"
156672,"NN"
156673,"."
156674,"DT"
156675,"NN"
156676,"VBZ"
156677,"IN"
156678,"NNS"
156679,"VBN"
156680,"IN"
156681,"NNP"
156682,"WRB"
156683,"JJ"
156684,"NNS"
156685,"VBP"
156686,"VBN"
156687,"JJ"
156688,"NN"
156689,"IN"
156690,"JJ"
156691,"NNS"
156692,"."
156693,"PRP"
156694,"RB"
156695,"VBZ"
156696,"NNP"
156697,"POS"
156698,"JJ"
156699,"NN"
156700,"IN"
156701,"PRP$"
156702,"JJ"
156703,"NNS"
156704,","
156705,"JJ"
156706,"IN"
156707,"NNP"
156708,"NNP"
156709,","
156710,"MD"
156711,"VB"
156712,"PRP$"
156713,"NNS"
156714,"TO"
156715,"DT"
156716,"NNP"
156717,"."
156718,"DT"
156719,"NNP"
156720,"JJ"
156721,"NN"
156722,"VBD"
156723,"VBN"
156724,"CD"
156725,"NNS"
156726,"RB"
156727,"IN"
156728,"NNP"
156729,"WRB"
156730,"FW"
156731,"VBN"
156732,"DT"
156733,"JJ"
156734,"NN"
156735,","
156736,"VBD"
156737,"NNP"
156738,","
156739,"WDT"
156740,"RB"
156741,"VBD"
156742,"DT"
156743,"CD"
156744,"NN"
156745,"NN"
156746,"IN"
156747,"DT"
156748,"JJ"
156749,"NNS"
156750,"."
156751,"``"
156752,"PRP"
156753,"VBP"
156754,"RB"
156755,"VB"
156756,"TO"
156757,"VB"
156758,"VBN"
156759,"RB"
156760,","
156761,"''"
156762,"VBZ"
156763,"CD"
156764,"NN"
156765,"PRP"
156766,"."
156767,"NNS"
156768,"IN"
156769,"NNP"
156770,","
156771,"NNP"
156772,","
156773,"VBP"
156774,"NNP"
156775,"POS"
156776,"JJ"
156777,"JJ"
156778,"NN"
156779,":"
156780,"TO"
156781,"VB"
156782,"VBN"
156783,"NN"
156784,"IN"
156785,"NNP"
156786,"NNP"
156787,":"
156788,"MD"
156789,"VB"
156790,"IN"
156791,"NNS"
156792,"IN"
156793,"DT"
156794,"NN"
156795,"IN"
156796,"JJ"
156797,"NNP"
156798,"."
156799,"DT"
156800,"NNP"
156801,"NN"
156802,"VBD"
156803,"IN"
156804,"NNS"
156805,"TO"
156806,"NNP"
156807,"VBD"
156808,"JJ"
156809,"JJ"
156810,"NN"
156811,"."
156812,"PRP"
156813,"VBD"
156814,"DT"
156815,"NN"
156816,"MD"
156817,"VB"
156818,"NNS"
156819,"IN"
156820,"DT"
156821,"NN"
156822,"IN"
156823,"VBG"
156824,"TO"
156825,"NNS"
156826,"."
156827,"NNS"
156828,"VBP"
156829,"RB"
156830,"RB"
156831,"JJ"
156832,"IN"
156833,"NNP"
156834,"."
156835,"DT"
156836,"NN"
156837,"VBD"
156838,"DT"
156839,"JJ"
156840,"NN"
156841,"NN"
156842,"IN"
156843,"NNP"
156844,"IN"
156845,"VBG"
156846,"DT"
156847,"NN"
156848,"IN"
156849,"NN"
156850,"."
156851,"WRB"
156852,"NNP"
156853,"VBD"
156854,"DT"
156855,"NNS"
156856,"IN"
156857,"CD"
156858,","
156859,"NNP"
156860,"POS"
156861,"NN"
156862,"IN"
156863,"DT"
156864,"JJ"
156865,"NN"
156866,"VBD"
156867,"TO"
156868,"IN"
156869,"CD"
156870,"NN"
156871,"IN"
156872,"JJR"
156873,"IN"
156874,"CD"
156875,"NN"
156876,"."
156877,"IN"
156878,"DT"
156879,"NN"
156880,"IN"
156881,"NNP"
156882,"NNP"
156883,","
156884,"NNP"
156885,"POS"
156886,"NN"
156887,"VBZ"
156888,"RB"
156889,"VBN"
156890,"TO"
156891,"VB"
156892,"CD"
156893,"NN"
156894,"."
156895,"IN"
156896,"DT"
156897,"NNPS"
156898,"VBP"
156899,"VBN"
156900,"DT"
156901,"JJ"
156902,"NN"
156903,"CC"
156904,"NN"
156905,"IN"
156906,"JJ"
156907,"NNS"
156908,","
156909,"DT"
156910,"JJ"
156911,"NN"
156912,"IN"
156913,"NNP"
156914,"MD"
156915,"VB"
156916,"IN"
156917,"DT"
156918,"$"
156919,"CD"
156920,"CD"
156921,"NNP"
156922,"NN"
156923,"NN"
156924,","
156925,"WRB"
156926,"NN"
156927,"VBZ"
156928,"JJ"
156929,"CC"
156930,"NNS"
156931,"VBP"
156932,"VBN"
156933,"NN"
156934,"IN"
156935,"NNS"
156936,"."
156937,"DT"
156938,"NN"
156939,"MD"
156940,"VB"
156941,"VBN"
156942,"TO"
156943,"VB"
156944,"DT"
156945,"NN"
156946,"IN"
156947,"DT"
156948,"NN"
156949,"NN"
156950,"IN"
156951,"PRP"
156952,"VBZ"
156953,"RB"
156954,"VBN"
156955,"PRP$"
156956,"JJ"
156957,"NNP"
156958,"IN"
156959,"CD"
156960,"JJ"
156961,"NNS"
156962,","
156963,"VBG"
156964,"DT"
156965,"NN"
156966,"POS"
156967,"JJ"
156968,"NN"
156969,","
156970,"NNP"
156971,"IN"
156972,"NNP"
156973,"."
156974,"IN"
156975,"NNP"
156976,","
156977,"RB"
156978,","
156979,"PRP"
156980,"VBZ"
156981,"RB"
156982,"RB"
156983,"JJ"
156984,"TO"
156985,"VB"
156986,"NNS"
156987,"IN"
156988,"JJR"
156989,"VBZ"
156990,"RBR"
156991,":"
156992,"JJ"
156993,"NNS"
156994,"VBP"
156995,"TO"
156996,"VB"
156997,"RB"
156998,"JJ"
156999,"NN"
157000,"IN"
157001,"DT"
157002,"JJ"
157003,"NN"
157004,","
157005,"VBG"
157006,"IN"
157007,"PRP"
157008,"VBZ"
157009,"DT"
157010,"NN"
157011,"IN"
157012,"NN"
157013,"TO"
157014,"RB"
157015,"VB"
157016,"DT"
157017,"NN"
157018,"."
157019,"IN"
157020,"DT"
157021,"JJ"
157022,"NN"
157023,","
157024,"NNP"
157025,"VBD"
157026,"TO"
157027,"VB"
157028,"RB"
157029,"DT"
157030,"JJ"
157031,"NN"
157032,"IN"
157033,"DT"
157034,"JJ"
157035,"NN"
157036,"NN"
157037,"IN"
157038,"PRP"
157039,"VBZ"
157040,"IN"
157041,"NNP"
157042,"."
157043,"CC"
157044,"DT"
157045,"NN"
157046,","
157047,"WDT"
157048,"VBD"
157049,"RB"
157050,"RB"
157051,"VBN"
157052,"IN"
157053,"DT"
157054,"JJ"
157055,"NN"
157056,","
157057,"VBN"
157058,"IN"
157059,"DT"
157060,"NN"
157061,"NN"
157062,"IN"
157063,"NNP"
157064,"CC"
157065,"VBD"
157066,"VBN"
157067,"."
157068,"NNP"
157069,"NNP"
157070,"NNS"
157071,"RB"
157072,"VBP"
157073,"VBN"
157074,"RB"
157075,"TO"
157076,"NN"
157077,"NNS"
157078,"IN"
157079,"NN"
157080,"CC"
157081,"NN"
157082,"NN"
157083,"NNS"
157084,"IN"
157085,"NNS"
157086,","
157087,"CC"
157088,"PRP"
157089,"VBP"
157090,"RB"
157091,"VBN"
157092,"RB"
157093,","
157094,"IN"
157095,"DT"
157096,"NN"
157097,"."
157098,"NNP"
157099,"NNP"
157100,"VBZ"
157101,"DT"
157102,"JJ"
157103,"NN"
157104,"VBZ"
157105,"DT"
157106,"JJ"
157107,"NN"
157108,"WDT"
157109,"RB"
157110,"VBZ"
157111,"DT"
157112,"NN"
157113,"WDT"
157114,"VBZ"
157115,"NNS"
157116,"IN"
157117,"NN"
157118,"."
157119,"CC"
157120,"NNS"
157121,"VBP"
157122,"VBN"
157123,"TO"
157124,"VB"
157125,"DT"
157126,"NN"
157127,","
157128,"IN"
157129,"NN"
157130,"IN"
157131,"PRP"
157132,"MD"
157133,"VB"
157134,"RB"
157135,"JJR"
157136,"NN"
157137,"NN"
157138,"."
157139,"``"
157140,"WRB"
157141,"NN"
157142,"NN"
157143,"VBD"
157144,"JJ"
157145,","
157146,"JJR"
157147,"VBD"
157148,"RBR"
157149,","
157150,"''"
157151,"VBZ"
157152,"NNP"
157153,"NNP"
157154,","
157155,"DT"
157156,"NN"
157157,"IN"
157158,"NNP"
157159,"NNP"
157160,"."
157161,"CC"
157162,"IN"
157163,"RB"
157164,"JJ"
157165,"NNS"
157166,"JJ"
157167,"IN"
157168,"NN"
157169,","
157170,"WDT"
157171,"VBZ"
157172,"DT"
157173,"RBR"
157174,"DT"
157175,"NN"
157176,"."
157177,"IN"
157178,"DT"
157179,"JJ"
157180,"NN"
157181,"VBZ"
157182,"RB"
157183,","
157184,"DT"
157185,"NN"
157186,"IN"
157187,"JJR"
157188,"NN"
157189,"VBZ"
157190,"JJ"
157191,"TO"
157192,"VB"
157193,"IN"
157194,"NNS"
157195,"VBP"
157196,"IN"
157197,"PRP$"
157198,"JJ"
157199,"NNS"
157200,"."
157201,"RB"
157202,"NNS"
157203,"``"
157204,"MD"
157205,"RB"
157206,"VB"
157207,"DT"
157208,"("
157209,"JJ"
157210,")"
157211,"NNS"
157212,"RP"
157213,"RB"
157214,","
157215,"''"
157216,"PRP"
157217,"VBZ"
157218,"."
157219,"NNP"
157220,"VBZ"
157221,"VBN"
157222,"TO"
157223,"VB"
157224,"JJR"
157225,"IN"
157226,"CD"
157227,"NNS"
157228,"DT"
157229,"NN"
157230,"IN"
157231,"NN"
157232,"IN"
157233,"DT"
157234,"NNP"
157235,"."
157236,"TO"
157237,"VB"
157238,"JJ"
157239,","
157240,"FW"
157241,"MD"
157242,"RB"
157243,"VB"
157244,"DT"
157245,"JJ"
157246,"NN"
157247,"VBG"
157248,"NNP"
157249,"NN"
157250,"NN"
157251,"RB"
157252,"IN"
157253,"DT"
157254,"JJ"
157255,"NNP"
157256,","
157257,"WDT"
157258,"VBZ"
157259,"IN"
157260,"CD"
157261,"NN"
157262,"IN"
157263,"DT"
157264,"NN"
157265,"."
157266,"JJ"
157267,"NNS"
157268,"RB"
157269,"VBP"
157270,"VBD"
157271,"PRP"
157272,"VBP"
157273,"VBN"
157274,"IN"
157275,"VBG"
157276,"NNS"
157277,"IN"
157278,"DT"
157279,"NNP"
157280,","
157281,"CC"
157282,"RB"
157283,"RB"
157284,"DT"
157285,"NN"
157286,"VBZ"
157287,"VBN"
157288,"IN"
157289,"NNS"
157290,","
157291,"JJ"
157292,"IN"
157293,"JJ"
157294,"NN"
157295,"POS"
157296,"NN"
157297,"IN"
157298,"NNP"
157299,"NNP"
157300,"NNP"
157301,","
157302,"DT"
157303,"NNP"
157304,"NN"
157305,"NN"
157306,"."
157307,"PRP"
157308,"RB"
157309,"VBZ"
157310,"DT"
157311,"JJ"
157312,"NN"
157313,"IN"
157314,"NNP"
157315,"."
157316,"DT"
157317,"VBP"
157318,"NNP"
157319,"POS"
157320,"NN"
157321,"IN"
157322,"DT"
157323,"JJ"
157324,"NN"
157325,"VBZ"
157326,"IN"
157327,"DT"
157328,"NN"
157329,"IN"
157330,"DT"
157331,"JJ"
157332,"."
157333,"``"
157334,"DT"
157335,"VBZ"
157336,"NN"
157337,"NNP"
157338,"MD"
157339,"VB"
157340,"IN"
157341,"CC"
157342,"IN"
157343,"NNP"
157344,","
157345,"''"
157346,"VBZ"
157347,"NNP"
157348,"NNP"
157349,"."
157350,"O"
157351,"IN"
157352,"JJ"
157353,"NN"
157354,"IN"
157355,"DT"
157356,"NNP"
157357,"CC"
157358,"NNP"
157359,"NN"
157360,","
157361,"JJ"
157362,"JJ"
157363,"VBD"
157364,"VBN"
157365,"JJ"
157366,"NN"
157367,"POS"
157368,"NN"
157369,"IN"
157370,"NNP"
157371,"NNP"
157372,"NNP"
157373,"NNP"
157374,"NNP"
157375,"."
157376,"PRP"
157377,"VBD"
157378,"DT"
157379,"JJ"
157380,"NN"
157381,"IN"
157382,"NNS"
157383,"IN"
157384,"NNP"
157385,"VBP"
157386,"NN"
157387,"RB"
157388,"TO"
157389,"VB"
157390,"PRP$"
157391,"NN"
157392,"NN"
157393,"IN"
157394,"DT"
157395,"NNP"
157396,"."
157397,"RB"
157398,","
157399,"PRP"
157400,"VBD"
157401,"DT"
157402,"NN"
157403,"IN"
157404,"DT"
157405,"NN"
157406,"IN"
157407,"DT"
157408,"NNP"
157409,"NNP"
157410,"NNP"
157411,"TO"
157412,"VB"
157413,"RB"
157414,"CC"
157415,"IN"
157416,"DT"
157417,"NN"
157418,"IN"
157419,"DT"
157420,"JJ"
157421,"NN"
157422,"."
157423,"NNP"
157424,"NNP"
157425,"POS"
157426,"JJ"
157427,"NN"
157428,"TO"
157429,"NNP"
157430,"IN"
157431,"NNP"
157432,"POS"
157433,"JJ"
157434,"NN"
157435,"NN"
157436,"VBD"
157437,"DT"
157438,"RB"
157439,"JJ"
157440,"NN"
157441,"IN"
157442,"JJ"
157443,"NN"
157444,"POS"
157445,"NN"
157446,"IN"
157447,"NNP"
157448,"NNP"
157449,"NNP"
157450,"NNP"
157451,"NNP"
157452,"."
157453,"NNP"
157454,"NNP"
157455,"VBD"
157456,"IN"
157457,"JJ"
157458,"NNS"
157459,"IN"
157460,"JJ"
157461,"NN"
157462,"IN"
157463,"NNS"
157464,"IN"
157465,"JJ"
157466,"JJ"
157467,"NN"
157468,"NNS"
157469,"IN"
157470,"RB"
157471,"VB"
157472,"JJ"
157473,"NN"
157474,"."
157475,"PRP"
157476,"VBD"
157477,"JJ"
157478,"NNS"
157479,"MD"
157480,"VB"
157481,"``"
157482,"JJ"
157483,"IN"
157484,"NNS"
157485,"CC"
157486,"NNS"
157487,"''"
157488,"IN"
157489,"VBG"
157490,"DT"
157491,"JJ"
157492,"NN"
157493,"NN"
157494,"IN"
157495,"NNP"
157496,"."
157497,"CC"
157498,"NNP"
157499,"NNP"
157500,","
157501,"NN"
157502,"IN"
157503,"DT"
157504,"NN"
157505,"NN"
157506,"IN"
157507,"DT"
157508,"NNP"
157509,"NNP"
157510,"IN"
157511,"NNP"
157512,"IN"
157513,"NNP"
157514,"IN"
157515,"NNP"
157516,","
157517,"VBD"
157518,"IN"
157519,"DT"
157520,"NN"
157521,"``"
157522,"VBZ"
157523,"RB"
157524,"TO"
157525,"VB"
157526,"JJ"
157527,"NN"
157528,"IN"
157529,"NN"
157530,"CC"
157531,"NN"
157532,","
157533,"PRP"
157534,"VBZ"
157535,"RB"
157536,"TO"
157537,"VB"
157538,"DT"
157539,"NN"
157540,"IN"
157541,"NN"
157542,"."
157543,"''"
157544,"PRP"
157545,"VBD"
157546,"IN"
157547,"PRP"
157548,"VBD"
157549,"``"
157550,"RB"
157551,"TO"
157552,"VB"
157553,"DT"
157554,"JJ"
157555,"NN"
157556,":"
157557,"DT"
157558,"JJ"
157559,"NN"
157560,"TO"
157561,"VB"
157562,"DT"
157563,"JJ"
157564,"NNS"
157565,"CC"
157566,"DT"
157567,"JJ"
157568,"NNS"
157569,"IN"
157570,"PRP"
157571,"VBP"
157572,"VBG"
157573,"IN"
157574,"NN"
157575,"."
157576,"''"
157577,"WRB"
157578,"PDT"
157579,"NNS"
157580,"VB"
157581,"IN"
157582,"NN"
157583,"MD"
157584,"RB"
157585,"VB"
157586,"JJ"
157587,"IN"
157588,"NNS"
157589,"."
157590,"NNP"
157591,"CC"
157592,"JJ"
157593,"NNS"
157594,"VBD"
157595,"JJ"
157596,"NNS"
157597,"IN"
157598,"DT"
157599,"NN"
157600,"IN"
157601,"NN"
157602,"NNP"
157603,"NNP"
157604,"NNP"
157605,"CC"
157606,"NNP"
157607,"NNP"
157608,"."
157609,"JJ"
157610,"VBN"
157611,"PRP"
157612,"RB"
157613,"DT"
157614,"NN"
157615,"IN"
157616,"NNS"
157617,"."
157618,"CC"
157619,"DT"
157620,"VBD"
157621,"PRP"
157622,"IN"
157623,"DT"
157624,"JJ"
157625,"NN"
157626,"NN"
157627,"."
157628,"NNS"
157629,"VBD"
157630,"DT"
157631,"NNP"
157632,"NN"
157633,"MD"
157634,"VB"
157635,"DT"
157636,"NN"
157637,"IN"
157638,"DT"
157639,"NNS"
157640,"VBZ"
157641,"VBG"
157642,"RP"
157643,"IN"
157644,"NN"
157645,"."
157646,"CC"
157647,"DT"
157648,"VBD"
157649,"PRP"
157650,"VBD"
157651,"DT"
157652,"JJ"
157653,"NN"
157654,"IN"
157655,"NNP"
157656,"IN"
157657,"VBG"
157658,"JJ"
157659,"NN"
157660,"IN"
157661,"NNP"
157662,"CC"
157663,"DT"
157664,"NN"
157665,"IN"
157666,"VBN"
157667,"NN"
157668,"."
157669,"VBN"
157670,"TO"
157671,"VB"
157672,"PRP$"
157673,"NN"
157674,"TO"
157675,"NNP"
157676,"NNP"
157677,"NNP"
157678,","
157679,"NNP"
157680,"NNP"
157681,"VBD"
157682,":"
157683,"``"
157684,"PRP"
157685,"VBD"
157686,"RB"
157687,"VB"
157688,"DT"
157689,"NN"
157690,"PRP"
157691,"VBD"
157692,","
157693,"CC"
157694,"IN"
157695,"DT"
157696,"JJ"
157697,"NN"
157698,","
157699,"PRP"
157700,"VBP"
157701,"PRP"
157702,"VBP"
157703,"DT"
157704,"JJ"
157705,"JJ"
157706,"NN"
157707,"NN"
157708,"IN"
157709,"DT"
157710,"NNP"
157711,"NN"
157712,"."
157713,"''"
157714,"CC"
157715,"JJR"
157716,"IN"
157717,"CD"
157718,"JJ"
157719,"NN"
157720,"WP"
157721,"VBD"
157722,"IN"
157723,"IN"
157724,"PRP"
157725,"IN"
157726,"CD"
157727,"NNS"
157728,"IN"
157729,"NNS"
157730,"IN"
157731,"JJ"
157732,"NNS"
157733,"VBD"
157734,"PRP$"
157735,"NN"
157736,"RB"
157737,"VBD"
157738,"RB"
157739,"``"
157740,"JJ"
157741,"."
157742,"''"
157743,"``"
157744,"PRP"
157745,"VBP"
157746,"PRP$"
157747,"NN"
157748,"VBZ"
157749,"VBN"
157750,"RB"
157751,"JJ"
157752,","
157753,"''"
157754,"NNP"
157755,"NNP"
157756,"VBD"
157757,"IN"
157758,"DT"
157759,"NN"
157760,"NN"
157761,"NNP"
157762,"NN"
157763,"."
157764,"``"
157765,"PRP"
157766,"VBP"
157767,"VBN"
157768,"RB"
157769,"IN"
157770,"JJ"
157771,","
157772,"RB"
157773,"IN"
157774,"PRP"
157775,"VBP"
157776,"DT"
157777,"JJ"
157778,"NN"
157779,"IN"
157780,"NNS"
157781,"TO"
157782,"VB"
157783,"."
157784,"PRP"
157785,"VBP"
157786,"RB"
157787,"VB"
157788,"RB"
157789,"JJ"
157790,"."
157791,"PRP"
157792,"VBP"
157793,"RB"
157794,"VB"
157795,"DT"
157796,"JJ"
157797,"CC"
157798,"JJ"
157799,"."
157800,"PRP"
157801,"VBP"
157802,"VBN"
157803,"TO"
157804,"DT"
157805,"NN"
157806,"IN"
157807,"NN"
157808,"NNS"
157809,"CC"
157810,"VBG"
157811,"NN"
157812,"."
157813,"''"
157814,"WRB"
157815,"PRP"
157816,"VBD"
157817,"DT"
157818,"JJ"
157819,"NN"
157820,"IN"
157821,"DT"
157822,"JJ"
157823,"NN"
157824,"IN"
157825,"NNP"
157826,","
157827,"NNP"
157828,"NNP"
157829,"RB"
157830,"VBD"
157831,"DT"
157832,"NN"
157833,"IN"
157834,"NN"
157835,"IN"
157836,"VBG"
157837,"NNS"
157838,"TO"
157839,"VB"
157840,"IN"
157841,"NN"
157842,"NNS"
157843,","
157844,"NNS"
157845,"CC"
157846,"NNS"
157847,","
157848,"CD"
157849,"NNS"
157850,"VBN"
157851,"IN"
157852,"DT"
157853,"NNP"
157854,"CD"
157855,"NN"
157856,"IN"
157857,"DT"
157858,"CD"
157859,"NN"
157860,"NN"
157861,"."
157862,"PRP"
157863,"VBD"
157864,"JJ"
157865,"NN"
157866,"NNS"
157867,"IN"
157868,"DT"
157869,"NNP"
157870,"NN"
157871,"VBZ"
157872,"VBN"
157873,"."
157874,"CC"
157875,"PRP$"
157876,"JJ"
157877,"NN"
157878,"VBD"
157879,"TO"
157880,"VB"
157881,"DT"
157882,"NN"
157883,"IN"
157884,"JJ"
157885,"JJ"
157886,"NN"
157887,"CC"
157888,"JJ"
157889,"NN"
157890,"."
157891,"PRP"
157892,"VBD"
157893,"DT"
157894,"NN"
157895,"NN"
157896,"VBD"
157897,"RB"
157898,"JJ"
157899,"TO"
157900,"JJ"
157901,"NNS"
157902,"CC"
157903,"MD"
157904,"RB"
157905,"VB"
157906,"VBN"
157907,"IN"
157908,"VBG"
157909,"JJ"
157910,"NNS"
157911,"."
157912,"IN"
157913,"PRP$"
157914,"NN"
157915,"NN"
157916,"IN"
157917,"JJ"
157918,"NNS"
157919,","
157920,"CD"
157921,"NN"
157922,"NN"
157923,"VBD"
157924,"RB"
157925,"DT"
157926,"JJ"
157927,"NN"
157928,"IN"
157929,"NN"
157930,"."
157931,"``"
157932,"PRP$"
157933,"NN"
157934,"VBD"
157935,"IN"
157936,"PRP"
157937,"MD"
157938,"VB"
157939,"DT"
157940,"JJ"
157941,"JJ"
157942,"NN"
157943,","
157944,"''"
157945,"PRP"
157946,"VBD"
157947,","
157948,"VBG"
157949,"DT"
157950,"JJ"
157951,"JJ"
157952,"NNS"
157953,"IN"
157954,"PRP$"
157955,"NNS"
157956,"."
157957,"``"
157958,"CC"
157959,"PRP"
157960,"VBP"
157961,"VBN"
157962,"TO"
157963,"VB"
157964,"IN"
157965,"PRP"
157966,"VBP"
157967,"JJ"
157968,"CC"
157969,"JJ"
157970,"CC"
157971,"JJ"
157972,"CC"
157973,"DT"
157974,"NN"
157975,"IN"
157976,"NN"
157977,"."
157978,"''"
157979,"NNP"
157980,"NNP"
157981,"POS"
157982,"NNS"
157983,"VBD"
157984,"NN"
157985,"NNS"
157986,","
157987,"IN"
157988,"JJS"
157989,"IN"
157990,"DT"
157991,"JJ"
157992,"NNS"
157993,","
157994,"IN"
157995,"WP"
157996,"RB"
157997,"PRP$"
157998,"NN"
157999,"VBZ"
158000,"IN"
158001,"NNP"
158002,"NN"
158003,"TO"
158004,"DT"
158005,"JJ"
158006,"NN"
158007,"NN"
158008,"."
158009,"DT"
158010,"JJ"
158011,"NN"
158012,"IN"
158013,"DT"
158014,"JJ"
158015,"NN"
158016,"VBZ"
158017,"VBN"
158018,"VBN"
158019,"IN"
158020,"CD"
158021,"NN"
158022,"IN"
158023,"NNS"
158024,"."
158025,"JJ"
158026,"NNS"
158027,"VBP"
158028,"VBN"
158029,"DT"
158030,"CD"
158031,"NN"
158032,"IN"
158033,"NNP"
158034,"NNP"
158035,"NNS"
158036,"DT"
158037,"CD"
158038,"NN"
158039,"NN"
158040,"IN"
158041,"CD"
158042,","
158043,"CC"
158044,"DT"
158045,"NNPS"
158046,"VBP"
158047,"VBN"
158048,"VBG"
158049,"DT"
158050,"JJ"
158051,"NN"
158052,"."
158053,"IN"
158054,"NN"
158055,"IN"
158056,"PRP$"
158057,"NN"
158058,"NNS"
158059,","
158060,"NNP"
158061,"NNP"
158062,"VBD"
158063,","
158064,"``"
158065,"PRP"
158066,"VBP"
158067,"PRP"
158068,"MD"
158069,"VB"
158070,"RB"
158071,"JJR"
158072,"IN"
158073,"CD"
158074,"NN"
158075,"."
158076,"''"
158077,"CC"
158078,"PRP"
158079,"VBD"
158080,","
158081,"``"
158082,"PRP"
158083,"VBP"
158084,"IN"
158085,"VBN"
158086,"NN"
158087,"."
158088,"PRP"
158089,"MD"
158090,"RB"
158091,"VB"
158092,"IN"
158093,"DT"
158094,"NN"
158095,"IN"
158096,"NNS"
158097,"TO"
158098,"DT"
158099,"NN"
158100,"IN"
158101,"DT"
158102,"NN"
158103,"."
158104,"O"
158105,"NNP"
158106,"NNP"
158107,"NNP"
158108,"VBD"
158109,"PRP"
158110,"VBZ"
158111,"TO"
158112,"VB"
158113,"DT"
158114,"JJ"
158115,"NN"
158116,"IN"
158117,"DT"
158118,"JJ"
158119,"NN"
158120,"WDT"
158121,"VBD"
158122,"NNP"
158123,"CD"
158124,"CC"
158125,"VBZ"
158126,"VBG"
158127,"JJ"
158128,"NN"
158129,"."
158130,"DT"
158131,"NN"
158132,"IN"
158133,"JJ"
158134,"NNS"
158135,"CC"
158136,"NNS"
158137,"VBD"
158138,"PRP"
158139,"VBZ"
158140,"VBG"
158141,"DT"
158142,"NN"
158143,"IN"
158144,"NN"
158145,"NNS"
158146,","
158147,"VBG"
158148,"VBG"
158149,"NNS"
158150,"IN"
158151,"PRP$"
158152,"NN"
158153,"NNS"
158154,"."
158155,"NNP"
158156,"VBD"
158157,"TO"
158158,"VB"
158159,"DT"
158160,"NN"
158161,"IN"
158162,"DT"
158163,"NN"
158164,"CC"
158165,"MD"
158166,"RB"
158167,"VB"
158168,"IN"
158169,"PRP"
158170,"VBZ"
158171,"TO"
158172,"VB"
158173,"DT"
158174,"NN"
158175,"IN"
158176,"DT"
158177,"NN"
158178,"."
158179,"IN"
158180,"DT"
158181,"NN"
158182,"VBD"
158183,"NNP"
158184,"CD"
158185,","
158186,"CD"
158187,","
158188,"NN"
158189,"VBD"
158190,"JJ"
158191,"NN"
158192,"IN"
158193,"$"
158194,"CD"
158195,"CD"
158196,","
158197,"CC"
158198,"$"
158199,"CD"
158200,"DT"
158201,"NN"
158202,"."
158203,"DT"
158204,"NN"
158205,"VBD"
158206,"RB"
158207,"VB"
158208,"IN"
158209,"PRP$"
158210,"JJ"
158211,"NNS"
158212,"."
158213,"IN"
158214,"DT"
158215,"JJ"
158216,"CD"
158217,"NNS"
158218,"JJ"
158219,"NN"
158220,"VBD"
158221,"$"
158222,"CD"
158223,"CD"
158224,","
158225,"CC"
158226,"$"
158227,"CD"
158228,"DT"
158229,"NN"
158230,","
158231,"IN"
158232,"NN"
158233,"IN"
158234,"$"
158235,"CD"
158236,"CD"
158237,"."
158238,"RB"
158239,","
158240,"DT"
158241,"NN"
158242,"VBD"
158243,"PRP"
158244,"MD"
158245,"VB"
158246,"DT"
158247,"JJ"
158248,"JJ"
158249,"NN"
158250,"IN"
158251,"DT"
158252,"NNP"
158253,"CC"
158254,"NNP"
158255,"NNP"
158256,"``"
158257,"IN"
158258,"RB"
158259,"CD"
158260,"NNS"
158261,"."
158262,"''"
158263,"PRP"
158264,"VBD"
158265,"DT"
158266,"NN"
158267,"VBD"
158268,"IN"
158269,"NNS"
158270,"IN"
158271,"VBG"
158272,"PRP$"
158273,"NN"
158274,"IN"
158275,"DT"
158276,"NN"
158277,"IN"
158278,"DT"
158279,"NNP"
158280,"NNP"
158281,"NNP"
158282,"."
158283,"IN"
158284,"DT"
158285,"NN"
158286,"VBN"
158287,"IN"
158288,"JJ"
158289,"NN"
158290,"IN"
158291,"NNP"
158292,"TO"
158293,"VB"
158294,"NNP"
158295,"NNS"
158296,"TO"
158297,"DT"
158298,"JJ"
158299,"NNS"
158300,"NNS"
158301,","
158302,"NNP"
158303,"VBD"
158304,"PRP"
158305,"MD"
158306,"VB"
158307,"DT"
158308,"$"
158309,"CD"
158310,"NN"
158311,"NN"
158312,"TO"
158313,"VB"
158314,"NNS"
158315,"TO"
158316,"JJ"
158317,"NNS"
158318,"."
158319,"O"
158320,"NNP"
158321,"NNP"
158322,"NNP"
158323,"VBD"
158324,"PRP"
158325,"VBD"
158326,"VBN"
158327,"IN"
158328,"DT"
158329,"NN"
158330,"IN"
158331,"PRP$"
158332,"JJ"
158333,"NN"
158334,"NN"
158335,","
158336,"VBG"
158337,"IN"
158338,"DT"
158339,"NN"
158340,"VBD"
158341,"TO"
158342,"VB"
158343,"NNS"
158344,"IN"
158345,"DT"
158346,"NN"
158347,"."
158348,"DT"
158349,"NN"
158350,"IN"
158351,"NNP"
158352,"NNP"
158353,"VBD"
158354,"DT"
158355,"NN"
158356,"IN"
158357,"CD"
158358,"NNS"
158359,"IN"
158360,"NNP"
158361,"NNP"
158362,"NNP"
158363,"VBZ"
158364,"NN"
158365,"IN"
158366,"DT"
158367,"NN"
158368,"VBZ"
158369,"IN"
158370,"$"
158371,"CD"
158372,"CD"
158373,"NN"
158374,"NN"
158375,"CC"
158376,"NN"
158377,"IN"
158378,"DT"
158379,"NN"
158380,"NN"
158381,"VBN"
158382,"IN"
158383,"DT"
158384,"NNP"
158385,"NNS"
158386,"TO"
158387,"NNP"
158388,"NNP"
158389,"IN"
158390,"JJ"
158391,"NN"
158392,"TO"
158393,"VB"
158394,"NNS"
158395,"."
158396,"NNP"
158397,"NNP"
158398,"VBD"
158399,"PRP"
158400,"VBZ"
158401,"IN"
158402,"DT"
158403,"NNS"
158404,","
158405,"VBN"
158406,"IN"
158407,"JJ"
158408,"NN"
158409,"IN"
158410,"NNP"
158411,","
158412,"JJ"
158413,"IN"
158414,"NN"
158415,"."
158416,"NNP"
158417,"VBD"
158418,"NNP"
158419,"NNP"
158420,"VBZ"
158421,"VBN"
158422,"IN"
158423,"NNP"
158424,","
158425,"NNP"
158426,"."
158427,"DT"
158428,"NNS"
158429,"WDT"
158430,"VBD"
158431,"DT"
158432,"NN"
158433,"NN"
158434,"NN"
158435,"NNS"
158436,"NNP"
158437,"CC"
158438,"NNP"
158439,"NNP"
158440,"NNP"
158441,"."
158442,"O"
158443,"NNP"
158444,"NNP"
158445,"VBD"
158446,"DT"
158447,"NN"
158448,"IN"
158449,"PRP$"
158450,"NNP"
158451,"NNP"
158452,"CC"
158453,"NNP"
158454,"NN"
158455,","
158456,"DT"
158457,"NNP"
158458,"POS"
158459,"NN"
158460,"NN"
158461,","
158462,"TO"
158463,"CD"
158464,"NNPS"
158465,"."
158466,"NNS"
158467,"VBD"
158468,"RB"
158469,"VBN"
158470,"."
158471,"IN"
158472,"NNP"
158473,"POS"
158474,"``"
158475,"JJ"
158476,"NN"
158477,"IN"
158478,"JJ"
158479,"NN"
158480,"VBZ"
158481,","
158482,"DT"
158483,"JJ"
158484,"NN"
158485,"WDT"
158486,"VBZ"
158487,"RB"
158488,"JJ"
158489,"VBZ"
158490,"DT"
158491,"JJ"
158492,"NN"
158493,","
158494,"''"
158495,"VBD"
158496,"NNP"
158497,"NNP"
158498,","
158499,"NN"
158500,"IN"
158501,"DT"
158502,"NN"
158503,","
158504,"IN"
158505,"DT"
158506,"NN"
158507,"."
158508,"DT"
158509,"NN"
158510,"VBD"
158511,"NNP"
158512,"VBZ"
158513,"DT"
158514,"NN"
158515,"IN"
158516,"CD"
158517,"NNS"
158518,"IN"
158519,"DT"
158520,"NNP"
158521,"CC"
158522,"JJ"
158523,"."
158524,"NNP"
158525,"VBZ"
158526,"CD"
158527,"JJ"
158528,"NN"
158529,"NNS"
158530,"IN"
158531,"DT"
158532,"NNP"
158533,"."
158534,"O"
158535,"DT"
158536,"NN"
158537,"NN"
158538,"POS"
158539,"JJ"
158540,"NNS"
158541,"MD"
158542,"VB"
158543,"IN"
158544,"DT"
158545,"NN"
158546,"IN"
158547,"DT"
158548,"NN"
158549,"."
158550,"JJ"
158551,"NN"
158552,"NNS"
158553,"IN"
158554,"DT"
158555,"JJ"
158556,"JJ"
158557,"NNS"
158558,"VBP"
158559,"VBN"
158560,"TO"
158561,"VB"
158562,"RB"
158563,"RBR"
158564,"JJ"
158565,"NNS"
158566,"IN"
158567,"PRP"
158568,"VBD"
158569,"IN"
158570,"DT"
158571,"JJ"
158572,"NN"
158573,"DT"
158574,"NN"
158575,"RB"
158576,","
158577,"RB"
158578,"VBG"
158579,"JJ"
158580,"NN"
158581,"NNS"
158582,"CC"
158583,"NN"
158584,"NN"
158585,"."
158586,"DT"
158587,"NN"
158588,"NN"
158589,"MD"
158590,"VB"
158591,"DT"
158592,"NN"
158593,","
158594,"CC"
158595,"NNS"
158596,"VBP"
158597,"JJ"
158598,"TO"
158599,"VB"
158600,"JJ"
158601,","
158602,"NN"
158603,"NNS"
158604,"CC"
158605,"NNS"
158606,"VBP"
158607,","
158608,"VBG"
158609,"NNS"
158610,"IN"
158611,"NNS"
158612,"MD"
158613,"VB"
158614,"PRP$"
158615,"JJ"
158616,"NN"
158617,"."
158618,"DT"
158619,"NN"
158620,"VBZ"
158621,"``"
158622,"VBG"
158623,"DT"
158624,"NN"
158625,"RB"
158626,"IN"
158627,"NN"
158628,"CC"
158629,"RB"
158630,"IN"
158631,"NN"
158632,"IN"
158633,"NNS"
158634,","
158635,"''"
158636,"NNP"
158637,"NNP"
158638,","
158639,"NN"
158640,"IN"
158641,"NNP"
158642,"NNP"
158643,"NNP"
158644,","
158645,"VBD"
158646,"IN"
158647,"DT"
158648,"NN"
158649,"."
158650,"``"
158651,"DT"
158652,"NN"
158653,"MD"
158654,"RB"
158655,"VB"
158656,"JJ"
158657,"CC"
158658,"JJ"
158659,"NN"
158660,"NNS"
158661,"''"
158662,"IN"
158663,"DT"
158664,"NN"
158665,"IN"
158666,"NN"
158667,","
158668,"PRP"
158669,"VBD"
158670,"."
158671,"PRP"
158672,"VBD"
158673,"RB"
158674,"VB"
158675,"NNP"
158676,"POS"
158677,"NNS"
158678,"."
158679,"CC"
158680,"NNS"
158681,"NNS"
158682,"VBP"
158683,"NNP"
158684,"MD"
158685,"VB"
158686,"IN"
158687,"DT"
158688,"NNS"
158689,"VBN"
158690,"IN"
158691,"JJ"
158692,"NN"
158693,"NNS"
158694,"CC"
158695,"MD"
158696,"RB"
158697,"VB"
158698,"DT"
158699,"NN"
158700,"IN"
158701,"JJ"
158702,"NNS"
158703,"."
158704,"RB"
158705,","
158706,"RB"
158707,","
158708,"JJ"
158709,"NNS"
158710,"VBP"
158711,","
158712,"MD"
158713,"NNP"
158714,"NNP"
158715,","
158716,"NNP"
158717,"NNP"
158718,"CC"
158719,"NNP"
158720,"NNP"
158721,"."
158722,"JJ"
158723,"NNS"
158724,"WP"
158725,"VBD"
158726,"TO"
158727,"DT"
158728,"NN"
158729,"IN"
158730,"NNP"
158731,","
158732,"DT"
158733,"JJ"
158734,"NN"
158735,"NN"
158736,"VBN"
158737,"IN"
158738,"JJ"
158739,"NNS"
158740,"IN"
158741,"JJ"
158742,"NN"
158743,"NNS"
158744,"."
158745,"PRP"
158746,"VBZ"
158747,"VBN"
158748,"CD"
158749,"NN"
158750,"IN"
158751,"NNP"
158752,"TO"
158753,"IN"
158754,"CD"
158755,"NNS"
158756,"DT"
158757,"NN"
158758,"."
158759,"DT"
158760,"NN"
158761,"IN"
158762,"NN"
158763,"VBN"
158764,"IN"
158765,"CD"
158766,"NNS"
158767,","
158768,"VBG"
158769,"IN"
158770,"IN"
158771,"CD"
158772,"NNS"
158773,"JJ"
158774,"NNP"
158775,"."
158776,"DT"
158777,"JJ"
158778,"NN"
158779,"IN"
158780,"DT"
158781,"JJ"
158782,"NN"
158783,"NN"
158784,"VBZ"
158785,"JJ"
158786,"."
158787,"NN"
158788,"IN"
158789,"NNP"
158790,","
158791,"NNS"
158792,"VBD"
158793,"VBG"
158794,"IN"
158795,"DT"
158796,"JJ"
158797,"NNP"
158798,"NN"
158799,"CC"
158800,"DT"
158801,"JJ"
158802,"NN"
158803,"VBN"
158804,"NN"
158805,"."
158806,"NNS"
158807,"VBD"
158808,"NN"
158809,"RB"
158810,"."
158811,"RB"
158812,","
158813,"RB"
158814,"JJ"
158815,"NNS"
158816,"VBP"
158817,"IN"
158818,"DT"
158819,"NN"
158820,","
158821,"IN"
158822,"DT"
158823,"NN"
158824,"VBZ"
158825,"JJR"
158826,","
158827,"CC"
158828,"JJ"
158829,"JJ"
158830,"NN"
158831,"VBZ"
158832,"JJR"
158833,"."
158834,"JJ"
158835,"NNS"
158836,"IN"
158837,"NN"
158838,"VBD"
158839,"JJR"
158840,"."
158841,"``"
158842,"NN"
158843,"NNS"
158844,"VBD"
158845,"RB"
158846,"JJ"
158847,"IN"
158848,"DT"
158849,"JJ"
158850,"NN"
158851,"IN"
158852,"JJ"
158853,"NN"
158854,"CC"
158855,"RB"
158856,"RB"
158857,"RB"
158858,"JJ"
158859,"DT"
158860,"NN"
158861,","
158862,"''"
158863,"VBD"
158864,"NNP"
158865,"NNP"
158866,","
158867,"DT"
158868,"NNS"
158869,"NN"
158870,"IN"
158871,"NNP"
158872,"NNP"
158873,"NNP"
158874,"."
158875,"NNP"
158876,"NN"
158877,"NNS"
158878,"VBD"
158879,"JJ"
158880,"IN"
158881,"TO"
158882,"VB"
158883,"IN"
158884,"DT"
158885,"JJ"
158886,"NN"
158887,"NN"
158888,"NN"
158889,"IN"
158890,"NNP"
158891,"CC"
158892,"NNP"
158893,"WDT"
158894,"VBD"
158895,"RB"
158896,"VB"
158897,"."
158898,"DT"
158899,"JJ"
158900,"NN"
158901,"VBD"
158902,"NN"
158903,"NNS"
158904,"RB"
158905,"IN"
158906,"DT"
158907,"NN"
158908,"."
158909,"IN"
158910,"NN"
158911,","
158912,"JJ"
158913,"NN"
158914,"NNS"
158915,"VBD"
158916,"RB"
158917,"DT"
158918,"IN"
158919,"DT"
158920,"NN"
158921,"RBR"
158922,","
158923,"RBR"
158924,"VBG"
158925,"NN"
158926,"."
158927,"NNS"
158928,"VBP"
158929,"NNS"
158930,"VBD"
158931,"RP"
158932,"IN"
158933,"NNP"
158934,","
158935,"CC"
158936,"JJ"
158937,"NN"
158938,"NNS"
158939,"VBP"
158940,"NN"
158941,"NNS"
158942,"MD"
158943,"VB"
158944,"DT"
158945,"NN"
158946,","
158947,"IN"
158948,"RB"
158949,"RB"
158950,"TO"
158951,"DT"
158952,"NN"
158953,"IN"
158954,"CD"
158955,"POS"
158956,"JJ"
158957,"NN"
158958,"."
158959,"IN"
158960,"DT"
158961,"CD"
158962,"JJ"
158963,"NN"
158964,","
158965,"JJ"
158966,"NNS"
158967,"VBD"
158968,"JJ"
158969,"NN"
158970,"CC"
158971,"NN"
158972,"NNS"
158973,"."
158974,"JJ"
158975,"NN"
158976,"NN"
158977,"MD"
158978,"VB"
158979,"RP"
158980,"TO"
158981,"VB"
158982,"DT"
158983,"RBS"
158984,"JJ"
158985,"NN"
158986,"IN"
158987,"NNS"
158988,"POS"
158989,"NNS"
158990,"DT"
158991,"NN"
158992,"."
158993,"NNS"
158994,":"
158995,"VBG"
158996,"RB"
158997,"$"
158998,"CD"
158999,"DT"
159000,"NN"
159001,"JJR"
159002,"IN"
159003,"DT"
159004,"JJ"
159005,"NN"
159006,"IN"
159007,"DT"
159008,"NN"
159009,"RBR"
159010,":"
159011,"VBP"
159012,"VBD"
159013,"UH"
159014,"IN"
159015,"RBS"
159016,"NNS"
159017,"POS"
159018,"NNS"
159019,"."
159020,"NN"
159021,"VBZ"
159022,"VBN"
159023,"RB"
159024,"JJR"
159025,"IN"
159026,"VBN"
159027,","
159028,"CC"
159029,"PRP"
159030,"RB"
159031,"VBZ"
159032,"IN"
159033,"DT"
159034,"JJ"
159035,"NN"
159036,"."
159037,"``"
159038,"PRP"
159039,"MD"
159040,"VB"
159041,"JJR"
159042,"NN"
159043,"NNS"
159044,"DT"
159045,"NN"
159046,","
159047,"''"
159048,"VBD"
159049,"NNP"
159050,"NNP"
159051,","
159052,"DT"
159053,"NN"
159054,"IN"
159055,"NNP"
159056,"NNP"
159057,"."
159058,"DT"
159059,"MD"
159060,"VB"
159061,"IN"
159062,"RB"
159063,"JJR"
159064,"NN"
159065,"NNS"
159066,","
159067,"RB"
159068,"VBN"
159069,"IN"
159070,"JJ"
159071,"NN"
159072,"WRB"
159073,"NN"
159074,"NNS"
159075,"RB"
159076,"VBD"
159077,"TO"
159078,"IN"
159079,"$"
159080,"CD"
159081,"DT"
159082,"NN"
159083,"IN"
159084,"DT"
159085,"JJ"
159086,"NN"
159087,"."
159088,"IN"
159089,"NN"
159090,"NNS"
159091,"VBP"
159092,"VBN"
159093,"RB"
159094,"IN"
159095,"JJ"
159096,","
159097,"JJ"
159098,"NN"
159099,"NNS"
159100,"VBP"
159101,"VBN"
159102,"JJR"
159103,"."
159104,"IN"
159105,"DT"
159106,"JJ"
159107,"NN"
159108,","
159109,"PRP"
159110,"VBD"
159111,"IN"
159112,"CD"
159113,"NN"
159114,"JJR"
159115,"IN"
159116,"PRP"
159117,"VBD"
159118,"IN"
159119,"CD"
159120,"."
159121,"DT"
159122,"JJ"
159123,"NN"
159124,"VBZ"
159125,"NN"
159126,"."
159127,"JJ"
159128,"NN"
159129,"VBD"
159130,"JJ"
159131,"IN"
159132,"DT"
159133,"NN"
159134,"NN"
159135,"CC"
159136,"NN"
159137,"IN"
159138,"VBN"
159139,"NNS"
159140,"TO"
159141,"VB"
159142,"RBR"
159143,"JJ"
159144,"NN"
159145,"TO"
159146,"VB"
159147,"JJ"
159148,"JJ"
159149,"NN"
159150,"IN"
159151,"JJ"
159152,"NN"
159153,"NN"
159154,"."
159155,"DT"
159156,"NN"
159157,","
159158,"IN"
159159,"DT"
159160,"JJ"
159161,"NN"
159162,","
159163,"VBD"
159164,"NN"
159165,"NN"
159166,"IN"
159167,"JJ"
159168,"."
159169,"``"
159170,"PRP"
159171,"VBP"
159172,"VBN"
159173,"RB"
159174,"VBN"
159175,"IN"
159176,"DT"
159177,"NN"
159178,"IN"
159179,"JJ"
159180,"NN"
159181,"NNS"
159182,","
159183,"''"
159184,"VBD"
159185,"NNP"
159186,"NNP"
159187,","
159188,"NNP"
159189,"POS"
159190,"NN"
159191,"."
159192,"``"
159193,"DT"
159194,"JJ"
159195,"NN"
159196,"NN"
159197,"VBZ"
159198,"RB"
159199,"VBG"
159200,"TO"
159201,"VB"
159202,"JJ"
159203,"NN"
159204,"NN"
159205,"IN"
159206,"JJ"
159207,"VBD"
159208,"VBN"
159209,"."
159210,"''"
159211,"VBG"
159212,"IN"
159213,"DT"
159214,"JJ"
159215,"NN"
159216,","
159217,"JJ"
159218,"NN"
159219,"NNS"
159220,"VBP"
159221,"RB"
159222,"IN"
159223,"CD"
159224,"NN"
159225,"TO"
159226,"CD"
159227,"NN"
159228,"JJR"
159229,"IN"
159230,"DT"
159231,"NN"
159232,"RBR"
159233,"."
159234,"IN"
159235,"NN"
159236,","
159237,"JJ"
159238,"NN"
159239,"RB"
159240,"VBN"
159241,"IN"
159242,"DT"
159243,"NNP"
159244,"NNP"
159245,"VBZ"
159246,"VBG"
159247,"IN"
159248,"DT"
159249,"NN"
159250,"NN"
159251,"IN"
159252,"IN"
159253,"$"
159254,"CD"
159255,"DT"
159256,"CD"
159257,"JJ"
159258,"NNS"
159259,","
159260,"RB"
159261,"CD"
159262,"NN"
159263,"IN"
159264,"$"
159265,"CD"
159266,"DT"
159267,"CD"
159268,"JJ"
159269,"NNS"
159270,"DT"
159271,"NN"
159272,"RB"
159273,"."
159274,"O"
159275,"DT"
159276,"NNP"
159277,"NN"
159278,","
159279,"VBG"
159280,"TO"
159281,"VB"
159282,"VBG"
159283,"NNS"
159284,"IN"
159285,"NNP"
159286,"NNP"
159287,"IN"
159288,"DT"
159289,"NN"
159290,"IN"
159291,"NNS"
159292,"IN"
159293,"NNS"
159294,"IN"
159295,"DT"
159296,"JJ"
159297,"NN"
159298,","
159299,"VBZ"
159300,"VBG"
159301,"IN"
159302,"NNP"
159303,"POS"
159304,"NNP"
159305,"."
159306,"NNP"
159307,"NNP"
159308,"CC"
159309,"NNP"
159310,"VBD"
159311,"RB"
159312,"JJ"
159313,"NN"
159314,"TO"
159315,"DT"
159316,"NNS"
159317,"."
159318,"JJS"
159319,"IN"
159320,"DT"
159321,"JJ"
159322,"JJ"
159323,"NNS"
159324,"IN"
159325,"JJ"
159326,"NNP"
159327,"IN"
159328,"NNP"
159329,"NNP"
159330,"NNP"
159331,","
159332,"DT"
159333,"JJ"
159334,"NN"
159335,"IN"
159336,"WDT"
159337,"DT"
159338,"NNP"
159339,"CC"
159340,"PRP$"
159341,"NNS"
159342,"VBP"
159343,"PRP$"
159344,"JJ"
159345,"NNS"
159346,","
159347,"VBP"
159348,"VBN"
159349,"TO"
159350,"VB"
159351,"IN"
159352,"JJR"
159353,"JJ"
159354,"NN"
159355,"NNS"
159356,"IN"
159357,"DT"
159358,"NN"
159359,"TO"
159360,"VB"
159361,"VBN"
159362,"IN"
159363,"NNP"
159364,"NNP"
159365,"CD"
159366,"CC"
159367,"CD"
159368,"."
159369,"PRP"
159370,"VBP"
159371,"TO"
159372,"VB"
159373,"RB"
159374,"IN"
159375,"DT"
159376,"NN"
159377,"IN"
159378,"NNS"
159379,"VBG"
159380,"NNS"
159381,"IN"
159382,"NN"
159383,"NNS"
159384,","
159385,"NNS"
159386,"CC"
159387,"JJ"
159388,"NN"
159389,"NNS"
159390,"."
159391,"CC"
159392,"DT"
159393,"NNP"
159394,"NN"
159395,"VBZ"
159396,"PRP"
159397,"VBZ"
159398,"TO"
159399,"VB"
159400,"NN"
159401,"IN"
159402,"DT"
159403,"NNP"
159404,"NNS"
159405,"VBP"
159406,"VBG"
159407,"RB"
159408,"IN"
159409,"JJ"
159410,"JJ"
159411,"NNS"
159412,"IN"
159413,"PRP"
159414,"MD"
159415,"VB"
159416,"JJ"
159417,"NN"
159418,"."
159419,"TO"
159420,"VB"
159421,"PRP$"
159422,"NN"
159423,","
159424,"PRP"
159425,"VBZ"
159426,"VBG"
159427,"DT"
159428,"JJ"
159429,"NN"
159430,"TO"
159431,"VB"
159432,"NNS"
159433,"IN"
159434,"NNP"
159435,"MD"
159436,"VB"
159437,"VBN"
159438,"DT"
159439,"JJ"
159440,"NN"
159441,"IN"
159442,"JJ"
159443,"JJ"
159444,"NNS"
159445,"WDT"
159446,"MD"
159447,"VB"
159448,"VBN"
159449,"TO"
159450,"VB"
159451,"NNS"
159452,"IN"
159453,"NN"
159454,"NN"
159455,"."
159456,"DT"
159457,"NNP"
159458,"NNP"
159459,"NNP"
159460,","
159461,"WDT"
159462,"RB"
159463,"VBD"
159464,"DT"
159465,"NNP"
159466,"NNS"
159467,","
159468,"VBD"
159469,"DT"
159470,"JJ"
159471,"NN"
159472,"NN"
159473,"IN"
159474,"DT"
159475,"NN"
159476,"IN"
159477,"DT"
159478,"NNS"
159479,"IN"
159480,"NNP"
159481,"VBD"
159482,"$"
159483,"CD"
159484,"CD"
159485,"IN"
159486,"``"
159487,"FW"
159488,","
159489,"JJ"
159490,","
159491,"JJ"
159492,"NN"
159493,"NNS"
159494,"TO"
159495,"DT"
159496,"JJ"
159497,"NN"
159498,"NN"
159499,"."
159500,"''"
159501,"NNP"
159502,"RB"
159503,"VBD"
159504,"VBG"
159505,"DT"
159506,"NNS"
159507,"IN"
159508,"CD"
159509,"."
159510,"DT"
159511,"NNP"
159512,"NNP"
159513,"NN"
159514,"VBD"
159515,"IN"
159516,"DT"
159517,"NNP"
159518,"VBZ"
159519,"VBG"
159520,"DT"
159521,"NNS"
159522,"IN"
159523,"DT"
159524,"JJ"
159525,"NN"
159526,"CC"
159527,"NNP"
159528,","
159529,"CC"
159530,"VBD"
159531,"TO"
159532,"VB"
159533,"DT"
159534,"NNS"
159535,"."
159536,"JJ"
159537,"NNP"
159538,"NNP"
159539,"NNP"
159540,"VBD"
159541,"DT"
159542,"JJ"
159543,"NN"
159544,"IN"
159545,"IN"
159546,"NNP"
159547,"VBD"
159548,"NNP"
159549,"NNS"
159550,"."
159551,"NNP"
159552,"NNP"
159553,"VBD"
159554,"PRP$"
159555,"NN"
159556,"TO"
159557,"DT"
159558,"NN"
159559,"IN"
159560,"DT"
159561,"JJ"
159562,"NN"
159563,"POS"
159564,"NN"
159565,"RB"
159566,"JJ"
159567,"NN"
159568,"."
159569,"NNP"
159570,"VBZ"
159571,"VBN"
159572,"IN"
159573,"PRP"
159574,"VBD"
159575,"NNP"
159576,"NNS"
159577,","
159578,"VBG"
159579,"IN"
159580,"DT"
159581,"JJ"
159582,"NNS"
159583,"VBD"
159584,"RB"
159585,"VBN"
159586,"IN"
159587,"DT"
159588,"JJ"
159589,"NNS"
159590,"."
159591,"IN"
159592,"DT"
159593,"NN"
159594,"IN"
159595,"DT"
159596,"NNS"
159597,"VBZ"
159598,"RB"
159599,"DT"
159600,"JJ"
159601,"NN"
159602,","
159603,"DT"
159604,"NN"
159605,"MD"
159606,"RB"
159607,"VB"
159608,"RB"
159609,"VBN"
159610,"TO"
159611,"VB"
159612,"DT"
159613,"NN"
159614,"IN"
159615,"JJ"
159616,"NN"
159617,"IN"
159618,"DT"
159619,"NNP"
159620,"CC"
159621,"DT"
159622,"NN"
159623,"NN"
159624,"."
159625,"``"
159626,"PRP"
159627,"VBZ"
159628,"TO"
159629,"PRP"
159630,"IN"
159631,"DT"
159632,"NN"
159633,"IN"
159634,"DT"
159635,"NNS"
159636,"RB"
159637,"IN"
159638,"DT"
159639,"JJ"
159640,"NNP"
159641,"NN"
159642,","
159643,"''"
159644,"VBD"
159645,"DT"
159646,"NNP"
159647,"NN"
159648,"IN"
159649,"DT"
159650,"NN"
159651,"IN"
159652,"JJ"
159653,"NN"
159654,"NNS"
159655,"."
159656,"DT"
159657,"NNP"
159658,"NN"
159659,"VBZ"
159660,"VBN"
159661,"JJ"
159662,"NNS"
159663,"IN"
159664,"PRP$"
159665,"JJ"
159666,"NNS"
159667,","
159668,"VBG"
159669,"JJ"
159670,"NNS"
159671,"IN"
159672,"JJ"
159673,"JJ"
159674,"NNS"
159675,"."
159676,"JJ"
159677,"NN"
159678,","
159679,"NNP"
159680,"NNP"
159681,"VBD"
159682,"DT"
159683,"NN"
159684,"IN"
159685,"DT"
159686,"NN"
159687,"IN"
159688,"JJ"
159689,"NN"
159690,"WRB"
159691,"PRP"
159692,"VBD"
159693,"DT"
159694,"NNP"
159695,"NNP"
159696,"NNP"
159697,"NNP"
159698,"NN"
159699,"IN"
159700,"PRP"
159701,"MD"
159702,"VB"
159703,"DT"
159704,"NNS"
159705,"TO"
159706,"DT"
159707,"NNP"
159708,"NN"
159709,"IN"
159710,"JJ"
159711,"NNS"
159712,"."
159713,"CC"
159714,"RBR"
159715,"RB"
159716,","
159717,"DT"
159718,"NNP"
159719,"CC"
159720,"DT"
159721,"NNP"
159722,"NNP"
159723,"RB"
159724,"VBD"
159725,"IN"
159726,"DT"
159727,"NN"
159728,"TO"
159729,"WDT"
159730,"NNP"
159731,"MD"
159732,"VB"
159733,"NNS"
159734,"IN"
159735,"JJ"
159736,"NNS"
159737,"TO"
159738,"DT"
159739,"NN"
159740,"."
159741,"RB"
159742,","
159743,"DT"
159744,"NNS"
159745,"RB"
159746,"VBP"
159747,"IN"
159748,"DT"
159749,"NN"
159750,"MD"
159751,"VB"
159752,"JJ"
159753,"IN"
159754,"DT"
159755,"JJ"
159756,"NN"
159757,"."
159758,"``"
159759,"EX"
159760,"VBZ"
159761,"DT"
159762,"NN"
159763,"IN"
159764,"DT"
159765,"JJ"
159766,"NN"
159767,"TO"
159768,"("
159769,"RB"
159770,")"
159771,"VB"
159772,"JJ"
159773,"NN"
159774,"VBZ"
159775,"VBN"
159776,","
159777,"''"
159778,"VBD"
159779,"DT"
159780,"NNP"
159781,"NNP"
159782,"NN"
159783,"."
159784,"O"
159785,"NNP"
159786,"NNP"
159787,"NNP"
159788,"NNP"
159789,","
159790,"DT"
159791,"JJ"
159792,"NN"
159793,"IN"
159794,"NNP"
159795,"NNP"
159796,","
159797,"VBD"
159798,"PRP"
159799,"MD"
159800,"VB"
159801,"NNS"
159802,"IN"
159803,"NNS"
159804,"IN"
159805,"NNP"
159806,"NNP"
159807,"NNP"
159808,"NNP"
159809,"."
159810,"DT"
159811,"NN"
159812,"RB"
159813,"VBZ"
159814,"DT"
159815,"JJ"
159816,"NN"
159817,"IN"
159818,"NN"
159819,"IN"
159820,"NNS"
159821,"IN"
159822,"NNS"
159823,"IN"
159824,"NNP"
159825,"CC"
159826,"NNP"
159827,"NNP"
159828,"NNP"
159829,"."
159830,"IN"
159831,"DT"
159832,"JJ"
159833,"NN"
159834,","
159835,"$"
159836,"CD"
159837,"CD"
159838,"("
159839,"$"
159840,"CD"
159841,"CD"
159842,")"
159843,"IN"
159844,"JJ"
159845,"NNS"
159846,"MD"
159847,"VB"
159848,"VBN"
159849,"IN"
159850,"NNP"
159851,","
159852,"DT"
159853,"VBG"
159854,"NNS"
159855,"DT"
159856,"NN"
159857,"TO"
159858,"VB"
159859,"CD"
159860,"NNP"
159861,"NNP"
159862,"NNP"
159863,"NN"
159864,"IN"
159865,"DT"
159866,"NN"
159867,"TO"
159868,"VB"
159869,"VBN"
159870,"NNP"
159871,"."
159872,"DT"
159873,"CD"
159874,"CD"
159875,"NNS"
159876,"MD"
159877,"VB"
159878,"VBN"
159879,"IN"
159880,"$"
159881,"CD"
159882,"DT"
159883,"NN"
159884,"VBP"
159885,"VBN"
159886,"TO"
159887,"VB"
159888,"DT"
159889,"NN"
159890,"TO"
159891,"DT"
159892,"NN"
159893,"NN"
159894,"IN"
159895,"IN"
159896,"CD"
159897,"NN"
159898,"."
159899,"IN"
159900,"NN"
159901,"IN"
159902,"DT"
159903,"NNP"
159904,"NNP"
159905,"IN"
159906,"NNP"
159907,"NNP"
159908,","
159909,"DT"
159910,"NNS"
159911,"VBD"
159912,"NNP"
159913,"IN"
159914,"$"
159915,"CD"
159916,"DT"
159917,"."
159918,"IN"
159919,"DT"
159920,"NN"
159921,","
159922,"DT"
159923,"NNS"
159924,"MD"
159925,"VB"
159926,"TO"
159927,"VB"
159928,"IN"
159929,"$"
159930,"CD"
159931,"IN"
159932,"NNS"
159933,"TO"
159934,"NNP"
159935,"POS"
159936,"NN"
159937,"TO"
159938,"RB"
159939,"VB"
159940,"PRP$"
159941,"NNS"
159942,"."
159943,"IN"
159944,"NNP"
159945,"NNP"
159946,"NNS"
159947,"VBP"
159948,"IN"
159949,"DT"
159950,"NN"
159951,"VBD"
159952,"NNS"
159953,"IN"
159954,"PRP$"
159955,"JJ"
159956,"NNS"
159957,","
159958,"NNP"
159959,"POS"
159960,"NNS"
159961,"VBP"
159962,"DT"
159963,"JJ"
159964,"RB"
159965,"TO"
159966,"VB"
159967,"VBN"
159968,"IN"
159969,"DT"
159970,"JJ"
159971,"NN"
159972,"."
159973,"NNP"
159974,"MD"
159975,"``"
159976,"VB"
159977,"''"
159978,"DT"
159979,"NNS"
159980,"IN"
159981,"VBG"
159982,"JJ"
159983,"NNS"
159984,","
159985,"CC"
159986,"NNS"
159987,"TO"
159988,"VB"
159989,"NNS"
159990,","
159991,"TO"
159992,"VB"
159993,"PRP$"
159994,"JJ"
159995,"NN"
159996,"."
159997,"NNP"
159998,"VBD"
159999,"NNS"
160000,"IN"
160001,"NNP"
160002,"NNP"
160003,"NNS"
160004,"VBP"
160005,"JJ"
160006,"IN"
160007,"PRP"
160008,"VBP"
160009,"JJ"
160010,"NNS"
160011,","
160012,"JJ"
160013,"IN"
160014,"NN"
160015,"IN"
160016,"DT"
160017,"NN"
160018,"POS"
160019,"NN"
160020,"NN"
160021,","
160022,"DT"
160023,"NN"
160024,"TO"
160025,"VB"
160026,"NNS"
160027,"IN"
160028,"VBG"
160029,"RB"
160030,"JJ"
160031,"DT"
160032,"NN"
160033,"."
160034,"DT"
160035,"NNP"
160036,"NNP"
160037,"NNP"
160038,"NNS"
160039,"MD"
160040,"VB"
160041,"JJ"
160042,"TO"
160043,"NNS"
160044,"IN"
160045,"NNP"
160046,","
160047,"DT"
160048,"NNS"
160049,"VBD"
160050,","
160051,"IN"
160052,"DT"
160053,"NN"
160054,"VBZ"
160055,"VBN"
160056,"IN"
160057,"DT"
160058,"NN"
160059,"IN"
160060,"JJ"
160061,"NNS"
160062,"IN"
160063,"DT"
160064,"NNP"
160065,"NNP"
160066,"NN"
160067,"WDT"
160068,"VBZ"
160069,"JJ"
160070,"NN"
160071,"."
160072,"O"
160073,"NNP"
160074,"NNP"
160075,"IN"
160076,"NNP"
160077,"NNP"
160078,"VBD"
160079,"NN"
160080,"IN"
160081,"JJ"
160082,"NN"
160083,"NN"
160084,"NNP"
160085,"NNP"
160086,"NNP"
160087,"CC"
160088,"NNP"
160089,"NNP"
160090,"NNP"
160091,"NNP"
160092,","
160093,"VBG"
160094,"PRP"
160095,"VBD"
160096,"DT"
160097,"NN"
160098,"IN"
160099,"VBG"
160100,"PRP$"
160101,"NN"
160102,"WRB"
160103,"VBG"
160104,"PRP"
160105,"TO"
160106,"VB"
160107,"$"
160108,"CD"
160109,"CD"
160110,"IN"
160111,"JJ"
160112,","
160113,"JJ"
160114,"NN"
160115,"NNS"
160116,"."
160117,"IN"
160118,"DT"
160119,"NN"
160120,"VBN"
160121,"IN"
160122,"JJ"
160123,"NN"
160124,"NNP"
160125,","
160126,"DT"
160127,"NN"
160128,"VBN"
160129,"IN"
160130,"DT"
160131,"``"
160132,"JJ"
160133,"NN"
160134,"''"
160135,"IN"
160136,"DT"
160137,"NNS"
160138,"PRP"
160139,"VBD"
160140,"IN"
160141,"CD"
160142,"VBD"
160143,"IN"
160144,"NN"
160145,"."
160146,"NNP"
160147,"NNP"
160148,"VBD"
160149,"DT"
160150,"NNS"
160151,","
160152,"DT"
160153,"NN"
160154,"VBD"
160155,","
160156,"IN"
160157,"NNP"
160158,"NNP"
160159,"CC"
160160,"NNP"
160161,"VBD"
160162,"DT"
160163,"NN"
160164,"IN"
160165,"JJ"
160166,"NNS"
160167,"TO"
160168,"VB"
160169,"DT"
160170,"CD"
160171,"NN"
160172,"NN"
160173,"IN"
160174,"DT"
160175,"NN"
160176,"IN"
160177,"IN"
160178,"$"
160179,"CD"
160180,"CD"
160181,"."
160182,"NNP"
160183,"NNP"
160184,"VBD"
160185,"VBN"
160186,"IN"
160187,"NNP"
160188,"NNP"
160189,","
160190,"WP"
160191,"RB"
160192,"VBZ"
160193,"VBG"
160194,"DT"
160195,"NN"
160196,"NN"
160197,"IN"
160198,"NNS"
160199,"NNS"
160200,"."
160201,"NNS"
160202,"IN"
160203,"NNP"
160204,"VBD"
160205,"PRP"
160206,"VBD"
160207,"RB"
160208,"VBN"
160209,"DT"
160210,"NN"
160211,"CC"
160212,"RB"
160213,"MD"
160214,"RB"
160215,"VB"
160216,"."
160217,"IN"
160218,"NN"
160219,"TO"
160220,"$"
160221,"CD"
160222,"CD"
160223,"JJ"
160224,"NNS"
160225,","
160226,"DT"
160227,"NN"
160228,"VBZ"
160229,"$"
160230,"CD"
160231,"CD"
160232,"IN"
160233,"JJ"
160234,"NNS"
160235,"."
160236,"RB"
160237,"VBN"
160238,"IN"
160239,"DT"
160240,"NN"
160241,"VBZ"
160242,"NNP"
160243,"NNP"
160244,"NNP"
160245,"NNP"
160246,"CC"
160247,"NNP"
160248,"NNP"
160249,","
160250,"DT"
160251,"NN"
160252,"NN"
160253,"TO"
160254,"NNS"
160255,"NNS"
160256,"."
160257,"JJ"
160258,"NNS"
160259,"MD"
160260,"RB"
160261,"VB"
160262,"VBN"
160263,"."
160264,"NNP"
160265,"NNP"
160266,"VBD"
160267,"PRP"
160268,"VBD"
160269,"TO"
160270,"VB"
160271,"DT"
160272,"NNS"
160273,"IN"
160274,"DT"
160275,"NN"
160276,"IN"
160277,"NNP"
160278,"NNP"
160279,"NNP"
160280,"NNP"
160281,"VBD"
160282,"PRP"
160283,"IN"
160284,"NNP"
160285,"CD"
160286,"CC"
160287,"VBD"
160288,"NNP"
160289,"NNP"
160290,"MD"
160291,"VB"
160292,"PRP$"
160293,"JJ"
160294,"NN"
160295,"IN"
160296,"VBG"
160297,"DT"
160298,"NNS"
160299,"."
160300,"RB"
160301,"IN"
160302,"DT"
160303,"NN"
160304,","
160305,"NNP"
160306,"NNP"
160307,"CC"
160308,"NNP"
160309,"NNP"
160310,"VBD"
160311,"VBN"
160312,"IN"
160313,"NNP"
160314,"NNP"
160315,"NNS"
160316,"CC"
160317,"VBD"
160318,"VBN"
160319,"DT"
160320,"NN"
160321,"IN"
160322,"NN"
160323,"TO"
160324,"VB"
160325,"DT"
160326,"CD"
160327,"NN"
160328,"NN"
160329,"IN"
160330,"DT"
160331,"NN"
160332,"."
160333,"RB"
160334,","
160335,"DT"
160336,"NN"
160337,"VBD"
160338,"VBN"
160339,"IN"
160340,"NNP"
160341,"CD"
160342,"."
160343,"NNP"
160344,"NNP"
160345,"VBD"
160346,"DT"
160347,"NNS"
160348,"IN"
160349,"IN"
160350,"JJS"
160351,"CD"
160352,"JJ"
160353,"NNS"
160354,"IN"
160355,"CD"
160356,"CC"
160357,"RB"
160358,"RB"
160359,"VBZ"
160360,"VBN"
160361,"$"
160362,"CD"
160363,"CD"
160364,"IN"
160365,"NNS"
160366,"IN"
160367,"PRP"
160368,","
160369,"DT"
160370,"NN"
160371,"VBD"
160372,"."
160373,"O"
160374,"NNP"
160375,"NNP"
160376,"NNP"
160377,"NNP"
160378,"VBD"
160379,"PRP$"
160380,"NNS"
160381,"VBD"
160382,"DT"
160383,"NN"
160384,"IN"
160385,"NN"
160386,"NN"
160387,"IN"
160388,"NNP"
160389,"NNP"
160390,"NNP"
160391,"NNP"
160392,"TO"
160393,"VB"
160394,"PRP$"
160395,"JJ"
160396,"JJ"
160397,"NN"
160398,"NNS"
160399,"IN"
160400,"NN"
160401,"IN"
160402,"DT"
160403,"NN"
160404,"WDT"
160405,"MD"
160406,"VB"
160407,"NNP"
160408,"POS"
160409,"NN"
160410,"NNS"
160411,"IN"
160412,"CD"
160413,"NN"
160414,"IN"
160415,"DT"
160416,"JJ"
160417,"NN"
160418,"."
160419,"NNP"
160420,","
160421,"DT"
160422,"JJ"
160423,"JJ"
160424,"NN"
160425,"NN"
160426,"IN"
160427,"JJ"
160428,"NN"
160429,"NNP"
160430,"NNP"
160431,"NNP"
160432,"NNP"
160433,","
160434,"RB"
160435,"VBN"
160436,"VBG"
160437,"PRP$"
160438,"CD"
160439,"NN"
160440,"NN"
160441,"IN"
160442,"NNP"
160443,"NNP"
160444,"NNP"
160445,"NNP"
160446,"CC"
160447,"PRP$"
160448,"CD"
160449,"NN"
160450,"NN"
160451,"IN"
160452,"NNP"
160453,"NNP"
160454,"NNP"
160455,"IN"
160456,"PRP$"
160457,"CD"
160458,"NN"
160459,"NN"
160460,"IN"
160461,"NNP"
160462,"."
160463,"CC"
160464,"NNP"
160465,"POS"
160466,"JJ"
160467,"NN"
160468,"MD"
160469,"VB"
160470,"VBN"
160471,"NNP"
160472,"POS"
160473,"JJ"
160474,"NNS"
160475,"IN"
160476,"CD"
160477,"NN"
160478,"IN"
160479,"DT"
160480,"JJ"
160481,"NN"
160482,"."
160483,"NNP"
160484,"POS"
160485,"NNS"
160486,"VBD"
160487,"DT"
160488,"NN"
160489,","
160490,"IN"
160491,"PRP"
160492,"VBD"
160493,"PRP"
160494,"VBD"
160495,"DT"
160496,"NN"
160497,"NN"
160498,"."
160499,"IN"
160500,"DT"
160501,"NN"
160502,","
160503,"NNP"
160504,"MD"
160505,"VB"
160506,"CD"
160507,"NN"
160508,"IN"
160509,"DT"
160510,"JJ"
160511,"NN"
160512,"."
160513,"NNP"
160514,"POS"
160515,"JJ"
160516,"NNS"
160517,"MD"
160518,"VB"
160519,"IN"
160520,"CD"
160521,"NN"
160522,"IN"
160523,"DT"
160524,"JJ"
160525,"NN"
160526,"."
160527,"DT"
160528,"NN"
160529,"VBZ"
160530,"JJ"
160531,"TO"
160532,"DT"
160533,"JJ"
160534,"NN"
160535,"CC"
160536,"NN"
160537,"IN"
160538,"JJ"
160539,"NNS"
160540,"."
160541,"NNP"
160542,"VBD"
160543,"PRP"
160544,"VBZ"
160545,"TO"
160546,"VB"
160547,"DT"
160548,"NN"
160549,"JJ"
160550,"JJ"
160551,"NN"
160552,"."
160553,"O"
160554,"IN"
160555,"NN"
160556,"CC"
160557,"NN"
160558,"NNS"
160559,"VBP"
160560,"VBN"
160561,"RB"
160562,"IN"
160563,"PRP$"
160564,"JJ"
160565,"NNS"
160566,"IN"
160567,"CD"
160568,","
160569,"NN"
160570,"NNS"
160571,"VBP"
160572,"RB"
160573,"JJ"
160574,"."
160575,"CC"
160576,"PRP"
160577,"VBP"
160578,"JJ"
160579,"TO"
160580,"VB"
160581,"DT"
160582,"NN"
160583,"IN"
160584,"NNS"
160585,"TO"
160586,"VB"
160587,","
160588,"NNS"
160589,"VBP"
160590,"."
160591,"IN"
160592,"CD"
160593,"NN"
160594,","
160595,"RB"
160596,"IN"
160597,"JJ"
160598,"NNS"
160599,"VBG"
160600,"JJR"
160601,"NN"
160602,"NN"
160603,"DT"
160604,"NN"
160605,"IN"
160606,"JJ"
160607,","
160608,"JJ"
160609,"NN"
160610,"NNS"
160611,"VBP"
160612,"JJ"
160613,"TO"
160614,"VB"
160615,"NNS"
160616,"RB"
160617,"IN"
160618,"CD"
160619,","
160620,"DT"
160621,"NNS"
160622,"VBP"
160623,"."
160624,"CC"
160625,"IN"
160626,"NN"
160627,"VBZ"
160628,"RB"
160629,"VB"
160630,"RB"
160631,"RB"
160632,"JJ"
160633,"IN"
160634,"DT"
160635,"NNP"
160636,"NNP"
160637,"POS"
160638,"JJ"
160639,"NNS"
160640,","
160641,"NNS"
160642,"IN"
160643,"DT"
160644,"NN"
160645,"RB"
160646,"VBG"
160647,"VBN"
160648,"MD"
160649,"VB"
160650,"VBN"
160651,","
160652,"RB"
160653,"VBG"
160654,"NNS"
160655,"."
160656,"RB"
160657,"JJ"
160658,"NNS"
160659,"VBP"
160660,"NNS"
160661,"IN"
160662,"DT"
160663,"NNP"
160664,"NNP"
160665,"MD"
160666,"VB"
160667,"JJ"
160668,"NN"
160669,"NNS"
160670,"IN"
160671,"DT"
160672,"JJ"
160673,"JJ"
160674,"NNS"
160675,"."
160676,"IN"
160677,"JJ"
160678,"NNP"
160679,"CD"
160680,","
160681,"NNS"
160682,"IN"
160683,"NNP"
160684,"NN"
160685,"TO"
160686,"VB"
160687,"VBN"
160688,"IN"
160689,"IN"
160690,"DT"
160691,"JJ"
160692,"NN"
160693,":"
160694,"IN"
160695,"DT"
160696,"NN"
160697,"NN"
160698,"RB"
160699,"VBG"
160700,"VBN"
160701,"VBZ"
160702,"VBN"
160703,":"
160704,"VBP"
160705,"VBN"
160706,"TO"
160707,"VB"
160708,"TO"
160709,"CD"
160710,"CD"
160711,"NNS"
160712,"."
160713,"DT"
160714,"MD"
160715,"VB"
160716,"DT"
160717,"JJS"
160718,"NN"
160719,"IN"
160720,"DT"
160721,"JJ"
160722,"NNS"
160723,"."
160724,"NNS"
160725,"VBD"
160726,"CD"
160727,"CD"
160728,"NNS"
160729,"IN"
160730,"NNP"
160731,"CD"
160732,"IN"
160733,"DT"
160734,"NN"
160735,"."
160736,"IN"
160737,"NN"
160738,"TO"
160739,"JJ"
160740,"JJ"
160741,"NNS"
160742,","
160743,"NNP"
160744,"NNP"
160745,"NNP"
160746,"NNP"
160747,"JJ"
160748,"NN"
160749,"VBD"
160750,"DT"
160751,"JJ"
160752,"NN"
160753,"MD"
160754,"RB"
160755,"VB"
160756,"DT"
160757,"NN"
160758,"IN"
160759,"NNS"
160760,"NNS"
160761,"MD"
160762,"VB"
160763,"IN"
160764,"NN"
160765,"IN"
160766,"JJ"
160767,"NN"
160768,"CC"
160769,"RB"
160770,"VB"
160771,"IN"
160772,"JJ"
160773,"NN"
160774,"NNS"
160775,"."
160776,"DT"
160777,"NN"
160778,"VBZ"
160779,"IN"
160780,"DT"
160781,"JJ"
160782,"NN"
160783,"MD"
160784,"VB"
160785,"NN"
160786,"IN"
160787,"NN"
160788,"IN"
160789,"IN"
160790,"CD"
160791,"CD"
160792,"NNS"
160793,"."
160794,"PRP"
160795,"RB"
160796,"VBZ"
160797,"NN"
160798,"IN"
160799,"JJ"
160800,"NN"
160801,"IN"
160802,"RB"
160803,"IN"
160804,"CD"
160805,"CD"
160806,"NNS"
160807,","
160808,"VBN"
160809,"IN"
160810,"DT"
160811,"NN"
160812,"POS"
160813,"JJ"
160814,"CD"
160815,"CD"
160816,"CC"
160817,"DT"
160818,"JJ"
160819,"CD"
160820,"CD"
160821,"IN"
160822,"CD"
160823,"."
160824,"CC"
160825,"DT"
160826,"JJ"
160827,"NN"
160828,"IN"
160829,"NNS"
160830,"IN"
160831,"DT"
160832,"NN"
160833,"NN"
160834,"RB"
160835,"VBG"
160836,"VBN"
160837,"MD"
160838,"RB"
160839,"VB"
160840,"VBN"
160841,"IN"
160842,"DT"
160843,"JJ"
160844,"NN"
160845,"IN"
160846,"JJ"
160847,"NN"
160848,"."
160849,"IN"
160850,"RB"
160851,","
160852,"JJ"
160853,"NNS"
160854,"VBP"
160855,"JJ"
160856,"TO"
160857,"VB"
160858,"NNS"
160859,"IN"
160860,"DT"
160861,"$"
160862,"CD"
160863,"NN"
160864,","
160865,"NNS"
160866,"VBP"
160867,"."
160868,"IN"
160869,"DT"
160870,"NNP"
160871,"NNP"
160872,"IN"
160873,"NNP"
160874,"NNP"
160875,","
160876,"NN"
160877,"IN"
160878,"NNP"
160879,"NN"
160880,"VBD"
160881,"IN"
160882,"$"
160883,"CD"
160884,"DT"
160885,"NN"
160886,","
160887,"JJ"
160888,"."
160889,"IN"
160890,"NN"
160891,"IN"
160892,"JJS"
160893,","
160894,"JJ"
160895,"NNS"
160896,"IN"
160897,"NN"
160898,"MD"
160899,"VB"
160900,"DT"
160901,"NN"
160902,"NNS"
160903,"VBP"
160904,"JJ"
160905,"TO"
160906,"DT"
160907,"CC"
160908,"NN"
160909,","
160910,"VBD"
160911,"NNP"
160912,"NNP"
160913,","
160914,"DT"
160915,"NNS"
160916,"NN"
160917,"IN"
160918,"NNP"
160919,"NNP"
160920,"IN"
160921,"NNP"
160922,"."
160923,"PDT"
160924,"DT"
160925,"NN"
160926,"MD"
160927,"VB"
160928,"NN"
160929,","
160930,"RB"
160931,"VBD"
160932,"VBN"
160933,"IN"
160934,"DT"
160935,"NN"
160936,"IN"
160937,"JJ"
160938,"IN"
160939,"NN"
160940,"NNS"
160941,"VBG"
160942,"DT"
160943,"NN"
160944,"IN"
160945,"DT"
160946,"NNP"
160947,"NNP"
160948,"IN"
160949,"NNP"
160950,"."
160951,"IN"
160952,"NNP"
160953,","
160954,"DT"
160955,"NN"
160956,"VBD"
160957,"NNP"
160958,"NNP"
160959,"NNP"
160960,"."
160961,"NN"
160962,"TO"
160963,"VB"
160964,"NNS"
160965,"NNS"
160966,"JJ"
160967,"TO"
160968,"IN"
160969,"CD"
160970,"CD"
160971,"NNS"
160972,"IN"
160973,"NNS"
160974,"."
160975,"DT"
160976,"NN"
160977,"VBD"
160978,"PRP"
160979,"VBD"
160980,"IN"
160981,"DT"
160982,"NNS"
160983,"MD"
160984,"RB"
160985,"VB"
160986,"JJ"
160987,"TO"
160988,"VB"
160989,"JJ"
160990,"NNS"
160991,"TO"
160992,"VB"
160993,"CC"
160994,"MD"
160995,"VB"
160996,"TO"
160997,"VB"
160998,"IN"
160999,"PRP$"
161000,"JJ"
161001,"NN"
161002,"TO"
161003,"DT"
161004,"JJ"
161005,"NN"
161006,","
161007,"WDT"
161008,"VBD"
161009,"VBN"
161010,"NNS"
161011,"TO"
161012,"VB"
161013,"PRP$"
161014,"NNS"
161015,"."
161016,"NNP"
161017,"VBZ"
161018,"VBN"
161019,"PRP"
161020,"VBD"
161021,"VBG"
161022,"TO"
161023,"VB"
161024,"DT"
161025,"NN"
161026,"NNS"
161027,"NN"
161028,"."
161029,"RB"
161030,"JJ"
161031,","
161032,"JJ"
161033,"NN"
161034,"IN"
161035,"JJ"
161036,"NNS"
161037,"IN"
161038,"DT"
161039,"NNP"
161040,"NNP"
161041,"CC"
161042,"IN"
161043,"JJ"
161044,"NNS"
161045,"IN"
161046,"NNP"
161047,"NNP"
161048,"NNP"
161049,"VBZ"
161050,"VBG"
161051,"TO"
161052,"VB"
161053,"DT"
161054,"NN"
161055,"IN"
161056,"DT"
161057,"NN"
161058,"POS"
161059,"NN"
161060,"NN"
161061,"NN"
161062,","
161063,"VBD"
161064,"NNP"
161065,"NNP"
161066,","
161067,"DT"
161068,"NNS"
161069,"NN"
161070,"CC"
161071,"NN"
161072,"IN"
161073,"NNP"
161074,"NNP"
161075,"IN"
161076,"NNP"
161077,"."
161078,"IN"
161079,"NN"
161080,","
161081,"IN"
161082,"DT"
161083,"NNP"
161084,"NNP"
161085,","
161086,"CD"
161087,"NN"
161088,"CC"
161089,"JJR"
161090,"IN"
161091,"DT"
161092,"NN"
161093,"VBZ"
161094,"JJ"
161095,"IN"
161096,"NN"
161097,"."
161098,"DT"
161099,"NN"
161100,"VBZ"
161101,"TO"
161102,"IN"
161103,"CD"
161104,"NN"
161105,"IN"
161106,"JJ"
161107,"NNS"
161108,"IN"
161109,"NNP"
161110,","
161111,"PRP"
161112,"VBD"
161113,"."
161114,"DT"
161115,"NNP"
161116,"NNP"
161117,"VBZ"
161118,"RB"
161119,"VBN"
161120,"DT"
161121,"JJ"
161122,"NN"
161123,"IN"
161124,"PRP$"
161125,"NN"
161126,"NN"
161127,"NNS"
161128,","
161129,"CC"
161130,"JJ"
161131,"NNS"
161132,"VBP"
161133,"NNP"
161134,"TO"
161135,"VB"
161136,"JJ"
161137,"NNS"
161138,"IN"
161139,"JJ"
161140,"NN"
161141,"IN"
161142,"DT"
161143,"JJ"
161144,"JJ"
161145,"NNS"
161146,","
161147,"RB"
161148,"JJ"
161149,"NNS"
161150,"."
161151,"``"
161152,"NN"
161153,"NNS"
161154,"MD"
161155,"RB"
161156,"VB"
161157,"RP"
161158,"IN"
161159,"JJ"
161160,"NN"
161161,"''"
161162,"IN"
161163,"JJ"
161164,"NNS"
161165,","
161166,"VBD"
161167,"NNP"
161168,"NNP"
161169,","
161170,"NN"
161171,"NN"
161172,","
161173,"NN"
161174,","
161175,"IN"
161176,"NNP"
161177,"NNP"
161178,"IN"
161179,"NNP"
161180,"."
161181,"VBG"
161182,"RB"
161183,"TO"
161184,"JJ"
161185,"NN"
161186,"NNS"
161187,"DT"
161188,"NN"
161189,":"
161190,"NNP"
161191,"NNP"
161192,"NNS"
161193,"MD"
161194,"VB"
161195,"VBG"
161196,"TO"
161197,"VB"
161198,"WRB"
161199,"JJ"
161200,"CC"
161201,"WRB"
161202,"RB"
161203,"DT"
161204,"NN"
161205,"NN"
161206,"WDT"
161207,"VBD"
161208,"NNP"
161209,"MD"
161210,"VB"
161211,"."
161212,"NNP"
161213,"NNP"
161214,","
161215,"IN"
161216,"DT"
161217,"NN"
161218,"IN"
161219,"NN"
161220,","
161221,"DT"
161222,"NN"
161223,"VBD"
161224,"WP"
161225,"MD"
161226,"RB"
161227,"VB"
161228,"VBN"
161229,"DT"
161230,"JJ"
161231,"NNP"
161232,"NNP"
161233,"IN"
161234,"NNP"
161235,"NN"
161236,"IN"
161237,"DT"
161238,"CD"
161239,"NNP"
161240,"NNP"
161241,"NN"
161242,"."
161243,"PRP"
161244,"VBD"
161245,"IN"
161246,"DT"
161247,"JJ"
161248,"NN"
161249,"IN"
161250,"NNS"
161251,","
161252,"IN"
161253,"CD"
161254,"CD"
161255,"JJ"
161256,"NNS"
161257,","
161258,"VBN"
161259,"IN"
161260,"CD"
161261,"CD"
161262,"NNS"
161263,"JJ"
161264,"NN"
161265,"."
161266,"RB"
161267,","
161268,"IN"
161269,"JJ"
161270,","
161271,"NNP"
161272,"VBD"
161273,"IN"
161274,"DT"
161275,"NN"
161276,"NN"
161277,"TO"
161278,"VB"
161279,"RP"
161280,"CC"
161281,"RB"
161282,"VB"
161283,"DT"
161284,"NN"
161285,"NN"
161286,"IN"
161287,"PRP$"
161288,"NN"
161289,"NN"
161290,"TO"
161291,"IN"
161292,"$"
161293,"CD"
161294,"DT"
161295,"NN"
161296,"IN"
161297,"IN"
161298,"$"
161299,"CD"
161300,"."
161301,"NNP"
161302,"POS"
161303,"JJ"
161304,"NN"
161305,"IN"
161306,"NNS"
161307,"NNS"
161308,"JJ"
161309,"WDT"
161310,"JJ"
161311,"NN"
161312,"DT"
161313,"NNP"
161314,"NN"
161315,"MD"
161316,"VB"
161317,"VBN"
161318,"CC"
161319,"VBN"
161320,"DT"
161321,"NNP"
161322,"NNP"
161323,"NN"
161324,"NN"
161325,"RB"
161326,"IN"
161327,"JJ"
161328,"IN"
161329,"NNP"
161330,"NNS"
161331,"DT"
161332,"NN"
161333,"IN"
161334,"CD"
161335,"NN"
161336,"."
161337,"PRP"
161338,"VBD"
161339,"IN"
161340,"DT"
161341,"NN"
161342,"IN"
161343,"CD"
161344,"NNS"
161345,"IN"
161346,"$"
161347,"CD"
161348,"DT"
161349,"NN"
161350,"."
161351,"JJ"
161352,"NN"
161353,","
161354,"IN"
161355,"DT"
161356,"NN"
161357,"VBN"
161358,"IN"
161359,"NN"
161360,"IN"
161361,"DT"
161362,"NN"
161363,"IN"
161364,"PRP$"
161365,"NN"
161366,"NN"
161367,","
161368,"VBZ"
161369,"VBG"
161370,"TO"
161371,"VB"
161372,"IN"
161373,"DT"
161374,"NNP"
161375,"IN"
161376,"JJ"
161377,"NNS"
161378,"."
161379,"NNP"
161380,"VBZ"
161381,"TO"
161382,"VB"
161383,"NN"
161384,"IN"
161385,"PRP$"
161386,"NN"
161387,","
161388,"WDT"
161389,"VBZ"
161390,"VBG"
161391,"TO"
161392,"VB"
161393,"IN"
161394,"JJ"
161395,"NN"
161396,"."
161397,"DT"
161398,"NN"
161399,"NN"
161400,","
161401,"NN"
161402,"NN"
161403,"VBD"
161404,","
161405,"VBD"
161406,"TO"
161407,"VB"
161408,"VBN"
161409,"RB"
161410,"JJR"
161411,"IN"
161412,"NNP"
161413,","
161414,"WRB"
161415,"NN"
161416,"IN"
161417,"JJ"
161418,"NN"
161419,"VBZ"
161420,"VBN"
161421,"."
161422,"PRP"
161423,"VBZ"
161424,"DT"
161425,"JJ"
161426,"NN"
161427,","
161428,"CC"
161429,"DT"
161430,"JJ"
161431,"NN"
161432,"VBZ"
161433,"VBN"
161434,"PRP"
161435,"RBR"
161436,"JJ"
161437,"IN"
161438,"NNP"
161439,","
161440,"DT"
161441,"NN"
161442,"VBD"
161443,"."
161444,"NNP"
161445,"NNP"
161446,"NNS"
161447,"NNS"
161448,"VBP"
161449,"VBN"
161450,"RB"
161451,"IN"
161452,"JJR"
161453,"IN"
161454,"$"
161455,"CD"
161456,"DT"
161457,"NN"
161458,"IN"
161459,"NN"
161460,"."
161461,"VBG"
161462,"DT"
161463,"JJ"
161464,"NN"
161465,"CC"
161466,"JJ"
161467,"NN"
161468,"NNS"
161469,"IN"
161470,"DT"
161471,"JJ"
161472,"NNS"
161473,","
161474,"JJ"
161475,"NN"
161476,"IN"
161477,"NNS"
161478,"VBZ"
161479,"JJ"
161480,"TO"
161481,"VB"
161482,"IN"
161483,"NNP"
161484,","
161485,"WRB"
161486,"VBG"
161487,"CC"
161488,"VBG"
161489,"IN"
161490,"NNS"
161491,"IN"
161492,"NNP"
161493,"VB"
161494,"PRP$"
161495,"NN"
161496,","
161497,"DT"
161498,"NN"
161499,"VBD"
161500,"."
161501,"NNP"
161502,"IN"
161503,"DT"
161504,"NNS"
161505,"VBP"
161506,"IN"
161507,"NN"
161508,"IN"
161509,"DT"
161510,"NN"
161511,"IN"
161512,"NNP"
161513,"POS"
161514,"NN"
161515,"IN"
161516,"JJ"
161517,"NN"
161518,"NNS"
161519,","
161520,"JJ"
161521,"NN"
161522,"POS"
161523,"NN"
161524,"VBZ"
161525,"RB"
161526,"VBN"
161527,"TO"
161528,"VB"
161529,"DT"
161530,"NN"
161531,"."
161532,"``"
161533,"PRP"
161534,"MD"
161535,"VB"
161536,"TO"
161537,"VB"
161538,"IN"
161539,"DT"
161540,"JJ"
161541,"NN"
161542,"NN"
161543,","
161544,"IN"
161545,"JJS"
161546,"IN"
161547,"NNS"
161548,"''"
161549,"NN"
161550,","
161551,"VBD"
161552,"NNP"
161553,"NNP"
161554,","
161555,"DT"
161556,"NN"
161557,"NNS"
161558,"NN"
161559,"IN"
161560,"NNP"
161561,"CC"
161562,"NNP"
161563,"."
161564,"NNP"
161565,"VBD"
161566,"DT"
161567,"NN"
161568,"IN"
161569,"RB"
161570,"VBG"
161571,"JJ"
161572,"NN"
161573,"NNS"
161574,"IN"
161575,"DT"
161576,"NNS"
161577,"CC"
161578,"NN"
161579,"NNS"
161580,"."
161581,"IN"
161582,"DT"
161583,"NNP"
161584,"NNP"
161585,"NNP"
161586,"NNP"
161587,","
161588,"NNP"
161589,"NNP"
161590,"NNP"
161591,"NN"
161592,"IN"
161593,"NNP"
161594,"NN"
161595,"VBD"
161596,"IN"
161597,"$"
161598,"CD"
161599,"DT"
161600,"NN"
161601,","
161602,"RB"
161603,"CD"
161604,"NNS"
161605,"IN"
161606,"DT"
161607,"NN"
161608,"."
161609,"IN"
161610,"JJ"
161611,"NNS"
161612,","
161613,"RB"
161614,","
161615,"NN"
161616,"NNS"
161617,"IN"
161618,"NNP"
161619,"NNP"
161620,"NNS"
161621,"VBD"
161622,"RB"
161623,"CD"
161624,"TO"
161625,"CD"
161626,"NNS"
161627,"DT"
161628,"NN"
161629,"."
161630,"``"
161631,"DT"
161632,"NN"
161633,"RB"
161634,"VBZ"
161635,"TO"
161636,"VB"
161637,"JJR"
161638,","
161639,"''"
161640,"VBD"
161641,"NNP"
161642,"NNP"
161643,","
161644,"DT"
161645,"JJ"
161646,"NN"
161647,"NN"
161648,"IN"
161649,"NNP"
161650,"NNP"
161651,"NNP"
161652,"NNP"
161653,"."
161654,"PRP"
161655,"VBD"
161656,"IN"
161657,"DT"
161658,"NNP"
161659,"NN"
161660,"MD"
161661,"VB"
161662,"$"
161663,"CD"
161664,"DT"
161665,"NN"
161666,"CC"
161667,"JJR"
161668,"IN"
161669,"DT"
161670,"NNP"
161671,"NNP"
161672,"NNP"
161673,"NNP"
161674,"."
161675,"EX"
161676,"VBZ"
161677,"VBN"
161678,"JJ"
161679,"NN"
161680,"TO"
161681,"VB"
161682,"IN"
161683,"JJ"
161684,"NN"
161685,"IN"
161686,"DT"
161687,"NN"
161688,"NNS"
161689,"."
161690,"NNS"
161691,"RB"
161692,"VBP"
161693,"DT"
161694,"NN"
161695,"IN"
161696,"JJ"
161697,"NNS"
161698,"IN"
161699,"NN"
161700,"IN"
161701,"NNS"
161702,"IN"
161703,"DT"
161704,"JJ"
161705,"NN"
161706,"IN"
161707,"NNS"
161708,"IN"
161709,"DT"
161710,"NNS"
161711,"CC"
161712,"NNS"
161713,"."
161714,"EX"
161715,"RB"
161716,"VBP"
161717,"VBG"
161718,"NNS"
161719,"IN"
161720,"DT"
161721,"NNP"
161722,"NNP"
161723,"VBZ"
161724,"VBG"
161725,"NNS"
161726,"IN"
161727,"PRP$"
161728,"NN"
161729,"NNS"
161730,"CC"
161731,"DT"
161732,"NN"
161733,"VBZ"
161734,"RB"
161735,"VBN"
161736,"PRP$"
161737,"NN"
161738,"NN"
161739,"CC"
161740,"MD"
161741,"RB"
161742,"VB"
161743,"RB"
161744,"RB"
161745,"IN"
161746,"PRP"
161747,"MD"
161748,"VB"
161749,"."
161750,"JJ"
161751,"NNS"
161752,"VBP"
161753,"DT"
161754,"NN"
161755,"IN"
161756,"JJ"
161757,"NNS"
161758,","
161759,"RB"
161760,"IN"
161761,"JJ"
161762,"NNS"
161763,"JJ"
161764,"IN"
161765,"DT"
161766,"VBN"
161767,"IN"
161768,"DT"
161769,"NNP"
161770,"NNP"
161771,"CC"
161772,"IN"
161773,"NNP"
161774,"."
161775,"O"
161776,"IN"
161777,"DT"
161778,"JJ"
161779,"NN"
161780,"VBZ"
161781,"IN"
161782,"NNP"
161783,"CC"
161784,"NNP"
161785,"NNP"
161786,","
161787,"NNP"
161788,"NNP"
161789,"CC"
161790,"NNP"
161791,"NNP"
161792,"MD"
161793,"VB"
161794,"DT"
161795,"NN"
161796,"NN"
161797,"NN"
161798,","
161799,"DT"
161800,"JJ"
161801,"NN"
161802,"TO"
161803,"DT"
161804,"NN"
161805,"VBD"
161806,"."
161807,"NN"
161808,"IN"
161809,"DT"
161810,"NN"
161811,"NN"
161812,"MD"
161813,"VB"
161814,"JJ"
161815,"IN"
161816,"DT"
161817,"NN"
161818,"IN"
161819,"NNP"
161820,"POS"
161821,"JJ"
161822,"NN"
161823,"IN"
161824,"NNP"
161825,"NNP"
161826,"CC"
161827,"NN"
161828,"IN"
161829,"DT"
161830,"JJ"
161831,"NN"
161832,"."
161833,"CC"
161834,"DT"
161835,"JJ"
161836,"JJ"
161837,"NN"
161838,"CC"
161839,"NN"
161840,"NN"
161841,","
161842,"WDT"
161843,"JJ"
161844,"NN"
161845,"VBD"
161846,"DT"
161847,"JJ"
161848,"NN"
161849,"NN"
161850,"NN"
161851,"TO"
161852,"VB"
161853,"NNP"
161854,"NNP"
161855,","
161856,"VBZ"
161857,"VBN"
161858,"DT"
161859,"NN"
161860,"IN"
161861,"JJ"
161862,"NN"
161863,"NN"
161864,"IN"
161865,"NNS"
161866,"."
161867,"JJ"
161868,"NN"
161869,","
161870,"NNP"
161871,"POS"
161872,"JJS"
161873,"NN"
161874,","
161875,"NNP"
161876,"NNP"
161877,"NNP"
161878,","
161879,"VBD"
161880,"PRP"
161881,"VBD"
161882,"VBN"
161883,"VBN"
161884,"IN"
161885,"CD"
161886,"CC"
161887,"JJR"
161888,"JJ"
161889,"NNS"
161890,"VBN"
161891,"IN"
161892,"DT"
161893,"JJ"
161894,"NN"
161895,"."
161896,"CC"
161897,"NNP"
161898,"NNP"
161899,","
161900,"JJ"
161901,"NN"
161902,"NN"
161903,"IN"
161904,"NNP"
161905,"POS"
161906,"JJ"
161907,"NNP"
161908,"NNP"
161909,"NNP"
161910,"NN"
161911,"NN"
161912,","
161913,"VBD"
161914,"PRP"
161915,"VBD"
161916,"VBN"
161917,"TO"
161918,"VB"
161919,"DT"
161920,"NN"
161921,"NN"
161922,"IN"
161923,"DT"
161924,"NN"
161925,","
161926,"CC"
161927,"VBD"
161928,"VBN"
161929,"IN"
161930,"NNP"
161931,"NNP"
161932,"."
161933,"NNP"
161934,"NNP"
161935,"VBD"
161936,"PRP"
161937,"MD"
161938,"RB"
161939,"VB"
161940,"DT"
161941,"JJ"
161942,"NN"
161943,"."
161944,"DT"
161945,"JJ"
161946,"NN"
161947,"TO"
161948,"NNP"
161949,"CC"
161950,"NNP"
161951,"VBD"
161952,"IN"
161953,"``"
161954,"IN"
161955,"DT"
161956,"NN"
161957,"VBD"
161958,"RB"
161959,"IN"
161960,"DT"
161961,"RB"
161962,"JJ"
161963,"NN"
161964,","
161965,"DT"
161966,"JJ"
161967,"NN"
161968,"WDT"
161969,"NNP"
161970,"VBD"
161971,"PRP"
161972,"MD"
161973,"RB"
161974,"VB"
161975,","
161976,"PRP"
161977,"MD"
161978,"VB"
161979,"DT"
161980,"NN"
161981,"CC"
161982,"TO"
161983,"VB"
161984,"PRP"
161985,"TO"
161986,"NNS"
161987,"."
161988,"CC"
161989,"("
161990,"RB"
161991,")"
161992,"PRP"
161993,"MD"
161994,"RB"
161995,"VB"
161996,"RB"
161997,"''"
161998,"IN"
161999,"DT"
162000,"NN"
162001,"IN"
162002,"NN"
162003,"."
162004,"DT"
162005,"NN"
162006,"VBD"
162007,"DT"
162008,"NN"
162009,"MD"
162010,"VB"
162011,"VBN"
162012,"IN"
162013,"DT"
162014,"JJ"
162015,"NN"
162016,","
162017,"WP$"
162018,"NN"
162019,"VBZ"
162020,"NNP"
162021,"NNP"
162022,"CC"
162023,"WP$"
162024,"JJ"
162025,"VBG"
162026,"NN"
162027,"VBZ"
162028,"VBN"
162029,"TO"
162030,"VB"
162031,"NNP"
162032,"NNP"
162033,"."
162034,"NNP"
162035,"NNP"
162036,"VBZ"
162037,"RB"
162038,"NN"
162039,"IN"
162040,"DT"
162041,"NN"
162042,","
162043,"CC"
162044,"VBP"
162045,"DT"
162046,"IN"
162047,"DT"
162048,"JJ"
162049,"NNS"
162050,"IN"
162051,"NNP"
162052,"POS"
162053,"JJ"
162054,"JJ"
162055,"NN"
162056,"NNS"
162057,"."
162058,"DT"
162059,"NN"
162060,"VBD"
162061,"RB"
162062,"VB"
162063,"DT"
162064,"NN"
162065,","
162066,"CC"
162067,"NNS"
162068,"NNS"
162069,"VBP"
162070,"VBD"
162071,"NNP"
162072,"MD"
162073,"VB"
162074,"JJ"
162075,"IN"
162076,"$"
162077,"CD"
162078,"CD"
162079,"."
162080,"DT"
162081,"NN"
162082,"VBD"
162083,"NN"
162084,"IN"
162085,"NNP"
162086,"VBD"
162087,"NN"
162088,"IN"
162089,"DT"
162090,"JJ"
162091,"NN"
162092,"NN"
162093,"NN"
162094,"RB"
162095,"TO"
162096,"VB"
162097,"RP"
162098,"DT"
162099,"NN"
162100,"RB"
162101,"RB"
162102,"IN"
162103,"DT"
162104,"NNS"
162105,"MD"
162106,"VB"
162107,"DT"
162108,"NN"
162109,"."
162110,"DT"
162111,"NN"
162112,"VBD"
162113,"NNP"
162114,"IN"
162115,"NN"
162116,"NNS"
162117,"VBD"
162118,"DT"
162119,"NN"
162120,"IN"
162121,"DT"
162122,"JJ"
162123,"NN"
162124,"NN"
162125,","
162126,"NNP"
162127,"NNP"
162128,","
162129,"WP"
162130,"VBZ"
162131,"NNP"
162132,"NNP"
162133,"VBZ"
162134,"DT"
162135,"NN"
162136,"IN"
162137,"PRP$"
162138,"NN"
162139,"IN"
162140,"NNP"
162141,"CD"
162142,"."
162143,"NNP"
162144,"NNP"
162145,","
162146,"RB"
162147,"JJ"
162148,"NN"
162149,"IN"
162150,"DT"
162151,"JJ"
162152,"NN"
162153,"NN"
162154,"NNP"
162155,"NNP"
162156,"NNP"
162157,","
162158,"VBZ"
162159,"DT"
162160,"NN"
162161,"IN"
162162,"DT"
162163,"JJ"
162164,"JJ"
162165,"NN"
162166,","
162167,"CC"
162168,"MD"
162169,"VB"
162170,"VBN"
162171,"RB"
162172,"IN"
162173,"VBG"
162174,"NNP"
162175,"POS"
162176,"JJ"
162177,"JJ"
162178,"NN"
162179,"."
162180,"VBN"
162181,"IN"
162182,"DT"
162183,"NN"
162184,"IN"
162185,"NNP"
162186,"NNP"
162187,"VBZ"
162188,"VBN"
162189,"VBN"
162190,"TO"
162191,"VB"
162192,"DT"
162193,"NN"
162194,"IN"
162195,"DT"
162196,"NN"
162197,"IN"
162198,"DT"
162199,"NNS"
162200,","
162201,"DT"
162202,"NN"
162203,"VBD"
162204,","
162205,"``"
162206,"DT"
162207,"VBZ"
162208,"RB"
162209,"DT"
162210,"NN"
162211,"NNP"
162212,"VBZ"
162213,"VBN"
162214,"VBN"
162215,"IN"
162216,"."
162217,"PRP"
162218,"VBD"
162219,"VBN"
162220,"IN"
162221,"TO"
162222,"VB"
162223,"IN"
162224,"DT"
162225,"NN"
162226,"."
162227,"''"
162228,"RB"
162229,","
162230,"JJ"
162231,"NNP"
162232,"NN"
162233,"NNS"
162234,"VBD"
162235,"PRP"
162236,"VBP"
162237,"DT"
162238,"NN"
162239,"POS"
162240,"NN"
162241,"NN"
162242,"MD"
162243,"VB"
162244,"RB"
162245,"VB"
162246,"IN"
162247,"PRP"
162248,"."
162249,"``"
162250,"PRP"
162251,"VBZ"
162252,"RB"
162253,"VBN"
162254,"DT"
162255,"NN"
162256,"IN"
162257,"PRP"
162258,","
162259,"CC"
162260,"VBP"
162261,"PRP"
162262,"VBP"
162263,"PRP"
162264,"TO"
162265,","
162266,"''"
162267,"VBD"
162268,"DT"
162269,"NN"
162270,"IN"
162271,"NNP"
162272,"NNP"
162273,"NNP"
162274,","
162275,"DT"
162276,"JJ"
162277,"NN"
162278,"IN"
162279,"NNP"
162280,"NNP"
162281,"."
162282,"NNP"
162283,"NNP"
162284,","
162285,"NN"
162286,"IN"
162287,"NN"
162288,"IN"
162289,"NNP"
162290,"NNP"
162291,","
162292,"DT"
162293,"NNP"
162294,"CC"
162295,"NNP"
162296,"NNP"
162297,"NN"
162298,","
162299,"VBD"
162300,":"
162301,"``"
162302,"PRP"
162303,"VBP"
162304,"DT"
162305,"NN"
162306,"IN"
162307,"DT"
162308,"NN"
162309,","
162310,"IN"
162311,"PRP"
162312,"VBP"
162313,"RB"
162314,"VB"
162315,"WP"
162316,"VB"
162317,"PRP"
162318,"POS"
162319,"VBG"
162320,"TO"
162321,"VB"
162322,"RB"
162323,"."
162324,"PRP"
162325,"VBP"
162326,"RB"
162327,"VBG"
162328,"TO"
162329,"VB"
162330,"NNS"
162331,"IN"
162332,"IN"
162333,"DT"
162334,"NN"
162335,"IN"
162336,"NNP"
162337,"."
162338,"''"
162339,"NNS"
162340,"IN"
162341,"NNP"
162342,"NNP"
162343,"NN"
162344,"NNP"
162345,"NNP"
162346,","
162347,"RB"
162348,"RB"
162349,"RB"
162350,"IN"
162351,"NNP"
162352,"NN"
162353,"VBZ"
162354,"NNP"
162355,"NNP"
162356,","
162357,"RB"
162358,"VBD"
162359,"PRP"
162360,"VBD"
162361,"DT"
162362,"NN"
162363,"."
162364,"NNS"
162365,"IN"
162366,"NNP"
162367,"NNP"
162368,"NNP"
162369,","
162370,"DT"
162371,"NNP"
162372,"NNP"
162373,"NN"
162374,"WDT"
162375,"VBZ"
162376,"VBG"
162377,"PRP$"
162378,"NN"
162379,","
162380,"VBD"
162381,"NN"
162382,"."
162383,"NNP"
162384,"NNP"
162385,"VBD"
162386,"VBN"
162387,"IN"
162388,"NNP"
162389,"VBD"
162390,"VBN"
162391,"TO"
162392,"VB"
162393,"RB"
162394,"DT"
162395,"NN"
162396,"NN"
162397,"CC"
162398,"NN"
162399,","
162400,"CC"
162401,"DT"
162402,"NN"
162403,"IN"
162404,"NNP"
162405,"NNP"
162406,"RB"
162407,","
162408,"VBD"
162409,"IN"
162410,"PRP"
162411,"."
162412,"NNP"
162413,"NNPS"
162414,":"
162415,"."
162416,"NNP"
162417,"NNP"
162418,":"
162419,"NNP"
162420,"POS"
162421,"NNP"
162422,"NNP"
162423,"NNP"
162424,"VBD"
162425,"PRP$"
162426,"$"
162427,"CD"
162428,"CD"
162429,"TO"
162430,"$"
162431,"CD"
162432,"CD"
162433,"NN"
162434,"TO"
162435,"DT"
162436,"NNP"
162437,"NNP"
162438,"NN"
162439,"IN"
162440,"NNP"
162441,"NNP"
162442,"POS"
162443,"JJ"
162444,"NN"
162445,"."
162446,"DT"
162447,"NN"
162448,"VBD"
162449,"RB"
162450,"VBN"
162451,"IN"
162452,"NNP"
162453,","
162454,"NNP"
162455,"CC"
162456,"NNP"
162457,"NNP"
162458,"NNP"
162459,","
162460,"DT"
162461,"NNP"
162462,"NNP"
162463,"NN"
162464,"."
162465,"NNP"
162466,"NNP"
162467,":"
162468,"NNP"
162469,"NNP"
162470,"NNP"
162471,"NNP"
162472,"VBZ"
162473,"VBN"
162474,"PRP$"
162475,"NN"
162476,"IN"
162477,"DT"
162478,"NNP"
162479,"NN"
162480,"IN"
162481,"NNP"
162482,","
162483,"NNP"
162484,","
162485,"NNP"
162486,","
162487,"NNP"
162488,"."
162489,"DT"
162490,"NN"
162491,"VBD"
162492,"VBN"
162493,"IN"
162494,"$"
162495,"CD"
162496,"CD"
162497,"IN"
162498,"CD"
162499,","
162500,"VBG"
162501,"TO"
162502,"JJ"
162503,"NNP"
162504,"NNS"
162505,"."
162506,"NNP"
162507,"NNP"
162508,":"
162509,"IN"
162510,"VBN"
162511,","
162512,"NNP"
162513,"CC"
162514,"NNP"
162515,"NNP"
162516,"IN"
162517,"IN"
162518,"CD"
162519,"JJ"
162520,"NNS"
162521,"CC"
162522,"DT"
162523,"JJ"
162524,"NN"
162525,","
162526,"VBD"
162527,"RB"
162528,"JJ"
162529,"IN"
162530,"JJ"
162531,"NN"
162532,"IN"
162533,"NNP"
162534,"NNP"
162535,","
162536,"NNP"
162537,","
162538,"TO"
162539,"NN"
162540,"CC"
162541,"NN"
162542,"NNS"
162543,"."
162544,"DT"
162545,"NN"
162546,"VBZ"
162547,"VBN"
162548,"IN"
162549,"PRP"
162550,"VBD"
162551,"JJ"
162552,"NNS"
162553,"TO"
162554,"VB"
162555,"DT"
162556,"NNP"
162557,"NNP"
162558,"NNP"
162559,"NN"
162560,"NN"
162561,"IN"
162562,"CD"
162563,"."
162564,"DT"
162565,"NN"
162566,"IN"
162567,"DT"
162568,"NNP"
162569,"NNP"
162570,"POS"
162571,"NN"
162572,"VBD"
162573,"JJ"
162574,"NNS"
162575,"VBP"
162576,"``"
162577,"RB"
162578,"NN"
162579,"''"
162580,"IN"
162581,"DT"
162582,"JJ"
162583,"CD"
162584,"NNS"
162585,"IN"
162586,"DT"
162587,"NN"
162588,","
162589,"NNP"
162590,"NNP"
162591,"NNP"
162592,","
162593,"JJ"
162594,"JJ"
162595,"NN"
162596,"NN"
162597,","
162598,"CC"
162599,"JJ"
162600,"NN"
162601,"NNP"
162602,"NNP"
162603,"NNP"
162604,"."
162605,"NNP"
162606,"NNP"
162607,":"
162608,"NNP"
162609,"NNP"
162610,"NNP"
162611,"CC"
162612,"NNP"
162613,"NNP"
162614,"VBD"
162615,"TO"
162616,"VB"
162617,"DT"
162618,"JJ"
162619,"NN"
162620,"NN"
162621,"NN"
162622,"IN"
162623,"NNP"
162624,"NNP"
162625,"."
162626,"NNP"
162627,"NNP"
162628,"NNP"
162629,","
162630,"IN"
162631,"DT"
162632,"JJ"
162633,"NN"
162634,"MD"
162635,"VB"
162636,"VBN"
162637,","
162638,"MD"
162639,"VB"
162640,"VBN"
162641,"IN"
162642,"NNP"
162643,"NNP"
162644,"VBZ"
162645,"CD"
162646,"NN"
162647,"VBN"
162648,"IN"
162649,"NNP"
162650,"CC"
162651,"CD"
162652,"NN"
162653,"VBN"
162654,"IN"
162655,"NNP"
162656,"."
162657,"NNP"
162658,"RB"
162659,"VBZ"
162660,"NNP"
162661,"NNP"
162662,"NNP"
162663,"NNP"
162664,","
162665,"DT"
162666,"NN"
162667,"POS"
162668,"JJS"
162669,"NN"
162670,"."
162671,"NNP"
162672,"VBZ"
162673,"NNP"
162674,"NNP"
162675,"NNP"
162676,"CC"
162677,"NNP"
162678,"NNP"
162679,"IN"
162680,"NNP"
162681,"NNS"
162682,"IN"
162683,"NNS"
162684,"IN"
162685,"JJ"
162686,"NNS"
162687,"."
162688,"O"
162689,"VBG"
162690,"DT"
162691,"NN"
162692,"IN"
162693,"DT"
162694,"NN"
162695,"CC"
162696,"JJ"
162697,"NNS"
162698,"IN"
162699,"JJ"
162700,"NN"
162701,"NNS"
162702,","
162703,"NNP"
162704,"NNP"
162705,"VBD"
162706,"NN"
162707,"CC"
162708,"NN"
162709,"VBD"
162710,"IN"
162711,"PRP$"
162712,"JJ"
162713,"NN"
162714,"VBD"
162715,"NNP"
162716,"CD"
162717,"."
162718,"DT"
162719,"NN"
162720,"IN"
162721,"JJ"
162722,"NNS"
162723,"VBD"
162724,"JJ"
162725,"NN"
162726,"VBD"
162727,"TO"
162728,"$"
162729,"CD"
162730,"CD"
162731,","
162732,"CC"
162733,"CD"
162734,"NNS"
162735,"DT"
162736,"NN"
162737,","
162738,"IN"
162739,"JJ"
162740,"NN"
162741,"IN"
162742,"$"
162743,"CD"
162744,"CD"
162745,","
162746,"CC"
162747,"CD"
162748,"NNS"
162749,"DT"
162750,"NN"
162751,"."
162752,"NNP"
162753,"VBD"
162754,"TO"
162755,"$"
162756,"CD"
162757,"CD"
162758,"IN"
162759,"$"
162760,"CD"
162761,"CD"
162762,"."
162763,"NNP"
162764,"VBD"
162765,"PRP$"
162766,"NNS"
162767,"VBD"
162768,"VBN"
162769,"IN"
162770,"$"
162771,"CD"
162772,"CD"
162773,"IN"
162774,"NNS"
162775,"VBN"
162776,"IN"
162777,"DT"
162778,"NN"
162779,","
162780,"IN"
162781,"DT"
162782,"JJ"
162783,"NN"
162784,"IN"
162785,"NNS"
162786,"IN"
162787,"NN"
162788,"VBZ"
162789,"RB"
162790,"VBG"
162791,"TO"
162792,"VB"
162793,"RB"
162794,"."
162795,"NNP"
162796,"VBD"
162797,"NNS"
162798,"IN"
162799,"VBG"
162800,"DT"
162801,"NN"
162802,"MD"
162803,"VB"
162804,"DT"
162805,"JJ"
162806,"NN"
162807,"IN"
162808,"JJ"
162809,"NNS"
162810,"CC"
162811,"NN"
162812,"."
162813,"DT"
162814,"NN"
162815,"MD"
162816,"RB"
162817,"VB"
162818,","
162819,"CC"
162820,"DT"
162821,"NN"
162822,"VBD"
162823,"DT"
162824,"JJ"
162825,"NN"
162826,"VBZ"
162827,"RB"
162828,"VBN"
162829,"DT"
162830,"JJ"
162831,"NN"
162832,"IN"
162833,"NN"
162834,"CC"
162835,"NN"
162836,"."
162837,"RB"
162838,","
162839,"NNP"
162840,"VBD"
162841,"IN"
162842,"JJ"
162843,"NNS"
162844,"IN"
162845,"NNS"
162846,"IN"
162847,"NN"
162848,"NNS"
162849,"IN"
162850,"JJ"
162851,"JJ"
162852,"NNS"
162853,"CC"
162854,"NN"
162855,"NNS"
162856,"."
162857,"IN"
162858,"DT"
162859,"JJ"
162860,"JJ"
162861,"NN"
162862,","
162863,"NNP"
162864,"VBD"
162865,"$"
162866,"CD"
162867,"CD"
162868,","
162869,"CC"
162870,"CD"
162871,"NNS"
162872,"DT"
162873,"NN"
162874,","
162875,"RB"
162876,"IN"
162877,"DT"
162878,"JJ"
162879,"$"
162880,"CD"
162881,"CD"
162882,","
162883,"CC"
162884,"CD"
162885,"NNS"
162886,"DT"
162887,"NN"
162888,"."
162889,"NNP"
162890,"VBD"
162891,"TO"
162892,"$"
162893,"CD"
162894,"CD"
162895,"IN"
162896,"$"
162897,"CD"
162898,"CD"
162899,"."
162900,"O"
162901,"NNP"
162902,"NNP"
162903,"NNP"
162904,","
162905,"CD"
162906,"NNS"
162907,"JJ"
162908,","
162909,"VBD"
162910,"VBN"
162911,"DT"
162912,"NN"
162913,"IN"
162914,"DT"
162915,"NN"
162916,"IN"
162917,"JJ"
162918,"NN"
162919,"NNS"
162920,"CC"
162921,"NNS"
162922,","
162923,"VBG"
162924,"DT"
162925,"NN"
162926,"TO"
162927,"CD"
162928,"NNS"
162929,"."
162930,"PRP"
162931,"VBD"
162932,"IN"
162933,"JJ"
162934,"NN"
162935,"NN"
162936,","
162937,"NN"
162938,"CC"
162939,"NN"
162940,","
162941,"CC"
162942,"JJ"
162943,"JJ"
162944,"NN"
162945,"IN"
162946,"DT"
162947,"NN"
162948,"NNP"
162949,"CD"
162950,"."
162951,"O"
162952,"NNP"
162953,"NNP"
162954,"VBD"
162955,"IN"
162956,"PRP"
162957,"VBD"
162958,"NN"
162959,"IN"
162960,"PRP$"
162961,"JJ"
162962,"NN"
162963,"IN"
162964,"DT"
162965,"NNP"
162966,"CC"
162967,"NNP"
162968,"NNP"
162969,","
162970,"CC"
162971,"IN"
162972,"DT"
162973,"NN"
162974,"VBZ"
162975,"RB"
162976,"VB"
162977,"PRP$"
162978,"JJ"
162979,"JJ"
162980,"NNS"
162981,"CC"
162982,"JJ"
162983,"NN"
162984,"."
162985,"DT"
162986,"JJ"
162987,"NN"
162988,"CC"
162989,"NN"
162990,"NN"
162991,","
162992,"NN"
162993,"IN"
162994,"NN"
162995,"NNS"
162996,","
162997,"VBD"
162998,"PRP"
162999,"VBD"
163000,"DT"
163001,"NNP"
163002,"PRP"
163003,"MD"
163004,"RB"
163005,"VB"
163006,"JJ"
163007,"NNS"
163008,"IN"
163009,"DT"
163010,"NN"
163011,"IN"
163012,"PRP$"
163013,"JJ"
163014,"NN"
163015,"``"
163016,"IN"
163017,"JJ"
163018,"NN"
163019,"CC"
163020,"NN"
163021,"."
163022,"''"
163023,"DT"
163024,"NN"
163025,"VBD"
163026,"IN"
163027,"DT"
163028,"NN"
163029,"NN"
163030,"NNP"
163031,"CD"
163032,","
163033,"WRB"
163034,"DT"
163035,"JJ"
163036,"NNS"
163037,"VBD"
163038,"JJ"
163039,"."
163040,"NNP"
163041,"VBD"
163042,"PRP"
163043,"VBZ"
163044,"TO"
163045,"VB"
163046,"PRP$"
163047,"NN"
163048,"TO"
163049,"VB"
163050,"JJ"
163051,"NNS"
163052,"RB"
163053,"RB"
163054,"IN"
163055,"PRP$"
163056,"NN"
163057,"VBZ"
163058,"VBN"
163059,"."
163060,"O"
163061,"NNP"
163062,"NNP"
163063,","
163064,"CD"
163065,"NNS"
163066,"JJ"
163067,","
163068,"VBD"
163069,"VBN"
163070,"NN"
163071,"IN"
163072,"DT"
163073,"NN"
163074,"IN"
163075,"NN"
163076,"NNS"
163077,","
163078,"VBG"
163079,"NNP"
163080,"NNP"
163081,"NNP"
163082,"NNP"
163083,","
163084,"CD"
163085,","
163086,"WP"
163087,"VBD"
163088,"JJ"
163089,"NN"
163090,"."
163091,"NNP"
163092,"NNP"
163093,"RB"
163094,"VBD"
163095,"VBN"
163096,"NN"
163097,"IN"
163098,"NNP"
163099,"NNP"
163100,","
163101,"VBG"
163102,"DT"
163103,"NN"
163104,"IN"
163105,"DT"
163106,"NN"
163107,"IN"
163108,"DT"
163109,"NN"
163110,"IN"
163111,"JJ"
163112,"NN"
163113,"."
163114,"NNP"
163115,"NNP"
163116,"VBZ"
163117,"JJ"
163118,"NN"
163119,"NN"
163120,"CC"
163121,"JJ"
163122,"JJ"
163123,"NN"
163124,"IN"
163125,"NN"
163126,"CC"
163127,"MD"
163128,"VB"
163129,"IN"
163130,"DT"
163131,"NNS"
163132,"."
163133,"NNP"
163134,"RB"
163135,"VBD"
163136,"NNP"
163137,"NNP"
163138,"NNP"
163139,","
163140,"CD"
163141,","
163142,"JJ"
163143,"NN"
163144,"NN"
163145,"IN"
163146,"NNP"
163147,","
163148,"IN"
163149,"DT"
163150,"NN"
163151,","
163152,"VBG"
163153,"DT"
163154,"NN"
163155,"VBN"
163156,"IN"
163157,"NNP"
163158,"NNP"
163159,"."
163160,"NNP"
163161,"NNP"
163162,"CC"
163163,"NNP"
163164,"NNP"
163165,"NNS"
163166,"IN"
163167,"NNP"
163168,","
163169,"WDT"
163170,"VBZ"
163171,"DT"
163172,"CD"
163173,"NN"
163174,"NN"
163175,"IN"
163176,"NNP"
163177,"."
163178,"O"
163179,"NNP"
163180,"NNP"
163181,"NNP"
163182,"VBD"
163183,"DT"
163184,"NNP"
163185,"NNP"
163186,"NNP"
163187,"IN"
163188,"NNP"
163189,"VBD"
163190,"IN"
163191,"DT"
163192,"NN"
163193,"IN"
163194,"NNP"
163195,"TO"
163196,"DT"
163197,"NN"
163198,"IN"
163199,"DT"
163200,"NNP"
163201,"NN"
163202,"VBN"
163203,"IN"
163204,"NNP"
163205,"NNP"
163206,"VBD"
163207,"``"
163208,"IN"
163209,"NN"
163210,"."
163211,"''"
163212,"NNP"
163213,","
163214,"VBN"
163215,"IN"
163216,"NNP"
163217,","
163218,"NNP"
163219,","
163220,"VBD"
163221,"VBN"
163222,"IN"
163223,"DT"
163224,"NN"
163225,"IN"
163226,"NNP"
163227,"IN"
163228,"NNP"
163229,"POS"
163230,"JJ"
163231,"NN"
163232,"NN"
163233,"NNS"
163234,"IN"
163235,"DT"
163236,"JJ"
163237,"NN"
163238,"."
163239,"DT"
163240,"NN"
163241,"VBZ"
163242,"VBN"
163243,"TO"
163244,"JJ"
163245,"NN"
163246,","
163247,"DT"
163248,"NN"
163249,"NN"
163250,"VBN"
163251,"IN"
163252,"NN"
163253,"NN"
163254,"."
163255,"IN"
163256,"PRP$"
163257,"NN"
163258,","
163259,"NNP"
163260,"VBZ"
163261,"VBG"
163262,"JJ"
163263,"NNS"
163264,"CC"
163265,"DT"
163266,"JJ"
163267,"NN"
163268,"TO"
163269,"VB"
163270,"JJ"
163271,"IN"
163272,"VBG"
163273,"DT"
163274,"JJ"
163275,"NNS"
163276,"."
163277,"DT"
163278,"JJ"
163279,"NN"
163280,"VBD"
163281,"DT"
163282,"NNS"
163283,"VBP"
163284,"IN"
163285,"DT"
163286,"JJ"
163287,"IN"
163288,"NNP"
163289,"POS"
163290,"NNS"
163291,"CC"
163292,"CD"
163293,"NN"
163294,"TO"
163295,"CD"
163296,"NN"
163297,"IN"
163298,"PRP$"
163299,"NNS"
163300,"."
163301,"IN"
163302,"DT"
163303,"NN"
163304,"VBD"
163305,"NNP"
163306,"CD"
163307,","
163308,"CD"
163309,","
163310,"CD"
163311,"VBD"
163312,"$"
163313,"CD"
163314,"CD"
163315,","
163316,"CC"
163317,"CD"
163318,"NNS"
163319,"DT"
163320,"NN"
163321,","
163322,"IN"
163323,"NNS"
163324,"IN"
163325,"$"
163326,"CD"
163327,"CD"
163328,"."
163329,"NNP"
163330,"VBD"
163331,"DT"
163332,"NN"
163333,"POS"
163334,"NN"
163335,"VBD"
163336,"VBN"
163337,"IN"
163338,"NN"
163339,"IN"
163340,"DT"
163341,"``"
163342,"JJ"
163343,"NN"
163344,"''"
163345,"IN"
163346,"DT"
163347,"JJ"
163348,"NNS"
163349,"CC"
163350,"NNS"
163351,"RB"
163352,"CD"
163353,"IN"
163354,"PRP$"
163355,"NNS"
163356,"IN"
163357,"DT"
163358,"NN"
163359,"."
163360,"PRP"
163361,"VBD"
163362,"PRP"
163363,"VBZ"
163364,"VBG"
163365,"``"
163366,"PDT"
163367,"IN"
163368,"PRP$"
163369,"NNS"
163370,"IN"
163371,"JJ"
163372,"IN"
163373,"DT"
163374,"NN"
163375,","
163376,"VBG"
163377,"DT"
163378,"JJ"
163379,"NN"
163380,"."
163381,"''"
163382,"DT"
163383,"NNS"
163384,"NN"
163385,"VBD"
163386,"IN"
163387,"PRP"
163388,"VBZ"
163389,"TO"
163390,"``"
163391,"VB"
163392,"PRP$"
163393,"JJ"
163394,"NNS"
163395,"''"
163396,"IN"
163397,"NNP"
163398,"POS"
163399,"NN"
163400,","
163401,"VBG"
163402,"DT"
163403,"NN"
163404,"IN"
163405,"PRP"
163406,"VBZ"
163407,"RB"
163408,"VBN"
163409,"IN"
163410,"NNP"
163411,"POS"
163412,"NN"
163413,"."
163414,"NNP"
163415,"VBD"
163416,"IN"
163417,"DT"
163418,"NN"
163419,"VBD"
163420,"DT"
163421,"NN"
163422,"IN"
163423,"JJ"
163424,"NNP"
163425,":"
163426,"TO"
163427,"VB"
163428,"DT"
163429,"NN"
163430,"IN"
163431,"NNS"
163432,"IN"
163433,"NNP"
163434,"POS"
163435,"NN"
163436,"IN"
163437,"DT"
163438,"JJ"
163439,"NN"
163440,"."
163441,"O"
163442,"NNP"
163443,"NNS"
163444,"VBP"
163445,"VBG"
163446,"JJ"
163447,"JJ"
163448,"NNS"
163449,","
163450,"VBN"
163451,"IN"
163452,"JJ"
163453,"NN"
163454,"NNS"
163455,"CC"
163456,"VBN"
163457,"IN"
163458,"JJ"
163459,"CC"
163460,"VBG"
163461,"NN"
163462,"NN"
163463,","
163464,"RB"
163465,"IN"
163466,"DT"
163467,"NN"
163468,"."
163469,"VBG"
163470,"TO"
163471,"NN"
163472,"IN"
163473,"DT"
163474,"NN"
163475,","
163476,"JJ"
163477,"JJ"
163478,"NN"
163479,"NN"
163480,"NNS"
163481,"IN"
163482,"NNS"
163483,"VBP"
163484,"VBN"
163485,"VBN"
163486,"IN"
163487,"NNS"
163488,"IN"
163489,"NN"
163490,"CC"
163491,"JJ"
163492,"NNS"
163493,"IN"
163494,"DT"
163495,"JJ"
163496,"NN"
163497,"."
163498,"IN"
163499,"NNP"
163500,"NNP"
163501,","
163502,"DT"
163503,"NNP"
163504,"NNP"
163505,"CC"
163506,"NNP"
163507,"NNP"
163508,"CC"
163509,"NNP"
163510,"NN"
163511,"NNS"
163512,"VBP"
163513,"VBN"
163514,"IN"
163515,"NN"
163516,"IN"
163517,"NNS"
163518,"IN"
163519,"NNP"
163520,"NNP"
163521,"IN"
163522,"DT"
163523,"JJ"
163524,"NNP"
163525,"NNP"
163526,","
163527,"IN"
163528,"DT"
163529,"NNP"
163530,"NNP"
163531,"CC"
163532,"NNP"
163533,","
163534,"NNP"
163535,"POS"
163536,"CC"
163537,"NNP"
163538,"NNP"
163539,"NNP"
163540,"NN"
163541,"NNS"
163542,"VBP"
163543,"IN"
163544,"NN"
163545,"."
163546,"JJ"
163547,"NNS"
163548,"IN"
163549,"DT"
163550,"NN"
163551,"VBP"
163552,"RB"
163553,"VBN"
163554,"IN"
163555,"DT"
163556,"NN"
163557,"IN"
163558,"JJ"
163559,"NN"
163560,","
163561,"DT"
163562,"JJ"
163563,"NN"
163564,"IN"
163565,"NNS"
163566,"IN"
163567,"JJ"
163568,"NNS"
163569,"."
163570,"IN"
163571,"RB"
163572,","
163573,"NN"
163574,"NNS"
163575,"VBD"
163576,"NNS"
163577,"IN"
163578,"JJ"
163579,"NN"
163580,"NN"
163581,"VBD"
163582,"VBN"
163583,"RP"
163584,"CC"
163585,"MD"
163586,"IN"
163587,"NN"
163588,"NN"
163589,"IN"
163590,"DT"
163591,"NN"
163592,"POS"
163593,"JJ"
163594,"CC"
163595,"JJ"
163596,"NNS"
163597,"."
163598,"DT"
163599,"NNS"
163600,"VBP"
163601,"RB"
163602,","
163603,"NNS"
163604,"VBP"
163605,","
163606,"RB"
163607,"IN"
163608,"DT"
163609,"VBG"
163610,"NN"
163611,"IN"
163612,"DT"
163613,"JJ"
163614,"NNS"
163615,"."
163616,"``"
163617,"JJ"
163618,"NN"
163619,"NNS"
163620,"MD"
163621,"VB"
163622,"VBN"
163623,"NN"
163624,"IN"
163625,"NN"
163626,","
163627,"CC"
163628,"DT"
163629,"NNS"
163630,"POS"
163631,"NNS"
163632,"VBP"
163633,"VBN"
163634,"DT"
163635,"NN"
163636,"IN"
163637,"NN"
163638,"NN"
163639,"PRP"
163640,"RB"
163641,"VBN"
163642,","
163643,"''"
163644,"VBD"
163645,"NNP"
163646,"NNP"
163647,"NNP"
163648,","
163649,"NN"
163650,"NN"
163651,"IN"
163652,"NNP"
163653,"NNP"
163654,"NNP"
163655,"."
163656,"``"
163657,"NNS"
163658,"VBP"
163659,"RB"
163660,"IN"
163661,"NN"
163662,"."
163663,"''"
163664,"IN"
163665,"NN"
163666,","
163667,"NNP"
163668,"NNP"
163669,"VBD"
163670,"DT"
163671,"CD"
163672,"NN"
163673,"NN"
163674,"IN"
163675,"JJ"
163676,"NN"
163677,","
163678,"IN"
163679,"JJ"
163680,"NN"
163681,"NNS"
163682,"VBD"
163683,"IN"
163684,"NNP"
163685,"NNP"
163686,","
163687,"CC"
163688,"NN"
163689,"NN"
163690,"VBD"
163691,"RB"
163692,"IN"
163693,"DT"
163694,"JJR"
163695,"NN"
163696,"NN"
163697,"NN"
163698,"CC"
163699,"VBN"
163700,"NNS"
163701,"."
163702,"NNP"
163703,"POS"
163704,"CD"
163705,"NN"
163706,"CC"
163707,"CD"
163708,"JJ"
163709,"NNS"
163710,"VBD"
163711,"DT"
163712,"CD"
163713,"NN"
163714,"NN"
163715,"IN"
163716,"NN"
163717,"CC"
163718,"NN"
163719,"NN"
163720,"."
163721,"JJ"
163722,"NN"
163723,"NN"
163724,"VBD"
163725,"``"
163726,"RB"
163727,"''"
163728,"JJR"
163729,"IN"
163730,"FW"
163731,"NN"
163732,"VBN"
163733,","
163734,"IN"
163735,"EX"
163736,"VBD"
163737,"``"
163738,"JJR"
163739,"NN"
163740,"''"
163741,"IN"
163742,"JJ"
163743,"CC"
163744,"JJ"
163745,"NN"
163746,"NN"
163747,","
163748,"VBD"
163749,"NNP"
163750,"NNP"
163751,","
163752,"NNP"
163753,"POS"
163754,"JJ"
163755,"NN"
163756,"NN"
163757,"."
163758,"IN"
163759,"NNP"
163760,"NNP"
163761,","
163762,"NN"
163763,"NNS"
163764,"VBD"
163765,"JJ"
163766,"IN"
163767,"DT"
163768,"NN"
163769,","
163770,"RB"
163771,"CD"
163772,"NN"
163773,"IN"
163774,"DT"
163775,"CD"
163776,"NN"
163777,","
163778,"WDT"
163779,"VBD"
163780,"VBN"
163781,"IN"
163782,"JJ"
163783,"NN"
163784,"NN"
163785,"IN"
163786,"DT"
163787,"NNP"
163788,"NNP"
163789,"."
163790,"IN"
163791,"NNP"
163792,"NNP"
163793,"POS"
163794,"NN"
163795,"VBD"
163796,"NN"
163797,"NNS"
163798,"IN"
163799,"DT"
163800,"NN"
163801,"TO"
163802,"NN"
163803,"VBD"
163804,"FW"
163805,","
163806,"DT"
163807,"NN"
163808,"IN"
163809,"CD"
163810,"NN"
163811,"IN"
163812,"JJ"
163813,"NN"
163814,","
163815,"DT"
163816,"NN"
163817,"POS"
163818,"NN"
163819,"NN"
163820,"VBD"
163821,"CD"
163822,"NN"
163823,"IN"
163824,"DT"
163825,"NN"
163826,"CC"
163827,"CD"
163828,"NN"
163829,"IN"
163830,"DT"
163831,"CD"
163832,"NNS"
163833,"."
163834,"IN"
163835,"DT"
163836,"CD"
163837,"NNS"
163838,","
163839,"NNP"
163840,"POS"
163841,"NN"
163842,"VBD"
163843,"CD"
163844,"NN"
163845,"TO"
163846,"$"
163847,"CD"
163848,"CD"
163849,","
163850,"CC"
163851,"$"
163852,"CD"
163853,"DT"
163854,"NN"
163855,","
163856,"IN"
163857,"$"
163858,"CD"
163859,"CD"
163860,","
163861,"CC"
163862,"$"
163863,"CD"
163864,"DT"
163865,"NN"
163866,"."
163867,"NNP"
163868,"VBD"
163869,"CD"
163870,"NN"
163871,"TO"
163872,"$"
163873,"CD"
163874,"CD"
163875,"IN"
163876,"$"
163877,"CD"
163878,"CD"
163879,"."
163880,"IN"
163881,"NNP"
163882,"NNP"
163883,"CC"
163884,"NNP"
163885,","
163886,"JJ"
163887,"NN"
163888,"NN"
163889,"VBD"
163890,"CD"
163891,"NN"
163892,"IN"
163893,"DT"
163894,"JJ"
163895,"NN"
163896,"."
163897,"NN"
163898,"VBD"
163899,"TO"
163900,"$"
163901,"CD"
163902,"CD"
163903,","
163904,"CC"
163905,"CD"
163906,"NNS"
163907,"DT"
163908,"NN"
163909,","
163910,"IN"
163911,"$"
163912,"CD"
163913,"CD"
163914,","
163915,"CC"
163916,"CD"
163917,"NNS"
163918,"DT"
163919,"NN"
163920,"."
163921,"DT"
163922,"JJ"
163923,"NN"
163924,"VBD"
163925,"DT"
163926,"JJ"
163927,"NN"
163928,"IN"
163929,"$"
163930,"CD"
163931,"CD"
163932,","
163933,"CC"
163934,"CD"
163935,"NNS"
163936,"DT"
163937,"NN"
163938,"."
163939,"NNP"
163940,"VBD"
163941,"CD"
163942,"NN"
163943,"TO"
163944,"$"
163945,"CD"
163946,"CD"
163947,"IN"
163948,"$"
163949,"CD"
163950,"CD"
163951,"."
163952,"DT"
163953,"NN"
163954,"IN"
163955,"NN"
163956,"VBD"
163957,","
163958,"IN"
163959,"NN"
163960,","
163961,"VBD"
163962,"NN"
163963,"IN"
163964,"JJ"
163965,"NN"
163966,"IN"
163967,"DT"
163968,"NNP"
163969,"NNP"
163970,"NNP"
163971,"CC"
163972,"NNP"
163973,"POS"
163974,"NN"
163975,"."
163976,"NN"
163977,"NN"
163978,"IN"
163979,"DT"
163980,"NN"
163981,"VBD"
163982,"CD"
163983,"NN"
163984,"IN"
163985,"DT"
163986,"JJ"
163987,"NN"
163988,"."
163989,"NNP"
163990,"NNP"
163991,"NNP"
163992,"VBD"
163993,"DT"
163994,"JJ"
163995,"JJ"
163996,"NN"
163997,"NN"
163998,"NN"
163999,"."
164000,"DT"
164001,"NN"
164002,"IN"
164003,"DT"
164004,"NNP"
164005,"NNP"
164006,"VBD"
164007,"NN"
164008,"IN"
164009,"$"
164010,"CD"
164011,"CD"
164012,","
164013,"CC"
164014,"CD"
164015,"NNS"
164016,"DT"
164017,"NN"
164018,","
164019,"VBN"
164020,"IN"
164021,"DT"
164022,"NN"
164023,"IN"
164024,"$"
164025,"CD"
164026,"CD"
164027,","
164028,"CC"
164029,"CD"
164030,"NNS"
164031,"DT"
164032,"NN"
164033,","
164034,"IN"
164035,"DT"
164036,"JJ"
164037,"NN"
164038,"IN"
164039,"CD"
164040,"."
164041,"NNP"
164042,"NNP"
164043,"NNP"
164044,","
164045,"DT"
164046,"NN"
164047,"POS"
164048,"NN"
164049,"CC"
164050,"JJ"
164051,"NN"
164052,"NN"
164053,","
164054,"VBD"
164055,"NNS"
164056,"VBD"
164057,"TO"
164058,"VB"
164059,"VBN"
164060,"IN"
164061,"NN"
164062,"IN"
164063,"NN"
164064,"NN"
164065,"IN"
164066,"DT"
164067,"NNP"
164068,"NN"
164069,"."
164070,"JJ"
164071,"NN"
164072,"NNS"
164073,"IN"
164074,"JJ"
164075,"NNS"
164076,"VBP"
164077,"VBG"
164078,"RB"
164079,"VBN"
164080,"IN"
164081,"DT"
164082,"NN"
164083,"IN"
164084,"NN"
164085,","
164086,"WDT"
164087,"IN"
164088,"DT"
164089,"JJ"
164090,"CD"
164091,"NNS"
164092,"VBZ"
164093,"VBN"
164094,"JJ"
164095,"NN"
164096,"NNS"
164097,"."
164098,"IN"
164099,"DT"
164100,"NN"
164101,"NN"
164102,"VBD"
164103,"NNS"
164104,"TO"
164105,"VB"
164106,"CD"
164107,"NN"
164108,"IN"
164109,"CD"
164110,"TO"
164111,"$"
164112,"CD"
164113,"DT"
164114,"JJ"
164115,"NN"
164116,","
164117,"NNS"
164118,"VBP"
164119,"VBN"
164120,","
164121,"IN"
164122,"PRP"
164123,"VBP"
164124,"RB"
164125,"VB"
164126,"DT"
164127,"NN"
164128,"NN"
164129,"IN"
164130,"DT"
164131,"NN"
164132,"IN"
164133,"DT"
164134,"NN"
164135,"."
164136,"NNS"
164137,"IN"
164138,"JJ"
164139,"NNS"
164140,"IN"
164141,"DT"
164142,"NN"
164143,"MD"
164144,"VB"
164145,"DT"
164146,"JJ"
164147,"NN"
164148,"NNS"
164149,"TO"
164150,"VB"
164151,"NN"
164152,"IN"
164153,"JJ"
164154,"NN"
164155,"NN"
164156,"."
164157,"NNP"
164158,"NNP"
164159,"IN"
164160,"NNP"
164161,"NNP"
164162,"VBD"
164163,"PRP"
164164,"VBZ"
164165,"IN"
164166,"NNP"
164167,"NNP"
164168,"NNP"
164169,"POS"
164170,"NNS"
164171,"VBD"
164172,"RB"
164173,"IN"
164174,"DT"
164175,"JJ"
164176,"NN"
164177,","
164178,"RB"
164179,"IN"
164180,"JJ"
164181,"NN"
164182,"NNS"
164183,"IN"
164184,"PRP$"
164185,"NNP"
164186,"NNP"
164187,"NN"
164188,"CC"
164189,"NNP"
164190,"NNP"
164191,"NNS"
164192,"."
164193,"NN"
164194,"IN"
164195,"DT"
164196,"NNP"
164197,"NNP"
164198,"VBD"
164199,"RB"
164200,"VBN"
164201,"IN"
164202,"JJ"
164203,"NN"
164204,"NN"
164205,"IN"
164206,"DT"
164207,"NNP"
164208,"NNP"
164209,"NNP"
164210,","
164211,"WDT"
164212,"DT"
164213,"NN"
164214,"RB"
164215,"VBD"
164216,"DT"
164217,"VB"
164218,"."
164219,"NNP"
164220,"NNP"
164221,"NNP"
164222,"NNP"
164223,"VBZ"
164224,"VBN"
164225,"TO"
164226,"VB"
164227,"JJR"
164228,"NNS"
164229,"IN"
164230,"DT"
164231,"JJ"
164232,"NN"
164233,"IN"
164234,"IN"
164235,"JJ"
164236,"JJ"
164237,"NN"
164238,"NNS"
164239,"IN"
164240,"PRP$"
164241,"NN"
164242,"NNP"
164243,"NNP"
164244,"NNP"
164245,"CC"
164246,"JJ"
164247,"NN"
164248,"IN"
164249,"NN"
164250,"IN"
164251,"PRP$"
164252,"NN"
164253,","
164254,"NNP"
164255,"NNP"
164256,"NNP"
164257,"."
164258,"``"
164259,"NNP"
164260,"NNP"
164261,"POS"
164262,"JJ"
164263,"JJ"
164264,"NNS"
164265,"VBP"
164266,"VBG"
164267,"RP"
164268,"RB"
164269,","
164270,"CC"
164271,"EX"
164272,"VBZ"
164273,"RB"
164274,"NN"
164275,"IN"
164276,"NNS"
164277,"MD"
164278,"VB"
164279,"IN"
164280,"DT"
164281,"NNP"
164282,"NNP"
164283,"NN"
164284,","
164285,"''"
164286,"VBD"
164287,"NNP"
164288,"NNP"
164289,","
164290,"DT"
164291,"NN"
164292,"IN"
164293,"NNP"
164294,"NNP"
164295,"NNP"
164296,"."
164297,"NNP"
164298,"NNP"
164299,"NNP"
164300,"VBZ"
164301,"VBN"
164302,"TO"
164303,"VB"
164304,"JJ"
164305,"NNS"
164306,","
164307,"RB"
164308,"IN"
164309,"IN"
164310,"JJ"
164311,"NN"
164312,"NN"
164313,"CC"
164314,"NN"
164315,"NN"
164316,"VBD"
164317,"IN"
164318,"DT"
164319,"JJ"
164320,"JJ"
164321,"NN"
164322,"IN"
164323,"DT"
164324,"NNP"
164325,"NN"
164326,"."
164327,"VBG"
164328,"TO"
164329,"NNS"
164330,","
164331,"NNS"
164332,"VBD"
164333,"RB"
164334,"VBN"
164335,"IN"
164336,"JJ"
164337,"NN"
164338,"NNS"
164339,"IN"
164340,"NNP"
164341,"."
164342,"NNP"
164343,"RB"
164344,"VBZ"
164345,"VBN"
164346,"VBN"
164347,"NN"
164348,"IN"
164349,"JJ"
164350,"NN"
164351,"NN"
164352,"CC"
164353,"DT"
164354,"RB"
164355,"JJ"
164356,"NN"
164357,"NN"
164358,"NN"
164359,"."
164360,"NNP"
164361,"NNP"
164362,"VBZ"
164363,"VBN"
164364,"IN"
164365,"JJ"
164366,"NN"
164367,"IN"
164368,"DT"
164369,"JJ"
164370,"JJ"
164371,"NN"
164372,"NN"
164373,"IN"
164374,"PRP$"
164375,"NNP"
164376,"NNP"
164377,"NNP"
164378,"CC"
164379,"NNP"
164380,"POS"
164381,"NNP"
164382,"NNP"
164383,","
164384,"CC"
164385,"VBZ"
164386,"VBN"
164387,"NNS"
164388,"IN"
164389,"NNS"
164390,"VBD"
164391,"RB"
164392,"IN"
164393,"DT"
164394,"JJ"
164395,"NN"
164396,"."
164397,"RB"
164398,","
164399,"NNS"
164400,"VBP"
164401,"TO"
164402,"JJ"
164403,"NN"
164404,"NN"
164405,"IN"
164406,"JJ"
164407,"IN"
164408,"PRP$"
164409,"JJ"
164410,"JJ"
164411,"NNS"
164412,","
164413,"JJ"
164414,"IN"
164415,"DT"
164416,"NNP"
164417,"NNP"
164418,"CC"
164419,"NNP"
164420,"NNP"
164421,"NNP"
164422,"NNP"
164423,"."
164424,"``"
164425,"DT"
164426,"NNP"
164427,"NN"
164428,"VBZ"
164429,"VBG"
164430,"RB"
164431,"JJ"
164432,"IN"
164433,"DT"
164434,"JJ"
164435,"NN"
164436,"IN"
164437,"NNS"
164438,"''"
164439,"WRB"
164440,"NNP"
164441,"``"
164442,"VBD"
164443,"VBG"
164444,"RP"
164445,"DT"
164446,"JJ"
164447,"NN"
164448,"CC"
164449,"NN"
164450,"VBD"
164451,"VBG"
164452,","
164453,"''"
164454,"VBD"
164455,"NNP"
164456,"NNP"
164457,","
164458,"DT"
164459,"NN"
164460,"IN"
164461,"NNP"
164462,"NNP"
164463,"NNP"
164464,"."
164465,"O"
164466,"NNP"
164467,"NNP"
164468,"NNP"
164469,","
164470,"IN"
164471,"DT"
164472,"NN"
164473,"IN"
164474,"NNS"
164475,"IN"
164476,"JJ"
164477,"NN"
164478,"NNS"
164479,"IN"
164480,"DT"
164481,"NNP"
164482,"NNP"
164483,"NNP"
164484,","
164485,"VBZ"
164486,"VBN"
164487,"IN"
164488,"RB"
164489,"JJ"
164490,"IN"
164491,"CD"
164492,"JJ"
164493,"JJ"
164494,"NN"
164495,"NNS"
164496,"MD"
164497,"RB"
164498,"VB"
164499,"DT"
164500,"NNS"
164501,"IN"
164502,"DT"
164503,"NN"
164504,"VBZ"
164505,"TO"
164506,"VB"
164507,"PRP$"
164508,"JJ"
164509,"NN"
164510,"NN"
164511,"."
164512,"IN"
164513,"NNS"
164514,"TO"
164515,"NNS"
164516,"RB"
164517,"JJ"
164518,"NN"
164519,","
164520,"NNP"
164521,"RB"
164522,"VBD"
164523,"NN"
164524,"NNS"
164525,"IN"
164526,"CD"
164527,"JJ"
164528,"NN"
164529,"NN"
164530,"NNS"
164531,","
164532,"CC"
164533,"VBD"
164534,"JJ"
164535,"NN"
164536,"IN"
164537,"DT"
164538,"NNS"
164539,"IN"
164540,"CD"
164541,"NNP"
164542,"NN"
164543,"NNS"
164544,"."
164545,"NNP"
164546,"VBZ"
164547,"IN"
164548,"JJ"
164549,"NN"
164550,"TO"
164551,"VB"
164552,"NNS"
164553,"WDT"
164554,"VBD"
164555,"JJ"
164556,"IN"
164557,"DT"
164558,"JJ"
164559,"NN"
164560,"NN"
164561,"POS"
164562,"NNP"
164563,"NN"
164564,"NN"
164565,"VBD"
164566,"IN"
164567,"DT"
164568,"JJ"
164569,"NN"
164570,"."
164571,"DT"
164572,"NN"
164573,","
164574,"RB"
164575,"VBG"
164576,"IN"
164577,"CD"
164578,"NN"
164579,"IN"
164580,"PRP$"
164581,"JJ"
164582,"JJ"
164583,"NN"
164584,"NN"
164585,","
164586,"VBZ"
164587,"VBN"
164588,"PRP"
164589,"MD"
164590,"VB"
164591,"IN"
164592,"CD"
164593,"NN"
164594,"IN"
164595,"NN"
164596,"IN"
164597,"CD"
164598,"."
164599,"RB"
164600,"DT"
164601,"NN"
164602,"RB"
164603,","
164604,"NNP"
164605,"VBD"
164606,"PRP"
164607,"MD"
164608,"VB"
164609,"DT"
164610,"VBG"
164611,"NN"
164612,"NN"
164613,"IN"
164614,"NNP"
164615,","
164616,"NNP"
164617,","
164618,"DT"
164619,"JJ"
164620,"NNP"
164621,"NN"
164622,"NN"
164623,"TO"
164624,"VB"
164625,"IN"
164626,"CD"
164627,"."
164628,"RB"
164629,","
164630,"NNP"
164631,"VBZ"
164632,"TO"
164633,"VB"
164634,"VBG"
164635,"IN"
164636,"DT"
164637,"NN"
164638,"IN"
164639,"PRP$"
164640,"NN"
164641,"NN"
164642,"TO"
164643,"VB"
164644,"IN"
164645,"NN"
164646,"IN"
164647,"DT"
164648,"NNS"
164649,"."
164650,"CD"
164651,"NN"
164652,"VBZ"
164653,"VBG"
164654,"NN"
164655,"IN"
164656,"JJ"
164657,"JJ"
164658,"NN"
164659,"NNS"
164660,"IN"
164661,"DT"
164662,"NNP"
164663,"IN"
164664,"VBP"
164665,"VBG"
164666,"RP"
164667,"JJR"
164668,"IN"
164669,"CD"
164670,"CD"
164671,"NNS"
164672,"DT"
164673,"NN"
164674,"IN"
164675,"NNS"
164676,"JJR"
164677,"IN"
164678,"NNP"
164679,"MD"
164680,"VB"
164681,"."
164682,"DT"
164683,"VBZ"
164684,"IN"
164685,"NNP"
164686,"NNP"
164687,"NNP"
164688,"NN"
164689,"NNS"
164690,"VBP"
164691,"VBN"
164692,"PRP"
164693,"VBP"
164694,"JJR"
164695,"RP"
164696,"NNS"
164697,"IN"
164698,"DT"
164699,"JJ"
164700,"NNP"
164701,"NNP"
164702,"JJ"
164703,"NN"
164704,"WDT"
164705,"MD"
164706,"VB"
164707,"VBN"
164708,"IN"
164709,"NN"
164710,"."
164711,"NNP"
164712,"NNS"
164713,"VBP"
164714,"TO"
164715,"VB"
164716,"PRP$"
164717,"NN"
164718,"TO"
164719,"VB"
164720,"NN"
164721,"CC"
164722,"DT"
164723,"NN"
164724,"NN"
164725,"IN"
164726,"NN"
164727,"IN"
164728,"DT"
164729,"NNS"
164730,"VBP"
164731,"."
164732,"DT"
164733,"NN"
164734,","
164735,"RB"
164736,","
164737,"VBZ"
164738,"IN"
164739,"NNP"
164740,"POS"
164741,"NNS"
164742,"VBP"
164743,"VBG"
164744,"IN"
164745,"DT"
164746,"NN"
164747,"WRB"
164748,"NNP"
164749,"NNS"
164750,"VBP"
164751,"VBG"
164752,"TO"
164753,"VB"
164754,"NNS"
164755,"WP"
164756,"VBP"
164757,"DT"
164758,"NN"
164759,"VBZ"
164760,"RB"
164761,"JJ"
164762,"IN"
164763,"DT"
164764,"NN"
164765,"IN"
164766,"NNP"
164767,"NNS"
164768,"."
164769,"IN"
164770,"DT"
164771,"NN"
164772,","
164773,"NNP"
164774,"NNP"
164775,"NNP"
164776,"NNP"
164777,"NNP"
164778,"NNP"
164779,","
164780,"WP"
164781,"RB"
164782,"VBD"
164783,"NN"
164784,"IN"
164785,"DT"
164786,"NN"
164787,"POS"
164788,"NNP"
164789,"NN"
164790,","
164791,"VBD"
164792,"DT"
164793,"NN"
164794,"NNP"
164795,"NNP"
164796,"NNP"
164797,"POS"
164798,"``"
164799,"JJ"
164800,"NN"
164801,"''"
164802,"IN"
164803,"NN"
164804,"NNS"
164805,"."
164806,"DT"
164807,"NN"
164808,"NN"
164809,"POS"
164810,"NN"
164811,"TO"
164812,"VB"
164813,"NN"
164814,"IN"
164815,"DT"
164816,"JJ"
164817,"NNS"
164818,"CC"
164819,"NN"
164820,"NNS"
164821,"VBP"
164822,"RB"
164823,"IN"
164824,"JJ"
164825,"NNS"
164826,"TO"
164827,"DT"
164828,"JJ"
164829,"NNS"
164830,"VBD"
164831,"``"
164832,"NN"
164833,"''"
164834,"CC"
164835,"DT"
164836,"``"
164837,"NN"
164838,"CC"
164839,"NN"
164840,"TO"
164841,"VB"
164842,"JJ"
164843,"NN"
164844,","
164845,"''"
164846,"NNP"
164847,"NNP"
164848,"VBD"
164849,"."
164850,"NNP"
164851,"NNS"
164852,"VBD"
164853,"NNS"
164854,"JJ"
164855,"JJ"
164856,"NN"
164857,"IN"
164858,"DT"
164859,"JJ"
164860,"NNS"
164861,":"
164862,"NN"
164863,"IN"
164864,"JJ"
164865,"NNS"
164866,"MD"
164867,"VB"
164868,"VBN"
164869,"IN"
164870,"DT"
164871,"JJ"
164872,"NN"
164873,"IN"
164874,"NNP"
164875,","
164876,"NNP"
164877,"."
164878,"DT"
164879,"NN"
164880,"CD"
164881,"NNS"
164882,":"
164883,"CD"
164884,"IN"
164885,"NNP"
164886,","
164887,"NNP"
164888,","
164889,"CC"
164890,"DT"
164891,"JJ"
164892,"IN"
164893,"JJ"
164894,","
164895,"NNP"
164896,":"
164897,"RB"
164898,"MD"
164899,"VB"
164900,"VBN"
164901,"RB"
164902,"IN"
164903,"DT"
164904,"NN"
164905,"IN"
164906,"CD"
164907,"."
164908,"DT"
164909,"NNS"
164910,"MD"
164911,"VB"
164912,"IN"
164913,"CD"
164914,"JJ"
164915,"NN"
164916,"NNS"
164917,"CC"
164918,"IN"
164919,"CD"
164920,"NNS"
164921,"IN"
164922,"NNP"
164923,"."
164924,"NNP"
164925,"NNP"
164926,","
164927,"NNP"
164928,"NNP"
164929,"NNP"
164930,"NN"
164931,"NN"
164932,","
164933,"VBD"
164934,"DT"
164935,"JJ"
164936,"NN"
164937,"NN"
164938,"TO"
164939,"VB"
164940,"DT"
164941,"NNP"
164942,"JJ"
164943,"NN"
164944,"NN"
164945,"CC"
164946,"PRP$"
164947,"NN"
164948,","
164949,"NNP"
164950,"NNP"
164951,"NNP"
164952,"NNP"
164953,"."
164954,"CC"
164955,"JJ"
164956,"NN"
164957,"NNS"
164958,"MD"
164959,"VB"
164960,"IN"
164961,"DT"
164962,"JJ"
164963,"NNP"
164964,"NN"
164965,"WDT"
164966,"VBZ"
164967,"CD"
164968,"NNP"
164969,"NN"
164970,"NNS"
164971,"CC"
164972,"NN"
164973,"IN"
164974,"NNP"
164975,"."
164976,"NNS"
164977,"IN"
164978,"NNS"
164979,"IN"
164980,"NNP"
164981,"NNP"
164982,","
164983,"NNP"
164984,","
164985,"NNP"
164986,"NNP"
164987,"CC"
164988,"NNP"
164989,","
164990,"NNP"
164991,","
164992,"VBD"
164993,"VBN"
164994,"PRP$"
164995,"NNS"
164996,"VBP"
164997,"RB"
164998,"RB"
164999,"VBG"
165000,"VBN"
165001,"TO"
165002,"VB"
165003,"DT"
165004,"JJ"
165005,"NN"
165006,"IN"
165007,"DT"
165008,"NNP"
165009,"NNP"
165010,"CC"
165011,"NNP"
165012,"NNP"
165013,"NN"
165014,"NNS"
165015,"."
165016,"NNP"
165017,"VBZ"
165018,"VBG"
165019,"IN"
165020,"PRP"
165021,"MD"
165022,"VB"
165023,"DT"
165024,"JJ"
165025,"NN"
165026,"RB"
165027,"IN"
165028,"DT"
165029,"NN"
165030,"IN"
165031,"NNP"
165032,"NNP"
165033,","
165034,"NNP"
165035,","
165036,"NN"
165037,"CC"
165038,"NN"
165039,"NNS"
165040,"VBD"
165041,"."
165042,"DT"
165043,"NN"
165044,"VBD"
165045,"NN"
165046,"NNS"
165047,"IN"
165048,"NNP"
165049,"NNP"
165050,"CC"
165051,"NNP"
165052,"NNP"
165053,"JJ"
165054,"IN"
165055,"PRP$"
165056,"NNS"
165057,"."
165058,"DT"
165059,"NNP"
165060,"NNP"
165061,"NN"
165062,","
165063,"WDT"
165064,"VBZ"
165065,"IN"
165066,"CD"
165067,"NNS"
165068,","
165069,"VBZ"
165070,"RB"
165071,"VB"
165072,"DT"
165073,"NN"
165074,"TO"
165075,"VB"
165076,"IN"
165077,"CD"
165078,"."
165079,"NNP"
165080,"NNP"
165081,","
165082,"NNP"
165083,"JJ"
165084,"NN"
165085,","
165086,"VBD"
165087,"DT"
165088,"NN"
165089,"VBD"
165090,"VBN"
165091,"TO"
165092,"VB"
165093,"RP"
165094,"NNS"
165095,"TO"
165096,"VB"
165097,"JJ"
165098,"IN"
165099,"DT"
165100,"``"
165101,"JJ"
165102,"NN"
165103,","
165104,"''"
165105,"WDT"
165106,"MD"
165107,"VB"
165108,"JJ"
165109,"JJ"
165110,"NNS"
165111,"IN"
165112,"NNS"
165113,"IN"
165114,"JJ"
165115,"NN"
165116,"TO"
165117,"VB"
165118,"NN"
165119,"."
165120,"IN"
165121,"DT"
165122,"NNP"
165123,"NNP"
165124,"NN"
165125,","
165126,"WDT"
165127,"VBZ"
165128,"IN"
165129,"CD"
165130,"NNS"
165131,"VBG"
165132,"DT"
165133,"JJ"
165134,"NN"
165135,"VBD"
165136,"NNS"
165137,","
165138,"NNP"
165139,"NNP"
165140,","
165141,"NNP"
165142,"JJ"
165143,"NN"
165144,"NN"
165145,","
165146,"VBD"
165147,"DT"
165148,"NN"
165149,"VBZ"
165150,"DT"
165151,"JJ"
165152,"NN"
165153,"VBD"
165154,"RB"
165155,","
165156,"CC"
165157,"``"
165158,"NN"
165159,"IN"
165160,"PRP"
165161,"VBZ"
165162,"''"
165163,"WRB"
165164,"DT"
165165,"NN"
165166,"NNS"
165167,"MD"
165168,"VB"
165169,"."
165170,"PRP"
165171,"VBD"
165172,"PRP"
165173,"VBZ"
165174,"NNP"
165175,"VBZ"
165176,"NNS"
165177,"TO"
165178,"VB"
165179,"NN"
165180,"NN"
165181,"NNS"
165182,"IN"
165183,"DT"
165184,"NNS"
165185,"."
165186,"IN"
165187,"NNP"
165188,","
165189,"RB"
165190,","
165191,"DT"
165192,"NN"
165193,"NN"
165194,"VBZ"
165195,"TO"
165196,"VB"
165197,"NNP"
165198,"NNS"
165199,"IN"
165200,"NNP"
165201,"MD"
165202,"VB"
165203,"DT"
165204,"JJ"
165205,"NN"
165206,"NN"
165207,"IN"
165208,"JJ"
165209,"VBN"
165210,"DT"
165211,"JJ"
165212,","
165213,"JJ"
165214,"NN"
165215,"NN"
165216,"NN"
165217,"."
165218,"DT"
165219,"NN"
165220,"NN"
165221,"VBD"
165222,"VBN"
165223,"IN"
165224,"DT"
165225,"NN"
165226,"IN"
165227,"JJ"
165228,"NN"
165229,"IN"
165230,"NNP"
165231,"IN"
165232,"JJ"
165233,"NNS"
165234,"IN"
165235,"DT"
165236,"NN"
165237,"VBD"
165238,"DT"
165239,"NN"
165240,"TO"
165241,"VB"
165242,"DT"
165243,"NN"
165244,"JJ"
165245,"NN"
165246,"."
165247,"NNP"
165248,"NNS"
165249,"VBP"
165250,"VBN"
165251,"DT"
165252,"NN"
165253,"RB"
165254,"IN"
165255,"DT"
165256,"NN"
165257,"."
165258,"NNP"
165259,"NNP"
165260,"NNS"
165261,"VBP"
165262,"VBN"
165263,"DT"
165264,"NN"
165265,"NN"
165266,"IN"
165267,"DT"
165268,"NN"
165269,"IN"
165270,"JJ"
165271,"NN"
165272,"POS"
165273,"NN"
165274,"."
165275,"O"
165276,"NNP"
165277,"NNP"
165278,"NNP"
165279,"IN"
165280,"NNP"
165281,"VBD"
165282,"DT"
165283,"JJ"
165284,"NN"
165285,"VBD"
165286,"DT"
165287,"NN"
165288,"TO"
165289,"PRP$"
165290,"JJ"
165291,"NN"
165292,"IN"
165293,"NNP"
165294,"NNP"
165295,"NNP"
165296,"IN"
165297,"CD"
165298,"CD"
165299,"JJ"
165300,"NNS"
165301,"("
165302,"$"
165303,"CD"
165304,"CD"
165305,")"
165306,"."
165307,"NNP"
165308,"VBD"
165309,"DT"
165310,"NN"
165311,"POS"
165312,"NN"
165313,"IN"
165314,"NN"
165315,","
165316,"NN"
165317,"CC"
165318,"NN"
165319,"VBD"
165320,"PRP"
165321,"IN"
165322,"PRP"
165323,"VBD"
165324,"RB"
165325,"VBN"
165326,"IN"
165327,"DT"
165328,"NN"
165329,"VBZ"
165330,"JJ"
165331,"TO"
165332,"VB"
165333,"IN"
165334,"``"
165335,"JJ"
165336,"NN"
165337,"''"
165338,"TO"
165339,"NNP"
165340,"."
165341,"JJ"
165342,"NN"
165343,"NNS"
165344,"VBP"
165345,"DT"
165346,"JJ"
165347,"JJ"
165348,"NNS"
165349,"VBP"
165350,"DT"
165351,"NN"
165352,"."
165353,"DT"
165354,"JJ"
165355,"NN"
165356,"VBD"
165357,"DT"
165358,"NN"
165359,"VBD"
165360,"PRP"
165361,"CD"
165362,"NNS"
165363,"IN"
165364,"WDT"
165365,"TO"
165366,"VB"
165367,"NN"
165368,"TO"
165369,"RB"
165370,"VB"
165371,"PRP$"
165372,"NN"
165373,"NN"
165374,"."
165375,"DT"
165376,"NNP"
165377,"CC"
165378,"NNP"
165379,"NNP"
165380,"NN"
165381,"NN"
165382,"CC"
165383,"NN"
165384,"NN"
165385,"NNS"
165386,"."
165387,"DT"
165388,"NN"
165389,"POS"
165390,"NN"
165391,"VBD"
165392,"JJ"
165393,"."
165394,"NNP"
165395,"NNP"
165396,","
165397,"JJ"
165398,"NN"
165399,"NN"
165400,"IN"
165401,"NNP"
165402,"NNP"
165403,","
165404,"WDT"
165405,"VBZ"
165406,"JJ"
165407,"NNS"
165408,","
165409,"VBD"
165410,"PRP"
165411,"VBD"
165412,"DT"
165413,"JJ"
165414,"NN"
165415,"IN"
165416,"PRP$"
165417,"JJ"
165418,"NN"
165419,"IN"
165420,"DT"
165421,"NN"
165422,"VBZ"
165423,"VBN"
165424,"DT"
165425,"JJ"
165426,"NN"
165427,"NN"
165428,"IN"
165429,"DT"
165430,"NN"
165431,"IN"
165432,"DT"
165433,"RB"
165434,"VBN"
165435,"NN"
165436,"."
165437,"PRP"
165438,"VBD"
165439,"PRP"
165440,"VBZ"
165441,"VBN"
165442,"DT"
165443,"JJ"
165444,"NNS"
165445,"IN"
165446,"DT"
165447,"NNS"
165448,"TO"
165449,"VB"
165450,"RB"
165451,"JJ"
165452,"NNS"
165453,","
165454,"CC"
165455,"RB"
165456,"VBD"
165457,"DT"
165458,"NNS"
165459,"TO"
165460,"VB"
165461,"."
165462,"``"
165463,"DT"
165464,"VBZ"
165465,"RB"
165466,"DT"
165467,"NN"
165468,"IN"
165469,"NN"
165470,"NN"
165471,":"
165472,"DT"
165473,"NN"
165474,"VBZ"
165475,"VBN"
165476,"VBN"
165477,"IN"
165478,","
165479,"''"
165480,"VBD"
165481,"NNP"
165482,"NNP"
165483,","
165484,"NN"
165485,"NN"
165486,"IN"
165487,"NNP"
165488,"NNP"
165489,","
165490,"NNP"
165491,"POS"
165492,"NN"
165493,"IN"
165494,"NN"
165495,","
165496,"NN"
165497,"CC"
165498,"NN"
165499,"."
165500,"NNP"
165501,"NNP"
165502,"VBD"
165503,"DT"
165504,"NN"
165505,"VBN"
165506,"IN"
165507,"DT"
165508,"NN"
165509,"IN"
165510,"NNP"
165511,"NNP"
165512,"."
165513,"NNS"
165514,"IN"
165515,"NNP"
165516,"NNP"
165517,"NNP"
165518,"VBD"
165519,"PRP"
165520,"VBD"
165521,"RB"
165522,"VBN"
165523,"VBN"
165524,"IN"
165525,"JJ"
165526,"NNS"
165527,"IN"
165528,"NN"
165529,"IN"
165530,"DT"
165531,"DT"
165532,"NN"
165533,"CC"
165534,"NNP"
165535,"NNP"
165536,","
165537,"CC"
165538,"VBD"
165539,"PRP"
165540,"VBP"
165541,"TO"
165542,"VB"
165543,"JJR"
165544,"NN"
165545,"RB"
165546,"DT"
165547,"NN"
165548,"."
165549,"NNP"
165550,"NNP"
165551,"VBD"
165552,"TO"
165553,"VB"
165554,"IN"
165555,"DT"
165556,"NNS"
165557,"IN"
165558,"DT"
165559,"NN"
165560,"NN"
165561,"."
165562,"NNP"
165563,"NNP"
165564,","
165565,"DT"
165566,"NN"
165567,"IN"
165568,"NNP"
165569,"CC"
165570,"NNP"
165571,","
165572,"DT"
165573,"JJ"
165574,"JJ"
165575,"JJ"
165576,"NN"
165577,"NN"
165578,"NN"
165579,","
165580,"VBD"
165581,"DT"
165582,"NN"
165583,"POS"
165584,"NN"
165585,"VBD"
165586,"RB"
165587,"JJ"
165588,"."
165589,"``"
165590,"DT"
165591,"VBZ"
165592,"VBN"
165593,"DT"
165594,"JJ"
165595,"JJ"
165596,"NN"
165597,","
165598,"VBG"
165599,"NNP"
165600,"POS"
165601,"JJ"
165602,"JJ"
165603,","
165604,"JJ"
165605,"NN"
165606,"CC"
165607,"JJ"
165608,"NN"
165609,","
165610,"''"
165611,"NNP"
165612,"NNP"
165613,"VBD"
165614,"."
165615,"NNP"
165616,"NNP"
165617,"VBD"
165618,"DT"
165619,"NN"
165620,"WDT"
165621,"MD"
165622,"VB"
165623,"DT"
165624,"NN"
165625,"TO"
165626,"VB"
165627,"RB"
165628,"IN"
165629,"JJ"
165630,"MD"
165631,"VB"
165632,"DT"
165633,"JJ"
165634,"NN"
165635,"IN"
165636,"NNP"
165637,"POS"
165638,"NN"
165639,"IN"
165640,"DT"
165641,"NNP"
165642,"IN"
165643,"NNP"
165644,"."
165645,"DT"
165646,"NN"
165647,"VBZ"
165648,"VBG"
165649,"TO"
165650,"VB"
165651,"DT"
165652,"NN"
165653,"IN"
165654,"NNP"
165655,"IN"
165656,"JJ"
165657,"NNS"
165658,","
165659,"VBG"
165660,"NNS"
165661,"IN"
165662,"DT"
165663,"NN"
165664,"IN"
165665,"NN"
165666,"IN"
165667,"MD"
165668,"VB"
165669,"VBN"
165670,"IN"
165671,"NNP"
165672,"."
165673,"DT"
165674,"NN"
165675,"VBZ"
165676,"VBG"
165677,"DT"
165678,"NN"
165679,"NN"
165680,"VBN"
165681,"IN"
165682,"NNP"
165683,"."
165684,"IN"
165685,"DT"
165686,"NN"
165687,"MD"
165688,"VB"
165689,"PRP$"
165690,"NNS"
165691,","
165692,"NNP"
165693,"NNP"
165694,"VBZ"
165695,"PRP"
165696,"TO"
165697,"VB"
165698,"RBR"
165699,"JJ"
165700,"NNS"
165701,"IN"
165702,"NN"
165703,"CC"
165704,"NN"
165705,"NN"
165706,"NNS"
165707,"IN"
165708,"NNP"
165709,"IN"
165710,"NNP"
165711,"VBD"
165712,"TO"
165713,"NNP"
165714,"NNP"
165715,"."
165716,"DT"
165717,"NNS"
165718,","
165719,"JJ"
165720,"IN"
165721,"NNP"
165722,"NNP"
165723,"IN"
165724,"NNP"
165725,"NNP"
165726,"NNP"
165727,"NNP"
165728,","
165729,"VBP"
165730,"DT"
165731,"NN"
165732,"NN"
165733,"VBZ"
165734,"DT"
165735,"NN"
165736,"JJ"
165737,"IN"
165738,"JJ"
165739,"NNS"
165740,","
165741,"JJ"
165742,"IN"
165743,"NNP"
165744,"POS"
165745,"NNP"
165746,"NNP"
165747,"NNP"
165748,"NNP"
165749,"IN"
165750,"NNP"
165751,","
165752,"NNP"
165753,"."
165754,"NNS"
165755,"IN"
165756,"DT"
165757,"CD"
165758,"NNS"
165759,","
165760,"WDT"
165761,"VBP"
165762,"VBG"
165763,"$"
165764,"CD"
165765,"DT"
165766,"NN"
165767,"IN"
165768,"NNP"
165769,","
165770,"MD"
165771,"RB"
165772,"VB"
165773,"VBN"
165774,"IN"
165775,"NN"
165776,"."
165777,"JJ"
165778,"JJ"
165779,"NNP"
165780,"NNP"
165781,"VBZ"
165782,"CD"
165783,"NN"
165784,"IN"
165785,"NNP"
165786,"."
165787,"O"
165788,"NNP"
165789,"NNP"
165790,"NNP"
165791,"VBD"
165792,"PRP"
165793,"VBD"
165794,"NNS"
165795,"IN"
165796,"DT"
165797,"JJ"
165798,"NN"
165799,"CC"
165800,"MD"
165801,"VB"
165802,"NN"
165803,"IN"
165804,"NNS"
165805,"IN"
165806,"DT"
165807,"NN"
165808,","
165809,"CC"
165810,"VBD"
165811,"IN"
165812,"PRP"
165813,"VBZ"
165814,"TO"
165815,"RB"
165816,"VB"
165817,"IN"
165818,"CD"
165819,"CD"
165820,"JJ"
165821,"NNS"
165822,"."
165823,"DT"
165824,"NN"
165825,"VBD"
165826,"PRP"
165827,"VBD"
165828,"TO"
165829,"VB"
165830,"DT"
165831,"JJ"
165832,"NN"
165833,"IN"
165834,"JJ"
165835,"NNS"
165836,"IN"
165837,"NN"
165838,"IN"
165839,"DT"
165840,"CD"
165841,"NNS"
165842,"IN"
165843,"PRP$"
165844,"JJ"
165845,"NN"
165846,"JJ"
165847,"."
165848,"DT"
165849,"NN"
165850,"NN"
165851,"VBD"
165852,"RB"
165853,"VBN"
165854,"."
165855,"NNP"
165856,"VBD"
165857,"NN"
165858,"NNS"
165859,"VBD"
165860,"TO"
165861,"DT"
165862,"NN"
165863,"IN"
165864,"DT"
165865,"JJ"
165866,"NN"
165867,"."
165868,"DT"
165869,"NNS"
165870,"NN"
165871,"VBD"
165872,","
165873,"RB"
165874,","
165875,"IN"
165876,"IN"
165877,"NNP"
165878,"CD"
165879,","
165880,"PRP"
165881,"MD"
165882,"VB"
165883,"NNS"
165884,"IN"
165885,"NNS"
165886,"IN"
165887,"DT"
165888,"JJ"
165889,"NN"
165890,"."
165891,"NNP"
165892,"VBD"
165893,"PRP$"
165894,"NN"
165895,"NN"
165896,"IN"
165897,"NNP"
165898,"CD"
165899,"CC"
165900,"VBD"
165901,"PRP"
165902,"VBZ"
165903,"RB"
165904,"DT"
165905,"NNS"
165906,"TO"
165907,"VB"
165908,"RP"
165909,"IN"
165910,"NNS"
165911,"IN"
165912,"NNS"
165913,"IN"
165914,"$"
165915,"CD"
165916,"CD"
165917,","
165918,"CC"
165919,"MD"
165920,"VB"
165921,"IN"
165922,"DT"
165923,"NN"
165924,"IN"
165925,"DT"
165926,"NN"
165927,"."
165928,"RB"
165929,","
165930,"DT"
165931,"NN"
165932,"VBD"
165933,"PRP"
165934,"VBD"
165935,"IN"
165936,"DT"
165937,"NNP"
165938,"CC"
165939,"NNP"
165940,"NNP"
165941,"IN"
165942,"DT"
165943,"JJ"
165944,"NN"
165945,"IN"
165946,"CD"
165947,"CD"
165948,"NNS"
165949,"IN"
165950,"JJ"
165951,"NN"
165952,","
165953,"VBN"
165954,"TO"
165955,"VB"
165956,"VBN"
165957,"IN"
165958,"NNP"
165959,"."
165960,"DT"
165961,"NN"
165962,"VBD"
165963,"NNP"
165964,"NNP"
165965,"NNP"
165966,"NNP"
165967,"NNP"
165968,","
165969,"NNP"
165970,","
165971,"NNP"
165972,","
165973,"NNP"
165974,"NNP"
165975,","
165976,"NNS"
165977,"IN"
165978,"DT"
165979,"NN"
165980,","
165981,"VBD"
165982,"VBN"
165983,"DT"
165984,"NN"
165985,"TO"
165986,"VB"
165987,"IN"
165988,"JJ"
165989,"IN"
165990,"DT"
165991,"JJ"
165992,"CD"
165993,"CD"
165994,"NNS"
165995,"TO"
165996,"VB"
165997,"NNS"
165998,"."
165999,"NNS"
166000,"MD"
166001,"VB"
166002,"VBN"
166003,"TO"
166004,"VB"
166005,"CC"
166006,"VB"
166007,"NN"
166008,"NN"
166009,"."
166010,"NNP"
166011,"RB"
166012,"VBZ"
166013,"RB"
166014,"CD"
166015,"CD"
166016,"JJ"
166017,"NNS"
166018,"JJ"
166019,"."
166020,"O"
166021,"NNS"
166022,"IN"
166023,"JJS"
166024,"IN"
166025,"DT"
166026,"NN"
166027,"POS"
166028,"JJ"
166029,"JJ"
166030,"NNS"
166031,"VBP"
166032,"VBN"
166033,"TO"
166034,"VB"
166035,"VBN"
166036,"RB"
166037,"RB"
166038,"IN"
166039,"DT"
166040,"JJ"
166041,"NN"
166042,","
166043,"IN"
166044,"NNS"
166045,"IN"
166046,"JJR"
166047,","
166048,"JJ"
166049,"NN"
166050,"NNS"
166051,"VBD"
166052,"RB"
166053,"RB"
166054,"."
166055,"IN"
166056,"DT"
166057,"JJ"
166058,"JJ"
166059,"NN"
166060,","
166061,"RB"
166062,","
166063,"JJS"
166064,"IN"
166065,"DT"
166066,"NNS"
166067,"POS"
166068,"NNS"
166069,"VBD"
166070,"VBN"
166071,"IN"
166072,"JJ"
166073,"NN"
166074,"NNS"
166075,"IN"
166076,"DT"
166077,"NN"
166078,"IN"
166079,"DT"
166080,"JJ"
166081,"NN"
166082,"RB"
166083,"."
166084,"NNS"
166085,"VBD"
166086,"IN"
166087,"NNP"
166088,"CC"
166089,"NNP"
166090,","
166091,"NNP"
166092,"NNP"
166093,"CC"
166094,"NNP"
166095,","
166096,"NNP"
166097,"NNP"
166098,"CC"
166099,"DT"
166100,"NNP"
166101,"NNP"
166102,"NN"
166103,"IN"
166104,"NNP"
166105,"NNP"
166106,"NNP"
166107,"NNP"
166108,"VBD"
166109,"IN"
166110,"JJ"
166111,"NNS"
166112,"IN"
166113,"RB"
166114,"JJ"
166115,","
166116,"JJ"
166117,"NNS"
166118,"WDT"
166119,"VBP"
166120,"JJ"
166121,"NN"
166122,"NNS"
166123,"."
166124,"JJ"
166125,"JJ"
166126,"NNS"
166127,"IN"
166128,"NNP"
166129,"NNP"
166130,"CC"
166131,"NNP"
166132,"NNP"
166133,"VBD"
166134,"VBN"
166135,"TO"
166136,"DT"
166137,"NNS"
166138,"POS"
166139,"JJR"
166140,"NNS"
166141,","
166142,"JJ"
166143,"IN"
166144,"WDT"
166145,"VBP"
166146,"VBG"
166147,"NN"
166148,"IN"
166149,"JJ"
166150,"NNS"
166151,"CC"
166152,"JJ"
166153,"NNS"
166154,"."
166155,"NNP"
166156,"NNP"
166157,","
166158,"DT"
166159,"NN"
166160,"IN"
166161,"NNP"
166162,","
166163,"NNP"
166164,"CC"
166165,"NNP"
166166,","
166167,"VBD"
166168,"IN"
166169,"IN"
166170,"DT"
166171,"JJ"
166172,"JJ"
166173,"NNS"
166174,"JJS"
166175,"NN"
166176,"NNS"
166177,"VBP"
166178,"VBN"
166179,"PRP$"
166180,"JJ"
166181,"NNS"
166182,"CC"
166183,"VBD"
166184,"JJ"
166185,"NN"
166186,"NNS"
166187,","
166188,"JJ"
166189,"IN"
166190,"VBG"
166191,"NN"
166192,"NNS"
166193,"CC"
166194,"JJ"
166195,"NNS"
166196,"."
166197,"IN"
166198,"DT"
166199,"NN"
166200,","
166201,"``"
166202,"JJ"
166203,"JJ"
166204,"NNS"
166205,"VBP"
166206,"VBG"
166207,"JJ"
166208,"NN"
166209,","
166210,"RB"
166211,"IN"
166212,"DT"
166213,"NN"
166214,"IN"
166215,"JJ"
166216,"JJ"
166217,"NNS"
166218,","
166219,"''"
166220,"NNP"
166221,"NNP"
166222,"VBD"
166223,"."
166224,"NNS"
166225,"VBD"
166226,"NN"
166227,"IN"
166228,"DT"
166229,"NN"
166230,"CC"
166231,"IN"
166232,"JJ"
166233,"NN"
166234,"NNS"
166235,","
166236,"IN"
166237,"DT"
166238,"NN"
166239,","
166240,"VBZ"
166241,"VBN"
166242,"TO"
166243,"VB"
166244,"VBN"
166245,"IN"
166246,"CD"
166247,"NN"
166248,"CC"
166249,"CD"
166250,"NN"
166251,"."
166252,"IN"
166253,"DT"
166254,"VBZ"
166255,"RB"
166256,"JJ"
166257,","
166258,"NNP"
166259,"NNP"
166260,","
166261,"DT"
166262,"NN"
166263,"IN"
166264,"NNP"
166265,"NNP"
166266,","
166267,"VBD"
166268,"IN"
166269,"DT"
166270,"NN"
166271,"IN"
166272,"NN"
166273,"MD"
166274,"``"
166275,"VB"
166276,"RB"
166277,"JJ"
166278,"IN"
166279,"VBN"
166280,"TO"
166281,"JJ"
166282,"NNS"
166283,"IN"
166284,"DT"
166285,"NN"
166286,"VBZ"
166287,"JJ"
166288,"."
166289,"''"
166290,"NNP"
166291,"NNP"
166292,"VBD"
166293,"DT"
166294,"NN"
166295,"POS"
166296,"NN"
166297,"IN"
166298,"DT"
166299,"NN"
166300,"VBD"
166301,"IN"
166302,"IN"
166303,"CD"
166304,"NN"
166305,","
166306,"VBN"
166307,"IN"
166308,"NNS"
166309,"IN"
166310,"PRP$"
166311,"NN"
166312,"IN"
166313,"JJ"
166314,"NN"
166315,"NNS"
166316,","
166317,"VBG"
166318,"PRP$"
166319,"JJ"
166320,"NN"
166321,","
166322,"NN"
166323,":"
166324,"DT"
166325,"JJ"
166326,"NN"
166327,"NN"
166328,"NN"
166329,","
166330,"NNP"
166331,":"
166332,"NNP"
166333,","
166334,"DT"
166335,"NN"
166336,","
166337,"CC"
166338,"NNP"
166339,","
166340,"DT"
166341,"JJ"
166342,"NN"
166343,"."
166344,"NN"
166345,"VBD"
166346,"RB"
166347,"IN"
166348,"NNP"
166349,"POS"
166350,"NNS"
166351,"VBD"
166352,"VBN"
166353,"IN"
166354,"``"
166355,"CD"
166356,"TO"
166357,"CD"
166358,"NN"
166359,"NNS"
166360,"''"
166361,"IN"
166362,"DT"
166363,"NN"
166364,"IN"
166365,"DT"
166366,"JJ"
166367,"NN"
166368,","
166369,"NNP"
166370,"NNP"
166371,"VBD"
166372,"."
166373,"IN"
166374,"DT"
166375,"JJ"
166376,"NN"
166377,"IN"
166378,"CD"
166379,","
166380,"NNP"
166381,"VBD"
166382,"$"
166383,"CD"
166384,"CD"
166385,","
166386,"CC"
166387,"CD"
166388,"NNS"
166389,"DT"
166390,"NN"
166391,"."
166392,"IN"
166393,"NNP"
166394,","
166395,"NNP"
166396,","
166397,"DT"
166398,"JJ"
166399,"NN"
166400,"VBD"
166401,"DT"
166402,"NN"
166403,"VBZ"
166404,"RB"
166405,"VB"
166406,"NNS"
166407,"NNS"
166408,"."
166409,"NNP"
166410,"NNP"
166411,"VBD"
166412,"PRP"
166413,"VBD"
166414,"IN"
166415,"NNP"
166416,"POS"
166417,"NNS"
166418,"IN"
166419,"DT"
166420,"NN"
166421,"VBD"
166422,"IN"
166423,"CD"
166424,"NN"
166425,","
166426,"RB"
166427,"IN"
166428,"IN"
166429,"DT"
166430,"NN"
166431,"IN"
166432,"PRP$"
166433,"JJ"
166434,"NN"
166435,"NN"
166436,"."
166437,"DT"
166438,"NN"
166439,","
166440,"VBD"
166441,"JJ"
166442,"NN"
166443,","
166444,"VBZ"
166445,"VBN"
166446,"TO"
166447,"VB"
166448,"NNS"
166449,"IN"
166450,"IN"
166451,"$"
166452,"CD"
166453,"CD"
166454,"DT"
166455,"NN"
166456,"."
166457,"``"
166458,"PRP"
166459,"VBZ"
166460,"VBG"
166461,"RB"
166462,"TO"
166463,"VB"
166464,"DT"
166465,"JJ"
166466,"NN"
166467,","
166468,"''"
166469,"NNP"
166470,"NNP"
166471,"VBD"
166472,"."
166473,"IN"
166474,"JJ"
166475,"NN"
166476,"POS"
166477,"JJ"
166478,"NN"
166479,","
166480,"NNP"
166481,"VBD"
166482,"$"
166483,"CD"
166484,"CD"
166485,","
166486,"CC"
166487,"$"
166488,"CD"
166489,"DT"
166490,"NN"
166491,"."
166492,"IN"
166493,"NNP"
166494,","
166495,"NNP"
166496,"VBD"
166497,"NN"
166498,"."
166499,"JJ"
166500,"NNS"
166501,"VBD"
166502,"PRP"
166503,"VBD"
166504,"NNP"
166505,"POS"
166506,"NN"
166507,"RB"
166508,"TO"
166509,"VB"
166510,"IN"
166511,"JJR"
166512,"IN"
166513,"CD"
166514,"NN"
166515,"IN"
166516,"$"
166517,"CD"
166518,"CD"
166519,","
166520,"CC"
166521,"$"
166522,"CD"
166523,"DT"
166524,"NN"
166525,","
166526,"PRP"
166527,"VBD"
166528,"IN"
166529,"DT"
166530,"JJ"
166531,"NN"
166532,"JJ"
166533,"NN"
166534,"."
166535,"DT"
166536,"NN"
166537,"VBZ"
166538,"VBD"
166539,"IN"
166540,"NNS"
166541,"IN"
166542,"RB"
166543,"VBG"
166544,"PRP$"
166545,"NNS"
166546,"IN"
166547,"JJ"
166548,"NNS"
166549,"CC"
166550,"VBG"
166551,"JJ"
166552,"NNS"
166553,"IN"
166554,"JJ"
166555,"NN"
166556,"NNS"
166557,"."
166558,"DT"
166559,"NN"
166560,"POS"
166561,"JJ"
166562,"NN"
166563,","
166564,"NNS"
166565,"VBD"
166566,","
166567,"VBD"
166568,"JJ"
166569,"NNS"
166570,"IN"
166571,"PRP$"
166572,"NN"
166573,"NN"
166574,","
166575,"NNP"
166576,","
166577,"TO"
166578,"NN"
166579,"NNS"
166580,"NN"
166581,"."
166582,"JJ"
166583,"NNS"
166584,"VBP"
166585,"VBN"
166586,"TO"
166587,"VB"
166588,"IN"
166589,"$"
166590,"CD"
166591,"CD"
166592,"DT"
166593,"NN"
166594,","
166595,"RB"
166596,"IN"
166597,"$"
166598,"CD"
166599,"CD"
166600,"IN"
166601,"CD"
166602,"."
166603,"IN"
166604,"NNP"
166605,"NNP"
166606,","
166607,"NNP"
166608,","
166609,"DT"
166610,"NN"
166611,"IN"
166612,"DT"
166613,"NN"
166614,"VBD"
166615,"DT"
166616,"NNS"
166617,"POS"
166618,"NNS"
166619,"VBP"
166620,"``"
166621,"IN"
166622,"DT"
166623,"NN"
166624,"."
166625,"''"
166626,"NNP"
166627,"POS"
166628,"NN"
166629,","
166630,"VBN"
166631,"IN"
166632,"NNS"
166633,"TO"
166634,"VB"
166635,"IN"
166636,"CD"
166637,"NN"
166638,"IN"
166639,"DT"
166640,"$"
166641,"CD"
166642,"CD"
166643,","
166644,"CC"
166645,"$"
166646,"CD"
166647,"DT"
166648,"NN"
166649,","
166650,"PRP"
166651,"VBD"
166652,"IN"
166653,"DT"
166654,"JJ"
166655,"NN"
166656,"IN"
166657,"CD"
166658,","
166659,"VBD"
166660,"DT"
166661,"NN"
166662,"IN"
166663,"RB"
166664,"JJ"
166665,"NNS"
166666,"IN"
166667,"PRP$"
166668,"JJ"
166669,"NN"
166670,"IN"
166671,"VBG"
166672,"JJ"
166673,"NN"
166674,"NN"
166675,"CC"
166676,"JJ"
166677,"NN"
166678,"NN"
166679,"."
166680,"DT"
166681,"NN"
166682,"VBD"
166683,"RB"
166684,"VBN"
166685,"IN"
166686,"NNP"
166687,"NNP"
166688,"RBR"
166689,"DT"
166690,"NN"
166691,"."
166692,"NNP"
166693,"VBD"
166694,"TO"
166695,"VB"
166696,"."
166697,"NNP"
166698,"NNP"
166699,"IN"
166700,"NNP"
166701,"NNP"
166702,"VBD"
166703,"IN"
166704,"NNP"
166705,"NNP"
166706,"POS"
166707,"JJ"
166708,"NN"
166709,"NN"
166710,"IN"
166711,"IN"
166712,"CD"
166713,"NN"
166714,"TO"
166715,"CD"
166716,"NN"
166717,","
166718,"CC"
166719,"NNS"
166720,"POS"
166721,"VBN"
166722,"NN"
166723,"NN"
166724,"IN"
166725,"RB"
166726,"CD"
166727,"NN"
166728,"VBP"
166729,"RB"
166730,"IN"
166731,"``"
166732,"DT"
166733,"NNS"
166734,"VBP"
166735,"RB"
166736,"VBN"
166737,"RB"
166738,"."
166739,"''"
166740,"NNP"
166741,"VBD"
166742,"$"
166743,"CD"
166744,"CD"
166745,","
166746,"CC"
166747,"CD"
166748,"NNS"
166749,"DT"
166750,"NN"
166751,","
166752,"IN"
166753,"NNP"
166754,"VBD"
166755,"$"
166756,"CD"
166757,"CD"
166758,","
166759,"CC"
166760,"CD"
166761,"NNS"
166762,"DT"
166763,"NN"
166764,","
166765,"IN"
166766,"DT"
166767,"JJ"
166768,"NN"
166769,"DT"
166770,"NN"
166771,"RBR"
166772,"."
166773,"IN"
166774,"NNP"
166775,","
166776,"NNP"
166777,","
166778,"DT"
166779,"NN"
166780,"IN"
166781,"NNP"
166782,"VBD"
166783,"DT"
166784,"NN"
166785,"VBZ"
166786,"``"
166787,"DT"
166788,"NNS"
166789,"''"
166790,"IN"
166791,"DT"
166792,"JJ"
166793,"NN"
166794,"IN"
166795,"DT"
166796,"NNS"
166797,"IN"
166798,"JJ"
166799,"NNS"
166800,"IN"
166801,"NN"
166802,"NN"
166803,"IN"
166804,"IN"
166805,"CD"
166806,"NN"
166807,","
166808,"TO"
166809,"$"
166810,"CD"
166811,"."
166812,"DT"
166813,"NN"
166814,"VBZ"
166815,"TO"
166816,"VB"
166817,"DT"
166818,"CD"
166819,"NN"
166820,"NN"
166821,"IN"
166822,"JJ"
166823,"NNS"
166824,"IN"
166825,"NN"
166826,","
166827,"IN"
166828,"PRP"
166829,"VBD"
166830,"IN"
166831,"DT"
166832,"NN"
166833,","
166834,"DT"
166835,"NN"
166836,"VBD"
166837,"."
166838,"RB"
166839,","
166840,"NNS"
166841,"VBD"
166842,"NNP"
166843,"POS"
166844,"JJ"
166845,"NN"
166846,"IN"
166847,"JJ"
166848,"JJ"
166849,"NNS"
166850,"VBD"
166851,","
166852,"IN"
166853,"NNS"
166854,"IN"
166855,"DT"
166856,"NN"
166857,"VBD"
166858,"VBN"
166859,"TO"
166860,"VB"
166861,"IN"
166862,"IN"
166863,"CD"
166864,"NN"
166865,"."
166866,"NNS"
166867,"IN"
166868,"NNP"
166869,"POS"
166870,"JJ"
166871,"NNS"
166872,","
166873,"JJ"
166874,"IN"
166875,"VBG"
166876,"NN"
166877,","
166878,"CC"
166879,"NNP"
166880,","
166881,"DT"
166882,"NN"
166883,"NN"
166884,","
166885,"VBP"
166886,"VBN"
166887,"IN"
166888,"IN"
166889,"JJ"
166890,"NN"
166891,"."
166892,"``"
166893,"DT"
166894,"("
166895,"JJ"
166896,")"
166897,"NN"
166898,"VBN"
166899,"NNP"
166900,"DT"
166901,"NN"
166902,","
166903,"RB"
166904,","
166905,"''"
166906,"NNP"
166907,"NNP"
166908,"VBD"
166909,"."
166910,"IN"
166911,"DT"
166912,"JJ"
166913,"NN"
166914,"JJ"
166915,"NN"
166916,","
166917,"NNP"
166918,"VBD"
166919,"$"
166920,"CD"
166921,"CD"
166922,","
166923,"CC"
166924,"$"
166925,"CD"
166926,"DT"
166927,"NN"
166928,"."
166929,"IN"
166930,"NNP"
166931,"NNP"
166932,","
166933,"DT"
166934,"NN"
166935,"VBD"
166936,"NN"
166937,"."
166938,"NNS"
166939,"VBD"
166940,"PRP"
166941,"VBD"
166942,"NNP"
166943,"POS"
166944,"NN"
166945,"TO"
166946,"VB"
166947,"JJ"
166948,"CC"
166949,"NN"
166950,"IN"
166951,"JJ"
166952,"IN"
166953,"LS"
166954,"NN"
166955,"TO"
166956,"LS"
166957,"NN"
166958,"RB"
166959,"VBN"
166960,"IN"
166961,"$"
166962,"CD"
166963,"CD"
166964,","
166965,"CC"
166966,"CD"
166967,"NNS"
166968,"DT"
166969,"NN"
166970,","
166971,"PRP"
166972,"VBD"
166973,"DT"
166974,"NN"
166975,"RB"
166976,"."
166977,"NNP"
166978,"POS"
166979,"JJ"
166980,"NNS"
166981,"VBP"
166982,"JJ"
166983,","
166984,"DT"
166985,"NN"
166986,","
166987,"CC"
166988,"NNP"
166989,","
166990,"DT"
166991,"NN"
166992,"."
166993,"NNS"
166994,"IN"
166995,"DT"
166996,"NNS"
166997,"VBP"
166998,"VBN"
166999,"VBN"
167000,"IN"
167001,"JJ"
167002,"NN"
167003,"NNS"
167004,"VBG"
167005,"DT"
167006,"NNS"
167007,"IN"
167008,"JJ"
167009,"NN"
167010,"NNS"
167011,"CC"
167012,"JJ"
167013,"NN"
167014,"IN"
167015,"DT"
167016,"JJ"
167017,"NN"
167018,"IN"
167019,"DT"
167020,"NNS"
167021,"."
167022,"RB"
167023,","
167024,"DT"
167025,"NN"
167026,"POS"
167027,"JJ"
167028,"NN"
167029,","
167030,"NNP"
167031,","
167032,"VBZ"
167033,"VBG"
167034,"RB"
167035,":"
167036,"IN"
167037,"IN"
167038,"$"
167039,"CD"
167040,"CD"
167041,"IN"
167042,"DT"
167043,"NN"
167044,","
167045,"CC"
167046,"DT"
167047,"NN"
167048,"POS"
167049,"NN"
167050,"IN"
167051,"DT"
167052,"NN"
167053,"VBZ"
167054,"VBN"
167055,"VBN"
167056,"IN"
167057,"NNP"
167058,"POS"
167059,"JJ"
167060,"NN"
167061,"CC"
167062,"NN"
167063,"NNS"
167064,"IN"
167065,"NN"
167066,","
167067,"NNS"
167068,"VBD"
167069,"."
167070,"IN"
167071,"NNP"
167072,","
167073,"NNP"
167074,","
167075,"NNP"
167076,"VBD"
167077,"NN"
167078,"."
167079,"O"
167080,"IN"
167081,"DT"
167082,"NN"
167083,"IN"
167084,"JJ"
167085,"NNS"
167086,","
167087,"NNP"
167088,"NNP"
167089,"NNP"
167090,"POS"
167091,"NN"
167092,"VBD"
167093,"RB"
167094,"JJ"
167095,"NNP"
167096,","
167097,"VBG"
167098,"CD"
167099,"NN"
167100,"IN"
167101,"PRP$"
167102,"NNS"
167103,"VBD"
167104,"VBN"
167105,"IN"
167106,"NN"
167107,"IN"
167108,"DT"
167109,"JJ"
167110,"NN"
167111,"IN"
167112,"PRP$"
167113,"JJ"
167114,"JJ"
167115,"NN"
167116,"."
167117,"DT"
167118,"JJ"
167119,"NN"
167120,"NN"
167121,"VBD"
167122,"PRP"
167123,"VBZ"
167124,"DT"
167125,"$"
167126,"CD"
167127,"CD"
167128,"NN"
167129,"NN"
167130,"IN"
167131,"DT"
167132,"JJ"
167133,"JJ"
167134,"NN"
167135,"VBD"
167136,"NNP"
167137,"CD"
167138,"."
167139,"PRP"
167140,"VBD"
167141,"NNS"
167142,"VBD"
167143,"VBN"
167144,"VBG"
167145,"DT"
167146,"JJ"
167147,"NN"
167148,"IN"
167149,"DT"
167150,"NN"
167151,"."
167152,"NNP"
167153,"VBZ"
167154,"VBN"
167155,"TO"
167156,"VB"
167157,"``"
167158,"RB"
167159,"RB"
167160,"''"
167161,"IN"
167162,"DT"
167163,"$"
167164,"CD"
167165,"CD"
167166,"VBD"
167167,"DT"
167168,"NN"
167169,"RB"
167170,"."
167171,"NNP"
167172,"NNP"
167173,"VBD"
167174,"JJ"
167175,"NN"
167176,"IN"
167177,"$"
167178,"CD"
167179,"CD"
167180,","
167181,"CC"
167182,"CD"
167183,"NNS"
167184,"DT"
167185,"NN"
167186,","
167187,"IN"
167188,"DT"
167189,"JJ"
167190,"NN"
167191,"."
167192,"``"
167193,"IN"
167194,"PRP$"
167195,"JJ"
167196,"NNS"
167197,"VBD"
167198,"JJ"
167199,"NN"
167200,","
167201,"JJ"
167202,"JJ"
167203,"NN"
167204,"VBD"
167205,"RB"
167206,"IN"
167207,"NNS"
167208,","
167209,"''"
167210,"VBD"
167211,"NNP"
167212,"NNP"
167213,","
167214,"NN"
167215,"CC"
167216,"JJ"
167217,"NN"
167218,"NN"
167219,"."
167220,"DT"
167221,"NN"
167222,"VBD"
167223,"DT"
167224,"NN"
167225,"POS"
167226,"JJ"
167227,"NN"
167228,"VBZ"
167229,"RB"
167230,"JJ"
167231,","
167232,"CC"
167233,"NN"
167234,"NNS"
167235,"IN"
167236,"NN"
167237,"VBP"
167238,"VBG"
167239,"JJR"
167240,"NNS"
167241,"."
167242,"NNP"
167243,"NNP"
167244,"VBD"
167245,"PRP"
167246,"VBD"
167247,"DT"
167248,"NN"
167249,"IN"
167250,"NNP"
167251,"NNP"
167252,","
167253,"NN"
167254,"NN"
167255,"IN"
167256,"JJ"
167257,"NNS"
167258,","
167259,"CC"
167260,"IN"
167261,"PRP$"
167262,"NN"
167263,"NNS"
167264,"VBP"
167265,"VBN"
167266,"VBN"
167267,"."
167268,"DT"
167269,"NN"
167270,"VBD"
167271,"NNP"
167272,"NNP"
167273,"POS"
167274,"NN"
167275,"VBD"
167276,"RB"
167277,"VBN"
167278,"TO"
167279,"DT"
167280,"JJ"
167281,"NN"
167282,"."
167283,"NNP"
167284,"NNP"
167285,"VBD"
167286,"NN"
167287,"IN"
167288,"NNP"
167289,"CD"
167290,"IN"
167291,"$"
167292,"CD"
167293,"DT"
167294,"NN"
167295,"."
167296,"PRP"
167297,"VBD"
167298,"$"
167299,"CD"
167300,"DT"
167301,"NN"
167302,"NNP"
167303,","
167304,"TO"
167305,"$"
167306,"CD"
167307,","
167308,"DT"
167309,"JJ"
167310,"NN"
167311,","
167312,"IN"
167313,"JJ"
167314,"NN"
167315,"."
167316,"PRP$"
167317,"NN"
167318,"IN"
167319,"DT"
167320,"JJ"
167321,"NN"
167322,"VBD"
167323,"$"
167324,"CD"
167325,"DT"
167326,"NN"
167327,"."
167328,"IN"
167329,"DT"
167330,"JJ"
167331,"NN"
167332,","
167333,"DT"
167334,"NN"
167335,"VBD"
167336,"$"
167337,"CD"
167338,"CD"
167339,","
167340,"CC"
167341,"CD"
167342,"NNS"
167343,"DT"
167344,"NN"
167345,","
167346,"IN"
167347,"NNS"
167348,"IN"
167349,"$"
167350,"CD"
167351,"CD"
167352,"."
167353,"O"
167354,"NNP"
167355,"NNP"
167356,"VBZ"
167357,"DT"
167358,"JJ"
167359,"JJ"
167360,"NN"
167361,","
167362,"DT"
167363,"JJ"
167364,"NN"
167365,","
167366,"PRP$"
167367,"JJ"
167368,"NN"
167369,"NNP"
167370,"NNP"
167371,"("
167372,"IN"
167373,"NNP"
167374,"NNP"
167375,")"
167376,"CC"
167377,","
167378,"IN"
167379,"NN"
167380,","
167381,"DT"
167382,"NNS"
167383,"."
167384,"RB"
167385,","
167386,"JJS"
167387,"NNS"
167388,","
167389,"VBG"
167390,"VBN"
167391,"VBN"
167392,"TO"
167393,"NN"
167394,"NN"
167395,"IN"
167396,"DT"
167397,"JJ"
167398,"NNP"
167399,"NNP"
167400,","
167401,"NN"
167402,"IN"
167403,"DT"
167404,"NN"
167405,"DT"
167406,"NN"
167407,"NNP"
167408,"NNP"
167409,"POS"
167410,"NNP"
167411,"NNP"
167412,"VBD"
167413,"IN"
167414,"``"
167415,"NN"
167416,"IN"
167417,"DT"
167418,"NNS"
167419,"''"
167420,":"
167421,"IN"
167422,"DT"
167423,"JJ"
167424,"NN"
167425,"IN"
167426,"NN"
167427,"."
167428,"CC"
167429,"NNP"
167430,"NNP"
167431,"POS"
167432,"NNP"
167433,","
167434,"PRP$"
167435,"NN"
167436,"NNP"
167437,"IN"
167438,"DT"
167439,"NN"
167440,","
167441,"VBZ"
167442,"NN"
167443,"RB"
167444,"RB"
167445,"."
167446,"IN"
167447,"DT"
167448,"JJ"
167449,","
167450,"JJ"
167451,"NN"
167452,","
167453,"``"
167454,"JJ"
167455,"NNS"
167456,"''"
167457,"("
167458,"NNP"
167459,","
167460,"CD"
167461,"NNS"
167462,","
167463,"$"
167464,"CD"
167465,")"
167466,","
167467,"PRP"
167468,"VBZ"
167469,"DT"
167470,"JJ"
167471,"NN"
167472,","
167473,"VBD"
167474,"RB"
167475,"IN"
167476,"JJ"
167477,"NNS"
167478,"CC"
167479,"DT"
167480,"JJ"
167481,"NNP"
167482,"("
167483,"JJ"
167484,"NNS"
167485,"IN"
167486,"PRP$"
167487,"JJ"
167488,"NN"
167489,","
167490,"DT"
167491,"NNP"
167492,"NNP"
167493,","
167494,"NNP"
167495,"CD"
167496,")"
167497,"."
167498,"NNP"
167499,"NNP"
167500,","
167501,"DT"
167502,"NN"
167503,"CC"
167504,"NN"
167505,","
167506,"VBZ"
167507,"DT"
167508,"JJ"
167509,"CC"
167510,"RB"
167511,"JJ"
167512,"NN"
167513,"IN"
167514,"NN"
167515,"."
167516,"PRP"
167517,"VBZ"
167518,"PRP$"
167519,"``"
167520,"NNP"
167521,"IN"
167522,"DT"
167523,"NNS"
167524,","
167525,"DT"
167526,"NN"
167527,"WRB"
167528,"DT"
167529,"NNS"
167530,"IN"
167531,"NN"
167532,"VBP"
167533,"RB"
167534,"VBN"
167535,"IN"
167536,"JJ"
167537,"NNS"
167538,"IN"
167539,"NN"
167540,"''"
167541,"IN"
167542,"DT"
167543,"``"
167544,"NNP"
167545,"NNP"
167546,","
167547,"''"
167548,"DT"
167549,"NN"
167550,"NN"
167551,"IN"
167552,"NN"
167553,"CC"
167554,"NN"
167555,"CC"
167556,"NN"
167557,"."
167558,"IN"
167559,"DT"
167560,"NNP"
167561,"NNP"
167562,","
167563,"JJ"
167564,"NN"
167565,"NNS"
167566,"VBD"
167567,"IN"
167568,"NNP"
167569,","
167570,"JJ"
167571,"NNS"
167572,"``"
167573,"JJ"
167574,"''"
167575,"IN"
167576,"NNS"
167577,"IN"
167578,"JJ"
167579,"NNS"
167580,"("
167581,"IN"
167582,"NNS"
167583,"NNP"
167584,"CC"
167585,"NNP"
167586,"NNP"
167587,")"
167588,","
167589,"WP$"
167590,"NNS"
167591,"CC"
167592,"NNS"
167593,"VBD"
167594,"VBN"
167595,"IN"
167596,"NNS"
167597,"IN"
167598,"JJ"
167599,"NNS"
167600,"CC"
167601,"NNS"
167602,","
167603,"NNS"
167604,"IN"
167605,"NNP"
167606,"."
167607,"IN"
167608,"NNP"
167609,"NNP"
167610,"DT"
167611,"JJ"
167612,"NN"
167613,"VBD"
167614,"DT"
167615,"NN"
167616,"PRP"
167617,"VBD"
167618,"VBG"
167619,"IN"
167620,"DT"
167621,"JJ"
167622,"NNS"
167623,"IN"
167624,"DT"
167625,"JJ"
167626,"NN"
167627,":"
167628,"``"
167629,":"
167630,"RB"
167631,"JJ"
167632,","
167633,"RB"
167634,"JJ"
167635,","
167636,"VBG"
167637,"DT"
167638,"NN"
167639,"TO"
167640,"VB"
167641,"NNS"
167642,"."
167643,"''"
167644,"JJ"
167645,"CC"
167646,"JJ"
167647,"CC"
167648,"RB"
167649,"JJ"
167650,","
167651,"PRP"
167652,"VBZ"
167653,"DT"
167654,"NN"
167655,"DT"
167656,"NN"
167657,"IN"
167658,"NNP"
167659,"NNP"
167660,","
167661,"IN"
167662,"PRP"
167663,"VBD"
167664,"VBN"
167665,"JJ"
167666,"CC"
167667,"JJ"
167668,"CC"
167669,"JJR"
167670,"NN"
167671,"."
167672,"NNP"
167673,"NNP"
167674,","
167675,"IN"
167676,"NNP"
167677,"NNP"
167678,"VBZ"
167679,"PRP"
167680,"IN"
167681,"DT"
167682,"NN"
167683,","
167684,"RB"
167685,"VBD"
167686,"RB"
167687,"JJ"
167688,"."
167689,"PRP"
167690,"VBD"
167691,"VBN"
167692,","
167693,"IN"
167694,"DT"
167695,"JJ"
167696,"CD"
167697,"NNS"
167698,","
167699,"IN"
167700,"PRP$"
167701,"NN"
167702,","
167703,"NNP"
167704,","
167705,"WP"
167706,"PRP"
167707,"VBZ"
167708,"IN"
167709,"DT"
167710,"JJ"
167711,"NN"
167712,","
167713,"WP"
167714,"VBD"
167715,"NN"
167716,"TO"
167717,"VB"
167718,"WRB"
167719,"JJ"
167720,"POS"
167721,"NN"
167722,"VBD"
167723,"RB"
167724,"JJ"
167725,"IN"
167726,"PRP"
167727,"."
167728,"NNP"
167729,"VBD"
167730,"DT"
167731,"NN"
167732,","
167733,"WP"
167734,"MD"
167735,"CC"
167736,"MD"
167737,"RB"
167738,"VB"
167739,"VBN"
167740,"IN"
167741,"PRP$"
167742,"NN"
167743,","
167744,"IN"
167745,"DT"
167746,"JJ"
167747,"NN"
167748,"IN"
167749,"JJ"
167750,"POS"
167751,"NN"
167752,"."
167753,"NNP"
167754,"VBD"
167755,"JJ"
167756,"NN"
167757,"RB"
167758,"VBZ"
167759,"VBN"
167760,"PRP"
167761,"IN"
167762,"DT"
167763,"JJ"
167764,"NN"
167765,","
167766,"WP"
167767,"VBD"
167768,"RB"
167769,"VB"
167770,"RB"
167771,"IN"
167772,"PRP$"
167773,"NN"
167774,"POS"
167775,"NN"
167776,"IN"
167777,"DT"
167778,"NNS"
167779,"."
167780,"DT"
167781,"NNS"
167782,"NNP"
167783,"NNS"
167784,"VBD"
167785,"("
167786,"VBG"
167787,"NNS"
167788,"RP"
167789,"CC"
167790,"VBG"
167791,"PRP"
167792,","
167793,"IN"
167794,"NN"
167795,")"
167796,"VBP"
167797,"JJ"
167798,"IN"
167799,"NN"
167800,"POS"
167801,"NN"
167802,"NNS"
167803,","
167804,"CC"
167805,"NNP"
167806,"NNP"
167807,"VBZ"
167808,"PRP"
167809,"PDT"
167810,"VB"
167811,"IN"
167812,"DT"
167813,"JJ"
167814,"NN"
167815,"."
167816,"``"
167817,"IN"
167818,"JJ"
167819,"NN"
167820,"IN"
167821,"NN"
167822,"CC"
167823,"NN"
167824,","
167825,"PRP"
167826,"VBD"
167827,"IN"
167828,"DT"
167829,","
167830,"''"
167831,"PRP"
167832,"VBZ"
167833,"."
167834,"PRP"
167835,"VBD"
167836,"NNS"
167837,"IN"
167838,"PRP$"
167839,"NN"
167840,"NNS"
167841,"."
167842,"PRP$"
167843,"NN"
167844,"NNP"
167845,","
167846,"WP$"
167847,"NNS"
167848,"VBD"
167849,"VBG"
167850,"PRP$"
167851,"PRP"
167852,"VBD"
167853,"JJ"
167854,","
167855,"VBD"
167856,"IN"
167857,"DT"
167858,"JJ"
167859,"NN"
167860,"VBN"
167861,"IN"
167862,"PRP$"
167863,"NNS"
167864,"POS"
167865,"NN"
167866,","
167867,"RB"
167868,"IN"
167869,"PRP"
167870,"VBD"
167871,"DT"
167872,"JJ"
167873,"NN"
167874,"."
167875,"PRP$"
167876,"NN"
167877,"NN"
167878,"POS"
167879,"NN"
167880,"VBD"
167881,"DT"
167882,"JJ"
167883,"NN"
167884,":"
167885,"PRP"
167886,"VBD"
167887,"RB"
167888,"VB"
167889,"TO"
167890,"VB"
167891,"DT"
167892,"NNS"
167893,"IN"
167894,"DT"
167895,"."
167896,"RB"
167897,"RB"
167898,"VBD"
167899,"RB"
167900,"VBN"
167901,"IN"
167902,"WRB"
167903,"NNS"
167904,"VBD"
167905,"CC"
167906,"WRB"
167907,"IN"
167908,"PRP$"
167909,"JJ"
167910,"NNS"
167911,"VBD"
167912,"VBG"
167913,"."
167914,"WRB"
167915,"NNP"
167916,"VBD"
167917,","
167918,"PRP"
167919,"VBZ"
167920,"VBN"
167921,"IN"
167922,":"
167923,"CC"
167924,"VB"
167925,"PRP"
167926,"VB"
167927,"DT"
167928,"NN"
167929,"CC"
167930,"JJ"
167931,"NN"
167932,"NNS"
167933,"."
167934,"PRP"
167935,"VBD"
167936,"DT"
167937,"NN"
167938,"NN"
167939,","
167940,"NN"
167941,"CC"
167942,"NN"
167943,","
167944,"VBG"
167945,"TO"
167946,"PRP$"
167947,"NNS"
167948,"."
167949,"IN"
167950,"JJ"
167951,"NN"
167952,"PRP"
167953,"VBZ"
167954,"PRP$"
167955,"NNP"
167956,"NNP"
167957,","
167958,"DT"
167959,"JJ"
167960,"NN"
167961,"CC"
167962,"NN"
167963,"NN"
167964,"("
167965,"WP"
167966,"JJ"
167967,"NN"
167968,"IN"
167969,"NN"
167970,"IN"
167971,"DT"
167972,"NN"
167973,"NN"
167974,")"
167975,":"
167976,"CC"
167977,"NNP"
167978,"NNP"
167979,","
167980,"DT"
167981,"JJ"
167982,"NN"
167983,"NN"
167984,"WP"
167985,"VBD"
167986,"IN"
167987,"NNP"
167988,"CC"
167989,"VBD"
167990,"DT"
167991,"NN"
167992,"IN"
167993,"NN"
167994,"IN"
167995,"DT"
167996,"NNP"
167997,"NNP"
167998,","
167999,"IN"
168000,"DT"
168001,"``"
168002,"NNP"
168003,"NNP"
168004,"IN"
168005,"DT"
168006,"JJ"
168007,"NN"
168008,"."
168009,"''"
168010,"PRP"
168011,"VBD"
168012,"IN"
168013,"PRP$"
168014,"NN"
168015,"RB"
168016,"."
168017,"NNP"
168018,"POS"
168019,"NN"
168020,","
168021,"DT"
168022,"NNP"
168023,"NNP"
168024,","
168025,"VBD"
168026,"DT"
168027,"NNS"
168028,"IN"
168029,"JJ"
168030,"NNS"
168031,"IN"
168032,"DT"
168033,"NN"
168034,"NN"
168035,","
168036,"CC"
168037,"VBD"
168038,"RP"
168039,"PRP$"
168040,"JJ"
168041,"NN"
168042,","
168043,"``"
168044,"NNP"
168045,"IN"
168046,"NNP"
168047,"."
168048,"''"
168049,"DT"
168050,"NN"
168051,"VBZ"
168052,"DT"
168053,"NN"
168054,"IN"
168055,"DT"
168056,"NN"
168057,","
168058,"WRB"
168059,"RB"
168060,"VBZ"
168061,"RBR"
168062,"JJ"
168063,"IN"
168064,"VBG"
168065,"NNS"
168066,"CC"
168067,"JJR"
168068,"IN"
168069,"PRP$"
168070,"RB"
168071,"JJ"
168072,"NN"
168073,"."
168074,"IN"
168075,"DT"
168076,"JJS"
168077,"NN"
168078,","
168079,"RB"
168080,","
168081,"EX"
168082,"VBZ"
168083,"JJ"
168084,"NN"
168085,"IN"
168086,"PRP$"
168087,"NN"
168088,","
168089,"JJ"
168090,"NN"
168091,"IN"
168092,"DT"
168093,"NNS"
168094,"IN"
168095,"DT"
168096,"NNP"
168097,"NNP"
168098,"."
168099,"DT"
168100,"NNP"
168101,"RB"
168102,"VBZ"
168103,"IN"
168104,"NNP"
168105,"NNP"
168106,"NNP"
168107,"POS"
168108,"JJS"
168109,"NN"
168110,","
168111,"WDT"
168112,"VBZ"
168113,"RB"
168114,"TO"
168115,"DT"
168116,"NNP"
168117,"NNP"
168118,"IN"
168119,"DT"
168120,"NN"
168121,"."
168122,"CC"
168123,"DT"
168124,"JJ"
168125,"NN"
168126,"CC"
168127,"JJ"
168128,"NNS"
168129,"IN"
168130,"``"
168131,"DT"
168132,"JJ"
168133,"NN"
168134,"''"
168135,"("
168136,"NNP"
168137,"NNP"
168138,"NNP"
168139,","
168140,"CD"
168141,"NNS"
168142,","
168143,"$"
168144,"CD"
168145,")"
168146,"VBP"
168147,"VBN"
168148,"CC"
168149,"JJ"
168150,"."
168151,"IN"
168152,"PRP$"
168153,"JJ"
168154,"NN"
168155,","
168156,"NNP"
168157,"NNP"
168158,"VBD"
168159,"TO"
168160,"VB"
168161,"DT"
168162,"NN"
168163,"IN"
168164,"PRP$"
168165,"CD"
168166,"NN"
168167,","
168168,"``"
168169,"IN"
168170,"NNP"
168171,"NNS"
168172,"."
168173,"''"
168174,"NNP"
168175,"VBZ"
168176,"RB"
168177,"DT"
168178,"JJ"
168179,"NN"
168180,","
168181,"WP$"
168182,"JJ"
168183,"NN"
168184,"IN"
168185,"NNS"
168186,"CC"
168187,"JJ"
168188,"NNS"
168189,"IN"
168190,"NNP"
168191,"CC"
168192,"NNP"
168193,"NNP"
168194,"VBZ"
168195,"RB"
168196,"JJ"
168197,"."
168198,"NNP"
168199,"RB"
168200,"VBZ"
168201,"DT"
168202,"``"
168203,"JJ"
168204,"''"
168205,"NNS"
168206,"IN"
168207,"DT"
168208,"JJ"
168209,"NN"
168210,","
168211,"WRB"
168212,"NNS"
168213,"IN"
168214,"PRP$"
168215,"NN"
168216,"FW"
168217,"MD"
168218,"VB"
168219,"DT"
168220,"NN"
168221,"IN"
168222,"DT"
168223,"NN"
168224,"TO"
168225,"VB"
168226,"WP"
168227,"FW"
168228,"VBD"
168229,"VBG"
168230,"JJ"
168231,"."
168232,"``"
168233,"DT"
168234,"NNP"
168235,"NN"
168236,","
168237,"''"
168238,"VBZ"
168239,"NNP"
168240,"NNP"
168241,"."
168242,"NNP"
168243,"IN"
168244,"NN"
168245,"NNP"
168246,"NNP"
168247,"POS"
168248,"JJ"
168249,"NN"
168250,"MD"
168251,"VB"
168252,"JJ"
168253,","
168254,"RB"
168255,"WRB"
168256,"PRP"
168257,"VBZ"
168258,"JJ"
168259,"IN"
168260,"DT"
168261,"NNP"
168262,"JJ"
168263,"NN"
168264,":"
168265,"DT"
168266,"NN"
168267,"NNS"
168268,"NN"
168269,"DT"
168270,"JJ"
168271,"RP"
168272,","
168273,"RB"
168274,"VBG"
168275,"DT"
168276,"JJ"
168277,"NNS"
168278,"WP"
168279,"RB"
168280,"RB"
168281,"VBD"
168282,"PRP"
168283,"."
168284,"NNP"
168285,"VBZ"
168286,"VBN"
168287,"DT"
168288,"IN"
168289,"IN"
168290,"VBG"
168291,"IN"
168292,"DT"
168293,"NNP"
168294,"NNP"
168295,"NN"
168296,"IN"
168297,"PRP$"
168298,"NN"
168299,","
168300,"WP"
168301,"VBZ"
168302,"RB"
168303,"VBN"
168304,"TO"
168305,"NN"
168306,"FW"
168307,"CC"
168308,"NN"
168309,"NNS"
168310,"PRP"
168311,"RB"
168312,"VBZ"
168313,"TO"
168314,"VB"
168315,"WRB"
168316,"PRP$"
168317,"NN"
168318,"VBZ"
168319,"IN"
168320,"JJ"
168321,"NNS"
168322,"IN"
168323,"NNP"
168324,"."
168325,"CC"
168326,"PRP"
168327,"VBZ"
168328,"RB"
168329,"VB"
168330,"RB"
168331,"JJ"
168332,"NNS"
168333,"TO"
168334,"VB"
168335,"NNP"
168336,"IN"
168337,"."
168338,"PRP"
168339,"VBZ"
168340,"DT"
168341,"VBD"
168342,"."
168343,"O"
168344,"NNP"
168345,"NNP"
168346,"CC"
168347,"NNP"
168348,"NNP"
168349,"VBD"
168350,"PRP"
168351,"VBD"
168352,"TO"
168353,"VB"
168354,"$"
168355,"CD"
168356,"CD"
168357,"IN"
168358,"NN"
168359,"IN"
168360,"DT"
168361,"NN"
168362,"IN"
168363,"DT"
168364,"NNP"
168365,"NNP"
168366,"NNP"
168367,"VBG"
168368,"DT"
168369,"JJ"
168370,"NN"
168371,"IN"
168372,"DT"
168373,"JJ"
168374,"NN"
168375,"DT"
168376,"NN"
168377,"RB"
168378,"VBN"
168379,"IN"
168380,"NNP"
168381,"."
168382,"IN"
168383,"CD"
168384,"DT"
168385,"NNP"
168386,"VBD"
168387,"NNP"
168388,"NNP"
168389,","
168390,"WDT"
168391,"VBD"
168392,"DT"
168393,"NN"
168394,"IN"
168395,"DT"
168396,"NN"
168397,","
168398,"IN"
168399,"PRP"
168400,"VBD"
168401,"RB"
168402,"JJ"
168403,"IN"
168404,"JJ"
168405,"NN"
168406,"NNS"
168407,"IN"
168408,"DT"
168409,"NN"
168410,"IN"
168411,"DT"
168412,"JJ"
168413,"NNP"
168414,"NN"
168415,"."
168416,"DT"
168417,"JJ"
168418,"NN"
168419,"VBZ"
168420,"VBN"
168421,"IN"
168422,"NN"
168423,","
168424,"NN"
168425,"CC"
168426,"JJ"
168427,"NNS"
168428,"."
168429,"NNP"
168430,"NNP"
168431,"RB"
168432,"DT"
168433,"NN"
168434,"VBD"
168435,"DT"
168436,"NN"
168437,"NN"
168438,"WDT"
168439,"MD"
168440,"VB"
168441,"PRP"
168442,"DT"
168443,"NN"
168444,"IN"
168445,"DT"
168446,"NNP"
168447,"NN"
168448,","
168449,"RB"
168450,"VBG"
168451,"PRP"
168452,"IN"
168453,"NN"
168454,"IN"
168455,"DT"
168456,"NN"
168457,"POS"
168458,"NN"
168459,"NNS"
168460,"."
168461,"DT"
168462,"NN"
168463,"VBD"
168464,"IN"
168465,"IN"
168466,"NN"
168467,"IN"
168468,"PRP$"
168469,"NN"
168470,"IN"
168471,"DT"
168472,"NNP"
168473,","
168474,"PRP"
168475,"``"
168476,"VBD"
168477,"JJ"
168478,"JJ"
168479,"NNS"
168480,"IN"
168481,"NN"
168482,"TO"
168483,"VB"
168484,"NNS"
168485,"VBN"
168486,"IN"
168487,"IN"
168488,"DT"
168489,"NN"
168490,"."
168491,"''"
168492,"DT"
168493,"NN"
168494,","
168495,"WDT"
168496,"VBD"
168497,"DT"
168498,"NN"
168499,"IN"
168500,"DT"
168501,"NN"
168502,"JJ"
168503,"NNP"
168504,","
168505,"VBD"
168506,"IN"
168507,"$"
168508,"CD"
168509,"CD"
168510,"IN"
168511,"DT"
168512,"NN"
168513,"VBD"
168514,"RB"
168515,"VBN"
168516,"IN"
168517,"IN"
168518,"PRP$"
168519,"JJ"
168520,"NNS"
168521,"CC"
168522,"DT"
168523,"$"
168524,"CD"
168525,"MD"
168526,"VB"
168527,"VBN"
168528,"IN"
168529,"PRP$"
168530,"CD"
168531,"JJ"
168532,"NN"
168533,"."
168534,"DT"
168535,"NN"
168536,"CC"
168537,"NN"
168538,"NN"
168539,"VBP"
168540,"JJ"
168541,"TO"
168542,"NN"
168543,"NN"
168544,","
168545,"DT"
168546,"NN"
168547,"VBD"
168548,"."
168549,"NNP"
168550,"NNP"
168551,"VBD"
168552,"IN"
168553,"PRP"
168554,"``"
168555,"MD"
168556,"VB"
168557,"TO"
168558,"VB"
168559,"JJ"
168560,"NN"
168561,"IN"
168562,"NNS"
168563,"IN"
168564,"DT"
168565,"JJ"
168566,"NN"
168567,"IN"
168568,"DT"
168569,"NN"
168570,"CC"
168571,"DT"
168572,"JJ"
168573,"NNS"
168574,"PRP"
168575,"MD"
168576,"VB"
168577,"IN"
168578,"DT"
168579,"NNP"
168580,"NN"
168581,"."
168582,"''"
168583,"IN"
168584,"DT"
168585,"NN"
168586,","
168587,"NNP"
168588,"MD"
168589,"VB"
168590,"DT"
168591,"JJ"
168592,"NN"
168593,"CD"
168594,"NNS"
168595,"POS"
168596,"NN"
168597,"VBN"
168598,"NN"
168599,"IN"
168600,"VBG"
168601,"DT"
168602,"NNS"
168603,"IN"
168604,"JJ"
168605,"NN"
168606,"."
168607,"DT"
168608,"NN"
168609,"POS"
168610,"JJ"
168611,"NN"
168612,"MD"
168613,"RB"
168614,"VB"
168615,"IN"
168616,"$"
168617,"CD"
168618,"CD"
168619,"IN"
168620,"DT"
168621,"NNS"
168622,"VBP"
168623,"VBN"
168624,"."
168625,"``"
168626,"DT"
168627,"NNS"
168628,"IN"
168629,"DT"
168630,"NN"
168631,"RB"
168632,"VBN"
168633,"JJ"
168634,"DT"
168635,"NN"
168636,"IN"
168637,"NNP"
168638,"POS"
168639,"NN"
168640,","
168641,"WDT"
168642,"PRP"
168643,"VBP"
168644,"MD"
168645,"VB"
168646,"RB"
168647,"IN"
168648,"JJ"
168649,"CD"
168650,","
168651,"''"
168652,"VBD"
168653,"NNP"
168654,"NNP"
168655,"NNP"
168656,","
168657,"NNP"
168658,"POS"
168659,"JJ"
168660,"NN"
168661,"."
168662,"IN"
168663,"NN"
168664,","
168665,"NNP"
168666,"MD"
168667,"VB"
168668,"DT"
168669,"NN"
168670,"CD"
168671,"NNS"
168672,"POS"
168673,"NN"
168674,"VBN"
168675,"NN"
168676,"IN"
168677,"DT"
168678,"NNS"
168679,"VBG"
168680,"$"
168681,"CD"
168682,"CD"
168683,"IN"
168684,"NN"
168685,"VBN"
168686,"TO"
168687,"DT"
168688,"JJ"
168689,"NN"
168690,"NN"
168691,"."
168692,"NNP"
168693,"POS"
168694,"JJ"
168695,"NN"
168696,"IN"
168697,"DT"
168698,"NN"
168699,"MD"
168700,"VB"
168701,"IN"
168702,"JJS"
168703,"$"
168704,"CD"
168705,"CD"
168706,"."
168707,"RB"
168708,","
168709,"DT"
168710,"NN"
168711,"VBD"
168712,"PRP"
168713,"VBZ"
168714,"TO"
168715,"VB"
168716,"DT"
168717,"JJ"
168718,"NN"
168719,"IN"
168720,"NNS"
168721,"IN"
168722,"JJ"
168723,"CD"
168724,"TO"
168725,"VB"
168726,"IN"
168727,"PRP$"
168728,"JJ"
168729,"NN"
168730,"."
168731,"O"
168732,"JJ"
168733,"IN"
168734,"DT"
168735,"NN"
168736,"POS"
168737,"JJ"
168738,"NNS"
168739,"VBD"
168740,"NNP"
168741,"POS"
168742,"NN"
168743,"NN"
168744,"IN"
168745,"DT"
168746,"JJ"
168747,"NN"
168748,"IN"
168749,"NNS"
168750,"CC"
168751,"NN"
168752,"NNS"
168753,"."
168754,"VBG"
168755,"IN"
168756,"DT"
168757,"NN"
168758,"VBZ"
168759,"RB"
168760,"JJ"
168761,"IN"
168762,"DT"
168763,"JJ"
168764,"JJ"
168765,"NN"
168766,","
168767,"DT"
168768,"NNS"
168769,"VBP"
168770,"NNP"
168771,"POS"
168772,"NN"
168773,"MD"
168774,"VB"
168775,"DT"
168776,"NN"
168777,"IN"
168778,"JJ"
168779,"NN"
168780,":"
168781,"IN"
168782,"DT"
168783,"NN"
168784,"IN"
168785,"DT"
168786,"JJ"
168787,"NN"
168788,"CC"
168789,"NN"
168790,"NN"
168791,"IN"
168792,"JJ"
168793,"NNS"
168794,"MD"
168795,"VB"
168796,"JJ"
168797,"."
168798,"``"
168799,"DT"
168800,"VBZ"
168801,"DT"
168802,"NN"
168803,"TO"
168804,"JJ"
168805,"NN"
168806,"NNS"
168807,","
168808,"RB"
168809,"IN"
168810,"TO"
168811,"DT"
168812,"NNS"
168813,","
168814,"''"
168815,"VBD"
168816,"NNP"
168817,"NNP"
168818,","
168819,"NN"
168820,"IN"
168821,"NNP"
168822,"NNP"
168823,","
168824,"WP$"
168825,"NNS"
168826,"VBD"
168827,"$"
168828,"CD"
168829,"TO"
168830,"$"
168831,"CD"
168832,"."
168833,"``"
168834,"IN"
168835,"PRP"
168836,"VBP"
168837,"VBN"
168838,"IN"
168839,"DT"
168840,"NN"
168841,"IN"
168842,"DT"
168843,"NN"
168844,","
168845,"PRP"
168846,"MD"
168847,"VB"
168848,"DT"
168849,"JJ"
168850,"NN"
168851,"."
168852,"''"
168853,"DT"
168854,"JJ"
168855,"IN"
168856,"DT"
168857,"NNS"
168858,"RB"
168859,"IN"
168860,"DT"
168861,"NN"
168862,"NN"
168863,"IN"
168864,"DT"
168865,"NNP"
168866,"NNP"
168867,","
168868,"DT"
168869,"NN"
168870,"WDT"
168871,"VBZ"
168872,"TO"
168873,"VB"
168874,"JJ"
168875,"NNS"
168876,","
168877,"VBD"
168878,"RB"
168879,"RB"
168880,"JJ"
168881,"TO"
168882,"VB"
168883,"PRP$"
168884,"NN"
168885,"."
168886,"``"
168887,"NNS"
168888,"VBP"
168889,"DT"
168890,"NN"
168891,"MD"
168892,"VB"
168893,"NN"
168894,"IN"
168895,"JJ"
168896,"NNS"
168897,","
168898,"VBP"
168899,"NN"
168900,"IN"
168901,"NNS"
168902,","
168903,"VBP"
168904,"NN"
168905,"IN"
168906,"NNP"
168907,"NNP"
168908,","
168909,"''"
168910,"VBD"
168911,"NNP"
168912,"NNP"
168913,","
168914,"NN"
168915,"IN"
168916,"NNP"
168917,"NNP"
168918,","
168919,"WP$"
168920,"NN"
168921,"VBD"
168922,"$"
168923,"CD"
168924,"."
168925,"``"
168926,"WRB"
168927,"VBZ"
168928,"DT"
168929,"NN"
168930,"."
168931,"WRB"
168932,"VBZ"
168933,"DT"
168934,"NN"
168935,"WP"
168936,"MD"
168937,"VBP"
168938,":"
168939,"``"
168940,"NNP"
168941,"VBZ"
168942,"RB"
168943,"POS"
168944,"''"
168945,"."
168946,"DT"
168947,"NNS"
168948,"VBD"
168949,"RB"
168950,"VBN"
168951,"IN"
168952,"DT"
168953,"NN"
168954,"RB"
168955,"IN"
168956,"PRP"
168957,"VBD"
168958,"NNS"
168959,"IN"
168960,"NNS"
168961,"IN"
168962,"DT"
168963,"NN"
168964,"IN"
168965,"PRP$"
168966,"NNS"
168967,":"
168968,"CC"
168969,"NNS"
168970,"IN"
168971,"PRP$"
168972,"JJ"
168973,"NNS"
168974,"."
168975,"``"
168976,"PRP"
168977,"VBP"
168978,"RB"
168979,"VBG"
168980,"TO"
168981,"VB"
168982,"IN"
168983,"CD"
168984,"NN"
168985,"POS"
168986,"NN"
168987,","
168988,"''"
168989,"VBD"
168990,"NNP"
168991,"NNP"
168992,","
168993,"NNP"
168994,"NNP"
168995,"NNP"
168996,"NNP"
168997,","
168998,"WP"
168999,"VBD"
169000,"RB"
169001,"JJ"
169002,"IN"
169003,"DT"
169004,"JJ"
169005,"NN"
169006,"CC"
169007,"JJ"
169008,"NNS"
169009,"IN"
169010,"DT"
169011,"NNS"
169012,"RB"
169013,"IN"
169014,"PRP$"
169015,"NN"
169016,"POS"
169017,"NNS"
169018,"VBD"
169019,"$"
169020,"CD"
169021,"TO"
169022,"VB"
169023,"IN"
169024,"$"
169025,"CD"
169026,"."
169027,"``"
169028,"PRP"
169029,"VBD"
169030,"RB"
169031,"VB"
169032,"VBG"
169033,"NN"
169034,":"
169035,"PRP"
169036,"VBD"
169037,"RB"
169038,"RB"
169039,"VB"
169040,"IN"
169041,"NN"
169042,"."
169043,"''"
169044,"``"
169045,"EX"
169046,"VBZ"
169047,"RB"
169048,"VBN"
169049,"DT"
169050,"JJ"
169051,"NN"
169052,"IN"
169053,"DT"
169054,"NN"
169055,","
169056,"''"
169057,"VBD"
169058,"NNP"
169059,"NNP"
169060,","
169061,"WP$"
169062,"NNP"
169063,"CC"
169064,"NNP"
169065,"NNP"
169066,"VBD"
169067,"DT"
169068,"$"
169069,"CD"
169070,"NN"
169071,"TO"
169072,"VB"
169073,"IN"
169074,"$"
169075,"CD"
169076,"."
169077,"``"
169078,"DT"
169079,"NN"
169080,"IN"
169081,"DT"
169082,"VBN"
169083,"CD"
169084,"NNS"
169085,"RB"
169086,"CC"
169087,"RB"
169088,"VBD"
169089,"DT"
169090,"NN"
169091,"VBZ"
169092,"NNS"
169093,"DT"
169094,"NN"
169095,"IN"
169096,"DT"
169097,"MD"
169098,"RB"
169099,"VB"
169100,"DT"
169101,"NN"
169102,"."
169103,"''"
169104,"IN"
169105,"NN"
169106,","
169107,"VBD"
169108,"JJ"
169109,"NNS"
169110,"RB"
169111,"VBP"
169112,"TO"
169113,"VB"
169114,"DT"
169115,"NNS"
169116,"IN"
169117,"NN"
169118,"NNS"
169119,"CC"
169120,"NN"
169121,"NNS"
169122,"."
169123,"RB"
169124,","
169125,"CD"
169126,"JJ"
169127,"NN"
169128,"WP"
169129,"VBD"
169130,"RB"
169131,"JJ"
169132,"IN"
169133,"NNP"
169134,"POS"
169135,"NNS"
169136,"VBD"
169137,"NNP"
169138,"PDT"
169139,","
169140,"NN"
169141,"IN"
169142,"NNP"
169143,"NNP"
169144,","
169145,"DT"
169146,"NN"
169147,"IN"
169148,"NNP"
169149,"NNP"
169150,"CC"
169151,"DT"
169152,"NN"
169153,"IN"
169154,"DT"
169155,"NN"
169156,"NN"
169157,"IN"
169158,"NNP"
169159,"NNP"
169160,"."
169161,"VBN"
169162,"IN"
169163,"NNP"
169164,"POS"
169165,"NN"
169166,"MD"
169167,"VB"
169168,"PRP"
169169,"VBP"
169170,"VBG"
169171,"VBN"
169172,"IN"
169173,"DT"
169174,"NNP"
169175,"NNP"
169176,"JJ"
169177,"NN"
169178,"NN"
169179,","
169180,"NNP"
169181,"NNP"
169182,"VBD"
169183,"RB"
169184,"CC"
169185,"VBD"
169186,":"
169187,"``"
169188,"DT"
169189,"NN"
169190,"."
169191,"''"
169192,"IN"
169193,"NNP"
169194,"NN"
169195,","
169196,"IN"
169197,"DT"
169198,"NN"
169199,"POS"
169200,"NN"
169201,","
169202,"DT"
169203,"NN"
169204,"NNS"
169205,"VBD"
169206,"DT"
169207,"NN"
169208,"VBG"
169209,"DT"
169210,"NN"
169211,"MD"
169212,"VB"
169213,"IN"
169214,"RB"
169215,"DT"
169216,"JJ"
169217,"CD"
169218,"NN"
169219,"JJ"
169220,"NN"
169221,","
169222,"IN"
169223,"JJ"
169224,"NN"
169225,","
169226,"RB"
169227,"VB"
169228,"FW"
169229,"IN"
169230,"CD"
169231,"."
169232,"IN"
169233,"DT"
169234,"CD"
169235,"NNS"
169236,"WP"
169237,"VBD"
169238,"IN"
169239,"DT"
169240,"NNP"
169241,"NNP"
169242,"NN"
169243,","
169244,"RB"
169245,"CD"
169246,"JJ"
169247,"NNS"
169248,"IN"
169249,"NN"
169250,"IN"
169251,"DT"
169252,"NN"
169253,"POS"
169254,"NN"
169255,"IN"
169256,"DT"
169257,"JJ"
169258,"CD"
169259,"NNS"
169260,","
169261,"CC"
169262,"IN"
169263,"``"
169264,"DT"
169265,"NNS"
169266,"DT"
169267,"NNS"
169268,"VBP"
169269,"RB"
169270,"JJ"
169271,"TO"
169272,"VB"
169273,"DT"
169274,"NN"
169275,"NN"
169276,","
169277,"''"
169278,"VBD"
169279,"NNP"
169280,"NNP"
169281,","
169282,"NN"
169283,"IN"
169284,"NNP"
169285,"NNP"
169286,"CC"
169287,"NNP"
169288,"NNP"
169289,"NN"
169290,"NN"
169291,"IN"
169292,"DT"
169293,"NNP"
169294,"NNP"
169295,"."
169296,"O"
169297,"DT"
169298,"JJ"
169299,"NN"
169300,"NN"
169301,"WDT"
169302,"VBZ"
169303,"VBG"
169304,"IN"
169305,"DT"
169306,"NN"
169307,"IN"
169308,"NNP"
169309,"NNP"
169310,"NN"
169311,"NN"
169312,"CC"
169313,"NN"
169314,"VBZ"
169315,"RB"
169316,"VBG"
169317,"DT"
169318,"NN"
169319,"POS"
169320,"JJ"
169321,"JJ"
169322,"NN"
169323,"NN"
169324,"."
169325,"IN"
169326,"NNP"
169327,","
169328,"JJ"
169329,"NN"
169330,"NNS"
169331,"VBP"
169332,"JJ"
169333,"CC"
169334,"RB"
169335,"VBN"
169336,"NN"
169337,"VBZ"
169338,"VBN"
169339,"JJ"
169340,"TO"
169341,"VB"
169342,"."
169343,"JJ"
169344,"JJ"
169345,"NN"
169346,"NNS"
169347,"VBP"
169348,"NNS"
169349,"VBP"
169350,"JJ"
169351,"TO"
169352,"VB"
169353,"NNS"
169354,"IN"
169355,"IN"
169356,"NN"
169357,"IN"
169358,"DT"
169359,"JJ"
169360,"NN"
169361,","
169362,"NN"
169363,"IN"
169364,"PRP$"
169365,"JJ"
169366,"NNS"
169367,"CC"
169368,"DT"
169369,"NN"
169370,"IN"
169371,"NNS"
169372,"VBP"
169373,"RB"
169374,"RB"
169375,"VBN"
169376,"NN"
169377,"."
169378,"``"
169379,"EX"
169380,"VBZ"
169381,"DT"
169382,"JJ"
169383,"NN"
169384,"IN"
169385,"NN"
169386,"JJ"
169387,","
169388,"''"
169389,"VBZ"
169390,"NNP"
169391,"NNP"
169392,","
169393,"JJ"
169394,"NN"
169395,"NN"
169396,"IN"
169397,"NNP"
169398,"NNP"
169399,"NNP"
169400,"NNP"
169401,"NNP"
169402,"."
169403,"EX"
169404,"VBP"
169405,"RB"
169406,"CD"
169407,"NNS"
169408,"IN"
169409,"NN"
169410,","
169411,"RB"
169412,"IN"
169413,"DT"
169414,"RBR"
169415,"JJ"
169416,"NN"
169417,"IN"
169418,"CD"
169419,"TO"
169420,"CD"
169421,"."
169422,"``"
169423,"DT"
169424,"JJ"
169425,"NNS"
169426,"NNS"
169427,","
169428,"''"
169429,"PRP"
169430,"VBZ"
169431,"."
169432,"``"
169433,"PRP"
169434,"VBP"
169435,"MD"
169436,"PRP"
169437,"VB"
169438,"DT"
169439,"NN"
169440,"IN"
169441,"NNS"
169442,"VBP"
169443,"RB"
169444,"VBG"
169445,"RB"
169446,"."
169447,"VBZ"
169448,"DT"
169449,"DT"
169450,"JJ"
169451,"NN"
169452,"TO"
169453,"VB"
169454,"DT"
169455,"NN"
169456,"."
169457,"WP"
169458,"VBZ"
169459,"VBG"
169460,"TO"
169461,"VB"
169462,"IN"
169463,"DT"
169464,"NN"
169465,"IN"
169466,"NN"
169467,"."
169468,"''"
169469,"IN"
169470,"NN"
169471,","
169472,"NNP"
169473,"NNP"
169474,"VBZ"
169475,","
169476,"NNS"
169477,"RB"
169478,"MD"
169479,"VB"
169480,"TO"
169481,"VB"
169482,"NNS"
169483,"WDT"
169484,"VBP"
169485,"IN"
169486,"NN"
169487,"JJR"
169488,"IN"
169489,"NNS"
169490,"POS"
169491,"JJ"
169492,"VBG"
169493,"NN"
169494,"."
169495,"DT"
169496,"NN"
169497,"IN"
169498,"JJ"
169499,"JJ"
169500,"NNS"
169501,","
169502,"JJ"
169503,"IN"
169504,"DT"
169505,"JJ"
169506,"NNP"
169507,"CC"
169508,"NNP"
169509,"CC"
169510,"NNP"
169511,"NNP"
169512,"NNS"
169513,","
169514,"VBP"
169515,"VBN"
169516,"JJ"
169517,"TO"
169518,"VB"
169519,"WP"
169520,"JJ"
169521,"VB"
169522,"IN"
169523,"JJ"
169524,"NNS"
169525,"."
169526,"CC"
169527,","
169528,"IN"
169529,"DT"
169530,"NNS"
169531,","
169532,"NNS"
169533,"VBP"
169534,"RB"
169535,"VB"
169536,"DT"
169537,"NN"
169538,"."
169539,"CC"
169540,"IN"
169541,"NN"
169542,","
169543,"NNP"
169544,"JJ"
169545,"NNS"
169546,"VBP"
169547,"VBN"
169548,"CD"
169549,"NN"
169550,"TO"
169551,"CD"
169552,"NN"
169553,"IN"
169554,"DT"
169555,"JJ"
169556,"CD"
169557,"NNS"
169558,"RB"
169559,","
169560,"NNS"
169561,"VBP"
169562,"."
169563,"DT"
169564,"VBZ"
169565,"DT"
169566,"RBR"
169567,"JJ"
169568,"NN"
169569,"IN"
169570,"DT"
169571,"JJ"
169572,"CD"
169573,"NNS"
169574,","
169575,"IN"
169576,"NNP"
169577,"NNP"
169578,"VBD"
169579,"VBN"
169580,"RB"
169581,"RB"
169582,"IN"
169583,"CD"
169584,"."
169585,"DT"
169586,"JJ"
169587,"NNS"
169588,"VBG"
169589,"NN"
169590,"IN"
169591,"NN"
169592,"NN"
169593,"VBP"
169594,"VBN"
169595,"NN"
169596,"."
169597,"``"
169598,"IN"
169599,"NNS"
169600,"NN"
169601,"CC"
169602,"NN"
169603,","
169604,"DT"
169605,"NN"
169606,"IN"
169607,"NNS"
169608,"WP"
169609,"MD"
169610,"VB"
169611,"JJ"
169612,"NNS"
169613,"NNS"
169614,","
169615,"''"
169616,"VBZ"
169617,"NNP"
169618,"NNP"
169619,"NNP"
169620,","
169621,"JJ"
169622,"NN"
169623,"NN"
169624,"IN"
169625,"NNP"
169626,"NNP"
169627,"NNP"
169628,"."
169629,"PRP"
169630,"VBZ"
169631,"JJ"
169632,"NNS"
169633,"VBG"
169634,"NNS"
169635,","
169636,"NN"
169637,"CC"
169638,"NN"
169639,"NNS"
169640,":"
169641,"JJ"
169642,"NNS"
169643,"IN"
169644,"DT"
169645,"JJ"
169646,"NN"
169647,"NN"
169648,":"
169649,"VBP"
169650,"RB"
169651,"VBN"
169652,"DT"
169653,"NN"
169654,"."
169655,"NNP"
169656,"VBD"
169657,"VBP"
169658,"WP"
169659,"PRP"
169660,"VBZ"
169661,"``"
169662,"JJ"
169663,"''"
169664,"NNS"
169665,"WDT"
169666,"RB"
169667,"VBP"
169668,"NN"
169669,"NNS"
169670,"."
169671,"IN"
169672,"DT"
169673,"NNS"
169674,","
169675,"NNP"
169676,"NNP"
169677,"VBZ"
169678,","
169679,"``"
169680,"NNS"
169681,"VBP"
169682,"RB"
169683,"JJ"
169684,"IN"
169685,"VBG"
169686,"JJ"
169687,"NNS"
169688,"VBP"
169689,"VBN"
169690,"JJ"
169691,"CC"
169692,"IN"
169693,"DT"
169694,"NNS"
169695,"VBP"
169696,"VBN"
169697,"."
169698,"''"
169699,"NN"
169700,"IN"
169701,"DT"
169702,"NN"
169703,"NN"
169704,","
169705,"WDT"
169706,"VBZ"
169707,"VBG"
169708,"JJ"
169709,"NN"
169710,"JJ"
169711,","
169712,"VBZ"
169713,"DT"
169714,"NN"
169715,"IN"
169716,"NNS"
169717,"."
169718,"PRP"
169719,"VBZ"
169720,"RB"
169721,"DT"
169722,"NN"
169723,"TO"
169724,"NNS"
169725,"CC"
169726,"JJ"
169727,"NNP"
169728,"NNP"
169729,"NNS"
169730,"WRB"
169731,"DT"
169732,"NN"
169733,"IN"
169734,"JJR"
169735,"NN"
169736,"NNS"
169737,","
169738,"WDT"
169739,"VBP"
169740,"JJ"
169741,"NNS"
169742,","
169743,"JJ"
169744,"IN"
169745,"NN"
169746,"."
169747,"NNP"
169748,"NNP"
169749,","
169750,"NN"
169751,"IN"
169752,"NNP"
169753,"NNP"
169754,"CC"
169755,"NNP"
169756,"NNP"
169757,"VBZ"
169758,","
169759,"VBZ"
169760,"VBN"
169761,"IN"
169762,"NN"
169763,"NNS"
169764,"CC"
169765,"NNP"
169766,"POS"
169767,"VBZ"
169768,"IN"
169769,"NN"
169770,"IN"
169771,"PRP$"
169772,"NN"
169773,","
169774,"NNP"
169775,"NNP"
169776,"."
169777,"DT"
169778,"NN"
169779,"IN"
169780,"JJR"
169781,"NNS"
169782,"MD"
169783,"VB"
169784,"JJ"
169785,"VBN"
169786,"IN"
169787,"DT"
169788,"NNS"
169789,"IN"
169790,"NNP"
169791,"NNP"
169792,"VBP"
169793,"VBG"
169794,"DT"
169795,"NN"
169796,"IN"
169797,"JJ"
169798,"JJ"
169799,"NNS"
169800,"TO"
169801,"JJ"
169802,"NNS"
169803,"."
169804,"CC"
169805,","
169806,"IN"
169807,"DT"
169808,"JJ"
169809,"NN"
169810,","
169811,"IN"
169812,"JJ"
169813,"IN"
169814,"DT"
169815,"NNS"
169816,"EX"
169817,"VBZ"
169818,"RB"
169819,"VBN"
169820,"RB"
169821,"JJ"
169822,"DT"
169823,"NN"
169824,"IN"
169825,"DT"
169826,"JJ"
169827,"NNS"
169828,"IN"
169829,"DT"
169830,"JJ"
169831,"NNS"
169832,","
169833,"WRB"
169834,"PRP$"
169835,"NNS"
169836,"VBD"
169837,"VBN"
169838,"."
169839,"RB"
169840,","
169841,"DT"
169842,"JJ"
169843,"NN"
169844,"IN"
169845,"NNS"
169846,"VBZ"
169847,"RB"
169848,"VB"
169849,"NNP"
169850,"VBZ"
169851,"JJ"
169852,"."
169853,"NNP"
169854,"NNP"
169855,"NN"
169856,"VBZ"
169857,"RB"
169858,"VBN"
169859,"RB"
169860,"IN"
169861,"DT"
169862,"JJ"
169863,"NN"
169864,"IN"
169865,"JJ"
169866,"NNP"
169867,"NNS"
169868,"."
169869,"NNP"
169870,"CC"
169871,"NNP"
169872,"NNP"
169873,"CC"
169874,"NNP"
169875,"JJ"
169876,"NN"
169877,"MD"
169878,"VB"
169879,"NNS"
169880,"IN"
169881,"RB"
169882,"TO"
169883,"$"
169884,"CD"
169885,"DT"
169886,"NN"
169887,"NN"
169888,","
169889,"CC"
169890,"$"
169891,"CD"
169892,"VBZ"
169893,"RB"
169894,"JJ"
169895,"."
169896,"DT"
169897,"JJ"
169898,"JJ"
169899,"NN"
169900,"NN"
169901,"VBZ"
169902,"NNS"
169903,"IN"
169904,"IN"
169905,"$"
169906,"CD"
169907,"DT"
169908,"NN"
169909,"NN"
169910,","
169911,"RB"
169912,"VBP"
169913,"VBG"
169914,"NNS"
169915,"IN"
169916,"JJR"
169917,"NNP"
169918,"NNP"
169919,"."
169920,"IN"
169921,"NN"
169922,","
169923,"NNS"
169924,"IN"
169925,"DT"
169926,"JJS"
169927,"JJ"
169928,"NNS"
169929,"IN"
169930,"NNP"
169931,","
169932,"NNP"
169933,"NNP"
169934,"CC"
169935,"NNP"
169936,"RB"
169937,"JJ"
169938,"$"
169939,"CD"
169940,"DT"
169941,"NN"
169942,"NN"
169943,"."
169944,"CC"
169945,"NNS"
169946,"IN"
169947,"NNP"
169948,"NNP"
169949,"POS"
169950,"NNP"
169951,"NNP"
169952,"RB"
169953,"VBP"
169954,"RB"
169955,"VB"
169956,"IN"
169957,"$"
169958,"CD"
169959,"DT"
169960,"NN"
169961,"NN"
169962,"."
169963,"DT"
169964,"NNP"
169965,"NNP"
169966,"NNP"
169967,"NNP"
169968,"VBD"
169969,"CD"
169970,"NNS"
169971,"MD"
169972,"VB"
169973,"VBG"
169974,"DT"
169975,"NN"
169976,"."
169977,"NNP"
169978,"VBZ"
169979,"NNP"
169980,","
169981,"CC"
169982,","
169983,"NNP"
169984,","
169985,"MD"
169986,"VB"
169987,"NN"
169988,"IN"
169989,"DT"
169990,"NN"
169991,"NN"
169992,"."
169993,"PRP"
169994,"VBZ"
169995,"NN"
169996,"NNS"
169997,"CC"
169998,"VBZ"
169999,"VBN"
170000,"JJ"
170001,"."
170002,"NNP"
170003,"NNP"
170004,"IN"
170005,"NNP"
170006,"NNP"
170007,"NNP"
170008,","
170009,"DT"
170010,"NNP"
170011,","
170012,"NNP"
170013,","
170014,"JJ"
170015,"NNS"
170016,"NN"
170017,","
170018,"MD"
170019,"VB"
170020,"JJ"
170021,"NN"
170022,"NNS"
170023,","
170024,"VBG"
170025,"JJ"
170026,"NNS"
170027,","
170028,"IN"
170029,"DT"
170030,"NN"
170031,"NN"
170032,"."
170033,"PRP"
170034,"MD"
170035,"VB"
170036,"TO"
170037,"VB"
170038,"IN"
170039,"DT"
170040,"NNP"
170041,"NNP"
170042,"NNP"
170043,","
170044,"NNP"
170045,"."
170046,"DT"
170047,"NNP"
170048,"NNP"
170049,"NNP"
170050,"VBD"
170051,"NNS"
170052,"IN"
170053,"CD"
170054,"NNS"
170055,"."
170056,"NNP"
170057,"NNP"
170058,"NNP"
170059,","
170060,"DT"
170061,"NNP"
170062,","
170063,"NNP"
170064,","
170065,"NN"
170066,"NN"
170067,"NN"
170068,"NN"
170069,","
170070,"VBD"
170071,"NN"
170072,"IN"
170073,"DT"
170074,"NN"
170075,"NN"
170076,"."
170077,"PRP"
170078,"VBD"
170079,"VBN"
170080,"JJ"
170081,"."
170082,"NNP"
170083,"NNP"
170084,"NNP"
170085,","
170086,"NNP"
170087,","
170088,"VBD"
170089,"NN"
170090,"IN"
170091,"DT"
170092,"NN"
170093,"NN"
170094,"."
170095,"DT"
170096,"NNS"
170097,"NN"
170098,"VBD"
170099,"VBN"
170100,"JJ"
170101,"."
170102,"DT"
170103,"NNP"
170104,"NNP"
170105,"NNP"
170106,"IN"
170107,"DT"
170108,"NNP"
170109,"JJ"
170110,"NN"
170111,"VBD"
170112,"NNS"
170113,"IN"
170114,"CD"
170115,"NN"
170116,"."
170117,"NNP"
170118,"NNP"
170119,"NNPS"
170120,"NNP"
170121,","
170122,"DT"
170123,"NNP"
170124,"NN"
170125,"NNS"
170126,"NN"
170127,","
170128,"VBD"
170129,"VBN"
170130,"IN"
170131,"DT"
170132,"NN"
170133,"NN"
170134,"."
170135,"O"
170136,"WRB"
170137,"NNP"
170138,"NNP"
170139,"NNP"
170140,"VBZ"
170141,"DT"
170142,"NN"
170143,"IN"
170144,"PRP$"
170145,"JJ"
170146,"NN"
170147,"IN"
170148,"DT"
170149,"NNP"
170150,"NNP"
170151,"NN"
170152,","
170153,"DT"
170154,"NN"
170155,"MD"
170156,"VB"
170157,"RB"
170158,"IN"
170159,"JJ"
170160,"NNS"
170161,"IN"
170162,"PRP$"
170163,"NN"
170164,"."
170165,"IN"
170166,"DT"
170167,"JJ"
170168,"NN"
170169,","
170170,"DT"
170171,"JJ"
170172,"NN"
170173,"VBZ"
170174,"PRP$"
170175,"NN"
170176,"RB"
170177,"RB"
170178,"IN"
170179,"NN"
170180,","
170181,"RB"
170182,"IN"
170183,"IN"
170184,"DT"
170185,"NN"
170186,"IN"
170187,"DT"
170188,"JJ"
170189,"NN"
170190,"POS"
170191,"NN"
170192,"."
170193,"DT"
170194,"NN"
170195,"NN"
170196,"VBZ"
170197,"JJ"
170198,","
170199,"IN"
170200,"RB"
170201,","
170202,"IN"
170203,"PRP$"
170204,"CD"
170205,"JJ"
170206,"CC"
170207,"JJ"
170208,"NNS"
170209,","
170210,"NNS"
170211,"NNP"
170212,"NNP"
170213,","
170214,"NNP"
170215,"NNP"
170216,"CC"
170217,"NNP"
170218,"NNP"
170219,"."
170220,"CC"
170221,"VBP"
170222,"DT"
170223,"CD"
170224,"NNS"
170225,","
170226,"CD"
170227,"IN"
170228,"PRP"
170229,"IN"
170230,"PRP$"
170231,"FW"
170232,","
170233,"JJ"
170234,"TO"
170235,"VB"
170236,"DT"
170237,"JJ"
170238,"NN"
170239,"IN"
170240,"CD"
170241,"NNS"
170242,","
170243,"RB"
170244,","
170245,"IN"
170246,"NN"
170247,"IN"
170248,"DT"
170249,"JJ"
170250,"NN"
170251,"."
170252,"DT"
170253,"NN"
170254,"VBZ"
170255,"IN"
170256,"DT"
170257,"CD"
170258,"VBP"
170259,"VBN"
170260,"TO"
170261,"VB"
170262,"DT"
170263,"JJ"
170264,"NN"
170265,","
170266,"CC"
170267,"DT"
170268,"NNS"
170269,"WDT"
170270,"VBP"
170271,"IN"
170272,"PRP"
170273,","
170274,"CC"
170275,"IN"
170276,"JJ"
170277,"NNS"
170278,"."
170279,"NNP"
170280,"NNP"
170281,"CC"
170282,"NNP"
170283,"VBP"
170284,"JJ"
170285,"IN"
170286,"PRP"
170287,":"
170288,"NNPS"
170289,"NNP"
170290,"CC"
170291,"NNP"
170292,"VBP"
170293,"VBG"
170294,"JJ"
170295,"."
170296,"DT"
170297,"CD"
170298,"NNS"
170299,"VBP"
170300,"DT"
170301,"NNS"
170302,"TO"
170303,"NN"
170304,","
170305,"RB"
170306,"VBG"
170307,"NNS"
170308,"IN"
170309,"DT"
170310,"JJ"
170311,"NN"
170312,"TO"
170313,"VB"
170314,"DT"
170315,"NN"
170316,"POS"
170317,"JJ"
170318,"NN"
170319,"."
170320,"CC"
170321,"RB"
170322,","
170323,"IN"
170324,"NNS"
170325,"JJ"
170326,","
170327,"PRP"
170328,"VBP"
170329,"VBN"
170330,"DT"
170331,"NN"
170332,"CC"
170333,"VBP"
170334,"VBN"
170335,"JJ"
170336,"TO"
170337,"VB"
170338,"RP"
170339,"DT"
170340,"JJ"
170341,"NN"
170342,"TO"
170343,"VB"
170344,"RP"
170345,"DT"
170346,"NN"
170347,"IN"
170348,"JJ"
170349,"NNS"
170350,"IN"
170351,"JJ"
170352,"NNS"
170353,"CC"
170354,"NNS"
170355,"NNS"
170356,"."
170357,"RB"
170358,","
170359,"RB"
170360,","
170361,"IN"
170362,"DT"
170363,"NN"
170364,"POS"
170365,"JJ"
170366,"JJ"
170367,"JJ"
170368,"NN"
170369,"VBZ"
170370,"TO"
170371,"VB"
170372,","
170373,"NNS"
170374,"IN"
170375,"DT"
170376,"NNS"
170377,"VBP"
170378,"JJ"
170379,"."
170380,"DT"
170381,"NN"
170382,"VBZ"
170383,"RB"
170384,"JJ"
170385,"IN"
170386,"NNP"
170387,"NNP"
170388,","
170389,"DT"
170390,"JJ"
170391,"NN"
170392,"IN"
170393,"DT"
170394,"JJ"
170395,"JJ"
170396,"NN"
170397,"IN"
170398,"NNP"
170399,"NNP"
170400,"NNP"
170401,"NNP"
170402,"."
170403,"IN"
170404,"DT"
170405,"CD"
170406,"NNP"
170407,"NNP"
170408,"NNS"
170409,"IN"
170410,"DT"
170411,"NN"
170412,"IN"
170413,"CD"
170414,"IN"
170415,"DT"
170416,"NN"
170417,"IN"
170418,"CD"
170419,","
170420,"DT"
170421,"NN"
170422,"IN"
170423,"DT"
170424,"NNP"
170425,"NNP"
170426,"POS"
170427,"NN"
170428,","
170429,"NNP"
170430,"NNP"
170431,"VBD"
170432,"RB"
170433,"CD"
170434,"NN"
170435,"NNS"
170436,"IN"
170437,"NNP"
170438,"NNS"
170439,"VBD"
170440,"IN"
170441,"DT"
170442,"NN"
170443,"."
170444,"JJ"
170445,"NN"
170446,"RB"
170447,"PRP"
170448,"VBD"
170449,"CD"
170450,"NN"
170451,"NNS"
170452,"IN"
170453,"CD"
170454,"NNS"
170455,","
170456,"IN"
170457,"DT"
170458,"JJ"
170459,"NN"
170460,"NN"
170461,"IN"
170462,"PRP$"
170463,"JJ"
170464,"JJ"
170465,"NN"
170466,"."
170467,"CC"
170468,"NNP"
170469,"NNP"
170470,"VBD"
170471,"PRP$"
170472,"JJ"
170473,"NN"
170474,","
170475,"RB"
170476,"VBG"
170477,"DT"
170478,"NN"
170479,"IN"
170480,"NNS"
170481,"IN"
170482,"DT"
170483,"CD"
170484,"NN"
170485,"."
170486,"``"
170487,"DT"
170488,"NN"
170489,"DT"
170490,"NN"
170491,"VBZ"
170492,"DT"
170493,"NN"
170494,","
170495,"DT"
170496,"NNS"
170497,"MD"
170498,"VB"
170499,"VBN"
170500,"IN"
170501,"DT"
170502,"NN"
170503,"TO"
170504,"VB"
170505,"DT"
170506,"JJ"
170507,"NNS"
170508,"CC"
170509,"TO"
170510,"VB"
170511,"DT"
170512,"NN"
170513,","
170514,"''"
170515,"PRP"
170516,"VBD"
170517,"."
170518,"RB"
170519,","
170520,"IN"
170521,"JJ"
170522,"NNS"
170523,"PRP"
170524,"VBZ"
170525,"VBN"
170526,"IN"
170527,"WRB"
170528,"PRP"
170529,"VBD"
170530,"IN"
170531,"DT"
170532,"JJ"
170533,"NN"
170534,"IN"
170535,"DT"
170536,"NNS"
170537,","
170538,"PRP"
170539,"VBD"
170540,"IN"
170541,"DT"
170542,"NNS"
170543,"MD"
170544,"VB"
170545,"IN"
170546,"DT"
170547,"NN"
170548,"."
170549,"PRP"
170550,"VBZ"
170551,"VBN"
170552,"IN"
170553,"PRP"
170554,"RB"
170555,"VBZ"
170556,"WRB"
170557,"NNP"
170558,"NNP"
170559,"NNP"
170560,"VBD"
170561,","
170562,"DT"
170563,"NN"
170564,"IN"
170565,"DT"
170566,"JJ"
170567,"JJ"
170568,"NN"
170569,"WP"
170570,"VBD"
170571,"DT"
170572,"RBS"
170573,"JJ"
170574,"NN"
170575,"IN"
170576,"DT"
170577,"NNP"
170578,"NNP"
170579,"POS"
170580,"NNS"
170581,"."
170582,"NNP"
170583,"IN"
170584,"NNP"
170585,"NNP"
170586,"NNP"
170587,"VBP"
170588,"PRP"
170589,"VBD"
170590,"``"
170591,"JJ"
170592,"''"
170593,"IN"
170594,"DT"
170595,"NN"
170596,"POS"
170597,"NN"
170598,"JJ"
170599,"NN"
170600,","
170601,"CC"
170602,"VBZ"
170603,"NN"
170604,"IN"
170605,"PRP$"
170606,"NN"
170607,"CC"
170608,"VBN"
170609,"TO"
170610,"VB"
170611,"RP"
170612,"IN"
170613,"DT"
170614,"NN"
170615,"POS"
170616,"NNS"
170617,"IN"
170618,"JJ"
170619,"NNS"
170620,"."
170621,"``"
170622,"PRP"
170623,"MD"
170624,"NN"
170625,"PRP"
170626,"IN"
170627,"DT"
170628,"NN"
170629,"CC"
170630,"VB"
170631,"PRP"
170632,","
170633,"CC"
170634,"PRP"
170635,"VBP"
170636,"RB"
170637,"VBG"
170638,"TO"
170639,"VB"
170640,"PRP"
170641,","
170642,"''"
170643,"PRP"
170644,"VBD"
170645,"IN"
170646,"DT"
170647,"NN"
170648,"JJ"
170649,"NN"
170650,"."
170651,"PRP"
170652,","
170653,"IN"
170654,"NNP"
170655,"NNP"
170656,","
170657,"VBZ"
170658,"NNS"
170659,"RB"
170660,"JJ"
170661,"IN"
170662,"DT"
170663,"NN"
170664,","
170665,"DT"
170666,"NN"
170667,"WDT"
170668,"VBZ"
170669,"RB"
170670,"VBN"
170671,"JJ"
170672,"NNS"
170673,"."
170674,"NNP"
170675,"NNP"
170676,"NNP"
170677,"NNP"
170678,"NNP"
170679,"NNP"
170680,"VBZ"
170681,"EX"
170682,"VBZ"
170683,"DT"
170684,"``"
170685,"JJ"
170686,"''"
170687,"NN"
170688,"TO"
170689,"JJ"
170690,"NNS"
170691,"."
170692,"DT"
170693,"NNS"
170694,"IN"
170695,"DT"
170696,"NNP"
170697,"NNP"
170698,","
170699,"PRP"
170700,"VBZ"
170701,","
170702,"VBD"
170703,"TO"
170704,"VB"
170705,"NN"
170706,"IN"
170707,"DT"
170708,"JJ"
170709,","
170710,"VBG"
170711,"IN"
170712,"DT"
170713,"NN"
170714,"POS"
170715,"NN"
170716,"MD"
170717,"VB"
170718,"RB"
170719,"."
170720,"``"
170721,"NNP"
170722,"CC"
170723,"NNP"
170724,"VBP"
170725,"VBG"
170726,"IN"
170727,"PRP$"
170728,"NNS"
170729,"TO"
170730,"DT"
170731,"RBR"
170732,"JJ"
170733,"NN"
170734,","
170735,"''"
170736,"PRP"
170737,"VBZ"
170738,"."
170739,"NNP"
170740,"NNP"
170741,","
170742,"WP"
170743,"MD"
170744,"VB"
170745,"CD"
170746,"JJ"
170747,"NN"
170748,","
170749,"RB"
170750,"VBZ"
170751,"JJ"
170752,"IN"
170753,"PRP$"
170754,"JJ"
170755,"NN"
170756,"."
170757,"NNS"
170758,"VBP"
170759,"PRP"
170760,"VBZ"
170761,"DT"
170762,"NNS"
170763,"RBR"
170764,"RB"
170765,"IN"
170766,"PRP$"
170767,"NNS"
170768,","
170769,"RB"
170770,"VBZ"
170771,"TO"
170772,"VB"
170773,"DT"
170774,"NN"
170775,"TO"
170776,"NN"
170777,"JJ"
170778,"VBN"
170779,"IN"
170780,"PRP$"
170781,"CD"
170782,"NN"
170783,","
170784,"NNP"
170785,"CC"
170786,"NNP"
170787,"."
170788,"NNS"
170789,"CC"
170790,"NNS"
170791,"WP"
170792,"VBD"
170793,"NNP"
170794,"NNP"
170795,"IN"
170796,"DT"
170797,"NN"
170798,"VBD"
170799,"PRP"
170800,"VBD"
170801,"DT"
170802,"RBR"
170803,"VBN"
170804,"IN"
170805,"DT"
170806,"NN"
170807,"IN"
170808,"IN"
170809,"JJ"
170810,"NNS"
170811,"."
170812,"CC"
170813,"PRP$"
170814,"NN"
170815,"VBN"
170816,"IN"
170817,"JJ"
170818,"NN"
170819,"NN"
170820,"IN"
170821,"NNP"
170822,"."
170823,"CC"
170824,"PRP$"
170825,"NN"
170826,"IN"
170827,"NN"
170828,"VBD"
170829,"IN"
170830,"DT"
170831,"JJ"
170832,","
170833,"JJ"
170834,"NN"
170835,"TO"
170836,"DT"
170837,"NN"
170838,"IN"
170839,"NNS"
170840,"IN"
170841,"NNS"
170842,"IN"
170843,"NNP"
170844,"."
170845,"PRP"
170846,"VBD"
170847,"PRP$"
170848,"NNS"
170849,"IN"
170850,"VBG"
170851,","
170852,"RB"
170853,"CC"
170854,"IN"
170855,"DT"
170856,"NN"
170857,","
170858,"VBG"
170859,"TO"
170860,"DT"
170861,"NN"
170862,","
170863,"DT"
170864,"JJ"
170865,"NNP"
170866,"NNP"
170867,"NNP"
170868,"POS"
170869,"JJ"
170870,"``"
170871,"PRP"
170872,"VBP"
170873,"DT"
170874,"NN"
170875,"''"
170876,"NN"
170877,"IN"
170878,"DT"
170879,"CD"
170880,"NNP"
170881,"IN"
170882,"NNP"
170883,"."
170884,"NNP"
170885,"NNP"
170886,","
170887,"CD"
170888,","
170889,"VBZ"
170890,"RB"
170891,"DT"
170892,"JJS"
170893,"NN"
170894,"IN"
170895,"DT"
170896,"NNS"
170897,"IN"
170898,"PRP$"
170899,"NN"
170900,","
170901,"IN"
170902,"NN"
170903,"IN"
170904,"PRP"
170905,"MD"
170906,"VB"
170907,"DT"
170908,"JJS"
170909,"NN"
170910,"IN"
170911,"DT"
170912,"CD"
170913,","
170914,"CC"
170915,"RB"
170916,"IN"
170917,"PRP"
170918,"VBZ"
170919,"DT"
170920,"JJ"
170921,"NN"
170922,"IN"
170923,"VBG"
170924,"IN"
170925,"DT"
170926,"NN"
170927,"JJR"
170928,"IN"
170929,"DT"
170930,"NNS"
170931,"."
170932,"IN"
170933,"DT"
170934,"NN"
170935,"DT"
170936,"CD"
170937,"NNS"
170938,"VBP"
170939,"VBG"
170940,"VBZ"
170941,"DT"
170942,"JJ"
170943,"NN"
170944,"IN"
170945,"JJ"
170946,"NNP"
170947,"NNP"
170948,"NN"
170949,","
170950,"PRP"
170951,"RB"
170952,"VBZ"
170953,"IN"
170954,"DT"
170955,"JJ"
170956,"NN"
170957,"IN"
170958,"JJ"
170959,"NN"
170960,","
170961,"NN"
170962,"NNS"
170963,"VBP"
170964,"."
170965,"``"
170966,"DT"
170967,"NNS"
170968,"IN"
170969,"DT"
170970,"NNP"
170971,"NNP"
170972,"VBD"
170973,"RB"
170974,"VBG"
170975,"DT"
170976,"JJ"
170977,"NN"
170978,"IN"
170979,"PRP"
170980,"VBD"
170981,","
170982,"''"
170983,"VBZ"
170984,"NNP"
170985,"NNP"
170986,"NNP"
170987,"NNP"
170988,"IN"
170989,"DT"
170990,"NN"
170991,"IN"
170992,"NNP"
170993,"NNP"
170994,"NNP"
170995,","
170996,"``"
170997,"CC"
170998,"DT"
170999,"NNS"
171000,"NN"
171001,"VBP"
171002,"VBG"
171003,"DT"
171004,"NN"
171005,"IN"
171006,"PRP"
171007,"VBD"
171008,"."
171009,"O"
171010,"DT"
171011,"NN"
171012,"VBD"
171013,"DT"
171014,"NNS"
171015,"IN"
171016,"CD"
171017,"JJ"
171018,"NNS"
171019,","
171020,"IN"
171021,"PRP$"
171022,"JJ"
171023,"NN"
171024,"IN"
171025,"NNS"
171026,"IN"
171027,"JJ"
171028,","
171029,"JJ"
171030,"NNS"
171031,","
171032,"CC"
171033,"JJ"
171034,"NNS"
171035,"VBD"
171036,"DT"
171037,"NN"
171038,"IN"
171039,"DT"
171040,"JJ"
171041,"."
171042,"DT"
171043,"CD"
171044,"NNS"
171045,"VBD"
171046,"VBN"
171047,"TO"
171048,"JJ"
171049,"NNS"
171050,","
171051,"RB"
171052,"VBD"
171053,"DT"
171054,"NN"
171055,"IN"
171056,"JJS"
171057,"IN"
171058,"DT"
171059,"CD"
171060,"JJ"
171061,"NNS"
171062,"VBN"
171063,"IN"
171064,"DT"
171065,"NNP"
171066,"NNP"
171067,"NNP"
171068,"IN"
171069,"PRP"
171070,"VBD"
171071,"VBN"
171072,"IN"
171073,"DT"
171074,"NN"
171075,"NN"
171076,"NN"
171077,"CD"
171078,"NNS"
171079,"RB"
171080,"."
171081,"CD"
171082,"IN"
171083,"DT"
171084,"CD"
171085,"JJ"
171086,"NNS"
171087,"VBD"
171088,"VBN"
171089,"TO"
171090,"NNP"
171091,"NNP"
171092,","
171093,"NNP"
171094,","
171095,"NNP"
171096,","
171097,"WDT"
171098,"VBZ"
171099,"RB"
171100,"VBN"
171101,"PRP$"
171102,"NNS"
171103,","
171104,"RB"
171105,"IN"
171106,"NNP"
171107,"CC"
171108,"NNP"
171109,"."
171110,"DT"
171111,"JJ"
171112,"NN"
171113,"VBD"
171114,"DT"
171115,"NN"
171116,","
171117,"IN"
171118,"DT"
171119,"JJ"
171120,"NNP"
171121,"NN"
171122,"IN"
171123,"DT"
171124,"JJ"
171125,"NN"
171126,"."
171127,"IN"
171128,"DT"
171129,"NNS"
171130,","
171131,"DT"
171132,"NNP"
171133,"VBZ"
171134,"RB"
171135,"DT"
171136,"NNS"
171137,"CC"
171138,"DT"
171139,"JJ"
171140,"NNS"
171141,"."
171142,"DT"
171143,"``"
171144,"JJ"
171145,"''"
171146,"NNS"
171147,"VBP"
171148,"DT"
171149,"NN"
171150,"IN"
171151,"JJ"
171152,"NNS"
171153,","
171154,"RB"
171155,"JJ"
171156,"NN"
171157,","
171158,"IN"
171159,"DT"
171160,"NN"
171161,","
171162,"TO"
171163,"VB"
171164,"VBN"
171165,"RB"
171166,"."
171167,"IN"
171168,"DT"
171169,"CD"
171170,","
171171,"IN"
171172,"NN"
171173,","
171174,"DT"
171175,"NNP"
171176,"VBZ"
171177,"VBN"
171178,"IN"
171179,"$"
171180,"CD"
171181,"CD"
171182,"IN"
171183,"JJ"
171184,"NNS"
171185,"."
171186,"NNP"
171187,"VBD"
171188,"NNS"
171189,"VBG"
171190,"IN"
171191,"CD"
171192,"NN"
171193,"TO"
171194,"CD"
171195,"NN"
171196,"IN"
171197,"DT"
171198,"NNS"
171199,"CC"
171200,"NN"
171201,"NNS"
171202,","
171203,"RB"
171204,"IN"
171205,"NN"
171206,"IN"
171207,"WP"
171208,"NNS"
171209,"VBD"
171210,"VBG"
171211,"."
171212,"DT"
171213,"NNS"
171214,"MD"
171215,"RB"
171216,"VB"
171217,"VBN"
171218,"IN"
171219,"NN"
171220,"NNS"
171221,"IN"
171222,"RB"
171223,"CD"
171224,"NNS"
171225,","
171226,"RB"
171227,"VBZ"
171228,"VBN"
171229,"DT"
171230,"NN"
171231,"IN"
171232,"JJ"
171233,"NNS"
171234,"."
171235,"IN"
171236,"DT"
171237,","
171238,"DT"
171239,"NNS"
171240,"MD"
171241,"VB"
171242,"DT"
171243,"NNS"
171244,"VBN"
171245,"IN"
171246,"DT"
171247,"JJ"
171248,"NNS"
171249,"."
171250,"CC"
171251,"PRP"
171252,"VBZ"
171253,"JJ"
171254,"IN"
171255,"DT"
171256,"NNS"
171257,"MD"
171258,"VB"
171259,"DT"
171260,"NNS"
171261,"."
171262,"NNP"
171263,","
171264,"IN"
171265,"NN"
171266,","
171267,"VBZ"
171268,"VBN"
171269,"CD"
171270,"IN"
171271,"DT"
171272,"JJS"
171273,"NN"
171274,"NNS"
171275,"IN"
171276,"DT"
171277,"NNP"
171278,"NN"
171279,","
171280,"CC"
171281,"IN"
171282,"NNP"
171283,","
171284,"NNS"
171285,"VBP"
171286,"RB"
171287,"JJ"
171288,"IN"
171289,"NN"
171290,"NNS"
171291,"."
171292,"NNP"
171293,"NNP"
171294,"VBD"
171295,"RB"
171296,"VBN"
171297,"CD"
171298,"NNS"
171299,"IN"
171300,"JJ"
171301,"NNS"
171302,"IN"
171303,"NN"
171304,"TO"
171305,"VB"
171306,"NN"
171307,"IN"
171308,"JJ"
171309,"JJ"
171310,"NNS"
171311,","
171312,"CC"
171313,"DT"
171314,"NNS"
171315,"VBP"
171316,"DT"
171317,"JJ"
171318,"NN"
171319,"VBG"
171320,"DT"
171321,"NN"
171322,"."
171323,"``"
171324,"DT"
171325,"NNS"
171326,"VBP"
171327,"JJ"
171328,"NNS"
171329,","
171330,"''"
171331,"VBD"
171332,"NNP"
171333,"NNP"
171334,","
171335,"DT"
171336,"NN"
171337,"NN"
171338,"VBN"
171339,"IN"
171340,"NNP"
171341,","
171342,"NNP"
171343,"."
171344,"IN"
171345,"NN"
171346,","
171347,"DT"
171348,"NN"
171349,"IN"
171350,"NN"
171351,"NNS"
171352,"VBZ"
171353,"NNP"
171354,"NNPS"
171355,","
171356,"NNP"
171357,","
171358,"NNP"
171359,","
171360,"IN"
171361,"$"
171362,"CD"
171363,"CD"
171364,"IN"
171365,"NNS"
171366,","
171367,"VBZ"
171368,"VBN"
171369,"DT"
171370,"NNP"
171371,"TO"
171372,"VB"
171373,"VBG"
171374,"RP"
171375,"DT"
171376,"NN"
171377,"NN"
171378,","
171379,"RB"
171380,"IN"
171381,"IN"
171382,"DT"
171383,"JJ"
171384,"NN"
171385,"."
171386,"NNP"
171387,"VBD"
171388,"PRP$"
171389,"NN"
171390,"IN"
171391,"DT"
171392,"NNP"
171393,"CC"
171394,"NNP"
171395,"NNS"
171396,"."
171397,"NNP"
171398,"MD"
171399,"VB"
171400,"NNP"
171401,"NNP"
171402,"NNP"
171403,"NNP"
171404,","
171405,"NNP"
171406,","
171407,"WDT"
171408,"VBD"
171409,"NNS"
171410,"IN"
171411,"$"
171412,"CD"
171413,"CD"
171414,"."
171415,"NNP"
171416,"NNP"
171417,"NNP"
171418,"NNP"
171419,"MD"
171420,"VB"
171421,"DT"
171422,"NNP"
171423,"DT"
171424,"NN"
171425,"IN"
171426,"$"
171427,"CD"
171428,"CD"
171429,"IN"
171430,"$"
171431,"CD"
171432,"CD"
171433,"IN"
171434,"NNS"
171435,"."
171436,"IN"
171437,"DT"
171438,"NN"
171439,"IN"
171440,"DT"
171441,"NNS"
171442,"TO"
171443,"WDT"
171444,"DT"
171445,"NNP"
171446,"JJ"
171447,"NN"
171448,"NN"
171449,"VBZ"
171450,"VBN"
171451,","
171452,"DT"
171453,"NNP"
171454,"MD"
171455,"VB"
171456,"$"
171457,"CD"
171458,"CD"
171459,"TO"
171460,"NNP"
171461,"TO"
171462,"VB"
171463,"$"
171464,"CD"
171465,"CD"
171466,"IN"
171467,"JJ"
171468,"NNS"
171469,"."
171470,"NNP"
171471,"RB"
171472,"VBD"
171473,"NNP"
171474,"NNP"
171475,"CC"
171476,"NNP"
171477,"NNP"
171478,","
171479,"NNP"
171480,","
171481,"NNP"
171482,","
171483,"WDT"
171484,"VBD"
171485,"JJ"
171486,"NNS"
171487,"IN"
171488,"$"
171489,"CD"
171490,"CD"
171491,"."
171492,"NNP"
171493,"MD"
171494,"VB"
171495,"DT"
171496,"NNP"
171497,"DT"
171498,"NN"
171499,"IN"
171500,"$"
171501,"CD"
171502,"CD"
171503,"IN"
171504,"$"
171505,"CD"
171506,"CD"
171507,"IN"
171508,"NNS"
171509,"."
171510,"NNP"
171511,"MD"
171512,"RB"
171513,"VB"
171514,"$"
171515,"CD"
171516,"CD"
171517,"IN"
171518,"NNP"
171519,"POS"
171520,"NNS"
171521,"IN"
171522,"DT"
171523,"NNP"
171524,","
171525,"WDT"
171526,"MD"
171527,"VB"
171528,"$"
171529,"CD"
171530,"CD"
171531,"IN"
171532,"NN"
171533,"."
171534,"NNP"
171535,"NNP"
171536,"NNP"
171537,","
171538,"NN"
171539,","
171540,"NNP"
171541,","
171542,"MD"
171543,"VB"
171544,"NNP"
171545,"NNP"
171546,"NNP"
171547,"NNP"
171548,","
171549,"NNP"
171550,"NNP"
171551,","
171552,"NNP"
171553,","
171554,"WDT"
171555,"VBD"
171556,"$"
171557,"CD"
171558,"CD"
171559,"IN"
171560,"NNS"
171561,"."
171562,"NNP"
171563,"MD"
171564,"VB"
171565,"DT"
171566,"NN"
171567,"IN"
171568,"$"
171569,"CD"
171570,"CD"
171571,"TO"
171572,"VB"
171573,"$"
171574,"CD"
171575,"CD"
171576,"IN"
171577,"NNS"
171578,"."
171579,"PRP"
171580,"MD"
171581,"RB"
171582,"VB"
171583,"$"
171584,"CD"
171585,"CD"
171586,"IN"
171587,"DT"
171588,"NN"
171589,"POS"
171590,"NNS"
171591,","
171592,"IN"
171593,"$"
171594,"CD"
171595,"CD"
171596,"IN"
171597,"NNP"
171598,"NN"
171599,"."
171600,"IN"
171601,"DT"
171602,"JJ"
171603,"NNP"
171604,"NN"
171605,"IN"
171606,"DT"
171607,"JJ"
171608,"NN"
171609,","
171610,"NNP"
171611,"NNP"
171612,"NNP"
171613,","
171614,"NNP"
171615,","
171616,"MD"
171617,"VB"
171618,"NNP"
171619,"NNP"
171620,"NNP"
171621,","
171622,"NNP"
171623,"NNP"
171624,","
171625,"NNP"
171626,","
171627,"WDT"
171628,"VBD"
171629,"$"
171630,"CD"
171631,"CD"
171632,"IN"
171633,"NNS"
171634,"."
171635,"NNP"
171636,"NNP"
171637,"MD"
171638,"VB"
171639,"DT"
171640,"NNP"
171641,"$"
171642,"CD"
171643,"CD"
171644,"TO"
171645,"VB"
171646,"$"
171647,"CD"
171648,"CD"
171649,"IN"
171650,"NNS"
171651,"."
171652,"PRP"
171653,"MD"
171654,"RB"
171655,"VB"
171656,"$"
171657,"CD"
171658,"CD"
171659,"IN"
171660,"NNS"
171661,","
171662,"CC"
171663,"VB"
171664,"$"
171665,"CD"
171666,"CD"
171667,"IN"
171668,"NN"
171669,"IN"
171670,"DT"
171671,"NNP"
171672,"."
171673,"O"
171674,"DT"
171675,"JJ"
171676,"NNS"
171677,"VBD"
171678,"RB"
171679,"VBN"
171680,"IN"
171681,"DT"
171682,"NNP"
171683,"CC"
171684,"NNP"
171685,"NNP"
171686,":"
171687,"NNP"
171688,"NNP"
171689,"NNP"
171690,","
171691,"NN"
171692,"IN"
171693,"CD"
171694,"JJ"
171695,"NNS"
171696,","
171697,"IN"
171698,"NNP"
171699,"NNP"
171700,"NNP"
171701,"NNP"
171702,"."
171703,"NNP"
171704,"NNP"
171705,","
171706,"NN"
171707,"IN"
171708,"RB"
171709,"TO"
171710,"$"
171711,"CD"
171712,"CD"
171713,"IN"
171714,"NN"
171715,"NNS"
171716,"CC"
171717,"NNS"
171718,"."
171719,"NNP"
171720,"NNP"
171721,"NNP"
171722,"NNP"
171723,"NNP"
171724,"NNP"
171725,"NNP"
171726,","
171727,"JJ"
171728,"NN"
171729,"IN"
171730,"CD"
171731,"CD"
171732,"JJ"
171733,"NNS"
171734,","
171735,"IN"
171736,"NNP"
171737,"."
171738,"NNP"
171739,"CC"
171740,"NNP"
171741,"NNP"
171742,","
171743,"NNP"
171744,"NNP"
171745,"CC"
171746,"NNP"
171747,","
171748,"NNP"
171749,"NNP"
171750,"NNP"
171751,","
171752,"CC"
171753,"NNP"
171754,"NNP"
171755,","
171756,"NNP"
171757,"NNP"
171758,"."
171759,"NNP"
171760,"NNP"
171761,"NNP"
171762,"NNP"
171763,","
171764,"JJ"
171765,"NN"
171766,"IN"
171767,"CD"
171768,"CD"
171769,"JJ"
171770,"NNS"
171771,","
171772,"IN"
171773,"WDT"
171774,"CD"
171775,"NNS"
171776,"MD"
171777,"VB"
171778,"VBN"
171779,"IN"
171780,"NNP"
171781,"CC"
171782,"CD"
171783,"NNS"
171784,"IN"
171785,"NNP"
171786,"NNP"
171787,"NNP"
171788,"."
171789,"("
171790,"NNP"
171791,"POS"
171792,"CD"
171793,"NN"
171794,")"
171795,","
171796,"IN"
171797,"NNP"
171798,","
171799,"NNP"
171800,"CC"
171801,"NNP"
171802,"NNP"
171803,","
171804,"NNP"
171805,","
171806,"NNP"
171807,"CC"
171808,"NNP"
171809,"CC"
171810,"NNP"
171811,"NNP"
171812,"NNP"
171813,"NNP"
171814,"."
171815,"NNP"
171816,"NNP"
171817,","
171818,"NN"
171819,"IN"
171820,"CD"
171821,"CD"
171822,"JJ"
171823,"NNS"
171824,"IN"
171825,"JJ"
171826,"NN"
171827,"CC"
171828,"CD"
171829,"NNS"
171830,"IN"
171831,"NNS"
171832,","
171833,"IN"
171834,"NNP"
171835,"NNP"
171836,"NNP"
171837,"NNP"
171838,"CC"
171839,"NNP"
171840,"NNP"
171841,"CC"
171842,"NNP"
171843,"."
171844,"NNP"
171845,"NNP"
171846,"NNP"
171847,"NNP"
171848,","
171849,"NN"
171850,"IN"
171851,"$"
171852,"CD"
171853,"CD"
171854,"JJ"
171855,"NNS"
171856,","
171857,"IN"
171858,"NNP"
171859,"NNP"
171860,"."
171861,"O"
171862,"NNP"
171863,"NN"
171864,","
171865,"IN"
171866,"DT"
171867,"NN"
171868,"TO"
171869,"VB"
171870,"DT"
171871,"NNS"
171872,"IN"
171873,"VBG"
171874,"JJ"
171875,"NNS"
171876,","
171877,"VBZ"
171878,"VBG"
171879,"PRP$"
171880,"NN"
171881,"NN"
171882,"TO"
171883,"NNS"
171884,"IN"
171885,"DT"
171886,"JJ"
171887,"JJ"
171888,"NN"
171889,","
171890,"VBG"
171891,"PRP$"
171892,"NN"
171893,"NNS"
171894,"CC"
171895,"VBG"
171896,"RB"
171897,"IN"
171898,"NN"
171899,"NNS"
171900,"."
171901,"IN"
171902,"DT"
171903,"NN"
171904,"TO"
171905,"PRP$"
171906,"NN"
171907,"JJ"
171908,"NN"
171909,","
171910,"NNS"
171911,"IN"
171912,"NNP"
171913,"NNP"
171914,"NNP"
171915,"POS"
171916,"JJ"
171917,"NN"
171918,"VBD"
171919,"NNP"
171920,"MD"
171921,"``"
171922,"RB"
171923,"VB"
171924,"''"
171925,"PRP$"
171926,"VB"
171927,"IN"
171928,"JJ"
171929,"NNS"
171930,"JJ"
171931,"IN"
171932,"NNS"
171933,"IN"
171934,"NN"
171935,"NN"
171936,"NNS"
171937,":"
171938,"VB"
171939,"DT"
171940,"NN"
171941,"PRP"
171942,"VBZ"
171943,"NNS"
171944,"IN"
171945,"CD"
171946,","
171947,"TO"
171948,"CD"
171949,"CD"
171950,":"
171951,"CC"
171952,"VB"
171953,"DT"
171954,"NN"
171955,"IN"
171956,"PRP$"
171957,"JJ"
171958,"NN"
171959,"NN"
171960,"IN"
171961,"IN"
171962,"$"
171963,"CD"
171964,"TO"
171965,"$"
171966,"CD"
171967,"."
171968,"IN"
171969,"DT"
171970,"JJ"
171971,"NN"
171972,","
171973,"DT"
171974,"RB"
171975,","
171976,"IN"
171977,"DT"
171978,"JJ"
171979,"NN"
171980,"IN"
171981,"DT"
171982,"NN"
171983,","
171984,"VBD"
171985,"PRP"
171986,"MD"
171987,"RB"
171988,"VB"
171989,"PRP$"
171990,"NN"
171991,"NNS"
171992,"IN"
171993,"CD"
171994,":"
171995,"DT"
171996,"JJ"
171997,","
171998,"JJ"
171999,"NN"
172000,"IN"
172001,"DT"
172002,"NN"
172003,"NNS"
172004,"IN"
172005,"$"
172006,"CD"
172007,"."
172008,"RB"
172009,","
172010,"IN"
172011,"DT"
172012,"JJ"
172013,"NN"
172014,"NN"
172015,"VBZ"
172016,"VBG"
172017,"VBN"
172018,","
172019,"NN"
172020,"NNS"
172021,"MD"
172022,"VB"
172023,"RB"
172024,"CD"
172025,"NN"
172026,"JJR"
172027,"IN"
172028,"NNP"
172029,","
172030,"VBG"
172031,"TO"
172032,"NNP"
172033,"NNP"
172034,","
172035,"NN"
172036,"NN"
172037,"NN"
172038,"."
172039,"NNP"
172040,"VBZ"
172041,"VBG"
172042,"DT"
172043,"NN"
172044,"IN"
172045,"DT"
172046,"JJ"
172047,"NN"
172048,"NNS"
172049,"IN"
172050,"IN"
172051,"JJ"
172052,"NNS"
172053,"VBP"
172054,"VBN"
172055,"DT"
172056,"NN"
172057,"NN"
172058,"IN"
172059,"VBG"
172060,"RB"
172061,"JJ"
172062,","
172063,"CC"
172064,"RB"
172065,","
172066,"NNS"
172067,"VBZ"
172068,"DT"
172069,"NN"
172070,"TO"
172071,"VB"
172072,"NNS"
172073,"."
172074,"IN"
172075,"JJ"
172076,"NNS"
172077,","
172078,"NNP"
172079,"POS"
172080,"NNP"
172081,","
172082,"NNP"
172083,"NNP"
172084,"NNP"
172085,"NNP"
172086,"POS"
172087,"NN"
172088,"VBZ"
172089,","
172090,"CC"
172091,"RBS"
172092,"RB"
172093,"NNP"
172094,"NNP"
172095,"POS"
172096,"NNP"
172097,"NNP"
172098,","
172099,"VBP"
172100,"VBN"
172101,"PRP$"
172102,"JJ"
172103,"NN"
172104,"NN"
172105,"NNS"
172106,"TO"
172107,"VB"
172108,"JJ"
172109,"NN"
172110,"CC"
172111,"NN"
172112,"IN"
172113,"NNS"
172114,"IN"
172115,"NNS"
172116,"."
172117,"JJ"
172118,"NNS"
172119,"IN"
172120,"NNS"
172121,"CC"
172122,"NNS"
172123,"IN"
172124,"JJ"
172125,"NN"
172126,"NNS"
172127,"CC"
172128,"NNS"
172129,"VBP"
172130,"VBN"
172131,"JJ"
172132,"NNS"
172133,"IN"
172134,"VBG"
172135,"JJ"
172136,"NNS"
172137,"IN"
172138,"DT"
172139,"JJ"
172140,"NN"
172141,"IN"
172142,"NN"
172143,"NNS"
172144,"."
172145,"NNP"
172146,"NNP"
172147,","
172148,"IN"
172149,"NN"
172150,"IN"
172151,"DT"
172152,"JJR"
172153,"JJ"
172154,"NNP"
172155,"NNP"
172156,","
172157,"VBZ"
172158,"TO"
172159,"VB"
172160,"PRP"
172161,"RP"
172162,"IN"
172163,"JJ"
172164,"NNS"
172165,"."
172166,"IN"
172167,","
172168,"NN"
172169,"NNS"
172170,"VBP"
172171,"VBG"
172172,"DT"
172173,"NN"
172174,"NN"
172175,"IN"
172176,"DT"
172177,"NN"
172178,"NN"
172179,"VBZ"
172180,"JJ"
172181,"."
172182,"``"
172183,"NNS"
172184,"RB"
172185,"VBP"
172186,"NNS"
172187,"DT"
172188,"JJ"
172189,"NN"
172190,","
172191,"''"
172192,"VBD"
172193,"NNP"
172194,"NNP"
172195,"."
172196,"``"
172197,"DT"
172198,"NN"
172199,"VBZ"
172200,"DT"
172201,"NN"
172202,"IN"
172203,"DT"
172204,"NN"
172205,"."
172206,"''"
172207,"NNP"
172208,"NN"
172209,"NNS"
172210,"RB"
172211,"VBP"
172212,"DT"
172213,"NN"
172214,"NN"
172215,"IN"
172216,"DT"
172217,"NN"
172218,"IN"
172219,"NN"
172220,"CC"
172221,"RB"
172222,"DT"
172223,"NN"
172224,"TO"
172225,"NNS"
172226,"."
172227,"``"
172228,"WP"
172229,"PRP"
172230,"VBP"
172231,"VBG"
172232,"VBZ"
172233,"VBG"
172234,"IN"
172235,"DT"
172236,"NNS"
172237,"WP"
172238,"VBP"
172239,"RB"
172240,"RB"
172241,"VBN"
172242,"TO"
172243,"DT"
172244,"NN"
172245,"CC"
172246,"VBP"
172247,"RB"
172248,"RB"
172249,"VB"
172250,"PRP"
172251,","
172252,"''"
172253,"VBD"
172254,"NNP"
172255,"NNP"
172256,"."
172257,"``"
172258,"PRP"
172259,"VBP"
172260,"VBG"
172261,"TO"
172262,"VB"
172263,"NN"
172264,"CC"
172265,"NN"
172266,"."
172267,"''"
172268,"RB"
172269,","
172270,"NNP"
172271,"NNS"
172272,"VBD"
172273,"DT"
172274,"JJ"
172275,"NN"
172276,"WRB"
172277,"IN"
172278,"NNP"
172279,"CD"
172280,"DT"
172281,"NN"
172282,"VB"
172283,"PRP$"
172284,"VBN"
172285,"NN"
172286,"IN"
172287,"CD"
172288,"CD"
172289,"TO"
172290,"CD"
172291,"CD"
172292,"."
172293,"CC"
172294,"NNP"
172295,"POS"
172296,"VBN"
172297,"NN"
172298,","
172299,"VBG"
172300,"TO"
172301,"NNP"
172302,"NNP"
172303,"IN"
172304,"NNP"
172305,","
172306,"VBD"
172307,"CD"
172308,"NN"
172309,"TO"
172310,"CD"
172311,"IN"
172312,"DT"
172313,"CD"
172314,"NNS"
172315,"VBD"
172316,"NNP"
172317,"CD"
172318,","
172319,"CD"
172320,"."
172321,"RB"
172322,","
172323,"NNP"
172324,"POS"
172325,"NN"
172326,"VBZ"
172327,"VBG"
172328,"VBN"
172329,"RB"
172330,","
172331,"RB"
172332,"RB"
172333,"."
172334,"``"
172335,"PRP"
172336,"VBZ"
172337,"JJ"
172338,"IN"
172339,"NNS"
172340,"TO"
172341,"VB"
172342,"DT"
172343,"NN"
172344,"MD"
172345,"VB"
172346,"VBG"
172347,"JJR"
172348,","
172349,"''"
172350,"VBD"
172351,"NNP"
172352,"NNP"
172353,","
172354,"JJ"
172355,"NN"
172356,"NN"
172357,"IN"
172358,"NNP"
172359,"NNP"
172360,"NN"
172361,"NN"
172362,"."
172363,"``"
172364,"DT"
172365,"JJ"
172366,"NNS"
172367,"IN"
172368,"NN"
172369,"NN"
172370,"IN"
172371,"DT"
172372,"NN"
172373,"."
172374,"PRP"
172375,"VBZ"
172376,"RB"
172377,"DT"
172378,"NN"
172379,"IN"
172380,"NN"
172381,":"
172382,"PRP"
172383,"VBP"
172384,"VBG"
172385,"DT"
172386,"NN"
172387,"IN"
172388,"NN"
172389,"IN"
172390,"VBG"
172391,"PRP$"
172392,"NNS"
172393,"."
172394,"''"
172395,"NNP"
172396,"NNP"
172397,"VBD"
172398,"DT"
172399,"NNS"
172400,"VBP"
172401,"DT"
172402,"JJ"
172403,"NN"
172404,"IN"
172405,"DT"
172406,"NN"
172407,"NN"
172408,":"
172409,"DT"
172410,"NN"
172411,"POS"
172412,"JJ"
172413,"NN"
172414,"IN"
172415,"NNP"
172416,","
172417,"CC"
172418,"DT"
172419,"JJ"
172420,"NN"
172421,"IN"
172422,"NNS"
172423,"IN"
172424,"NNS"
172425,"CC"
172426,"DT"
172427,"NN"
172428,"IN"
172429,"NNS"
172430,"VBP"
172431,"VBN"
172432,"VBN"
172433,"RB"
172434,"."
172435,"``"
172436,"DT"
172437,"NN"
172438,"VBZ"
172439,"WRB"
172440,"JJ"
172441,"VBP"
172442,"PRP"
172443,"VBG"
172444,"IN"
172445,"DT"
172446,"NN"
172447,","
172448,"''"
172449,"VBD"
172450,"NNP"
172451,"NNP"
172452,"."
172453,"NNP"
172454,"POS"
172455,"NNS"
172456,"NNS"
172457,","
172458,"NNP"
172459,"NNP"
172460,"NNP"
172461,"POS"
172462,"NNP"
172463,"NNP"
172464,"NNP"
172465,"NNP"
172466,"CC"
172467,"NNP"
172468,"NNP"
172469,","
172470,"VBP"
172471,"RBR"
172472,"JJ"
172473,"IN"
172474,"JJ"
172475,"NNS"
172476,","
172477,"CC"
172478,"IN"
172479,"JJ"
172480,"NNS"
172481,"CC"
172482,"VBP"
172483,"VBN"
172484,"VBG"
172485,"PRP$"
172486,"NN"
172487,"NN"
172488,"NNS"
172489,"."
172490,"DT"
172491,"NNS"
172492,"VBP"
172493,"VBN"
172494,"TO"
172495,"VB"
172496,"PRP$"
172497,"NN"
172498,"NNS"
172499,"CC"
172500,"NN"
172501,"NNS"
172502,"IN"
172503,"CD"
172504,"IN"
172505,"DT"
172506,"NN"
172507,"."
172508,"O"
172509,"WRB"
172510,"DT"
172511,"NN"
172512,"VBD"
172513,"IN"
172514,"DT"
172515,"JJ"
172516,"NN"
172517,"IN"
172518,"NNP"
172519,"CD"
172520,"NNS"
172521,"RB"
172522,","
172523,"NNP"
172524,"NNP"
172525,"NNP"
172526,"VBD"
172527,"DT"
172528,"NNP"
172529,"NNP"
172530,"IN"
172531,"DT"
172532,"NN"
172533,"."
172534,"``"
172535,"PRP"
172536,"VBD"
172537,","
172538,"``"
172539,"VB"
172540,"FW"
172541,","
172542,"POS"
172543,"''"
172544,"PRP"
172545,"VBD"
172546,"NNS"
172547,"."
172548,"DT"
172549,"VBZ"
172550,"WRB"
172551,"RB"
172552,"NNP"
172553,"NNP"
172554,"POS"
172555,"NNP"
172556,"NNP"
172557,"NNP"
172558,"VBZ"
172559,"VBN"
172560,"IN"
172561,"PRP$"
172562,"NN"
172563,"CD"
172564,"NNS"
172565,"RB"
172566,","
172567,"WRB"
172568,"PRP"
172569,"VBD"
172570,"VBN"
172571,"DT"
172572,"NN"
172573,"IN"
172574,"NN"
172575,"NN"
172576,"."
172577,"PRP"
172578,"VBZ"
172579,"JJR"
172580,","
172581,"JJR"
172582,"CC"
172583,"RBR"
172584,"JJ"
172585,"IN"
172586,"DT"
172587,"NN"
172588,"NNS"
172589,"IN"
172590,"DT"
172591,"IN"
172592,"DT"
172593,"CD"
172594,"JJ"
172595,"NN"
172596,"NNS"
172597,"."
172598,"PRP$"
172599,"NN"
172600,"IN"
172601,"DT"
172602,"``"
172603,"NN"
172604,"IN"
172605,"NN"
172606,"''"
172607,"IN"
172608,"JJ"
172609,"NNS"
172610,"VBZ"
172611,"JJ"
172612,"NNS"
172613,"IN"
172614,"DT"
172615,"NN"
172616,"."
172617,"CC"
172618,"IN"
172619,"DT"
172620,"PRP$"
172621,"NN"
172622,","
172623,"NNP"
172624,"VBZ"
172625,"VBN"
172626,"DT"
172627,"NN"
172628,"."
172629,"IN"
172630,"JJ"
172631,"NNS"
172632,"WRB"
172633,"JJ"
172634,"NN"
172635,"NNS"
172636,","
172637,"PRP"
172638,"VBD"
172639,"IN"
172640,"NNS"
172641,"IN"
172642,"JJ"
172643,"."
172644,"JJ"
172645,"NNS"
172646,"VBP"
172647,"IN"
172648,"DT"
172649,"NN"
172650,"POS"
172651,"NN"
172652,"CC"
172653,"JJ"
172654,"NN"
172655,"NN"
172656,"MD"
172657,"VB"
172658,"VBG"
172659,"NNP"
172660,"CC"
172661,"MD"
172662,"RB"
172663,"VB"
172664,"NNS"
172665,"VBG"
172666,"RB"
172667,"IN"
172668,"DT"
172669,"NNS"
172670,"RB"
172671,"IN"
172672,"NN"
172673,"CC"
172674,"NN"
172675,"IN"
172676,"NN"
172677,"."
172678,"``"
172679,"RB"
172680,"DT"
172681,"NN"
172682,"PRP"
172683,"VBP"
172684,"IN"
172685,"CD"
172686,"NNS"
172687,"VBZ"
172688,"DT"
172689,"RBR"
172690,"NN"
172691,","
172692,"''"
172693,"VBZ"
172694,"NNP"
172695,"NNP"
172696,","
172697,"NNP"
172698,"POS"
172699,"JJ"
172700,"NN"
172701,"NN"
172702,","
172703,"NN"
172704,"NN"
172705,"("
172706,"CC"
172707,"DT"
172708,"NN"
172709,"TO"
172710,"NNP"
172711,"NNP"
172712,")"
172713,"."
172714,"``"
172715,"PRP"
172716,"MD"
172717,"RB"
172718,"VB"
172719,"IN"
172720,"DT"
172721,"."
172722,"''"
172723,"IN"
172724,"NNP"
172725,","
172726,"DT"
172727,"NN"
172728,"IN"
172729,"JJ"
172730,"NNP"
172731,"NNP"
172732,"NNP"
172733,"NNP"
172734,","
172735,"VBZ"
172736,"VBG"
172737,"TO"
172738,"VB"
172739,"PRP"
172740,"IN"
172741,"DT"
172742,"JJ"
172743,"NN"
172744,","
172745,"CC"
172746,"WP"
172747,"NNS"
172748,"IN"
172749,"DT"
172750,"NN"
172751,"NN"
172752,"VBP"
172753,"DT"
172754,"``"
172755,"JJ"
172756,"IN"
172757,"NN"
172758,"''"
172759,"NN"
172760,"."
172761,"NNP"
172762,","
172763,"TO"
172764,"VB"
172765,"RP"
172766,"DT"
172767,"NN"
172768,","
172769,"NNP"
172770,"MD"
172771,"VB"
172772,"PRP$"
172773,"JJ"
172774,"NN"
172775,"NN"
172776,"IN"
172777,"NNS"
172778,","
172779,"DT"
172780,"JJ"
172781,"NN"
172782,"IN"
172783,"CD"
172784,"NN"
172785,"."
172786,"JJ"
172787,"NN"
172788,"TO"
172789,"VB"
172790,"NN"
172791,"IN"
172792,"DT"
172793,"NN"
172794,"NNS"
172795,"."
172796,"DT"
172797,"NN"
172798,"MD"
172799,"VB"
172800,"VBN"
172801,"IN"
172802,"NNP"
172803,"NNP"
172804,"CC"
172805,"NNP"
172806,"NNP"
172807,","
172808,"DT"
172809,"JJ"
172810,"JJ"
172811,"NNP"
172812,"NN"
172813,"CC"
172814,"NN"
172815,"NN"
172816,"NN"
172817,"WP"
172818,"VBZ"
172819,"RB"
172820,"VBN"
172821,"DT"
172822,"NN"
172823,"IN"
172824,"NN"
172825,"CC"
172826,"NN"
172827,"."
172828,"DT"
172829,"JJ"
172830,"NN"
172831,"VBZ"
172832,"RB"
172833,"DT"
172834,"NN"
172835,"IN"
172836,"DT"
172837,"NN"
172838,"IN"
172839,"NNS"
172840,"DT"
172841,"NN"
172842,"VBZ"
172843,"VBG"
172844,"TO"
172845,"VB"
172846,"NN"
172847,"NN"
172848,"IN"
172849,"VBG"
172850,"RB"
172851,"IN"
172852,"PRP$"
172853,"JJ"
172854,"NN"
172855,"IN"
172856,"JJR"
172857,"NN"
172858,"``"
172859,"NN"
172860,"''"
172861,"NN"
172862,"IN"
172863,"JJ"
172864,"NNS"
172865,"."
172866,"TO"
172867,"VB"
172868,"PRP"
172869,","
172870,"NNP"
172871,"VBZ"
172872,"RB"
172873,"VBG"
172874,"JJ"
172875,"NN"
172876,"CC"
172877,"VBG"
172878,"DT"
172879,"JJ"
172880,"JJ"
172881,"NN"
172882,"."
172883,"PRP"
172884,"VBZ"
172885,"VBG"
172886,"JJR"
172887,"NNS"
172888,":"
172889,"IN"
172890,"NNS"
172891,"IN"
172892,"NN"
172893,":"
172894,"TO"
172895,"VB"
172896,"CC"
172897,"VB"
172898,"JJ"
172899,"NNS"
172900,"."
172901,"CC"
172902,"PRP"
172903,"VBZ"
172904,"VBG"
172905,"IN"
172906,"DT"
172907,"JJ"
172908,"NN"
172909,"TO"
172910,"VB"
172911,"JJ"
172912,"NNS"
172913,"IN"
172914,"DT"
172915,"JJ"
172916,"NN"
172917,"NN"
172918,"."
172919,"``"
172920,"DT"
172921,"JJ"
172922,"NN"
172923,"VBZ"
172924,"TO"
172925,"VB"
172926,"IN"
172927,"DT"
172928,"NN"
172929,"NNS"
172930,"WP"
172931,"VBP"
172932,"PRP"
172933,"IN"
172934,"DT"
172935,"NN"
172936,"IN"
172937,"NN"
172938,"TO"
172939,"VB"
172940,"DT"
172941,"NN"
172942,"IN"
172943,"NN"
172944,"IN"
172945,"JJ"
172946,"NN"
172947,"NNS"
172948,","
172949,"''"
172950,"VBZ"
172951,"NNP"
172952,"NNP"
172953,","
172954,"JJ"
172955,"NN"
172956,"NN"
172957,"IN"
172958,"NNP"
172959,"NNP"
172960,","
172961,"NNP"
172962,"POS"
172963,"JJ"
172964,"NN"
172965,"."
172966,"CC"
172967,"DT"
172968,"MD"
172969,"RB"
172970,"VB"
172971,"JJ"
172972,"."
172973,"NNP"
172974,","
172975,"IN"
172976,"JJ"
172977,"NN"
172978,"NNS"
172979,","
172980,"VB"
172981,"NNS"
172982,"IN"
172983,"NNS"
172984,"POS"
172985,"NNS"
172986,"WDT"
172987,"VBP"
172988,"RB"
172989,"JJ"
172990,"TO"
172991,"VB"
172992,"."
172993,"PRP"
172994,"RB"
172995,"VBZ"
172996,"NN"
172997,"IN"
172998,"NNP"
172999,"VBZ"
173000,"VBN"
173001,"JJ"
173002,"TO"
173003,"VB"
173004,"TO"
173005,"VB"
173006,"NNS"
173007,"CC"
173008,"NN"
173009,"NN"
173010,"IN"
173011,"NNS"
173012,"MD"
173013,"VBP"
173014,"IN"
173015,"RB"
173016,"TO"
173017,"VB"
173018,"."
173019,"CC"
173020,"DT"
173021,"NN"
173022,"NNS"
173023,":"
173024,"NNP"
173025,"POS"
173026,"NNS"
173027,"CC"
173028,"NN"
173029,"NNS"
173030,":"
173031,"IN"
173032,"NNS"
173033,"RB"
173034,"DT"
173035,"NN"
173036,"PRP"
173037,"VBP"
173038,"."
173039,"DT"
173040,"JJ"
173041,"NN"
173042,"VBZ"
173043,"VBN"
173044,"IN"
173045,"NNP"
173046,"POS"
173047,"JJ"
173048,"NN"
173049,":"
173050,"CC"
173051,"WP"
173052,"MD"
173053,"VB"
173054,"TO"
173055,"PRP"
173056,"IN"
173057,"DT"
173058,"NN"
173059,"NN"
173060,"NN"
173061,"VBZ"
173062,"RBR"
173063,"JJ"
173064,"."
173065,"RB"
173066,","
173067,"NNP"
173068,"VBZ"
173069,"VBG"
173070,"JJR"
173071,"NN"
173072,"IN"
173073,"NNP"
173074,"NNP"
173075,"NNP"
173076,"NNP"
173077,"CC"
173078,"NNP"
173079,"NNP"
173080,"NNP"
173081,"POS"
173082,"NNP"
173083,"NNP"
173084,"CC"
173085,"NNP"
173086,"NNP"
173087,","
173088,"DT"
173089,"IN"
173090,"WDT"
173091,"VBP"
173092,"JJ"
173093,"TO"
173094,"VB"
173095,"RBR"
173096,"JJ"
173097,"NN"
173098,"IN"
173099,"DT"
173100,"NN"
173101,"."
173102,"IN"
173103,"NN"
173104,","
173105,"JJ"
173106,"NN"
173107,"NNS"
173108,"PRP"
173109,"VBP"
173110,"VBG"
173111,"RBR"
173112,"JJ"
173113,"CC"
173114,"JJ"
173115,"NN"
173116,"NNS"
173117,"VBN"
173118,"IN"
173119,"JJ"
173120,"NN"
173121,"NNS"
173122,"."
173123,"NNP"
173124,"VBZ"
173125,"TO"
173126,"VB"
173127,"PRP$"
173128,"NNS"
173129,"POS"
173130,"NNS"
173131,"."
173132,"PRP$"
173133,"NNS"
173134,"VBP"
173135,","
173136,"IN"
173137,"DT"
173138,"NN"
173139,","
173140,"DT"
173141,"JJ"
173142,"NN"
173143,"IN"
173144,"JJ"
173145,"``"
173146,"NNS"
173147,"''"
173148,"CC"
173149,"NN"
173150,"NNS"
173151,","
173152,"WP"
173153,"VBP"
173154,"DT"
173155,"NN"
173156,"IN"
173157,"RB"
173158,"CD"
173159,"NNS"
173160,"DT"
173161,"NN"
173162,"VBG"
173163,"NN"
173164,","
173165,"VBG"
173166,"TO"
173167,"NN"
173168,"NN"
173169,"."
173170,"DT"
173171,"VBZ"
173172,"JJR"
173173,"IN"
173174,"RB"
173175,"DT"
173176,"NN"
173177,"IN"
173178,"NNS"
173179,"VBP"
173180,"DT"
173181,"JJ"
173182,"NN"
173183,"NNS"
173184,"."
173185,"DT"
173186,"JJ"
173187,"NN"
173188,"NNS"
173189,"VBP"
173190,"NNP"
173191,"MD"
173192,"VB"
173193,"PRP"
173194,"IN"
173195,"DT"
173196,"NN"
173197,"IN"
173198,"NNS"
173199,"NNS"
173200,","
173201,"CC"
173202,"NN"
173203,","
173204,"VBP"
173205,"RBR"
173206,"JJ"
173207,"TO"
173208,"NN"
173209,"NNS"
173210,"."
173211,"NNP"
173212,"POS"
173213,"JJ"
173214,"NNS"
173215,"VBP"
173216,"VBN"
173217,"VBN"
173218,"IN"
173219,"PRP$"
173220,"NN"
173221,"."
173222,"PRP$"
173223,"NN"
173224,"IN"
173225,"DT"
173226,"NN"
173227,"VBZ"
173228,"VBN"
173229,"TO"
173230,"VB"
173231,"IN"
173232,"DT"
173233,"NN"
173234,"NN"
173235,"NN"
173236,"."
173237,"PRP"
173238,"VBD"
173239,"IN"
173240,"NN"
173241,"IN"
173242,"PRP$"
173243,"NN"
173244,"NN"
173245,"IN"
173246,"DT"
173247,"NN"
173248,","
173249,"RB"
173250,"IN"
173251,"NNS"
173252,"VBD"
173253,"NN"
173254,"PRP"
173255,"MD"
173256,"VB"
173257,"JJ"
173258,"RBR"
173259,"CC"
173260,"RBR"
173261,"IN"
173262,"JJ"
173263,"NNS"
173264,"."
173265,"PRP"
173266,"VBD"
173267,"PRP$"
173268,"JJ"
173269,"NN"
173270,"IN"
173271,"NNS"
173272,"VBN"
173273,"``"
173274,"NN"
173275,","
173276,"''"
173277,"``"
173278,"NNP"
173279,","
173280,"''"
173281,"``"
173282,"NN"
173283,","
173284,"''"
173285,"CC"
173286,"``"
173287,"JJ"
173288,","
173289,"''"
173290,"CC"
173291,"DT"
173292,"VBZ"
173293,"VBN"
173294,"RB"
173295,"IN"
173296,"NN"
173297,","
173298,"NN"
173299,"CC"
173300,"NN"
173301,"."
173302,"RB"
173303,","
173304,"DT"
173305,"NN"
173306,"VBZ"
173307,"IN"
173308,"IN"
173309,"JJ"
173310,"NNS"
173311,"."
173312,"``"
173313,"PRP$"
173314,"NN"
173315,"VBZ"
173316,"TO"
173317,"VB"
173318,"JJ"
173319,"NNS"
173320,"IN"
173321,"DT"
173322,"JJ"
173323,"NN"
173324,","
173325,"''"
173326,"VBZ"
173327,"NNP"
173328,"NNP"
173329,","
173330,"NN"
173331,"NN"
173332,"NN"
173333,"NN"
173334,"IN"
173335,"NN"
173336,"."
173337,"RB"
173338,","
173339,"NNP"
173340,"VBZ"
173341,"VBG"
173342,"DT"
173343,"NN"
173344,"NN"
173345,"IN"
173346,"DT"
173347,"NN"
173348,"IN"
173349,"NNS"
173350,"VBP"
173351,"PRP$"
173352,"JJ"
173353,"NN"
173354,"IN"
173355,"DT"
173356,"NN"
173357,"VBZ"
173358,"IN"
173359,"PRP$"
173360,"RBS"
173361,"``"
173362,"JJ"
173363,"''"
173364,"NNS"
173365,"IN"
173366,"NNS"
173367,"POS"
173368,"NNS"
173369,","
173370,"VBZ"
173371,"NNP"
173372,"NNP"
173373,"."
173374,"CC"
173375,"PRP"
173376,"VBZ"
173377,"VBG"
173378,"JJ"
173379,"JJ"
173380,"NNS"
173381,","
173382,"JJ"
173383,"TO"
173384,"PRP$"
173385,"``"
173386,"NNP"
173387,"NNP"
173388,"NNP"
173389,"''"
173390,"CC"
173391,"``"
173392,"JJ"
173393,"''"
173394,"NN"
173395,"NNS"
173396,","
173397,"WDT"
173398,"NNS"
173399,"NN"
173400,"MD"
173401,"VB"
173402,"NNS"
173403,"VBN"
173404,"IN"
173405,"."
173406,"RB"
173407,"EX"
173408,"VBZ"
173409,"``"
173410,"DT"
173411,"NN"
173412,"NN"
173413,","
173414,"''"
173415,"DT"
173416,"JJ"
173417,"NN"
173418,"VBG"
173419,"NNP"
173420,"NNP"
173421,"CC"
173422,"NNP"
173423,"NNP"
173424,"."
173425,"IN"
173426,"RB"
173427,","
173428,"NNP"
173429,"VBZ"
173430,"VBN"
173431,"PRP$"
173432,"NNP"
173433,"NN"
173434,"NN"
173435,"IN"
173436,"DT"
173437,"JJ"
173438,"NN"
173439,"NN"
173440,"."
173441,"CC"
173442,"CD"
173443,"NN"
173444,"IN"
173445,"DT"
173446,"JJ"
173447,"NNS"
173448,"IN"
173449,"NN"
173450,"NN"
173451,"VBP"
173452,"RB"
173453,"IN"
173454,"CD"
173455,"NN"
173456,"CC"
173457,"CD"
173458,"NN"
173459,","
173460,"DT"
173461,"NN"
173462,"VBD"
173463,","
173464,"RB"
173465,"FW"
173466,"VBZ"
173467,"IN"
173468,"."
173469,"NNP"
173470,"NNP"
173471,"VBZ"
173472,"DT"
173473,"JJ"
173474,"NN"
173475,"MD"
173476,"RB"
173477,"VB"
173478,"CD"
173479,"JJ"
173480,"NNS"
173481,"DT"
173482,"NN"
173483,","
173484,"IN"
173485,"JJS"
173486,"IN"
173487,"DT"
173488,"NN"
173489,","
173490,"IN"
173491,"JJS"
173492,"IN"
173493,"RB"
173494,","
173495,"VBG"
173496,"JJ"
173497,"TO"
173498,"FW"
173499,"POS"
173500,"JJ"
173501,"NNS"
173502,"."
173503,"DT"
173504,"IN"
173505,"DT"
173506,"NN"
173507,"VBP"
173508,"JJ"
173509,"."
173510,"``"
173511,"PRP"
173512,"VBP"
173513,"PRP"
173514,"JJ"
173515,"TO"
173516,"VB"
173517,"IN"
173518,"NNS"
173519,"VBG"
173520,"IN"
173521,"TO"
173522,"FW"
173523,"IN"
173524,"WP"
173525,","
173526,"IN"
173527,"JJS"
173528,"IN"
173529,"DT"
173530,"JJ"
173531,"POS"
173532,"NN"
173533,","
173534,"VBZ"
173535,"DT"
173536,"JJ"
173537,"NN"
173538,","
173539,"''"
173540,"VBZ"
173541,"NNP"
173542,"NNP"
173543,","
173544,"DT"
173545,"JJ"
173546,"NN"
173547,"NN"
173548,"IN"
173549,"NNP"
173550,"NNP"
173551,"CC"
173552,"NN"
173553,"IN"
173554,"DT"
173555,"NNP"
173556,"NNP"
173557,"."
173558,"DT"
173559,"NN"
173560,"NN"
173561,"VBZ"
173562,"RB"
173563,"VBN"
173564,"IN"
173565,"NNP"
173566,"POS"
173567,"NN"
173568,"IN"
173569,"PRP$"
173570,"JJ"
173571,"NN"
173572,"IN"
173573,"JJ"
173574,"NN"
173575,"."
173576,"IN"
173577,"NNP"
173578,","
173579,"DT"
173580,"NN"
173581,"VBD"
173582,"JJ"
173583,"NN"
173584,"NNP"
173585,"NNP"
173586,","
173587,"DT"
173588,"JJ"
173589,"NN"
173590,"IN"
173591,"NN"
173592,"NNS"
173593,"IN"
173594,"NNP"
173595,"."
173596,"PRP"
173597,"VBZ"
173598,"VBG"
173599,"DT"
173600,"NN"
173601,"IN"
173602,"IN"
173603,"CD"
173604,"JJ"
173605,"NNS"
173606,"WP"
173607,"MD"
173608,"VB"
173609,"JJ"
173610,","
173611,"JJ"
173612,"NNS"
173613,","
173614,"IN"
173615,"DT"
173616,"NN"
173617,"IN"
173618,"VBG"
173619,"JJ"
173620,"NNS"
173621,"."
173622,"JJ"
173623,"NNS"
173624,"VBP"
173625,"DT"
173626,"NNS"
173627,"VBN"
173628,"IN"
173629,"JJ"
173630,"NNS"
173631,"MD"
173632,"VB"
173633,"NN"
173634,"IN"
173635,"PRP$"
173636,"``"
173637,"JJ"
173638,"''"
173639,"NNS"
173640,","
173641,"IN"
173642,"DT"
173643,"NN"
173644,"``"
173645,"CD"
173646,"VBZ"
173647,"''"
173648,"VBD"
173649,"RB"
173650,"UH"
173651,"IN"
173652,"NNP"
173653,"."
173654,"DT"
173655,"VBZ"
173656,"PDT"
173657,"DT"
173658,"NN"
173659,"IN"
173660,"DT"
173661,"NN"
173662,"IN"
173663,"JJ"
173664,"IN"
173665,"DT"
173666,"NN"
173667,"VBP"
173668,"JJ"
173669,"FW"
173670,"MD"
173671,"VB"
173672,"IN"
173673,"IN"
173674,"PRP$"
173675,"JJ"
173676,"NN"
173677,","
173678,"RB"
173679,"IN"
173680,"PRP"
173681,"VBZ"
173682,"DT"
173683,"NN"
173684,"IN"
173685,"VBG"
173686,"JJ"
173687,"NNS"
173688,"."
173689,"``"
173690,"PRP"
173691,"VBP"
173692,"RB"
173693,"VBN"
173694,"DT"
173695,"NN"
173696,"TO"
173697,"VB"
173698,"NN"
173699,"IN"
173700,"NN"
173701,","
173702,"''"
173703,"VBZ"
173704,"NNP"
173705,"NNP"
173706,","
173707,"DT"
173708,"JJ"
173709,"NN"
173710,"IN"
173711,"NNP"
173712,"NNP"
173713,","
173714,"WP"
173715,"VBZ"
173716,"DT"
173717,"NNP"
173718,"VBZ"
173719,"JJ"
173720,"TO"
173721,"PRP$"
173722,"NN"
173723,"."
173724,"DT"
173725,"NN"
173726,"POS"
173727,"NNS"
173728,"VBP"
173729,"RB"
173730,"VBN"
173731,"RB"
173732,"IN"
173733,"NN"
173734,"NNS"
173735,","
173736,"VBG"
173737,"IN"
173738,"DT"
173739,"JJ"
173740,"NN"
173741,"NN"
173742,"."
173743,"NNP"
173744,"RB"
173745,"VBD"
173746,"RBS"
173747,"NNS"
173748,"VBZ"
173749,"IN"
173750,"RB"
173751,"JJ"
173752,"IN"
173753,"CD"
173754,"NN"
173755,","
173756,"CC"
173757,"PRP"
173758,"VBP"
173759,"RB"
173760,"RB"
173761,"VB"
173762,"VBN"
173763,"IN"
173764,"DT"
173765,"NNS"
173766,"."
173767,"VBZ"
173768,"NNP"
173769,"NNP"
173770,":"
173771,"``"
173772,"NNP"
173773,"VBZ"
173774,"PRP$"
173775,"NN"
173776,"NN"
173777,":"
173778,"PRP"
173779,"VBP"
173780,"IN"
173781,"NN"
173782,"IN"
173783,"NN"
173784,"."
173785,"CC"
173786,"TO"
173787,"VB"
173788,","
173789,"PRP"
173790,"VBP"
173791,"RB"
173792,"VBN"
173793,"TO"
173794,"VB"
173795,"DT"
173796,"NN"
173797,"IN"
173798,"NNS"
173799,"."
173800,"''"
173801,"IN"
173802,"DT"
173803,"NN"
173804,","
173805,"JJ"
173806,"NNS"
173807,"VBP"
173808,"NN"
173809,"TO"
173810,"VB"
173811,"DT"
173812,"NN"
173813,"IN"
173814,"NNP"
173815,"POS"
173816,"NN"
173817,"."
173818,"PRP"
173819,"NN"
173820,"NN"
173821,"IN"
173822,"DT"
173823,"JJ"
173824,"NN"
173825,"NNS"
173826,"VBP"
173827,"VBZ"
173828,"TO"
173829,"VB"
173830,"."
173831,"``"
173832,"PRP"
173833,"MD"
173834,"RB"
173835,"VB"
173836,"VBN"
173837,"IN"
173838,"DT"
173839,"NNS"
173840,"IN"
173841,"NNS"
173842,"VBN"
173843,"IN"
173844,"JJR"
173845,"JJS"
173846,","
173847,"NN"
173848,"NN"
173849,","
173850,"''"
173851,"VBZ"
173852,"NNP"
173853,"NNP"
173854,","
173855,"JJ"
173856,"NN"
173857,"NN"
173858,","
173859,"NN"
173860,","
173861,"IN"
173862,"NNP"
173863,"NNP"
173864,"NNP"
173865,","
173866,"WDT"
173867,"VBZ"
173868,"DT"
173869,"CD"
173870,"NN"
173871,"NN"
173872,"IN"
173873,"NNP"
173874,"NNP"
173875,"."
173876,"O"
173877,"DT"
173878,"NNP"
173879,"NNP"
173880,"NNP"
173881,"NNP"
173882,"IN"
173883,"NNP"
173884,"NN"
173885,"IN"
173886,"DT"
173887,"JJ"
173888,"NN"
173889,"NN"
173890,"VBD"
173891,"RB"
173892,"VB"
173893,"DT"
173894,"NN"
173895,"NNP"
173896,"NNP"
173897,"VBD"
173898,"IN"
173899,"PRP$"
173900,"NN"
173901,"IN"
173902,"NNP"
173903,","
173904,"NN"
173905,"TO"
173906,"PRP$"
173907,"NNP"
173908,"CD"
173909,"NN"
173910,"``"
173911,"NNP"
173912,"NNP"
173913,"NNP"
173914,"POS"
173915,"NNP"
173916,"IN"
173917,"NNP"
173918,"NNP"
173919,":"
173920,"NNP"
173921,"NNP"
173922,"."
173923,"''"
173924,"DT"
173925,"JJ"
173926,"NN"
173927,"IN"
173928,"NN"
173929,"NN"
173930,"VBN"
173931,"TO"
173932,"DT"
173933,"NNS"
173934,"VBD"
173935,"IN"
173936,"NNS"
173937,"MD"
173938,"RB"
173939,"VB"
173940,"NNS"
173941,"TO"
173942,"WDT"
173943,"DT"
173944,"NNS"
173945,"VBD"
173946,"RB"
173947,"VB"
173948,"TO"
173949,"VB"
173950,"VBN"
173951,"."
173952,"IN"
173953,"DT"
173954,"JJ"
173955,"NN"
173956,","
173957,"DT"
173958,"NNS"
173959,"VBD"
173960,"NNP"
173961,"NNP"
173962,"NNP"
173963,"NNP"
173964,"VBD"
173965,"TO"
173966,"VB"
173967,"VBN"
173968,":"
173969,"IN"
173970,"JJ"
173971,"NNS"
173972,"PRP"
173973,"VBD"
173974,"EX"
173975,"VBD"
173976,"DT"
173977,"NN"
173978,"TO"
173979,"VB"
173980,"VBN"
173981,"."
173982,"RB"
173983,","
173984,"DT"
173985,"NN"
173986,"IN"
173987,"DT"
173988,"NNS"
173989,"VBZ"
173990,"DT"
173991,"JJ"
173992,"."
173993,"CC"
173994,"DT"
173995,"NN"
173996,"IN"
173997,"DT"
173998,"JJ"
173999,"NN"
174000,"RB"
174001,"RB"
174002,"VBZ"
174003,"IN"
174004,"DT"
174005,"NNS"
174006,"."
174007,"CC"
174008,"DT"
174009,"NNS"
174010,","
174011,"RB"
174012,"VBN"
174013,"IN"
174014,"DT"
174015,"JJ"
174016,"NNS"
174017,"IN"
174018,"DT"
174019,"CD"
174020,"NNS"
174021,","
174022,"VBD"
174023,"JJ"
174024,"."
174025,"WRB"
174026,"PRP"
174027,"VBP"
174028,"RB"
174029,","
174030,"PRP"
174031,"VBP"
174032,"DT"
174033,"NN"
174034,"IN"
174035,"NN"
174036,"CC"
174037,"VB"
174038,"DT"
174039,"NN"
174040,"IN"
174041,"NN"
174042,"."
174043,"NNP"
174044,"NNP"
174045,"NNP"
174046,"O"
174047,"NNP"
174048,"NNP"
174049,"NNP"
174050,"CC"
174051,"NNP"
174052,"NNP"
174053,"VBD"
174054,"NNP"
174055,"NNP"
174056,"IN"
174057,"NNP"
174058,"VBD"
174059,"IN"
174060,"NNS"
174061,"PRP$"
174062,"NN"
174063,"TO"
174064,"VB"
174065,"CD"
174066,"NNP"
174067,"NNP"
174068,"NNS"
174069,","
174070,"VBG"
174071,"DT"
174072,"NN"
174073,"IN"
174074,"NN"
174075,"."
174076,"DT"
174077,"JJ"
174078,"NN"
174079,"VBZ"
174080,"IN"
174081,"JJ"
174082,"NN"
174083,"IN"
174084,"NN"
174085,"IN"
174086,"NNP"
174087,"NNP"
174088,","
174089,"WP$"
174090,"NN"
174091,"VBD"
174092,"DT"
174093,"NN"
174094,"VBD"
174095,"PRP$"
174096,"NN"
174097,"IN"
174098,"DT"
174099,"JJ"
174100,"NN"
174101,"IN"
174102,"NNP"
174103,"NNP"
174104,"IN"
174105,"IN"
174106,"DT"
174107,"JJ"
174108,"NN"
174109,"IN"
174110,"NNP"
174111,"POS"
174112,"NN"
174113,"NN"
174114,"VBD"
174115,"TO"
174116,"VB"
174117,"NNP"
174118,"NNP"
174119,"NNP"
174120,"NNS"
174121,"."
174122,"DT"
174123,"NNP"
174124,"NNP"
174125,"NNP"
174126,"VBZ"
174127,"NN"
174128,"CC"
174129,"NN"
174130,"NNS"
174131,"TO"
174132,"VB"
174133,"NN"
174134,"IN"
174135,"NNS"
174136,"VBN"
174137,"TO"
174138,"NNS"
174139,"WRB"
174140,"NNS"
174141,"VBP"
174142,"VBN"
174143,"."
174144,"DT"
174145,"NN"
174146,","
174147,"VBN"
174148,"IN"
174149,"NNP"
174150,","
174151,"VBD"
174152,"IN"
174153,"$"
174154,"CD"
174155,"CD"
174156,"IN"
174157,"NNS"
174158,"IN"
174159,"DT"
174160,"CD"
174161,"NNS"
174162,"IN"
174163,"NNP"
174164,"POS"
174165,"NNP"
174166,"NNP"
174167,"NNP"
174168,"."
174169,"NNS"
174170,"VBD"
174171,"RB"
174172,"VBN"
174173,","
174174,"CC"
174175,"NNP"
174176,"NNP"
174177,"VBD"
174178,"VBN"
174179,"PRP"
174180,"VBD"
174181,"TO"
174182,"VB"
174183,"DT"
174184,"JJ"
174185,"NN"
174186,"NN"
174187,"CC"
174188,"TO"
174189,"VB"
174190,"IN"
174191,"$"
174192,"CD"
174193,"CD"
174194,"IN"
174195,"NN"
174196,"NNS"
174197,"RB"
174198,"."
174199,"NNP"
174200,"NNP"
174201,"VBD"
174202,"NNP"
174203,"IN"
174204,"PRP"
174205,"VBZ"
174206,"VBG"
174207,"IN"
174208,"TO"
174209,"VB"
174210,"DT"
174211,"NN"
174212,"IN"
174213,"DT"
174214,"NNS"
174215,"CC"
174216,"TO"
174217,"VB"
174218,"DT"
174219,"NN"
174220,"IN"
174221,"NNP"
174222,"NNP"
174223,","
174224,"WDT"
174225,"VBD"
174226,"PRP"
174227,"VBZ"
174228,"VBG"
174229,"TO"
174230,"VB"
174231,"NNP"
174232,"NNP"
174233,"NNP"
174234,"NNS"
174235,"."
174236,"NNP"
174237,"NNP"
174238,","
174239,"IN"
174240,"NNS"
174241,"IN"
174242,"$"
174243,"CD"
174244,"CD"
174245,","
174246,"VBZ"
174247,"VBN"
174248,"IN"
174249,"NNP"
174250,"NNP"
174251,"."
174252,"NNP"
174253,"NNP"
174254,","
174255,"VBN"
174256,"IN"
174257,"NNP"
174258,"NNP"
174259,","
174260,"VBZ"
174261,"DT"
174262,"NN"
174263,"IN"
174264,"NNP"
174265,"NNP"
174266,"CC"
174267,"NNP"
174268,"."
174269,"IN"
174270,"DT"
174271,"JJ"
174272,"CD"
174273,"NNS"
174274,"IN"
174275,"DT"
174276,"NN"
174277,"PRP"
174278,"VBD"
174279,"DT"
174280,"JJ"
174281,"NN"
174282,"IN"
174283,"$"
174284,"CD"
174285,"CD"
174286,"."
174287,"O"
174288,"VB"
174289,"PRP"
174290,"DT"
174291,"``"
174292,"PRP"
174293,"VBP"
174294,"RB"
174295,"RB"
174296,"TO"
174297,"VB"
174298,"''"
174299,"NN"
174300,"."
174301,"NNS"
174302,"IN"
174303,"NNS"
174304,"IN"
174305,"JJ"
174306,"NNS"
174307,"CC"
174308,"NN"
174309,"NNS"
174310,"VBP"
174311,"VBG"
174312,"DT"
174313,"JJ"
174314,"NN"
174315,"IN"
174316,"PRP$"
174317,"NNS"
174318,"TO"
174319,"VB"
174320,"NNS"
174321,"VBN"
174322,"IN"
174323,"NNS"
174324,","
174325,"NNS"
174326,"CC"
174327,"NNS"
174328,"."
174329,"DT"
174330,"NNS"
174331,"POS"
174332,"NNS"
174333,"VBP"
174334,"IN"
174335,"DT"
174336,"NNS"
174337,","
174338,"VBG"
174339,"CD"
174340,"TO"
174341,"CD"
174342,"IN"
174343,"NNP"
174344,"RB"
174345,","
174346,"MD"
174347,"VB"
174348,"VBN"
174349,"IN"
174350,"NN"
174351,"IN"
174352,"DT"
174353,"JJ"
174354,"NNS"
174355,"CC"
174356,"DT"
174357,"NNP"
174358,"NNP"
174359,"NNP"
174360,"CC"
174361,"NNP"
174362,"NNP"
174363,"NNP"
174364,"VBZ"
174365,"DT"
174366,"NN"
174367,"TO"
174368,"VB"
174369,"NNS"
174370,"."
174371,"IN"
174372,"DT"
174373,"NN"
174374,"MD"
174375,"VB"
174376,"DT"
174377,"JJ"
174378,"NN"
174379,"TO"
174380,"PRP"
174381,","
174382,"RB"
174383,"DT"
174384,"NN"
174385,"NNS"
174386,"VBP"
174387,"EX"
174388,"POS"
174389,"JJ"
174390,"NN"
174391,"TO"
174392,"VB"
174393,"PRP$"
174394,"NN"
174395,"."
174396,"RB"
174397,","
174398,"CD"
174399,"JJ"
174400,"NNS"
174401,"NN"
174402,"VBZ"
174403,"VBN"
174404,"PRP"
174405,"VBZ"
174406,"JJ"
174407,"TO"
174408,"VB"
174409,"DT"
174410,"NN"
174411,","
174412,"CC"
174413,"DT"
174414,"NNS"
174415,"VBP"
174416,"VBN"
174417,"PRP$"
174418,"NNS"
174419,"IN"
174420,"NNP"
174421,"CC"
174422,"CD"
174423,"JJ"
174424,"NNS"
174425,"WRB"
174426,"DT"
174427,"NN"
174428,"VBZ"
174429,"VBN"
174430,"IN"
174431,"NN"
174432,"NN"
174433,"."
174434,"DT"
174435,"NN"
174436,"IN"
174437,"DT"
174438,"JJ"
174439,"NNS"
174440,"MD"
174441,"VB"
174442,"DT"
174443,"JJ"
174444,"NN"
174445,"IN"
174446,"NN"
174447,"NN"
174448,"NNS"
174449,"IN"
174450,"NNP"
174451,"CC"
174452,"VBG"
174453,"DT"
174454,"NN"
174455,"POS"
174456,"JJ"
174457,"JJ"
174458,"NNS"
174459,","
174460,"WDT"
174461,"VBD"
174462,"$"
174463,"CD"
174464,"CD"
174465,"JJ"
174466,"NN"
174467,"."
174468,"DT"
174469,"NN"
174470,"NNS"
174471,"VBD"
174472,"VBN"
174473,"JJ"
174474,"NN"
174475,"IN"
174476,"DT"
174477,"JJ"
174478,"NN"
174479,"IN"
174480,"CD"
174481,"NNS"
174482,"VBN"
174483,"IN"
174484,"JJ"
174485,"NN"
174486,"NNP"
174487,"CC"
174488,"NNP"
174489,"NNP"
174490,"IN"
174491,"NNP"
174492,"IN"
174493,"DT"
174494,"NNS"
174495,"IN"
174496,"DT"
174497,"NNP"
174498,"NNP"
174499,","
174500,"RB"
174501,"VBN"
174502,"IN"
174503,"DT"
174504,"NN"
174505,"NN"
174506,"IN"
174507,"DT"
174508,"NNP"
174509,"NNP"
174510,"NN"
174511,"NN"
174512,"."
174513,"NNP"
174514,"VBN"
174515,"IN"
174516,"DT"
174517,"NN"
174518,"."
174519,"NNP"
174520,"CC"
174521,"DT"
174522,"NNP"
174523,"VBD"
174524,"TO"
174525,"DT"
174526,"NNP"
174527,"NNP"
174528,"NNP"
174529,"NNP"
174530,"IN"
174531,"NNPS"
174532,"``"
174533,"WDT"
174534,"EX"
174535,"MD"
174536,"RB"
174537,"VB"
174538,"DT"
174539,"NNS"
174540,"IN"
174541,"WDT"
174542,"TO"
174543,"VB"
174544,"DT"
174545,"NN"
174546,"IN"
174547,"NNP"
174548,"NNP"
174549,"NNP"
174550,"NNP"
174551,"VBZ"
174552,"TO"
174553,"VB"
174554,"IN"
174555,"DT"
174556,"JJ"
174557,"NN"
174558,","
174559,"VBG"
174560,"NNP"
174561,"."
174562,"''"
174563,"``"
174564,"IN"
174565,"JJ"
174566,","
174567,"''"
174568,"DT"
174569,"NN"
174570,"VBD"
174571,","
174572,"``"
174573,"DT"
174574,"NN"
174575,"MD"
174576,"VB"
174577,"NN"
174578,"IN"
174579,"DT"
174580,"NNS"
174581,"IN"
174582,"JJ"
174583,"NNS"
174584,"."
174585,"''"
174586,"CC"
174587,"DT"
174588,"NN"
174589,"VBD"
174590,"PRP"
174591,"VBD"
174592,"RB"
174593,"JJ"
174594,"NN"
174595,"IN"
174596,"NN"
174597,"CC"
174598,"DT"
174599,"NN"
174600,"CC"
174601,"VBD"
174602,"DT"
174603,"NNS"
174604,"RB"
174605,"TO"
174606,"JJ"
174607,"NN"
174608,"NN"
174609,"IN"
174610,"NNP"
174611,"."
174612,"NNP"
174613,"NNP"
174614,","
174615,"DT"
174616,"NN"
174617,"IN"
174618,"NN"
174619,","
174620,"VBZ"
174621,"PRP"
174622,"VBZ"
174623,"TO"
174624,"VB"
174625,"DT"
174626,"NN"
174627,"DT"
174628,"NN"
174629,"VBG"
174630,"DT"
174631,"NN"
174632,"NN"
174633,"TO"
174634,"VB"
174635,"DT"
174636,"NNS"
174637,","
174638,"IN"
174639,"NNP"
174640,"POS"
174641,"NNS"
174642,"VBD"
174643,"PRP$"
174644,"NNS"
174645,"IN"
174646,"IN"
174647,"$"
174648,"CD"
174649,"CD"
174650,"WRB"
174651,"JJ"
174652,"NNS"
174653,"VBD"
174654,"PRP"
174655,"IN"
174656,"NNP"
174657,"CD"
174658,"."
174659,"``"
174660,"DT"
174661,"NN"
174662,"VBZ"
174663,"RB"
174664,"NN"
174665,"NN"
174666,","
174667,"''"
174668,"VBZ"
174669,"NNP"
174670,"NNP"
174671,","
174672,"DT"
174673,"NN"
174674,"IN"
174675,"DT"
174676,"NNP"
174677,"NN"
174678,"IN"
174679,"NNP"
174680,"CC"
174681,"NNP"
174682,","
174683,"DT"
174684,"NNP"
174685,"NN"
174686,"NN"
174687,"."
174688,"CC"
174689,"DT"
174690,"NN"
174691,"IN"
174692,"NNP"
174693,"NNP"
174694,"NNP"
174695,","
174696,"DT"
174697,"NN"
174698,"IN"
174699,"NNP"
174700,"NNP"
174701,","
174702,"VBZ"
174703,"JJ"
174704,"NNS"
174705,"IN"
174706,"DT"
174707,"``"
174708,"NN"
174709,"NNP"
174710,"CD"
174711,"."
174712,"''"
174713,"NNP"
174714,"NNP"
174715,"NNP"
174716,"IN"
174717,"NNP"
174718,"VBZ"
174719,"DT"
174720,"NN"
174721,"IN"
174722,"NNP"
174723,"MD"
174724,"VB"
174725,"VBN"
174726,"IN"
174727,"NNS"
174728,"JJ"
174729,"IN"
174730,"DT"
174731,"JJ"
174732,"NN"
174733,","
174734,"VBG"
174735,"DT"
174736,"NN"
174737,"IN"
174738,"NNP"
174739,"POS"
174740,"NN"
174741,"IN"
174742,"NNP"
174743,"NNP"
174744,"."
174745,"``"
174746,"PRP"
174747,"VBP"
174748,"VBG"
174749,"DT"
174750,"NN"
174751,"IN"
174752,"DT"
174753,"NN"
174754,"IN"
174755,"NNS"
174756,"PRP"
174757,"MD"
174758,"VB"
174759,"IN"
174760,"NN"
174761,"TO"
174762,"DT"
174763,"NN"
174764,"IN"
174765,"NN"
174766,","
174767,"''"
174768,"PRP"
174769,"VBZ"
174770,"."
174771,"``"
174772,"PRP"
174773,"MD"
174774,"VB"
174775,"DT"
174776,"NNP"
174777,"NNP"
174778,"JJ"
174779,"CC"
174780,"JJ"
174781,"IN"
174782,"DT"
174783,"JJ"
174784,"NN"
174785,"."
174786,"O"
174787,"NNP"
174788,"NNP"
174789,"NNP"
174790,","
174791,"WP"
174792,"VBD"
174793,"VBN"
174794,"NN"
174795,"IN"
174796,"DT"
174797,"NN"
174798,"NN"
174799,"NN"
174800,"IN"
174801,"NNP"
174802,","
174803,"VBD"
174804,","
174805,"VBG"
174806,"JJ"
174807,"NNS"
174808,"."
174809,"NNP"
174810,"NNP"
174811,"VBD"
174812,"PRP"
174813,"VBD"
174814,"VBN"
174815,"TO"
174816,"VB"
174817,"IN"
174818,"DT"
174819,"NN"
174820,"IN"
174821,"NNP"
174822,"CC"
174823,"PRP$"
174824,"NNP"
174825,"NNP"
174826,"NN"
174827,","
174828,"CC"
174829,"VBZ"
174830,"VBN"
174831,"DT"
174832,"NN"
174833,"RB"
174834,"JJ"
174835,"TO"
174836,"VB"
174837,"."
174838,"DT"
174839,"JJ"
174840,"NN"
174841,"VBD"
174842,"RB"
174843,"VBN"
174844,"."
174845,"O"
174846,"NNP"
174847,"NNP"
174848,"NNP"
174849,"NNP"
174850,"NNP"
174851,"POS"
174852,"NNP"
174853,"CC"
174854,"CD"
174855,"JJ"
174856,"JJ"
174857,"NNS"
174858,"."
174859,"NNS"
174860,"IN"
174861,"NNS"
174862,","
174863,"JJ"
174864,"NN"
174865,"NNS"
174866,"IN"
174867,"DT"
174868,"JJ"
174869,"NNP"
174870,"NNP"
174871,"NNP"
174872,","
174873,"VBD"
174874,"DT"
174875,"JJ"
174876,"NNS"
174877,"DT"
174878,"JJ"
174879,"NN"
174880,"IN"
174881,"PRP$"
174882,"NN"
174883,"TO"
174884,"JJ"
174885,"NNS"
174886,"IN"
174887,"DT"
174888,"NN"
174889,"."
174890,"JJS"
174891,"IN"
174892,"DT"
174893,"VBN"
174894,"VBD"
174895,"VBN"
174896,"IN"
174897,"JJS"
174898,"CD"
174899,"NNS"
174900,"IN"
174901,"NN"
174902,"."
174903,"DT"
174904,"NNP"
174905,"NNP"
174906,","
174907,"VBD"
174908,"TO"
174909,"NN"
174910,"IN"
174911,"CD"
174912,"IN"
174913,"IN"
174914,"JJ"
174915,"NN"
174916,"NNP"
174917,"NNP"
174918,"IN"
174919,"VBG"
174920,"TO"
174921,"VB"
174922,"DT"
174923,"NN"
174924,","
174925,"VBD"
174926,"NN"
174927,"IN"
174928,"NNS"
174929,"IN"
174930,"NNP"
174931,"NNP"
174932,"VBD"
174933,"IN"
174934,"NN"
174935,"."
174936,"DT"
174937,"NNS"
174938,","
174939,"VBD"
174940,"JJ"
174941,"NN"
174942,"IN"
174943,"NNP"
174944,"NNP"
174945,"NNP"
174946,","
174947,"VBD"
174948,"VBN"
174949,"IN"
174950,"NNP"
174951,"POS"
174952,"JJ"
174953,"NN"
174954,"IN"
174955,"DT"
174956,"NNP"
174957,"."
174958,"NNP"
174959,","
174960,"VBN"
174961,"DT"
174962,"RBS"
174963,"JJ"
174964,"NN"
174965,"IN"
174966,"DT"
174967,"NNP"
174968,","
174969,"VBZ"
174970,"IN"
174971,"NN"
174972,"."
174973,"CC"
174974,"PRP$"
174975,"NN"
174976,"IN"
174977,"DT"
174978,"JJ"
174979,"JJ"
174980,"NNS"
174981,"VBZ"
174982,"RB"
174983,"VBN"
174984,"."
174985,"DT"
174986,"NNP"
174987,"NNP"
174988,"VBD"
174989,"DT"
174990,"NNS"
174991,"IN"
174992,"NNS"
174993,"IN"
174994,"NNS"
174995,"VBN"
174996,"TO"
174997,"VB"
174998,"JJ"
174999,"NNS"
175000,"IN"
175001,"DT"
175002,"NN"
175003,"VBD"
175004,"VBN"
175005,"RP"
175006,"IN"
175007,"NNS"
175008,"CC"
175009,"NN"
175010,"NNS"
175011,","
175012,"CC"
175013,"NN"
175014,"NNS"
175015,"VBD"
175016,"VBG"
175017,"IN"
175018,"IN"
175019,"DT"
175020,"NN"
175021,"IN"
175022,"NNS"
175023,"CC"
175024,"NN"
175025,"TO"
175026,"VB"
175027,"DT"
175028,"NN"
175029,"."
175030,"NNP"
175031,"NNP"
175032,"NN"
175033,"VBD"
175034,"VBN"
175035,","
175036,"CC"
175037,"NNP"
175038,"NNP"
175039,"VBD"
175040,"IN"
175041,"``"
175042,"JJ"
175043,"NNS"
175044,"."
175045,"''"
175046,"NNP"
175047,"VBD"
175048,"EX"
175049,"MD"
175050,"VB"
175051,"``"
175052,"NN"
175053,"IN"
175054,"NN"
175055,"''"
175056,"IN"
175057,"DT"
175058,"NN"
175059,"TO"
175060,"VB"
175061,"JJ"
175062,"NN"
175063,"IN"
175064,"NNS"
175065,"IN"
175066,"JJ"
175067,"NNS"
175068,"WP"
175069,"VBP"
175070,"NNS"
175071,"IN"
175072,"NN"
175073,"CC"
175074,"NN"
175075,"."
175076,"PRP"
175077,"VBD"
175078,"PRP$"
175079,"NN"
175080,"TO"
175081,"JJ"
175082,"NN"
175083,","
175084,"CC"
175085,"VBD"
175086,"NN"
175087,"IN"
175088,"DT"
175089,"NN"
175090,"."
175091,"DT"
175092,"NN"
175093,","
175094,"IN"
175095,"DT"
175096,"NN"
175097,"NN"
175098,"NNP"
175099,","
175100,"RB"
175101,"VBD"
175102,"DT"
175103,"NN"
175104,"IN"
175105,"DT"
175106,"NN"
175107,"IN"
175108,"NNP"
175109,"POS"
175110,"NNP"
175111,"."
175112,"DT"
175113,"NNP"
175114,"NNP"
175115,"VBD"
175116,"NNS"
175117,"VBP"
175118,"RB"
175119,"DT"
175120,"NN"
175121,"TO"
175122,"NN"
175123,"IN"
175124,"DT"
175125,"NN"
175126,"IN"
175127,"PRP$"
175128,"NNS"
175129,"."
175130,"DT"
175131,"NN"
175132,"POS"
175133,"NN"
175134,"VBD"
175135,"VBN"
175136,"IN"
175137,"DT"
175138,"JJ"
175139,"NN"
175140,"VBG"
175141,"DT"
175142,"NNP"
175143,"NNP"
175144,"TO"
175145,"VB"
175146,"NNS"
175147,"JJR"
175148,"NN"
175149,"TO"
175150,"VB"
175151,"NNS"
175152,"."
175153,"CD"
175154,"IN"
175155,"DT"
175156,"NN"
175157,"POS"
175158,"NNS"
175159,","
175160,"RB"
175161,","
175162,"VBD"
175163,"IN"
175164,"DT"
175165,"NNS"
175166,"TO"
175167,"VB"
175168,"NNS"
175169,"TO"
175170,"VB"
175171,"NNS"
175172,"."
175173,"DT"
175174,"NNP"
175175,"NNP"
175176,"VBD"
175177,"IN"
175178,"DT"
175179,"NNP"
175180,"VBZ"
175181,"VBN"
175182,"VBN"
175183,"DT"
175184,"NN"
175185,"TO"
175186,"VB"
175187,"NNP"
175188,"NNS"
175189,"JJ"
175190,"IN"
175191,"DT"
175192,"NN"
175193,"IN"
175194,"JJ"
175195,"NNS"
175196,"."
175197,"NNP"
175198,"IN"
175199,"NNP"
175200,"NNP"
175201,"VBD"
175202,"NNP"
175203,"IN"
175204,"DT"
175205,"JJ"
175206,"NN"
175207,"MD"
175208,"RB"
175209,"VB"
175210,"VBN"
175211,"IN"
175212,"DT"
175213,"NNP"
175214,"NN"
175215,"IN"
175216,"JJ"
175217,"NN"
175218,"IN"
175219,"NN"
175220,"NNS"
175221,"."
175222,"NNP"
175223,"JJ"
175224,"DT"
175225,"NN"
175226,"NN"
175227,"NN"
175228,"JJ"
175229,"IN"
175230,"NN"
175231,"NN"
175232,"VBG"
175233,"DT"
175234,"JJ"
175235,"NN"
175236,"IN"
175237,"DT"
175238,"NN"
175239,"IN"
175240,"IN"
175241,"DT"
175242,"JJ"
175243,"NN"
175244,"NN"
175245,"."
175246,"DT"
175247,"NN"
175248,"VBD"
175249,"VBN"
175250,"."
175251,"DT"
175252,"NN"
175253,"POS"
175254,"CD"
175255,"NNS"
175256,"VBP"
175257,"TO"
175258,"VB"
175259,"DT"
175260,"JJ"
175261,"NN"
175262,"NN"
175263,"IN"
175264,"DT"
175265,"NN"
175266,"NN"
175267,"TO"
175268,"VB"
175269,"."
175270,"NNP"
175271,"NNP"
175272,"POS"
175273,"NNP"
175274,"NNP"
175275,"VBD"
175276,"TO"
175277,"DT"
175278,"NNP"
175279,"IN"
175280,"DT"
175281,"JJ"
175282,"NN"
175283,"WDT"
175284,"VBZ"
175285,"VBN"
175286,"TO"
175287,"VB"
175288,"IN"
175289,"NNS"
175290,"IN"
175291,"NNP"
175292,"CC"
175293,"NNP"
175294,"."
175295,"NNP"
175296,","
175297,"WP"
175298,"VBZ"
175299,"VBG"
175300,"NNS"
175301,"IN"
175302,"DT"
175303,"NN"
175304,"IN"
175305,"JJ"
175306,"JJ"
175307,"NNS"
175308,"IN"
175309,"NNP"
175310,"NNP"
175311,","
175312,"VBZ"
175313,"TO"
175314,"VB"
175315,"IN"
175316,"NNP"
175317,"NN"
175318,"CC"
175319,"VBZ"
175320,"TO"
175321,"VB"
175322,"DT"
175323,"JJ"
175324,"NN"
175325,"IN"
175326,"NNP"
175327,"IN"
175328,"NNP"
175329,"."
175330,"NNP"
175331,"POS"
175332,"JJ"
175333,"NN"
175334,"VBD"
175335,"TO"
175336,"VB"
175337,"DT"
175338,"NN"
175339,"IN"
175340,"``"
175341,"JJ"
175342,"CC"
175343,"JJ"
175344,"NNS"
175345,"''"
175346,"CC"
175347,"JJ"
175348,"JJ"
175349,"NNS"
175350,","
175351,"WP"
175352,"PRP"
175353,"VBD"
175354,"NNS"
175355,"."
175356,"DT"
175357,"NN"
175358,","
175359,"VBN"
175360,"IN"
175361,"DT"
175362,"JJ"
175363,"NNP"
175364,"NNP"
175365,"NNP"
175366,","
175367,"VBD"
175368,"IN"
175369,"DT"
175370,"NN"
175371,"VBD"
175372,"IN"
175373,"JJ"
175374,"JJ"
175375,"NNS"
175376,"IN"
175377,"NNP"
175378,"VBZ"
175379,"VBG"
175380,"."
175381,"NNS"
175382,"IN"
175383,"NNP"
175384,"NNP"
175385,"VBD"
175386,"TO"
175387,"NNP"
175388,"POS"
175389,"NNP"
175390,"IN"
175391,"NNP"
175392,","
175393,"VBG"
175394,"TO"
175395,"JJR"
175396,"IN"
175397,"CD"
175398,"DT"
175399,"NN"
175400,"IN"
175401,"NNS"
175402,"VBN"
175403,"TO"
175404,"VB"
175405,"TO"
175406,"DT"
175407,"JJ"
175408,"NN"
175409,"NN"
175410,"."
175411,"JJR"
175412,"IN"
175413,"CD"
175414,"NNS"
175415,"VBD"
175416,"TO"
175417,"NNP"
175418,"NNP"
175419,"IN"
175420,"NNP"
175421,"IN"
175422,"DT"
175423,"NN"
175424,"."
175425,"IN"
175426,"NNP"
175427,","
175428,"NNS"
175429,"VBD"
175430,"TO"
175431,"VB"
175432,"NN"
175433,"NNS"
175434,"TO"
175435,"VB"
175436,"JJ"
175437,"NN"
175438,"."
175439,"NNP"
175440,"POS"
175441,"NNP"
175442,"NNP"
175443,"VBD"
175444,"IN"
175445,"JJ"
175446,"NNP"
175447,"IN"
175448,"JJ"
175449,"NN"
175450,"NN"
175451,"NN"
175452,"CC"
175453,"DT"
175454,"JJ"
175455,"NNP"
175456,"NN"
175457,"IN"
175458,"DT"
175459,"NN"
175460,"TO"
175461,"VB"
175462,"DT"
175463,"NN"
175464,"TO"
175465,"VB"
175466,"NNP"
175467,"POS"
175468,"JJ"
175469,"NN"
175470,"."
175471,"NNS"
175472,"IN"
175473,"DT"
175474,"NNS"
175475,","
175476,"VBN"
175477,"IN"
175478,"DT"
175479,"JJ"
175480,"NN"
175481,"IN"
175482,"``"
175483,"RB"
175484,"JJ"
175485,","
175486,"''"
175487,"VBD"
175488,"RB"
175489,"VBN"
175490,"."
175491,"NNP"
175492,"NN"
175493,"NNP"
175494,"VBD"
175495,"IN"
175496,"NNS"
175497,"IN"
175498,"DT"
175499,"NNS"
175500,"IN"
175501,"DT"
175502,"JJ"
175503,"NNS"
175504,"MD"
175505,"VB"
175506,"JJ"
175507,"."
175508,"PRP"
175509,"VBD"
175510,"PRP$"
175511,"NNS"
175512,"TO"
175513,"DT"
175514,"NNP"
175515,"NN"
175516,"IN"
175517,"NNP"
175518,"."
175519,"IN"
175520,"DT"
175521,"JJ"
175522,"NNS"
175523,","
175524,"JJ"
175525,"NNS"
175526,"IN"
175527,"DT"
175528,"JJ"
175529,"NN"
175530,"VBD"
175531,"DT"
175532,"JJ"
175533,"NN"
175534,"TO"
175535,"VB"
175536,"JJ"
175537,"NNS"
175538,"IN"
175539,"NNP"
175540,"VBD"
175541,"VBG"
175542,"JJ"
175543,"NNS"
175544,"IN"
175545,"NNP"
175546,"."
175547,"NNP"
175548,"NNP"
175549,"NNS"
175550,"VBD"
175551,"TO"
175552,"JJ"
175553,"NNS"
175554,"IN"
175555,"NNS"
175556,"IN"
175557,"NNP"
175558,"NNP"
175559,"NNS"
175560,"IN"
175561,"DT"
175562,"JJ"
175563,"NN"
175564,"IN"
175565,"DT"
175566,"NN"
175567,"IN"
175568,"NNP"
175569,"POS"
175570,"NNS"
175571,"IN"
175572,"NNP"
175573,"."
175574,"DT"
175575,"NN"
175576,"RB"
175577,"IN"
175578,"NN"
175579,"VBZ"
175580,"NNP"
175581,"CD"
175582,"NNS"
175583,"TO"
175584,"VB"
175585,"RB"
175586,"TO"
175587,"VB"
175588,"NNP"
175589,","
175590,"VBG"
175591,"IN"
175592,"DT"
175593,"NN"
175594,"NNP"
175595,"POS"
175596,"NN"
175597,"VBZ"
175598,"JJ"
175599,"NN"
175600,"IN"
175601,"NNS"
175602,"."
175603,"NNP"
175604,"NNP"
175605,"VBD"
175606,"TO"
175607,"VB"
175608,"IN"
175609,"DT"
175610,"JJS"
175611,"NNS"
175612,"IN"
175613,"DT"
175614,"NN"
175615,"TO"
175616,"VB"
175617,"DT"
175618,"NN"
175619,"NN"
175620,"."
175621,"NNS"
175622,"IN"
175623,"NNS"
175624,"IN"
175625,"JJ"
175626,"NNS"
175627,"VBD"
175628,"VBN"
175629,"TO"
175630,"VB"
175631,"IN"
175632,"DT"
175633,"NN"
175634,"VBD"
175635,"RB"
175636,"IN"
175637,"DT"
175638,"NNP"
175639,"IN"
175640,"NNP"
175641,"IN"
175642,"CD"
175643,"NN"
175644,"NNS"
175645,"."
175646,"O"
175647,"DT"
175648,"NN"
175649,"IN"
175650,"NNP"
175651,"POS"
175652,"NNS"
175653,"VBD"
175654,"PRP"
175655,"VBD"
175656,"DT"
175657,"NN"
175658,"TO"
175659,"VB"
175660,"NNP"
175661,"NNP"
175662,"NN"
175663,"NNP"
175664,"NNP"
175665,"POS"
175666,"NN"
175667,"IN"
175668,"DT"
175669,"NN"
175670,"NN"
175671,"."
175672,"DT"
175673,"NN"
175674,"VBZ"
175675,"DT"
175676,"JJ"
175677,"NN"
175678,"IN"
175679,"DT"
175680,"JJ"
175681,"NN"
175682,"IN"
175683,"DT"
175684,"NNS"
175685,"CC"
175686,"NNP"
175687,"NNP"
175688,"WDT"
175689,"VBD"
175690,"IN"
175691,"NNP"
175692,"."
175693,"IN"
175694,"DT"
175695,"NN"
175696,","
175697,"DT"
175698,"NN"
175699,"VBD"
175700,"NNP"
175701,"NNP"
175702,"NNP"
175703,","
175704,"VBG"
175705,"IN"
175706,"CD"
175707,"IN"
175708,"NNP"
175709,"POS"
175710,"JJS"
175711,"NNS"
175712,","
175713,"VBD"
175714,"JJR"
175715,"IN"
175716,"$"
175717,"CD"
175718,"CD"
175719,"TO"
175720,"VB"
175721,"NNP"
175722,"POS"
175723,"NN"
175724,","
175725,"WDT"
175726,"VBZ"
175727,"NN"
175728,"IN"
175729,"NNP"
175730,"NNP"
175731,"."
175732,"NNP"
175733,"VBZ"
175734,"DT"
175735,"NN"
175736,"NN"
175737,"VBN"
175738,"IN"
175739,"NNP"
175740,"NNP"
175741,"."
175742,"CD"
175743,"NN"
175744,"RB"
175745,","
175746,"NNP"
175747,"NNP"
175748,"NNP"
175749,","
175750,"NN"
175751,"CC"
175752,"JJ"
175753,"NN"
175754,"NN"
175755,"IN"
175756,"NNP"
175757,"POS"
175758,","
175759,"VBD"
175760,"VBN"
175761,"IN"
175762,"DT"
175763,"NN"
175764,"IN"
175765,"NNP"
175766,"NNP"
175767,"."
175768,"NNP"
175769,","
175770,"CD"
175771,"NNS"
175772,"VBD"
175773,"DT"
175774,"NN"
175775,"IN"
175776,"DT"
175777,"NN"
175778,":"
175779,"VBN"
175780,"FW"
175781,"NNP"
175782,"NNP"
175783,":"
175784,"TO"
175785,"``"
175786,"VB"
175787,"DT"
175788,"NN"
175789,"IN"
175790,"DT"
175791,"NNP"
175792,"POS"
175793,"NN"
175794,"."
175795,"''"
175796,"DT"
175797,"NNS"
175798,","
175799,"NNS"
175800,"CC"
175801,"NNS"
175802,"IN"
175803,"CD"
175804,"IN"
175805,"DT"
175806,"CD"
175807,"JJ"
175808,"NNP"
175809,"VBZ"
175810,"IN"
175811,"DT"
175812,"NNP"
175813,","
175814,"VBD"
175815,":"
175816,"``"
175817,"PRP"
175818,"VBP"
175819,"VBN"
175820,"DT"
175821,"JJ"
175822,"NN"
175823,"IN"
175824,"NNP"
175825,"POS"
175826,"IN"
175827,"NNP"
175828,"NNP"
175829,"VBZ"
175830,"RB"
175831,"JJ"
175832,"TO"
175833,"PRP"
175834,","
175835,"IN"
175836,"PRP"
175837,"VBZ"
175838,"RB"
175839,"JJ"
175840,"TO"
175841,"VB"
175842,"JJ"
175843,"NN"
175844,"TO"
175845,"DT"
175846,"NNP"
175847,"POS"
175848,"NN"
175849,"."
175850,"PRP"
175851,"VBP"
175852,"DT"
175853,"NNS"
175854,"TO"
175855,"VB"
175856,"NNP"
175857,"NNP"
175858,"IN"
175859,"NN"
175860,"IN"
175861,"NNP"
175862,"POS"
175863,"NNP"
175864,"CC"
175865,"DT"
175866,"NNP"
175867,"POS"
175868,"NN"
175869,"."
175870,"''"
175871,"DT"
175872,"NN"
175873,"VBD"
175874,"PRP"
175875,"MD"
175876,"VB"
175877,","
175878,"IN"
175879,"JJ"
175880,"NNS"
175881,","
175882,"VBG"
175883,"NN"
175884,"NNS"
175885,"CC"
175886,"VBG"
175887,"DT"
175888,"JJ"
175889,"NN"
175890,"VBG"
175891,"NN"
175892,"NN"
175893,"IN"
175894,"DT"
175895,"NNS"
175896,"."
175897,"IN"
175898,"NNP"
175899,","
175900,"NNP"
175901,"NNP"
175902,","
175903,"DT"
175904,"JJ"
175905,"NN"
175906,"NN"
175907,"IN"
175908,"NNP"
175909,","
175910,"VBD"
175911,":"
175912,"``"
175913,"PRP"
175914,"VBP"
175915,"RB"
175916,"VB"
175917,"DT"
175918,"NN"
175919,"CC"
175920,"NN"
175921,"MD"
175922,"VB"
175923,"DT"
175924,"JJ"
175925,"NN"
175926,"CC"
175927,"RB"
175928,"VB"
175929,"IN"
175930,"JJ"
175931,"JJ"
175932,"NNS"
175933,"IN"
175934,"PRP$"
175935,"JJ"
175936,"NN"
175937,"NNS"
175938,"."
175939,"O"
175940,"NNP"
175941,"POS"
175942,"JJ"
175943,"NN"
175944,"IN"
175945,"NN"
175946,"NNS"
175947,"VBZ"
175948,"DT"
175949,"NN"
175950,"RB"
175951,"VBZ"
175952,","
175953,"CC"
175954,"DT"
175955,"NN"
175956,"IN"
175957,"NN"
175958,"NNS"
175959,"VBN"
175960,"IN"
175961,"DT"
175962,"JJ"
175963,"NN"
175964,"NNS"
175965,"VBD"
175966,"TO"
175967,"DT"
175968,"NN"
175969,"NN"
175970,"POS"
175971,"NN"
175972,"NNP"
175973,"."
175974,"IN"
175975,"VBG"
175976,"IN"
175977,"CD"
175978,"JJ"
175979,"NNS"
175980,","
175981,"DT"
175982,"NN"
175983,"NN"
175984,"NN"
175985,"IN"
175986,"JJ"
175987,"NNS"
175988,"VBD"
175989,"RB"
175990,"CD"
175991,"NN"
175992,"JJ"
175993,"NN"
175994,","
175995,"DT"
175996,"NNP"
175997,"NNP"
175998,"VBD"
175999,"NNP"
176000,","
176001,"IN"
176002,"NN"
176003,"NNS"
176004,"VBD"
176005,"IN"
176006,"VBG"
176007,"IN"
176008,"DT"
176009,"NN"
176010,"."
176011,"IN"
176012,"DT"
176013,"NN"
176014,","
176015,"WDT"
176016,"VBD"
176017,"VBN"
176018,"IN"
176019,"DT"
176020,"NN"
176021,"NN"
176022,"VBD"
176023,","
176024,"VBD"
176025,"RB"
176026,"VB"
176027,"DT"
176028,"JJ"
176029,"NN"
176030,"IN"
176031,"DT"
176032,"NNP"
176033,"NNP"
176034,"NNP"
176035,"NNP"
176036,","
176037,"NNS"
176038,"VBD"
176039,"PRP"
176040,"VBD"
176041,"VB"
176042,"DT"
176043,"NN"
176044,"IN"
176045,"DT"
176046,"NN"
176047,"POS"
176048,"NN"
176049,"."
176050,"NNS"
176051,"RB"
176052,"VBD"
176053,"DT"
176054,"NN"
176055,"NN"
176056,","
176057,"DT"
176058,"JJ"
176059,"NN"
176060,"NN"
176061,"IN"
176062,"NNS"
176063,","
176064,"IN"
176065,"NN"
176066,"IN"
176067,"DT"
176068,"NNP"
176069,"NNP"
176070,"VBD"
176071,"JJ"
176072,"TO"
176073,"VB"
176074,"NN"
176075,"NNS"
176076,"TO"
176077,"VB"
176078,"IN"
176079,"JJ"
176080,"NNS"
176081,"VBD"
176082,"VBN"
176083,"."
176084,"RB"
176085,"VBG"
176086,"DT"
176087,"NN"
176088,"IN"
176089,"NNS"
176090,"IN"
176091,"DT"
176092,"NN"
176093,"VBD"
176094,"JJ"
176095,"TO"
176096,"VB"
176097,"DT"
176098,"NNP"
176099,"IN"
176100,"NN"
176101,"NN"
176102,","
176103,"DT"
176104,"NNP"
176105,"NNP"
176106,"VBD"
176107,"NNP"
176108,"IN"
176109,"JJ"
176110,"NNS"
176111,"VBD"
176112,"CD"
176113,"NN"
176114,"IN"
176115,"NNP"
176116,","
176117,"TO"
176118,"$"
176119,"CD"
176120,"CD"
176121,"."
176122,"DT"
176123,"NN"
176124,"VBD"
176125,"IN"
176126,"NN"
176127,"IN"
176128,"DT"
176129,"CD"
176130,"NN"
176131,"NN"
176132,"IN"
176133,"NNP"
176134,","
176135,"CC"
176136,"VBD"
176137,"EX"
176138,"VBZ"
176139,"RB"
176140,"JJ"
176141,"NN"
176142,"NN"
176143,"IN"
176144,"DT"
176145,"NN"
176146,"."
176147,"``"
176148,"PRP"
176149,"VBP"
176150,"DT"
176151,"NNP"
176152,"NN"
176153,","
176154,"VBN"
176155,"IN"
176156,"DT"
176157,"NNS"
176158,"IN"
176159,"DT"
176160,"NNP"
176161,","
176162,"VBD"
176163,"DT"
176164,"NN"
176165,"IN"
176166,"RB"
176167,"VBD"
176168,"VBG"
176169,"TO"
176170,"VB"
176171,"DT"
176172,"JJ"
176173,"NN"
176174,"IN"
176175,"JJ"
176176,"NN"
176177,","
176178,"''"
176179,"VBD"
176180,"NNP"
176181,"NNP"
176182,","
176183,"JJ"
176184,"NN"
176185,"IN"
176186,"NNP"
176187,"NNP"
176188,"NNP"
176189,"IN"
176190,"NNP"
176191,"."
176192,"CC"
176193,"NNS"
176194,"VBD"
176195,"VBN"
176196,"IN"
176197,"DT"
176198,"NN"
176199,"IN"
176200,"DT"
176201,"NN"
176202,"NN"
176203,"VBD"
176204,"IN"
176205,"DT"
176206,"JJ"
176207,"NNS"
176208,"."
176209,"``"
176210,"DT"
176211,"JJ"
176212,"CD"
176213,"NN"
176214,"NN"
176215,"VBZ"
176216,"JJ"
176217,"IN"
176218,"PRP"
176219,","
176220,"CC"
176221,"WP"
176222,"VBZ"
176223,"RB"
176224,"JJR"
176225,"VBZ"
176226,"IN"
176227,"VBG"
176228,"NN"
176229,"CC"
176230,"NN"
176231,","
176232,"DT"
176233,"NN"
176234,"NN"
176235,"NN"
176236,"RB"
176237,"VBD"
176238,"IN"
176239,"CD"
176240,"NN"
176241,","
176242,"''"
176243,"VBD"
176244,"NNP"
176245,"NNP"
176246,","
176247,"DT"
176248,"NN"
176249,"IN"
176250,"DT"
176251,"NNP"
176252,"NNP"
176253,"IN"
176254,"NNP"
176255,"."
176256,"CC"
176257,"NNP"
176258,"NNP"
176259,"NNP"
176260,","
176261,"JJ"
176262,"NN"
176263,"IN"
176264,"NNP"
176265,"NNP"
176266,"IN"
176267,"NNP"
176268,","
176269,"VBD"
176270,"VBG"
176271,"NN"
176272,"NNS"
176273,"CC"
176274,"DT"
176275,"JJ"
176276,"NN"
176277,"NN"
176278,"IN"
176279,"NN"
176280,"NNS"
176281,"IN"
176282,"JJS"
176283,"IN"
176284,"DT"
176285,"NNP"
176286,"NN"
176287,"."
176288,"``"
176289,"PRP"
176290,"MD"
176291,"VB"
176292,"DT"
176293,"VBZ"
176294,"RB"
176295,"JJ"
176296,"NN"
176297,":"
176298,"DT"
176299,"VBZ"
176300,"DT"
176301,"NN"
176302,","
176303,"''"
176304,"PRP"
176305,"VBD"
176306,"."
176307,"``"
176308,"DT"
176309,"JJ"
176310,"NN"
176311,"VBZ"
176312,"RB"
176313,"RB"
176314,"IN"
176315,"IN"
176316,"NN"
176317,"."
176318,"''"
176319,"DT"
176320,"NN"
176321,","
176322,"NN"
176323,"NNS"
176324,"VBP"
176325,"VBN"
176326,"DT"
176327,"NN"
176328,"NN"
176329,"NN"
176330,","
176331,"WDT"
176332,"VBZ"
176333,"NNS"
176334,"IN"
176335,"DT"
176336,"NNS"
176337,"NNS"
176338,"VBP"
176339,"IN"
176340,"NNS"
176341,"."
176342,"NN"
176343,"RB"
176344,"VBZ"
176345,"VBN"
176346,"RB"
176347,"IN"
176348,"PRP$"
176349,"JJ"
176350,"NN"
176351,"JJ"
176352,"NN"
176353,","
176354,"WRB"
176355,"DT"
176356,"JJ"
176357,"NN"
176358,"IN"
176359,"NN"
176360,"NN"
176361,"NNS"
176362,"VBD"
176363,"DT"
176364,"NN"
176365,"VBG"
176366,"IN"
176367,"JJ"
176368,"JJ"
176369,"NNS"
176370,"."
176371,"NNP"
176372,"NNS"
176373,"RB"
176374,"VBD"
176375,"IN"
176376,"DT"
176377,"NN"
176378,","
176379,"VBG"
176380,"DT"
176381,"NN"
176382,"TO"
176383,"VB"
176384,"IN"
176385,"CD"
176386,"JJ"
176387,"NNS"
176388,"."
176389,"RB"
176390,","
176391,"DT"
176392,"NN"
176393,"VBZ"
176394,"VBN"
176395,"IN"
176396,"DT"
176397,"CD"
176398,"NN"
176399,"NN"
176400,"JJ"
176401,"NN"
176402,"IN"
176403,"DT"
176404,"NN"
176405,"IN"
176406,"DT"
176407,"NN"
176408,","
176409,"DT"
176410,"NNP"
176411,"NNP"
176412,"VBD"
176413,"."
176414,"IN"
176415,"RB"
176416,"RBR"
176417,"VBN"
176418,"IN"
176419,"DT"
176420,"NN"
176421,"IN"
176422,"DT"
176423,"NN"
176424,"IN"
176425,"DT"
176426,"NN"
176427,","
176428,"WDT"
176429,"VBZ"
176430,"RB"
176431,"DT"
176432,"JJ"
176433,"NN"
176434,"IN"
176435,"DT"
176436,"JJ"
176437,"NN"
176438,"NN"
176439,"IN"
176440,"DT"
176441,"IN"
176442,"CD"
176443,"."
176444,"RB"
176445,","
176446,"DT"
176447,"NN"
176448,"POS"
176449,"JJ"
176450,"NN"
176451,"NN"
176452,"MD"
176453,"VB"
176454,"VBN"
176455,"JJ"
176456,"NN"
176457,","
176458,"WRB"
176459,"NN"
176460,"NNS"
176461,"VBD"
176462,"RB"
176463,"CD"
176464,"NN"
176465,"IN"
176466,"VBG"
176467,"CD"
176468,"NN"
176469,"IN"
176470,"NNP"
176471,"."
176472,"DT"
176473,"NNS"
176474,"VBP"
176475,"NN"
176476,"NNS"
176477,"TO"
176478,"VB"
176479,"RB"
176480,"JJ"
176481,"IN"
176482,"DT"
176483,"NNS"
176484,"RB"
176485,","
176486,"VBG"
176487,"DT"
176488,"JJ"
176489,"NN"
176490,"IN"
176491,"NN"
176492,"JJ"
176493,"."
176494,"NNS"
176495,"VBD"
176496,"VBN"
176497,"IN"
176498,"DT"
176499,"NN"
176500,"IN"
176501,"NN"
176502,"NNS"
176503,"JJ"
176504,"NN"
176505,"MD"
176506,"VB"
176507,"TO"
176508,"DT"
176509,"JJ"
176510,"NN"
176511,"IN"
176512,"DT"
176513,"NN"
176514,"NN"
176515,"NN"
176516,","
176517,"CC"
176518,"DT"
176519,"CD"
176520,"NN"
176521,"NN"
176522,"VBD"
176523,"JJR"
176524,"IN"
176525,"RBS"
176526,"VBN"
176527,"."
176528,"``"
176529,"PRP"
176530,"VBP"
176531,"DT"
176532,"NN"
176533,"("
176534,"IN"
176535,"NN"
176536,")"
176537,"VBZ"
176538,"VBG"
176539,"TO"
176540,"VB"
176541,"IN"
176542,"DT"
176543,"JJ"
176544,"NNS"
176545,","
176546,"''"
176547,"VBD"
176548,"NNP"
176549,"NNP"
176550,","
176551,"JJ"
176552,"NN"
176553,"IN"
176554,"NNP"
176555,"NNP"
176556,"NNP"
176557,","
176558,"DT"
176559,"NNP"
176560,"JJ"
176561,"NN"
176562,"NN"
176563,"."
176564,"PRP"
176565,"VBD"
176566,"DT"
176567,"NN"
176568,"MD"
176569,"VB"
176570,"JJ"
176571,"NN"
176572,","
176573,"VBG"
176574,"DT"
176575,"NN"
176576,"NNS"
176577,"VBP"
176578,"RB"
176579,"RB"
176580,"JJ"
176581,"."
176582,"CC"
176583,"NNP"
176584,"NNP"
176585,"NNP"
176586,","
176587,"NN"
176588,"IN"
176589,"DT"
176590,"NNP"
176591,"NNP"
176592,"IN"
176593,"NNP"
176594,","
176595,"VBD"
176596,"DT"
176597,"JJ"
176598,"NN"
176599,"POS"
176600,"NN"
176601,"``"
176602,"VBZ"
176603,"RB"
176604,"RB"
176605,"JJ"
176606,"DT"
176607,"NNS"
176608,"''"
176609,"IN"
176610,"DT"
176611,"CD"
176612,"NN"
176613,"NN"
176614,"VBZ"
176615,"."
176616,"``"
176617,"IN"
176618,"PRP"
176619,"VBP"
176620,"DT"
176621,"NN"
176622,"RB"
176623,","
176624,"DT"
176625,"NN"
176626,"VBZ"
176627,"VBN"
176628,"IN"
176629,"NN"
176630,"CC"
176631,"NN"
176632,"NN"
176633,"NNS"
176634,","
176635,"RB"
176636,"IN"
176637,"VBG"
176638,"DT"
176639,"JJ"
176640,"NN"
176641,"IN"
176642,"DT"
176643,"NNS"
176644,"IN"
176645,"NN"
176646,"CC"
176647,"JJ"
176648,"NNS"
176649,","
176650,"''"
176651,"PRP"
176652,"VBD"
176653,"."
176654,"JJ"
176655,"NN"
176656,"NNS"
176657,"VBD"
176658,"CD"
176659,"NN"
176660,"IN"
176661,"NNP"
176662,","
176663,"IN"
176664,"VBG"
176665,"CD"
176666,"NN"
176667,"IN"
176668,"NNP"
176669,"CC"
176670,"VBG"
176671,"IN"
176672,"DT"
176673,"JJ"
176674,"NN"
176675,"CC"
176676,"NN"
176677,"."
176678,"JJ"
176679,"NNS"
176680,"VBD"
176681,"DT"
176682,"NNP"
176683,"NN"
176684,"VBD"
176685,"DT"
176686,"JJ"
176687,"NN"
176688,","
176689,"VBG"
176690,"IN"
176691,"NNS"
176692,"VBD"
176693,"PRP$"
176694,"CD"
176695,"NNS"
176696,"."
176697,"IN"
176698,"DT"
176699,"JJ"
176700,"NN"
176701,"NN"
176702,"VBD"
176703,"VBN"
176704,"IN"
176705,"JJ"
176706,"JJ"
176707,"NNS"
176708,","
176709,"NN"
176710,"NNS"
176711,"VBD"
176712,"IN"
176713,"DT"
176714,"JJ"
176715,"NN"
176716,"NN"
176717,"."
176718,"NNS"
176719,"IN"
176720,"NN"
176721,"NN"
176722,"VBD"
176723,"DT"
176724,"JJ"
176725,"CD"
176726,"NN"
176727,"IN"
176728,"NNP"
176729,","
176730,"IN"
176731,"NNS"
176732,"IN"
176733,"NN"
176734,"JJ"
176735,"NN"
176736,"VBD"
176737,"CD"
176738,"NN"
176739,"."
176740,"NNP"
176741,"NNS"
176742,"VBD"
176743,"CD"
176744,"NN"
176745,","
176746,"IN"
176747,"VBG"
176748,"CD"
176749,"NN"
176750,"IN"
176751,"NNP"
176752,"."
176753,"RB"
176754,","
176755,"DT"
176756,"JJ"
176757,"NNS"
176758,"VBP"
176759,"VBN"
176760,"IN"
176761,"NN"
176762,"NNS"
176763,"VBD"
176764,"CD"
176765,"NN"
176766,"IN"
176767,"NNP"
176768,"TO"
176769,"$"
176770,"CD"
176771,"CD"
176772,"."
176773,"CC"
176774,"IN"
176775,"JJS"
176776,"NN"
176777,"IN"
176778,"DT"
176779,"NN"
176780,"MD"
176781,"VB"
176782,"VBN"
176783,"IN"
176784,"JJR"
176785,"NNS"
176786,","
176787,"NNS"
176788,"VBD"
176789,"."
176790,"NNS"
176791,"IN"
176792,"JJ"
176793,"NN"
176794,"NNS"
176795,"VBD"
176796,"CD"
176797,"NN"
176798,"IN"
176799,"VBG"
176800,"CD"
176801,"NN"
176802,"IN"
176803,"NNP"
176804,","
176805,"IN"
176806,"NNS"
176807,"IN"
176808,"NN"
176809,"NNS"
176810,"VBD"
176811,"CD"
176812,"NN"
176813,"IN"
176814,"VBG"
176815,"CD"
176816,"NN"
176817,"."
176818,"JJ"
176819,"NNS"
176820,"IN"
176821,"JJ"
176822,"NNS"
176823,"VBD"
176824,"CD"
176825,"NN"
176826,"IN"
176827,"NNP"
176828,","
176829,"IN"
176830,"VBG"
176831,"IN"
176832,"CD"
176833,"JJ"
176834,"NNS"
176835,"."
176836,"NNS"
176837,"IN"
176838,"JJ"
176839,"NNS"
176840,","
176841,"DT"
176842,"NN"
176843,"IN"
176844,"JJ"
176845,"NNS"
176846,","
176847,"VBD"
176848,"CD"
176849,"NN"
176850,"IN"
176851,"VBG"
176852,"CD"
176853,"NN"
176854,"IN"
176855,"NNP"
176856,"CC"
176857,"VBG"
176858,"RB"
176859,"CD"
176860,"NN"
176861,"IN"
176862,"NNP"
176863,"."
176864,"RB"
176865,"VBP"
176866,"DT"
176867,"NNP"
176868,"NNP"
176869,"POS"
176870,"NN"
176871,"NN"
176872,"NNS"
176873,"("
176874,"CD"
176875,"FW"
176876,"CD"
176877,")"
176878,"IN"
176879,"NNP"
176880,","
176881,"IN"
176882,"JJ"
176883,"NN"
176884,","
176885,"CC"
176886,"DT"
176887,"NN"
176888,"NNS"
176889,"IN"
176890,"NNP"
176891,","
176892,"CD"
176893,"."
176894,"O"
176895,"NNP"
176896,"NNP"
176897,"NNP"
176898,"VBD"
176899,"PRP"
176900,"VBZ"
176901,"TO"
176902,"VB"
176903,"DT"
176904,"NN"
176905,"IN"
176906,"IN"
176907,"JJS"
176908,"$"
176909,"CD"
176910,"CD"
176911,"TO"
176912,"$"
176913,"CD"
176914,"CD"
176915,"IN"
176916,"DT"
176917,"JJ"
176918,"NN"
176919,"."
176920,"IN"
176921,"DT"
176922,"JJ"
176923,"NN"
176924,","
176925,"NNP"
176926,"VBD"
176927,"JJ"
176928,"NN"
176929,"IN"
176930,"$"
176931,"CD"
176932,","
176933,"CC"
176934,"DT"
176935,"JJ"
176936,"NNS"
176937,"."
176938,"NNP"
176939,"POS"
176940,"NN"
176941,"CC"
176942,"JJ"
176943,"NN"
176944,"NN"
176945,","
176946,"NNP"
176947,"NNP"
176948,","
176949,"VBD"
176950,"DT"
176951,"NN"
176952,"VBZ"
176953,"IN"
176954,"JJ"
176955,"NNS"
176956,"."
176957,"PRP"
176958,"VBD"
176959,"JJ"
176960,"NNS"
176961,"VBD"
176962,"TO"
176963,"RB"
176964,"JJR"
176965,"IN"
176966,"$"
176967,"CD"
176968,"CD"
176969,"IN"
176970,"$"
176971,"CD"
176972,"CD"
176973,"IN"
176974,"NNP"
176975,"CC"
176976,"NNP"
176977,"."
176978,"RB"
176979,"CD"
176980,"NN"
176981,"IN"
176982,"DT"
176983,"NN"
176984,"VBN"
176985,"IN"
176986,"JJ"
176987,"JJ"
176988,"JJ"
176989,"NN"
176990,"NNS"
176991,"."
176992,"RB"
176993,","
176994,"NNP"
176995,"VBD"
176996,"IN"
176997,"PRP"
176998,"MD"
176999,"VB"
177000,"IN"
177001,"$"
177002,"CD"
177003,"CD"
177004,"CC"
177005,"$"
177006,"CD"
177007,"CD"
177008,"IN"
177009,"NN"
177010,"NNS"
177011,"IN"
177012,"DT"
177013,"JJ"
177014,"NN"
177015,"."
177016,"NNP"
177017,"VBD"
177018,"DT"
177019,"JJ"
177020,"JJ"
177021,"NN"
177022,"NNS"
177023,"MD"
177024,"VB"
177025,"VBN"
177026,"IN"
177027,"JJ"
177028,"NNS"
177029,"IN"
177030,"NN"
177031,"IN"
177032,"DT"
177033,"JJ"
177034,"JJ"
177035,"NN"
177036,"IN"
177037,"NNP"
177038,"NNP"
177039,"NNP"
177040,"NNP"
177041,","
177042,"NNP"
177043,"POS"
177044,"JJ"
177045,"NN"
177046,","
177047,"VBN"
177048,"IN"
177049,"NNP"
177050,","
177051,"NNP"
177052,"."
177053,"NNP"
177054,"NNP"
177055,"VBZ"
177056,"CD"
177057,"NN"
177058,"NNS"
177059,"IN"
177060,"NNP"
177061,"NNP"
177062,"CC"
177063,"NNP"
177064,"."
177065,"NNP"
177066,"NNP"
177067,"VBD"
177068,"NNP"
177069,"MD"
177070,"RB"
177071,"VB"
177072,"PRP$"
177073,"NN"
177074,"IN"
177075,"JJ"
177076,"JJ"
177077,"NNS"
177078,"TO"
177079,"VB"
177080,"IN"
177081,"DT"
177082,"NN"
177083,"IN"
177084,"JJ"
177085,"NN"
177086,"VBG"
177087,"DT"
177088,"NN"
177089,"NNS"
177090,"JJS"
177091,"PRP"
177092,"IN"
177093,"PDT"
177094,"NNS"
177095,"."
177096,"DT"
177097,"NN"
177098,","
177099,"NNP"
177100,"VBD"
177101,","
177102,"MD"
177103,"VB"
177104,"IN"
177105,"DT"
177106,"NN"
177107,"IN"
177108,"JJ"
177109,"NNS"
177110,"IN"
177111,"RB"
177112,"$"
177113,"CD"
177114,"CD"
177115,"."
177116,"NNP"
177117,"RB"
177118,"VBD"
177119,"PRP"
177120,"VBZ"
177121,"TO"
177122,"VB"
177123,"PRP$"
177124,"JJ"
177125,"NN"
177126,"NN"
177127,"NN"
177128,"NNS"
177129,"IN"
177130,"PRP$"
177131,"JJ"
177132,"NNS"
177133,"IN"
177134,"NNP"
177135,"NNP"
177136,"CC"
177137,"NNP"
177138,"CC"
177139,","
177140,"IN"
177141,"DT"
177142,"NN"
177143,","
177144,"VBZ"
177145,"VBG"
177146,"DT"
177147,"NN"
177148,"IN"
177149,"JJ"
177150,"NNS"
177151,"."
177152,"PDT"
177153,"DT"
177154,"NNS"
177155,","
177156,"NNP"
177157,"NNP"
177158,"VBD"
177159,","
177160,"MD"
177161,"VB"
177162,"IN"
177163,"DT"
177164,"NN"
177165,"IN"
177166,"$"
177167,"CD"
177168,"CD"
177169,"TO"
177170,"$"
177171,"CD"
177172,"CD"
177173,"IN"
177174,"DT"
177175,"JJ"
177176,"NN"
177177,"."
177178,"PRP"
177179,"VBD"
177180,","
177181,"RB"
177182,":"
177183,"``"
177184,"VBG"
177185,"IN"
177186,"DT"
177187,"NN"
177188,"IN"
177189,"JJ"
177190,"NN"
177191,"NNS"
177192,"VBG"
177193,"TO"
177194,"NNS"
177195,"NN"
177196,"CC"
177197,"DT"
177198,"NN"
177199,"IN"
177200,"DT"
177201,"JJ"
177202,"NN"
177203,"IN"
177204,"NNP"
177205,"NNP"
177206,"RB"
177207,"IN"
177208,"NN"
177209,"IN"
177210,"NN"
177211,"TO"
177212,"DT"
177213,"JJ"
177214,"NN"
177215,"IN"
177216,"NN"
177217,"NN"
177218,"NNS"
177219,","
177220,"DT"
177221,"JJ"
177222,"NN"
177223,"IN"
177224,"DT"
177225,"NN"
177226,"MD"
177227,"RB"
177228,"VB"
177229,"DT"
177230,"NN"
177231,"."
177232,"O"
177233,"NNP"
177234,"NNP"
177235,"NNP"
177236,"VBD"
177237,"JJ"
177238,"NN"
177239,"NNS"
177240,"VBD"
177241,"PRP"
177242,"TO"
177243,"VB"
177244,"NN"
177245,"NNS"
177246,"IN"
177247,"PRP$"
177248,"CD"
177249,"NNS"
177250,"IN"
177251,"JJ"
177252,"NN"
177253,","
177254,"VBG"
177255,"IN"
177256,"NNS"
177257,"POS"
177258,"NNS"
177259,"IN"
177260,"DT"
177261,"JJ"
177262,"NN"
177263,"VBP"
177264,"VBN"
177265,"."
177266,"IN"
177267,"DT"
177268,"NN"
177269,","
177270,"JJ"
177271,"NN"
177272,"VBD"
177273,"DT"
177274,"NNS"
177275,"VBD"
177276,"DT"
177277,"NN"
177278,"POS"
177279,"NN"
177280,"NNS"
177281,"CC"
177282,"``"
177283,"JJ"
177284,"NNS"
177285,"''"
177286,"IN"
177287,"PRP$"
177288,"JJ"
177289,"NN"
177290,"IN"
177291,"VBG"
177292,"DT"
177293,"NN"
177294,"IN"
177295,"DT"
177296,"NNS"
177297,"."
177298,"NNP"
177299,"RB"
177300,"VBD"
177301,"JJ"
177302,"TO"
177303,"VB"
177304,"VBG"
177305,"RP"
177306,"DT"
177307,"JJ"
177308,"NN"
177309,"."
177310,"NNP"
177311,"NNP"
177312,"NNP"
177313,","
177314,"NN"
177315,"CC"
177316,"JJ"
177317,"NN"
177318,"NN"
177319,","
177320,"VBD"
177321,"DT"
177322,"JJ"
177323,"NN"
177324,"IN"
177325,"NNP"
177326,"NNP"
177327,","
177328,"WDT"
177329,"VBD"
177330,"DT"
177331,"NN"
177332,","
177333,"VBG"
177334,"PRP"
177335,"VBD"
177336,"``"
177337,"JJ"
177338,"''"
177339,"CC"
177340,"VBN"
177341,"IN"
177342,"``"
177343,"JJ"
177344,"''"
177345,"NNS"
177346,"."
177347,"PRP"
177348,"VBD"
177349,"DT"
177350,"NN"
177351,"MD"
177352,"VB"
177353,"TO"
177354,"VB"
177355,"NNS"
177356,"TO"
177357,"VB"
177358,"DT"
177359,"NN"
177360,"."
177361,"DT"
177362,"NN"
177363,"IN"
177364,"DT"
177365,"JJ"
177366,"NN"
177367,"NN"
177368,"VBZ"
177369,"DT"
177370,"JJ"
177371,"NN"
177372,"IN"
177373,"NNS"
177374,"IN"
177375,"NNS"
177376,"VBP"
177377,"JJ"
177378,"NNS"
177379,"IN"
177380,"DT"
177381,"NN"
177382,"POS"
177383,"NN"
177384,"."
177385,"IN"
177386,"NNP"
177387,","
177388,"VBZ"
177389,"VBN"
177390,"JJ"
177391,"DT"
177392,"``"
177393,"JJ"
177394,"NN"
177395,","
177396,"''"
177397,"RB"
177398,"IN"
177399,"IN"
177400,"PRP$"
177401,"JJ"
177402,"NN"
177403,"NNS"
177404,"CC"
177405,"PRP$"
177406,"NN"
177407,"NNS"
177408,"."
177409,"IN"
177410,"DT"
177411,"JJ"
177412,"NN"
177413,","
177414,"DT"
177415,"NN"
177416,"IN"
177417,"NNP"
177418,"NNP"
177419,"VBD"
177420,"DT"
177421,"NN"
177422,"TO"
177423,"VB"
177424,"VBG"
177425,"JJ"
177426,"NN"
177427,"NNS"
177428,"IN"
177429,"PRP$"
177430,"NNS"
177431,"VBD"
177432,"IN"
177433,"NN"
177434,"."
177435,"IN"
177436,"DT"
177437,"CD"
177438,"NNS"
177439,"VBD"
177440,"NNP"
177441,"CD"
177442,","
177443,"NNP"
177444,"VBD"
177445,"DT"
177446,"JJ"
177447,"NN"
177448,"IN"
177449,"$"
177450,"CD"
177451,"CD"
177452,","
177453,"VBN"
177454,"IN"
177455,"JJ"
177456,"JJ"
177457,"NN"
177458,"IN"
177459,"$"
177460,"CD"
177461,"CD"
177462,"."
177463,"NNP"
177464,","
177465,"WDT"
177466,"VBZ"
177467,"NNP"
177468,"POS"
177469,"JJS"
177470,"NN"
177471,","
177472,"VBZ"
177473,"VBN"
177474,"IN"
177475,"DT"
177476,"JJS"
177477,"NN"
177478,"NNS"
177479,"IN"
177480,"DT"
177481,"NN"
177482,"IN"
177483,"DT"
177484,"NN"
177485,"."
177486,"IN"
177487,"NNP"
177488,","
177489,"PRP"
177490,"VBZ"
177491,"VBN"
177492,"PRP$"
177493,"JJ"
177494,"NN"
177495,"NNS"
177496,"TO"
177497,"IN"
177498,"$"
177499,"CD"
177500,"CD"
177501,"IN"
177502,"$"
177503,"CD"
177504,"CD"
177505,"."
177506,"NNP"
177507,"NNP"
177508,"VBD"
177509,"RB"
177510,"IN"
177511,"$"
177512,"CD"
177513,"CD"
177514,"IN"
177515,"DT"
177516,"JJ"
177517,"NNS"
177518,"VBP"
177519,"JJ"
177520,"NNS"
177521,"VBN"
177522,"IN"
177523,"DT"
177524,"NNP"
177525,"CC"
177526,"NNP"
177527,"NNP"
177528,"."
177529,"DT"
177530,"NN"
177531,","
177532,"PRP"
177533,"VBD"
177534,","
177535,"VBP"
177536,"JJ"
177537,"NN"
177538,"NNS"
177539,","
177540,"CC"
177541,"JJ"
177542,"NNS"
177543,","
177544,"WDT"
177545,"VBP"
177546,"RB"
177547,"VBN"
177548,"IN"
177549,"DT"
177550,"NNP"
177551,"CC"
177552,"VBP"
177553,"RB"
177554,"VB"
177555,"DT"
177556,"JJ"
177557,"NN"
177558,"."
177559,"NNP"
177560,"NNP"
177561,"NNS"
177562,"VBP"
177563,"VBN"
177564,"IN"
177565,"DT"
177566,"NN"
177567,"IN"
177568,"NN"
177569,"NNS"
177570,"IN"
177571,"DT"
177572,"NN"
177573,"NNS"
177574,"."
177575,"DT"
177576,"NN"
177577,"IN"
177578,"NNP"
177579,"NNP"
177580,"VBZ"
177581,"VBN"
177582,"VBG"
177583,"NN"
177584,"TO"
177585,"VB"
177586,"JJ"
177587,"NN"
177588,"NNS"
177589,"IN"
177590,"PRP$"
177591,"NNS"
177592,","
177593,"CC"
177594,"NNP"
177595,"VBZ"
177596,"VBD"
177597,"PRP"
177598,"MD"
177599,"RB"
177600,"RB"
177601,"VB"
177602,"JJ"
177603,"NNS"
177604,"IN"
177605,"IN"
177606,"DT"
177607,"JJ"
177608,"NN"
177609,"IN"
177610,"DT"
177611,"NNS"
177612,"CC"
177613,"NN"
177614,"IN"
177615,"DT"
177616,"JJ"
177617,"NN"
177618,"."
177619,"NNS"
177620,"VBP"
177621,"VBN"
177622,"RB"
177623,"JJ"
177624,"IN"
177625,"NNP"
177626,"POS"
177627,"CC"
177628,"JJ"
177629,"NNS"
177630,"POS"
177631,"NN"
177632,"NNS"
177633,"IN"
177634,"NN"
177635,"IN"
177636,"DT"
177637,"JJ"
177638,"JJ"
177639,"NN"
177640,"NN"
177641,"NN"
177642,"CC"
177643,"DT"
177644,"JJ"
177645,"JJ"
177646,"NN"
177647,"IN"
177648,"DT"
177649,"JJ"
177650,"NN"
177651,"."
177652,"DT"
177653,"NN"
177654,"VBZ"
177655,"NNS"
177656,"TO"
177657,"VB"
177658,"PRP"
177659,"IN"
177660,"NN"
177661,"NNS"
177662,"IN"
177663,"DT"
177664,"JJ"
177665,","
177666,"JJ"
177667,"JJ"
177668,"NN"
177669,"."
177670,"IN"
177671,"NNP"
177672,"NNP"
177673,"NNP"
177674,"JJ"
177675,"NN"
177676,"NNP"
177677,","
177678,"JJ"
177679,"JJ"
177680,"NNS"
177681,"VBD"
177682,"IN"
177683,"$"
177684,"CD"
177685,","
177686,"RB"
177687,"CD"
177688,"NNS"
177689,"."
177690,"IN"
177691,"DT"
177692,"NN"
177693,"NNP"
177694,","
177695,"NNP"
177696,"NNP"
177697,"VBD"
177698,"DT"
177699,"NNS"
177700,"POS"
177701,"NN"
177702,","
177703,"VBG"
177704,"DT"
177705,"NN"
177706,"POS"
177707,"NN"
177708,"NNS"
177709,"CC"
177710,"``"
177711,"JJ"
177712,"''"
177713,"NN"
177714,"NNS"
177715,"``"
177716,"VBP"
177717,"VBN"
177718,"RB"
177719,"VBN"
177720,"IN"
177721,"NNS"
177722,"IN"
177723,"JJ"
177724,"NNS"
177725,"IN"
177726,"DT"
177727,"NN"
177728,"."
177729,"''"
177730,"PRP"
177731,"RB"
177732,"VBD"
177733,"JJ"
177734,"NNS"
177735,"VBP"
177736,"VBN"
177737,"VBN"
177738,"RB"
177739,"IN"
177740,"JJ"
177741,"NNS"
177742,"IN"
177743,"DT"
177744,"NN"
177745,"NNS"
177746,"."
177747,"IN"
177748,"DT"
177749,"JJ"
177750,"NN"
177751,","
177752,"IN"
177753,"NN"
177754,","
177755,"NNP"
177756,"VBD"
177757,"$"
177758,"CD"
177759,"CD"
177760,"TO"
177761,"PRP$"
177762,"JJ"
177763,"NNS"
177764,"."
177765,"NNP"
177766,"NNP"
177767,"VBD"
177768,"DT"
177769,"NNS"
177770,"MD"
177771,"RB"
177772,"VB"
177773,"RB"
177774,"IN"
177775,"VBG"
177776,"NNP"
177777,"POS"
177778,"NN"
177779,"TO"
177780,"VB"
177781,"CD"
177782,"IN"
177783,"PRP$"
177784,"CD"
177785,"NNS"
177786,"TO"
177787,"NNP"
177788,"NNP"
177789,"NNP"
177790,","
177791,"DT"
177792,"NN"
177793,"IN"
177794,"NNP"
177795,"NNP"
177796,"NNP"
177797,"NNP"
177798,"VBD"
177799,"IN"
177800,"NNP"
177801,"NNP"
177802,","
177803,"NNP"
177804,"."
177805,"DT"
177806,"NN"
177807,"NN"
177808,"VBZ"
177809,"DT"
177810,"NN"
177811,"IN"
177812,"NNP"
177813,"POS"
177814,"NN"
177815,"TO"
177816,"VB"
177817,"PRP"
177818,"IN"
177819,"DT"
177820,"JJ"
177821,"NN"
177822,"IN"
177823,"DT"
177824,"JJ"
177825,"NN"
177826,"WDT"
177827,"VBD"
177828,"RB"
177829,"IN"
177830,"NNS"
177831,"VBG"
177832,"IN"
177833,"NNS"
177834,","
177835,"VBG"
177836,"TO"
177837,"NNP"
177838,"NNP"
177839,"."
177840,"NNP"
177841,"NNS"
177842,"CC"
177843,"NN"
177844,"NNS"
177845,"VBD"
177846,"VBN"
177847,"DT"
177848,"NN"
177849,"IN"
177850,"DT"
177851,"JJ"
177852,"NN"
177853,","
177854,"WDT"
177855,"VBD"
177856,"VBN"
177857,"IN"
177858,"NNP"
177859,","
177860,"RB"
177861,"RB"
177862,"RB"
177863,"."
177864,"JJ"
177865,"NN"
177866,"DT"
177867,"NN"
177868,"IN"
177869,"DT"
177870,"NN"
177871,"IN"
177872,"NNS"
177873,"VBP"
177874,"JJ"
177875,"IN"
177876,"DT"
177877,"NN"
177878,"."
177879,"NNS"
177880,"CC"
177881,"NNS"
177882,"MD"
177883,"VB"
177884,"VBN"
177885,"IN"
177886,"DT"
177887,"NN"
177888,"IN"
177889,"DT"
177890,"NN"
177891,"JJ"
177892,"NNS"
177893,"VBP"
177894,"IN"
177895,"DT"
177896,"NN"
177897,"."
177898,"NNP"
177899,","
177900,"RB"
177901,","
177902,"VBZ"
177903,"DT"
177904,"NN"
177905,"NN"
177906,","
177907,"VBG"
177908,"PRP"
177909,"MD"
177910,"VB"
177911,"IN"
177912,"$"
177913,"CD"
177914,"CD"
177915,"CC"
177916,"VB"
177917,"DT"
177918,"NN"
177919,"POS"
177920,"NNS"
177921,"TO"
177922,"$"
177923,"CD"
177924,"CD"
177925,"IN"
177926,"$"
177927,"CD"
177928,"CD"
177929,"."
177930,"PRP"
177931,"VBD"
177932,"DT"
177933,"NN"
177934,"MD"
177935,"VB"
177936,"PRP"
177937,"JJ"
177938,"JJ"
177939,"NN"
177940,"IN"
177941,"$"
177942,"CD"
177943,"CD"
177944,","
177945,"CC"
177946,"IN"
177947,"CD"
177948,"NN"
177949,"IN"
177950,"NNS"
177951,","
177952,"IN"
177953,"DT"
177954,"JJ"
177955,"$"
177956,"CD"
177957,"CD"
177958,"IN"
177959,"IN"
177960,"NNP"
177961,"CD"
177962,","
177963,"RB"
177964,"VBG"
177965,"JJ"
177966,"NN"
177967,"TO"
177968,"JJ"
177969,"NNS"
177970,"."
177971,"NNP"
177972,"VBD"
177973,"DT"
177974,"NN"
177975,"NN"
177976,"MD"
177977,"RB"
177978,"VB"
177979,"DT"
177980,"NN"
177981,"POS"
177982,"JJ"
177983,"NN"
177984,"IN"
177985,"JJ"
177986,"NN"
177987,"IN"
177988,"IN"
177989,"$"
177990,"CD"
177991,"CD"
177992,"."
177993,"NNS"
177994,","
177995,"RB"
177996,","
177997,"VBP"
177998,"DT"
177999,"NN"
178000,"NN"
178001,"MD"
178002,"VB"
178003,"JJ"
178004,"RBR"
178005,"JJ"
178006,"IN"
178007,"RB"
178008,"IN"
178009,"JJ"
178010,"NNS"
178011,"CC"
178012,"NN"
178013,"NNS"
178014,"."
178015,"NNP"
178016,"NNP"
178017,"NNS"
178018,"IN"
178019,"PRP"
178020,"VBZ"
178021,"TO"
178022,"RBR"
178023,"VBP"
178024,"DT"
178025,"NN"
178026,"IN"
178027,"NN"
178028,"IN"
178029,"RB"
178030,"VBG"
178031,"JJR"
178032,"IN"
178033,"$"
178034,"CD"
178035,"CD"
178036,"IN"
178037,"JJ"
178038,"NNS"
178039,"IN"
178040,"NN"
178041,"WRB"
178042,"PRP"
178043,"VBP"
178044,"JJ"
178045,"."
178046,"DT"
178047,"NN"
178048,"VBZ"
178049,"RB"
178050,"VBG"
178051,"TO"
178052,"VB"
178053,"PRP$"
178054,"JJ"
178055,"NN"
178056,"IN"
178057,"VBG"
178058,"TO"
178059,"VB"
178060,"RP"
178061,"DT"
178062,"NNS"
178063,","
178064,"CC"
178065,"PRP"
178066,"VBZ"
178067,"TO"
178068,"RB"
178069,"VB"
178070,"DT"
178071,"IN"
178072,"PRP"
178073,"IN"
178074,"DT"
178075,"JJ"
178076,"NN"
178077,","
178078,"RB"
178079,"VBN"
178080,"IN"
178081,"DT"
178082,"JJ"
178083,"NN"
178084,"NN"
178085,"."
178086,"O"
178087,"IN"
178088,"DT"
178089,"JJ"
178090,"NNP"
178091,"NN"
178092,","
178093,"IN"
178094,"DT"
178095,"NN"
178096,"IN"
178097,"NNP"
178098,"NNP"
178099,"POS"
178100,"JJS"
178101,"JJ"
178102,"NN"
178103,"NN"
178104,","
178105,"DT"
178106,"NN"
178107,"VBD"
178108,"DT"
178109,"NN"
178110,"IN"
178111,"PRP"
178112,"MD"
178113,"VB"
178114,"DT"
178115,"IN"
178116,"CD"
178117,"JJ"
178118,"NNS"
178119,"IN"
178120,"RB"
178121,"CD"
178122,"NN"
178123,","
178124,"IN"
178125,"JJ"
178126,"."
178127,"DT"
178128,"NN"
178129,"VBD"
178130,"DT"
178131,"NN"
178132,"."
178133,"CC"
178134,"RB"
178135,"RB"
178136,"RBR"
178137,"JJ"
178138,","
178139,"DT"
178140,"NN"
178141,","
178142,"``"
178143,"NNP"
178144,"NNP"
178145,"''"
178146,"("
178147,"VBP"
178148,"DT"
178149,"FW"
178150,")"
178151,","
178152,"RB"
178153,"VBZ"
178154,"DT"
178155,"JJ"
178156,"NN"
178157,"IN"
178158,"DT"
178159,"NN"
178160,"POS"
178161,"NN"
178162,"NNS"
178163,","
178164,"RB"
178165,"VBG"
178166,"IN"
178167,"JJ"
178168,"IN"
178169,"CD"
178170,"NN"
178171,"IN"
178172,"NNP"
178173,"NNP"
178174,"NNS"
178175,"."
178176,"IN"
178177,"DT"
178178,"CD"
178179,"JJ"
178180,"NN"
178181,"NNS"
178182,","
178183,"NNP"
178184,"POS"
178185,"JJ"
178186,"NNS"
178187,"VBP"
178188,"VBN"
178189,"TO"
178190,"DT"
178191,"NNS"
178192,"IN"
178193,"JJ"
178194,"``"
178195,"JJ"
178196,"NN"
178197,","
178198,"''"
178199,"VBG"
178200,"TO"
178201,"VB"
178202,"NNS"
178203,"IN"
178204,"JJ"
178205,"NN"
178206,"NNS"
178207,"IN"
178208,"``"
178209,"NNP"
178210,","
178211,"''"
178212,"``"
178213,"NNP"
178214,"NNP"
178215,"''"
178216,"CC"
178217,"``"
178218,"NNP"
178219,"NNP"
178220,"."
178221,"''"
178222,"CC"
178223,"RB"
178224,"IN"
178225,"WP"
178226,"DT"
178227,"NNPS"
178228,"VBP"
178229,"TO"
178230,"VB"
178231,"VBZ"
178232,"DT"
178233,"NN"
178234,"IN"
178235,"NNP"
178236,"IN"
178237,"WP"
178238,"PRP"
178239,"VBP"
178240,"VBG"
178241,"TO"
178242,"VB"
178243,"RP"
178244,"."
178245,"DT"
178246,"RBS"
178247,"JJ"
178248,"NN"
178249,"TO"
178250,"JJ"
178251,"NN"
178252,"NNS"
178253,"VBZ"
178254,"VBN"
178255,"IN"
178256,"JJ"
178257,"NN"
178258,"CC"
178259,"NN"
178260,"NNS"
178261,","
178262,"WP"
178263,"VBP"
178264,"VBN"
178265,"NNS"
178266,"VBG"
178267,"IN"
178268,"DT"
178269,"JJ"
178270,"CD"
178271,"NN"
178272,"IN"
178273,"NNP"
178274,"POS"
178275,"NN"
178276,"VBZ"
178277,"VB"
178278,"VBN"
178279,"IN"
178280,"NNP"
178281,"."
178282,"RB"
178283,"RB"
178284,","
178285,"DT"
178286,"NNP"
178287,"VBP"
178288,"VBN"
178289,"TO"
178290,"VB"
178291,"JJ"
178292,"JJ"
178293,"NN"
178294,"TO"
178295,"VB"
178296,"."
178297,"DT"
178298,"NN"
178299,"IN"
178300,"DT"
178301,"NN"
178302,"NNS"
178303,"CC"
178304,"DT"
178305,"JJ"
178306,"NNS"
178307,"IN"
178308,"DT"
178309,"JJ"
178310,"NN"
178311,"NN"
178312,"VBP"
178313,"CD"
178314,"NN"
178315,"WRB"
178316,"."
178317,"IN"
178318,"EX"
178319,"VBP"
178320,"DT"
178321,"JJ"
178322,"NN"
178323,"CC"
178324,"NN"
178325,"NN"
178326,","
178327,"JJ"
178328,"NN"
178329,"DT"
178330,"JJ"
178331,"NN"
178332,"CC"
178333,"JJ"
178334,"NN"
178335,"NNS"
178336,"NN"
178337,"MD"
178338,"VB"
178339,"."
178340,"RBR"
178341,"JJ"
178342,"NN"
178343,"NN"
178344,"VBZ"
178345,"VBN"
178346,"IN"
178347,"NNP"
178348,"NN"
178349,"NNS"
178350,","
178351,"NN"
178352,"NNS"
178353,","
178354,"NNS"
178355,"CC"
178356,"NN"
178357,"NNS"
178358,","
178359,"JJ"
178360,"IN"
178361,"WDT"
178362,"VBP"
178363,"VBN"
178364,"NNS"
178365,"IN"
178366,"PRP$"
178367,"JJ"
178368,"NNS"
178369,"."
178370,"CD"
178371,"IN"
178372,"NNP"
178373,"POS"
178374,"JJS"
178375,"JJ"
178376,"NNP"
178377,"NN"
178378,"NNS"
178379,"VBZ"
178380,"NNS"
178381,"VBG"
178382,"RP"
178383,"PRP$"
178384,"JJ"
178385,"NNS"
178386,"IN"
178387,"NN"
178388,"NNS"
178389,"."
178390,"DT"
178391,"JJ"
178392,"NN"
178393,"NN"
178394,"VBZ"
178395,"IN"
178396,"PRP$"
178397,"NN"
178398,"DT"
178399,"JJ"
178400,"NN"
178401,"TO"
178402,"VB"
178403,"JJ"
178404,"."
178405,"CD"
178406,"IN"
178407,"NNP"
178408,"POS"
178409,"JJ"
178410,"NNS"
178411,","
178412,"``"
178413,"FW"
178414,","
178415,"''"
178416,"DT"
178417,"NNP"
178418,"NN"
178419,"NN"
178420,","
178421,"VBZ"
178422,"RB"
178423,"JJ"
178424,"IN"
178425,"NNS"
178426,"VBN"
178427,"TO"
178428,"VB"
178429,"DT"
178430,"NN"
178431,"NN"
178432,","
178433,"``"
178434,"NNP"
178435,"NNP"
178436,","
178437,"''"
178438,"WP$"
178439,"VBZ"
178440,"VBD"
178441,"VBN"
178442,"DT"
178443,"NN"
178444,"IN"
178445,"NN"
178446,"NN"
178447,":"
178448,"RB"
178449,"IN"
178450,"DT"
178451,"NN"
178452,"VBD"
178453,"RB"
178454,"VB"
178455,"."
178456,"VBG"
178457,"DT"
178458,"JJ"
178459,"NN"
178460,","
178461,"IN"
178462,"DT"
178463,"JJ"
178464,"NN"
178465,"IN"
178466,"NN"
178467,"IN"
178468,"``"
178469,"JJ"
178470,"NN"
178471,","
178472,"''"
178473,"DT"
178474,"NN"
178475,"VBD"
178476,"DT"
178477,"NN"
178478,"IN"
178479,"DT"
178480,"NN"
178481,"POS"
178482,"NN"
178483,","
178484,"NNP"
178485,"NNP"
178486,","
178487,"IN"
178488,"PRP"
178489,"MD"
178490,"VB"
178491,"CD"
178492,"JJ"
178493,"NNS"
178494,"IN"
178495,"DT"
178496,"NN"
178497,"."
178498,"DT"
178499,"NN"
178500,"NN"
178501,","
178502,"NNP"
178503,"NNP"
178504,"TO"
178505,"NNP"
178506,"NNP"
178507,"NNP"
178508,"NNP"
178509,","
178510,"RB"
178511,"VBD"
178512,"DT"
178513,"NN"
178514,"IN"
178515,"NN"
178516,"MD"
178517,"VB"
178518,"IN"
178519,"$"
178520,"CD"
178521,"IN"
178522,"IN"
178523,"NNS"
178524,"IN"
178525,"DT"
178526,"JJ"
178527,"NN"
178528,"."
178529,"NNP"
178530,"NNP"
178531,"RB"
178532,"VBD"
178533,"DT"
178534,"NN"
178535,"IN"
178536,"IN"
178537,"PRP"
178538,"VBD"
178539,"VBN"
178540,","
178541,"VBG"
178542,"TO"
178543,"VB"
178544,"DT"
178545,"NN"
178546,"IN"
178547,"NNP"
178548,"NNP"
178549,"NNP"
178550,"NNP"
178551,"NNP"
178552,"NNP"
178553,"NNP"
178554,"CC"
178555,"VBG"
178556,"PRP$"
178557,"JJ"
178558,"NN"
178559,"IN"
178560,"NN"
178561,"NNS"
178562,"."
178563,"IN"
178564,"DT"
178565,"VBZ"
178566,"IN"
178567,"RB"
178568,"JJ"
178569,"NN"
178570,"IN"
178571,"WDT"
178572,"TO"
178573,"VB"
178574,"DT"
178575,"JJ"
178576,"NNS"
178577,","
178578,"PRP"
178579,"MD"
178580,"VB"
178581,"IN"
178582,"DT"
178583,"NNS"
178584,"VBP"
178585,"RB"
178586,"DT"
178587,"NN"
178588,"PRP"
178589,"MD"
178590,"VB"
178591,"."
178592,"JJ"
178593,"NNS"
178594,"RB"
178595,"VBP"
178596,"RB"
178597,"PRP$"
178598,"JJ"
178599,"JJ"
178600,"NN"
178601,","
178602,"CC"
178603,"RB"
178604,"RB"
178605,"DT"
178606,"JJ"
178607,"NN"
178608,"IN"
178609,"DT"
178610,"."
178611,"NNS"
178612,"IN"
178613,"NNP"
178614,"CC"
178615,"NNP"
178616,"RB"
178617,"VB"
178618,"PRP"
178619,"RB"
178620,"TO"
178621,"NNP"
178622,"CC"
178623,"NNP"
178624,"NNP"
178625,","
178626,"CC"
178627,"RB"
178628,"RB"
178629,"VB"
178630,"RP"
178631,"IN"
178632,"NNP"
178633,"NNS"
178634,"."
178635,"NNS"
178636,"TO"
178637,"VB"
178638,"``"
178639,"JJ"
178640,"''"
178641,"NNS"
178642,"VBP"
178643,"RB"
178644,"VBN"
178645,"IN"
178646,"NN"
178647,"."
178648,"CD"
178649,"JJ"
178650,"NN"
178651,","
178652,"DT"
178653,"JJ"
178654,"``"
178655,"NN"
178656,"NN"
178657,"NN"
178658,","
178659,"''"
178660,"VBG"
178661,"JJ"
178662,"NNS"
178663,"IN"
178664,"DT"
178665,"IN"
178666,"CD"
178667,"JJ"
178668,"NNS"
178669,","
178670,"VBZ"
178671,"VBN"
178672,"VBN"
178673,"IN"
178674,"DT"
178675,"NN"
178676,"POS"
178677,"JJS"
178678,"JJ"
178679,"NN"
178680,"NN"
178681,"."
178682,"DT"
178683,","
178684,"``"
178685,"FW"
178686,"NNPS"
178687,"NNS"
178688,","
178689,"''"
178690,"WRB"
178691,"NNS"
178692,"IN"
178693,"JJ"
178694,"JJ"
178695,"NNS"
178696,"VBP"
178697,"NNS"
178698,"IN"
178699,"PRP"
178700,"VBG"
178701,"JJ"
178702,"NNS"
178703,","
178704,"VBZ"
178705,"DT"
178706,"NN"
178707,"IN"
178708,"NNP"
178709,"."
178710,"DT"
178711,"JJ"
178712,"NN"
178713,"IN"
178714,"DT"
178715,"NN"
178716,"``"
178717,"RB"
178718,"NN"
178719,"NNS"
178720,"''"
178721,"VBN"
178722,"RB"
178723,"."
178724,"IN"
178725,"DT"
178726,"JJS"
178727,"NN"
178728,","
178729,"WDT"
178730,"VBZ"
178731,"VBN"
178732,"RB"
178733,"NNS"
178734,"RB"
178735,","
178736,"CC"
178737,"IN"
178738,"JJ"
178739,"NN"
178740,"."
178741,"DT"
178742,"NN"
178743,"IN"
178744,"DT"
178745,"JJ"
178746,"NN"
178747,","
178748,"DT"
178749,"JJ"
178750,"NN"
178751,"WDT"
178752,"VBP"
178753,"VBN"
178754,"IN"
178755,"NNP"
178756,"JJ"
178757,"NN"
178758,"IN"
178759,"``"
178760,"NNP"
178761,"NNP"
178762,","
178763,"''"
178764,"VB"
178765,"RP"
178766,"DT"
178767,"RB"
178768,"JJ"
178769,"NN"
178770,"IN"
178771,"JJ"
178772,"NN"
178773,"NN"
178774,"."
178775,"NNP"
178776,"NNP"
178777,"NN"
178778,"VBZ"
178779,"JJR"
178780,"IN"
178781,"DT"
178782,"VBN"
178783,"NN"
178784,"."
178785,"EX"
178786,"VBZ"
178787,","
178788,"IN"
178789,"NN"
178790,","
178791,"``"
178792,"NNP"
178793,"NNP"
178794,"CC"
178795,"PRP$"
178796,"NN"
178797,","
178798,"''"
178799,"DT"
178800,"JJ"
178801,"NN"
178802,"IN"
178803,"NN"
178804,"NNS"
178805,"."
178806,"RB"
178807,"VBG"
178808,"TO"
178809,"DT"
178810,"NNP"
178811,"VBP"
178812,"NNS"
178813,"IN"
178814,"JJ"
178815,"NNS"
178816,","
178817,"RB"
178818,"JJR"
178819,"NNS"
178820,"IN"
178821,"NN"
178822,"NN"
178823,"NNS"
178824,"CC"
178825,"RB"
178826,"JJR"
178827,"NNS"
178828,"IN"
178829,"NN"
178830,"NNS"
178831,"."
178832,"JJ"
178833,"NN"
178834,"VBZ"
178835,"VBN"
178836,"RB"
178837,","
178838,"RB"
178839,"RB"
178840,"JJ"
178841,","
178842,"NNS"
178843,"."
178844,"DT"
178845,"RBS"
178846,"JJ"
178847,"JJ"
178848,"NNS"
178849,"NN"
178850,"IN"
178851,"JJ"
178852,"JJ"
178853,"NNS"
178854,"."
178855,"DT"
178856,"JJ"
178857,"NN"
178858,"IN"
178859,"``"
178860,"NNP"
178861,","
178862,"''"
178863,"VBD"
178864,"``"
178865,"JJ"
178866,"''"
178867,"CC"
178868,"VBD"
178869,"IN"
178870,"DT"
178871,"JJ"
178872,"NN"
178873,","
178874,"VBD"
178875,"DT"
178876,"JJ"
178877,"NN"
178878,"IN"
178879,"NNP"
178880,","
178881,"WDT"
178882,"VBD"
178883,"IN"
178884,"DT"
178885,"JJ"
178886,"NN"
178887,"VBD"
178888,"VBN"
178889,"IN"
178890,"DT"
178891,"JJ"
178892,"NN"
178893,"NN"
178894,"."
178895,"``"
178896,"NNP"
178897,","
178898,"''"
178899,"("
178900,"NNP"
178901,"NNP"
178902,"NNP"
178903,")"
178904,","
178905,"DT"
178906,"NN"
178907,"IN"
178908,"JJ"
178909,"``"
178910,"UH"
178911,"."
178912,"RB"
178913,"''"
178914,"VBN"
178915,"IN"
178916,"DT"
178917,"NN"
178918,"NN"
178919,","
178920,"VBZ"
178921,"JJ"
178922,"IN"
178923,"NNP"
178924,","
178925,"CC"
178926,"VBZ"
178927,"VBN"
178928,"IN"
178929,"NNP"
178930,"."
178931,"NNP"
178932,"POS"
178933,"RBS"
178934,"JJ"
178935,"NN"
178936,"VBZ"
178937,"DT"
178938,"NN"
178939,"VBN"
178940,"``"
178941,"NNP"
178942,"NNP"
178943,","
178944,"''"
178945,"CC"
178946,"``"
178947,"DT"
178948,"NNP"
178949,","
178950,"''"
178951,"WDT"
178952,"VBZ"
178953,"DT"
178954,"NN"
178955,"IN"
178956,"DT"
178957,"JJ"
178958,"JJ"
178959,"NN"
178960,"IN"
178961,"NNP"
178962,"IN"
178963,"DT"
178964,"NNP"
178965,"."
178966,"PRP"
178967,"VBD"
178968,"JJ"
178969,"NN"
178970,"IN"
178971,"NNP"
178972,"RBR"
178973,"DT"
178974,"NN"
178975,"WRB"
178976,"DT"
178977,"JJ"
178978,"NN"
178979,"VBD"
178980,"VBN"
178981,"RB"
178982,"IN"
178983,"DT"
178984,"NN"
178985,"."
178986,"NNP"
178987,"POS"
178988,"JJS"
178989,"JJ"
178990,"NNS"
178991,"DT"
178992,"NN"
178993,"VBD"
178994,"``"
178995,"JJ"
178996,","
178997,"''"
178998,"DT"
178999,"NN"
179000,"IN"
179001,"DT"
179002,"VBG"
179003,"NN"
179004,"."
179005,"``"
179006,"DT"
179007,"NN"
179008,"VBZ"
179009,"RB"
179010,"RB"
179011,"VBN"
179012,"RB"
179013,"IN"
179014,"JJ"
179015,"NNS"
179016,"VBP"
179017,"DT"
179018,"RBS"
179019,"JJ"
179020,","
179021,"IN"
179022,"JJ"
179023,"NNS"
179024,"JJ"
179025,","
179026,"''"
179027,"VBZ"
179028,"NNP"
179029,"NNP"
179030,","
179031,"DT"
179032,"JJ"
179033,"NN"
179034,"IN"
179035,"NNS"
179036,"IN"
179037,"DT"
179038,"NNP"
179039,"NNP"
179040,"NNP"
179041,"."
179042,"``"
179043,"VBN"
179044,"DT"
179045,"NN"
179046,","
179047,"NN"
179048,"MD"
179049,"VB"
179050,"DT"
179051,"JJ"
179052,"NN"
179053,"."
179054,"''"
179055,"CC"
179056,"RB"
179057,"EX"
179058,"VBZ"
179059,"RB"
179060,"JJ"
179061,"NN"
179062,"."
179063,"RB"
179064,","
179065,"NNP"
179066,"VBZ"
179067,"VBN"
179068,"DT"
179069,"JJ"
179070,"NN"
179071,"TO"
179072,"VB"
179073,"RBR"
179074,"JJ"
179075,"NNS"
179076,"IN"
179077,"PRP$"
179078,"NN"
179079,","
179080,"NNS"
179081,"IN"
179082,"JJR"
179083,"NN"
179084,"."
179085,"``"
179086,"PRP"
179087,"VBP"
179088,"RB"
179089,"VBN"
179090,"TO"
179091,"VB"
179092,"IN"
179093,"NN"
179094,","
179095,"TO"
179096,"VB"
179097,"NNS"
179098,"CC"
179099,"NNS"
179100,"TO"
179101,"VB"
179102,"NNS"
179103,"IN"
179104,"JJ"
179105,"NNS"
179106,"MD"
179107,"VB"
179108,"TO"
179109,"VB"
179110,","
179111,"''"
179112,"VBZ"
179113,"NNP"
179114,"NNP"
179115,","
179116,"NN"
179117,"IN"
179118,"NNP"
179119,"POS"
179120,"NNP"
179121,"NNP"
179122,"NNP"
179123,"NNP"
179124,"."
179125,"IN"
179126,"DT"
179127,"IN"
179128,"DT"
179129,"NNP"
179130,"VBP"
179131,"DT"
179132,"NN"
179133,"VBZ"
179134,"DT"
179135,"NN"
179136,"IN"
179137,"NN"
179138,","
179139,"RB"
179140,"JJ"
179141,"VBP"
179142,"IN"
179143,"PRP$"
179144,"NN"
179145,"VBZ"
179146,"TO"
179147,"VB"
179148,"IN"
179149,"DT"
179150,"JJ"
179151,"NN"
179152,"NN"
179153,"POS"
179154,"JJ"
179155,"NN"
179156,"."
179157,"IN"
179158,"RB"
179159,","
179160,"JJ"
179161,"NNS"
179162,"IN"
179163,"NNP"
179164,"VBD"
179165,"JJS"
179166,"IN"
179167,"DT"
179168,"NN"
179169,"NN"
179170,"CC"
179171,"VBD"
179172,"JJ"
179173,"CC"
179174,"DT"
179175,"NN"
179176,"."
179177,"IN"
179178,"NN"
179179,"NNS"
179180,"VBD"
179181,"VBN"
179182,","
179183,"PRP"
179184,"VBD"
179185,"RB"
179186,"VB"
179187,"IN"
179188,"DT"
179189,"NN"
179190,"MD"
179191,"RB"
179192,"VB"
179193,"VBN"
179194,"RB"
179195,"CC"
179196,"VBD"
179197,"IN"
179198,"NN"
179199,","
179200,"IN"
179201,"JJS"
179202,"JJ"
179203,"NNS"
179204,"VBP"
179205,"."
179206,"CC"
179207,"RB"
179208,"JJ"
179209,"NN"
179210,"VBD"
179211,"VBN"
179212,"IN"
179213,"DT"
179214,"NNS"
179215,","
179216,"RB"
179217,","
179218,"DT"
179219,"NN"
179220,"IN"
179221,"JJ"
179222,"NN"
179223,"NN"
179224,"CC"
179225,"NN"
179226,"NNS"
179227,","
179228,"IN"
179229,"JJ"
179230,"NN"
179231,"NN"
179232,"."
179233,"RB"
179234,","
179235,"RB"
179236,","
179237,"JJ"
179238,"NNS"
179239,"VBP"
179240,"VBG"
179241,"TO"
179242,"RBS"
179243,"JJ"
179244,"NNS"
179245,","
179246,"CC"
179247,"IN"
179248,"DT"
179249,"JJ"
179250,"NN"
179251,","
179252,"NN"
179253,"CC"
179254,"NN"
179255,"NN"
179256,"VBZ"
179257,"VBG"
179258,"RB"
179259,"."
179260,"RB"
179261,"JJ"
179262,"NN"
179263,","
179264,"NNP"
179265,"VBD"
179266,"CD"
179267,"JJ"
179268,"NNS"
179269,"IN"
179270,"DT"
179271,"JJ"
179272,"NN"
179273,":"
179274,"NNP"
179275,"RBR"
179276,"VBD"
179277,"TO"
179278,"VB"
179279,"JJ"
179280,"NN"
179281,"IN"
179282,"PRP$"
179283,"NN"
179284,"NNS"
179285,"."
179286,"DT"
179287,"NN"
179288,"VBZ"
179289,"DT"
179290,"JJ"
179291,"CC"
179292,"JJ"
179293,"NN"
179294,"IN"
179295,"NN"
179296,"."
179297,"CC"
179298,"RB"
179299,"TO"
179300,"DT"
179301,"NN"
179302,"IN"
179303,"DT"
179304,"NN"
179305,"IN"
179306,"NNS"
179307,","
179308,"RB"
179309,"IN"
179310,"DT"
179311,"NN"
179312,"VBZ"
179313,"JJ"
179314,"TO"
179315,"VB"
179316,"VBN"
179317,"IN"
179318,"DT"
179319,"JJS"
179320,"CC"
179321,"RBS"
179322,"JJ"
179323,"NN"
179324,"RB"
179325,"JJ"
179326,":"
179327,"NNS"
179328,":"
179329,"RB"
179330,"IN"
179331,"NNS"
179332,"VBN"
179333,"IN"
179334,"DT"
179335,"NNP"
179336,"."
179337,"NNP"
179338,"NNP"
179339,","
179340,"DT"
179341,"JJ"
179342,"NN"
179343,"IN"
179344,"JJ"
179345,"NN"
179346,"NN"
179347,"NNP"
179348,"NNP"
179349,","
179350,"VBZ"
179351,"WP"
179352,"MD"
179353,"VB"
179354,"DT"
179355,"JJ"
179356,"JJ"
179357,"NN"
179358,"TO"
179359,"JJS"
179360,"IN"
179361,"PRP$"
179362,"NN"
179363,"."
179364,"DT"
179365,"RB"
179366,"JJ"
179367,"NN"
179368,"NNS"
179369,"NNS"
179370,"RB"
179371,"VBD"
179372,"JJ"
179373,"NN"
179374,"IN"
179375,"PRP$"
179376,"NN"
179377,"POS"
179378,"JJ"
179379,"NNS"
179380,"."
179381,"IN"
179382,"DT"
179383,"JJ"
179384,"NN"
179385,"NN"
179386,"RB"
179387,","
179388,"DT"
179389,"NN"
179390,"VBD"
179391,"DT"
179392,"NN"
179393,"IN"
179394,"DT"
179395,"RB"
179396,"VBN"
179397,"NN"
179398,"IN"
179399,"DT"
179400,"NN"
179401,"NN"
179402,"IN"
179403,"NNP"
179404,"POS"
179405,"JJ"
179406,"NN"
179407,"NN"
179408,","
179409,"RB"
179410,"TO"
179411,"VB"
179412,"VBN"
179413,"IN"
179414,"DT"
179415,"JJ"
179416,"NN"
179417,"TO"
179418,"``"
179419,"VB"
179420,"VBN"
179421,"IN"
179422,"DT"
179423,"JJ"
179424,"NNS"
179425,"IN"
179426,"JJ"
179427,"DT"
179428,"CD"
179429,"."
179430,"''"
179431,"NNP"
179432,"NNP"
179433,"IN"
179434,"NNP"
179435,","
179436,"NNP"
179437,"NNP"
179438,"IN"
179439,"NNP"
179440,","
179441,"NNP"
179442,"NNP"
179443,"IN"
179444,"NNP"
179445,"CC"
179446,"NNP"
179447,"NNP"
179448,"IN"
179449,"NNP"
179450,"VBD"
179451,"TO"
179452,"DT"
179453,"NN"
179454,"."
179455,"O"
179456,"NNP"
179457,"NNP"
179458,"NNP"
179459,"CC"
179460,"NNP"
179461,"POS"
179462,"NNP"
179463,"NNP"
179464,"VBD"
179465,"PRP"
179466,"VBP"
179467,"VBG"
179468,"DT"
179469,"NN"
179470,"TO"
179471,"VB"
179472,"PRP$"
179473,"JJ"
179474,"NNS"
179475,","
179476,"RB"
179477,"VBG"
179478,"NN"
179479,"IN"
179480,"DT"
179481,"CD"
179482,"NN"
179483,"NNS"
179484,"."
179485,"DT"
179486,"JJ"
179487,"JJ"
179488,"NN"
179489,","
179490,"WDT"
179491,"MD"
179492,"VB"
179493,"VBN"
179494,"NNS"
179495,","
179496,"MD"
179497,"VB"
179498,"JJ"
179499,"JJ"
179500,"NNS"
179501,"IN"
179502,"IN"
179503,"JJS"
179504,"#"
179505,"CD"
179506,"CD"
179507,"("
179508,"$"
179509,"CD"
179510,"CD"
179511,")"
179512,"CC"
179513,"MD"
179514,"VB"
179515,"IN"
179516,"DT"
179517,"NN"
179518,"POS"
179519,"JJS"
179520,"NN"
179521,"NNS"
179522,"."
179523,"IN"
179524,"CD"
179525,"NNS"
179526,"IN"
179527,"NNS"
179528,","
179529,"NNS"
179530,"IN"
179531,"DT"
179532,"NN"
179533,"VBP"
179534,"RB"
179535,"VBN"
179536,"IN"
179537,"DT"
179538,"NNS"
179539,"TO"
179540,"VB"
179541,"JJ"
179542,"CC"
179543,"JJ"
179544,"NN"
179545,"NN"
179546,"."
179547,"DT"
179548,"NNS"
179549,"VBP"
179550,"IN"
179551,"DT"
179552,"JJ"
179553,"NN"
179554,"IN"
179555,"NN"
179556,"."
179557,"DT"
179558,"NN"
179559,"MD"
179560,"VB"
179561,"DT"
179562,"RB"
179563,"JJ"
179564,"NNS"
179565,"IN"
179566,"DT"
179567,"CD"
179568,"NNS"
179569,","
179570,"CC"
179571,"VB"
179572,"VB"
179573,"PRP"
179574,"DT"
179575,"JJ"
179576,"NN"
179577,"IN"
179578,"JJ"
179579,"NN"
179580,"NN"
179581,"."
179582,"IN"
179583,"JJ"
179584,"NNS"
179585,","
179586,"DT"
179587,"NN"
179588,"IN"
179589,"JJ"
179590,"NNS"
179591,"CC"
179592,"JJ"
179593,"NNS"
179594,"VBP"
179595,"VBN"
179596,"DT"
179597,"JJ"
179598,"NN"
179599,"IN"
179600,"JJ"
179601,"NNS"
179602,"NN"
179603,"."
179604,"RB"
179605,","
179606,"NNP"
179607,"NNP"
179608,"CC"
179609,"JJ"
179610,"JJ"
179611,"NNP"
179612,"NN"
179613,"IN"
179614,"DT"
179615,"JJ"
179616,"NN"
179617,"NN"
179618,"CC"
179619,"IN"
179620,"DT"
179621,"JJ"
179622,"NN"
179623,"NN"
179624,"NN"
179625,"."
179626,"RB"
179627,"JJ"
179628,"NN"
179629,"PRP"
179630,"VBD"
179631,"PRP"
179632,"MD"
179633,"VB"
179634,"DT"
179635,"JJ"
179636,"NN"
179637,"TO"
179638,"VB"
179639,"NNP"
179640,"NNP"
179641,"NNP"
179642,"NNP"
179643,","
179644,"DT"
179645,"JJR"
179646,"JJ"
179647,"NN"
179648,"NN"
179649,"VBN"
179650,"IN"
179651,"JJ"
179652,"NN"
179653,"NN"
179654,"IN"
179655,"DT"
179656,"NNP"
179657,"NN"
179658,"."
179659,"DT"
179660,"JJ"
179661,"NN"
179662,"IN"
179663,"NNP"
179664,"NNP"
179665,"CC"
179666,"NNP"
179667,":"
179668,"RB"
179669,"JJ"
179670,"NNS"
179671,"IN"
179672,"NNP"
179673,"NNP"
179674,"CC"
179675,"NNP"
179676,"NNP"
179677,"NNS"
179678,"NNS"
179679,":"
179680,"VBZ"
179681,"JJ"
179682,"NN"
179683,"IN"
179684,"NNP"
179685,"NNP"
179686,"POS"
179687,"NN"
179688,"NN"
179689,"."
179690,"NNP"
179691,"VBD"
179692,"IN"
179693,"JJR"
179694,"JJ"
179695,"NN"
179696,"NNS"
179697,"MD"
179698,"VB"
179699,"PRP$"
179700,"JJ"
179701,"JJ"
179702,"NNS"
179703,","
179704,"VBG"
179705,"NNP"
179706,"NNP"
179707,"IN"
179708,"NNP"
179709,"CC"
179710,"NNP"
179711,"POS"
179712,"NNP"
179713,"NNP"
179714,"NNP"
179715,"NNP"
179716,"."
179717,"CC"
179718,"DT"
179719,"NNP"
179720,"NNP"
179721,"NNP"
179722,":"
179723,"JJ"
179724,"TO"
179725,"NNP"
179726,","
179727,"JJ"
179728,"NNP"
179729,"NNP"
179730,"NNP"
179731,":"
179732,"VBP"
179733,"VBG"
179734,"RB"
179735,"IN"
179736,"IN"
179737,"PRP$"
179738,"NNS"
179739,"VB"
179740,"NNS"
179741,"."
179742,"NNP"
179743,","
179744,"DT"
179745,"NN"
179746,"NN"
179747,"TO"
179748,"VB"
179749,"VBN"
179750,"IN"
179751,"PRP$"
179752,"NN"
179753,"MD"
179754,"VB"
179755,"DT"
179756,"NNP"
179757,"NN"
179758,","
179759,"IN"
179760,"NN"
179761,"IN"
179762,"DT"
179763,"JJ"
179764,"NN"
179765,"WDT"
179766,"MD"
179767,"VB"
179768,"IN"
179769,"NNP"
179770,"NNP"
179771,"CC"
179772,"NNP"
179773,"."
179774,"NNS"
179775,"IN"
179776,"WDT"
179777,"NNP"
179778,"VBZ"
179779,"VBN"
179780,"NNS"
179781,"IN"
179782,"DT"
179783,"JJ"
179784,"JJ"
179785,"NNP"
179786,"NN"
179787,"VBP"
179788,"NNP"
179789,","
179790,"NNP"
179791,"POS"
179792,"NNP"
179793,"NNP"
179794,"NNP"
179795,","
179796,"NNP"
179797,"NNP"
179798,"POS"
179799,"NNP"
179800,"NNP"
179801,","
179802,"NNP"
179803,"NNP"
179804,"POS"
179805,"NN"
179806,"NN"
179807,"."
179808,"CC"
179809,"PRP"
179810,"MD"
179811,"VB"
179812,"NNS"
179813,"IN"
179814,"NNP"
179815,"CC"
179816,"PRP$"
179817,"JJ"
179818,"NNS"
179819,"VBP"
179820,"IN"
179821,"TO"
179822,"NN"
179823,","
179824,"DT"
179825,"NN"
179826,"VBD"
179827,"."
179828,"NNP"
179829,"VBZ"
179830,"JJ"
179831,"TO"
179832,"VB"
179833,"NNP"
179834,"POS"
179835,"JJ"
179836,"NNS"
179837,","
179838,"WDT"
179839,"VBZ"
179840,"RB"
179841,"VBN"
179842,"VBN"
179843,"#"
179844,"CD"
179845,"CD"
179846,"IN"
179847,"JJ"
179848,"NNS"
179849,"IN"
179850,"DT"
179851,"NNP"
179852,"NN"
179853,","
179854,"NNP"
179855,"NNP"
179856,"CC"
179857,"NNP"
179858,"NNP"
179859,","
179860,"IN"
179861,"WDT"
179862,"NNP"
179863,"VBD"
179864,"JJ"
179865,"NN"
179866,"."
179867,"RB"
179868,","
179869,"DT"
179870,"JJ"
179871,"NN"
179872,"MD"
179873,"VB"
179874,"VBN"
179875,"IN"
179876,"JJ"
179877,"JJ"
179878,"NNS"
179879,":"
179880,"NNP"
179881,"VBZ"
179882,"FW"
179883,"POS"
179884,"JJ"
179885,"NN"
179886,"IN"
179887,"JJ"
179888,"JJ"
179889,"NNS"
179890,"NNS"
179891,","
179892,"CC"
179893,"PRP$"
179894,"NN"
179895,"IN"
179896,"NNP"
179897,"MD"
179898,"VB"
179899,"NNP"
179900,"NNP"
179901,"NNP"
179902,"VBZ"
179903,"IN"
179904,"NN"
179905,"IN"
179906,"DT"
179907,"NN"
179908,"POS"
179909,"NN"
179910,"NN"
179911,"."
179912,"DT"
179913,"NN"
179914,"NN"
179915,","
179916,"RB"
179917,","
179918,"MD"
179919,"VB"
179920,"NNP"
179921,"POS"
179922,"JJ"
179923,"NN"
179924,"IN"
179925,"NNP"
179926,"NNP"
179927,"MD"
179928,"RB"
179929,"VB"
179930,"NN"
179931,"NNS"
179932,"."
179933,"DT"
179934,"JJ"
179935,"NN"
179936,"NN"
179937,"VBD"
179938,"VBN"
179939,"IN"
179940,"DT"
179941,"NN"
179942,"IN"
179943,"DT"
179944,"NN"
179945,"IN"
179946,"NNP"
179947,"IN"
179948,"NNP"
179949,":"
179950,"``"
179951,"NNP"
179952,"VBZ"
179953,"DT"
179954,"NN"
179955,"IN"
179956,"DT"
179957,"NN"
179958,","
179959,"''"
179960,"PRP"
179961,"VBD"
179962,"."
179963,"IN"
179964,"JJS"
179965,"CD"
179966,"JJ"
179967,"FW"
179968,"NN"
179969,","
179970,"NNP"
179971,","
179972,"VBZ"
179973,"PRP"
179974,"VBZ"
179975,"RB"
179976,"JJ"
179977,"IN"
179978,"NNP"
179979,"."
179980,"``"
179981,"PRP"
179982,"VBP"
179983,"NN"
179984,"TO"
179985,"VB"
179986,"IN"
179987,"DT"
179988,"NN"
179989,","
179990,"WDT"
179991,"VBZ"
179992,"RB"
179993,"VB"
179994,"PRP"
179995,","
179996,"''"
179997,"DT"
179998,"NNP"
179999,"NN"
180000,"VBD"
180001,"NNP"
180002,"."
180003,"DT"
180004,"NN"
180005,"NN"
180006,","
180007,"DT"
180008,"JJ"
180009,"NN"
180010,"NN"
180011,"VBD"
180012,","
180013,"VBZ"
180014,"DT"
180015,"JJ"
180016,"NN"
180017,"IN"
180018,"DT"
180019,"``"
180020,"JJ"
180021,"NN"
180022,"''"
180023,"IN"
180024,"NN"
180025,"NN"
180026,"."
180027,"IN"
180028,"DT"
180029,"NNP"
180030,"CC"
180031,"NNP"
180032,"NNP"
180033,","
180034,"NN"
180035,"IN"
180036,"PRP$"
180037,"NN"
180038,"NNS"
180039,"VBP"
180040,"VBN"
180041,"IN"
180042,"NN"
180043,"IN"
180044,"RB"
180045,"JJ"
180046,"NN"
180047,"NNS"
180048,":"
180049,"CC"
180050,"NNP"
180051,"NNP"
180052,"NNS"
180053,","
180054,"DT"
180055,"JJ"
180056,"NN"
180057,"IN"
180058,"DT"
180059,"NNS"
180060,"POS"
180061,"NNS"
180062,","
180063,"VBP"
180064,"VBN"
180065,"VBN"
180066,"IN"
180067,"CD"
180068,"NNS"
180069,"IN"
180070,"JJ"
180071,"NN"
180072,"NNS"
180073,"."
180074,"DT"
180075,"NN"
180076,"POS"
180077,"NN"
180078,"IN"
180079,"NNP"
180080,"VBZ"
180081,"JJ"
180082,"."
180083,"NNP"
180084,"VBZ"
180085,"DT"
180086,"NN"
180087,"IN"
180088,"PRP$"
180089,"NN"
180090,"NN"
180091,"VBZ"
180092,"IN"
180093,"NN"
180094,"NN"
180095,"IN"
180096,"JJ"
180097,"NNS"
180098,"."
180099,"DT"
180100,"JJ"
180101,"NN"
180102,"NN"
180103,"VBZ"
180104,"VBG"
180105,":"
180106,"IN"
180107,"NN"
180108,","
180109,"NNP"
180110,"NNP"
180111,"POS"
180112,"NNP"
180113,"NNP"
180114,"RB"
180115,"VBD"
180116,"NNP"
180117,"IN"
180118,"DT"
180119,"NN"
180120,"IN"
180121,"NNP"
180122,"POS"
180123,"NNP"
180124,"NNP"
180125,","
180126,"NNP"
180127,"NNP"
180128,"VBD"
180129,"TO"
180130,"VB"
180131,"NNP"
180132,"NNP"
180133,"NNP"
180134,"."
180135,"NNP"
180136,"."
180137,"IN"
180138,"NNS"
180139,","
180140,"NNP"
180141,"VBZ"
180142,"RB"
180143,"VBN"
180144,"IN"
180145,"JJ"
180146,"NN"
180147,"CC"
180148,"IN"
180149,"PRP$"
180150,"NN"
180151,"NN"
180152,","
180153,"NNP"
180154,"POS"
180155,"NNP"
180156,"NNP"
180157,":"
180158,"TO"
180159,"JJR"
180160,"VB"
180161,","
180162,"NNP"
180163,"NNS"
180164,"VBP"
180165,","
180166,"PRP"
180167,"VBP"
180168,"DT"
180169,"NN"
180170,"."
180171,"TO"
180172,"VB"
180173,"JJ"
180174,"NN"
180175,"IN"
180176,"DT"
180177,"JJ"
180178,"NN"
180179,","
180180,"NNP"
180181,"MD"
180182,"VB"
180183,"DT"
180184,"NN"
180185,"NN"
180186,"TO"
180187,"NNP"
180188,"NNP"
180189,"."
180190,"JJ"
180191,"NN"
180192,"IN"
180193,"NNP"
180194,"NNP"
180195,"POS"
180196,"NN"
180197,"NN"
180198,"VBZ"
180199,"IN"
180200,"#"
180201,"CD"
180202,"CD"
180203,","
180204,"DT"
180205,"NNP"
180206,"NN"
180207,"VBD"
180208,"."
180209,"NNP"
180210,"NNP"
180211,"POS"
180212,"JJ"
180213,"NN"
180214,"NNS"
180215,"VBP"
180216,"PRP$"
180217,"JJ"
180218,"NN"
180219,"IN"
180220,"NN"
180221,"NN"
180222,"NNS"
180223,"."
180224,"NNP"
180225,"NN"
180226,"NNS"
180227,","
180228,"IN"
180229,"IN"
180230,"DT"
180231,"JJ"
180232,"NN"
180233,"POS"
180234,"JJ"
180235,"NN"
180236,","
180237,"VBP"
180238,"DT"
180239,"JJ"
180240,"NN"
180241,"NN"
180242,"NN"
180243,"."
180244,"O"
180245,"NNP"
180246,"NNP"
180247,"NNP"
180248,"NNP"
180249,"VBD"
180250,"PRP"
180251,"MD"
180252,"VB"
180253,"DT"
180254,"JJ"
180255,"VBP"
180256,","
180257,"CD"
180258,"CD"
180259,"NN"
180260,"("
180261,"$"
180262,"CD"
180263,"CD"
180264,")"
180265,"NN"
180266,"IN"
180267,"PRP$"
180268,"NN"
180269,"IN"
180270,"NNP"
180271,"POS"
180272,"NN"
180273,"IN"
180274,"JJ"
180275,"NN"
180276,"VBZ"
180277,"VBG"
180278,"."
180279,"NNP"
180280,","
180281,"NNP"
180282,"POS"
180283,"JJS"
180284,"NN"
180285,"NN"
180286,"NN"
180287,"CC"
180288,"DT"
180289,"JJ"
180290,"NN"
180291,"IN"
180292,"NN"
180293,"TO"
180294,"DT"
180295,"NNP"
180296,","
180297,"VBD"
180298,"JJ"
180299,"NN"
180300,"NNS"
180301,"VBP"
180302,"DT"
180303,"JJ"
180304,"NN"
180305,"NN"
180306,"MD"
180307,"VB"
180308,"IN"
180309,"CD"
180310,"CD"
180311,"NNS"
180312,"DT"
180313,"NN"
180314,"IN"
180315,"CD"
180316,","
180317,"CD"
180318,"NN"
180319,"JJR"
180320,"IN"
180321,"DT"
180322,"JJ"
180323,"NN"
180324,"."
180325,"JJ"
180326,"NN"
180327,"NN"
180328,"VBD"
180329,"IN"
180330,"CD"
180331,"CD"
180332,"NNS"
180333,"DT"
180334,"NN"
180335,"IN"
180336,"NNP"
180337,"POS"
180338,"JJ"
180339,"NN"
180340,","
180341,"RB"
180342,"CD"
180343,"NN"
180344,"IN"
180345,"DT"
180346,"CD"
180347,"NN"
180348,"."
180349,"``"
180350,"DT"
180351,"NN"
180352,"IN"
180353,"JJ"
180354,"NNS"
180355,"TO"
180356,"VB"
180357,"NN"
180358,"VBZ"
180359,"VBG"
180360,","
180361,"''"
180362,"CC"
180363,"NN"
180364,"NN"
180365,"NN"
180366,"VBZ"
180367,"RB"
180368,"RB"
180369,"RB"
180370,","
180371,"IN"
180372,"JJ"
180373,"NNS"
180374,"VB"
180375,"PRP$"
180376,"NN"
180377,"TO"
180378,"JJ"
180379,"NN"
180380,","
180381,"VBD"
180382,"NNP"
180383,"NNP"
180384,","
180385,"NN"
180386,"NN"
180387,"IN"
180388,"NN"
180389,"CC"
180390,"NN"
180391,"NNS"
180392,"IN"
180393,"NNP"
180394,"POS"
180395,"NN"
180396,","
180397,"NNP"
180398,"NNP"
180399,"NNP"
180400,"."
180401,"NNP"
180402,"NNP"
180403,"VBD"
180404,"NN"
180405,"IN"
180406,"NNP"
180407,"POS"
180408,"NN"
180409,"VBZ"
180410,"RB"
180411,"IN"
180412,"CD"
180413,"NN"
180414,"IN"
180415,"NNP"
180416,"NNP"
180417,"VBZ"
180418,"VBN"
180419,"TO"
180420,"VB"
180421,"JJ"
180422,","
180423,"VBG"
180424,"NN"
180425,"JJ"
180426,"IN"
180427,"RB"
180428,"DT"
180429,"NNS"
180430,"."
180431,"``"
180432,"EX"
180433,"VBZ"
180434,"VBN"
180435,"DT"
180436,"NN"
180437,"IN"
180438,"DT"
180439,"JJ"
180440,"NN"
180441,"TO"
180442,"DT"
180443,"NN"
180444,"NN"
180445,","
180446,"''"
180447,"PRP"
180448,"VBD"
180449,"."
180450,"JJ"
180451,"IN"
180452,"NNP"
180453,"POS"
180454,"NN"
180455,"CC"
180456,"NN"
180457,"NNS"
180458,"VBP"
180459,"DT"
180460,"NN"
180461,"IN"
180462,"JJ"
180463,"NN"
180464,"VBZ"
180465,"RB"
180466,"IN"
180467,"PRP"
180468,"VBZ"
180469,"IN"
180470,"NN"
180471,","
180472,"CC"
180473,"VBP"
180474,"VBN"
180475,"PRP$"
180476,"NN"
180477,"CC"
180478,"NN"
180479,"NNS"
180480,"RB"
180481,"."
180482,"DT"
180483,"NN"
180484,"IN"
180485,"JJ"
180486,"NN"
180487,"NNS"
180488,"IN"
180489,"NNP"
180490,"VBZ"
180491,"RB"
180492,"CD"
180493,"NN"
180494,"IN"
180495,"DT"
180496,"NN"
180497,"RB"
180498,","
180499,"CC"
180500,"DT"
180501,"NN"
180502,"IN"
180503,"VBN"
180504,"NN"
180505,"NNS"
180506,"VBZ"
180507,"``"
180508,"RP"
180509,"RBR"
180510,"IN"
180511,"WDT"
180512,","
180513,"JJ"
180514,"TO"
180515,"DT"
180516,"VBG"
180517,"NN"
180518,"IN"
180519,"NN"
180520,"NN"
180521,","
180522,"''"
180523,"VBD"
180524,"NNP"
180525,"NNP"
180526,","
180527,"NN"
180528,"IN"
180529,"JJ"
180530,"NN"
180531,"IN"
180532,"NNP"
180533,"POS"
180534,"NNP"
180535,"NNP"
180536,"NNP"
180537,"IN"
180538,"NNP"
180539,","
180540,"DT"
180541,"NN"
180542,"NN"
180543,"."
180544,"NNP"
180545,"NNP"
180546,"VBD"
180547,"DT"
180548,"JJ"
180549,"NN"
180550,"IN"
180551,"DT"
180552,"NN"
180553,"NN"
180554,"VBZ"
180555,"VBG"
180556,"NN"
180557,"IN"
180558,"JJ"
180559,"NN"
180560,"IN"
180561,"NNP"
180562,","
180563,"JJ"
180564,"NNS"
180565,"IN"
180566,"JJ"
180567,"NNP"
180568,"."
180569,"JJ"
180570,"NNS"
180571,"IN"
180572,"CD"
180573,"NN"
180574,"IN"
180575,"DT"
180576,"NN"
180577,"VBN"
180578,"IN"
180579,"JJ"
180580,"NNP"
180581,","
180582,"CC"
180583,"RB"
180584,"CD"
180585,"NN"
180586,"IN"
180587,"NNP"
180588,"POS"
180589,"JJ"
180590,"NN"
180591,"VBZ"
180592,"IN"
180593,"JJ"
180594,"NN"
180595,"."
180596,"RB"
180597,"RB"
180598,"IN"
180599,"DT"
180600,"JJ"
180601,"NN"
180602,"IN"
180603,"NNP"
180604,"NNS"
180605,"TO"
180606,"DT"
180607,"NNP"
180608,"VBZ"
180609,"VBN"
180610,"IN"
180611,"NNP"
180612,"POS"
180613,"NN"
180614,","
180615,"WP$"
180616,"JJ"
180617,"NN"
180618,"VBZ"
180619,"IN"
180620,"NN"
180621,"TO"
180622,"JJ"
180623,"NNP"
180624,"CC"
180625,"JJ"
180626,"NNS"
180627,"IN"
180628,"DT"
180629,"NNP"
180630,"NNP"
180631,"NN"
180632,","
180633,"VBG"
180634,"NNP"
180635,","
180636,"NNP"
180637,","
180638,"NNP"
180639,"CC"
180640,"NNP"
180641,"."
180642,"NNP"
180643,"POS"
180644,"JJ"
180645,"NN"
180646,"NNS"
180647,"TO"
180648,"DT"
180649,"NNP"
180650,"NN"
180651,"IN"
180652,"CD"
180653,"NNS"
180654,"DT"
180655,"NN"
180656,","
180657,"CC"
180658,"IN"
180659,"CD"
180660,"NN"
180661,"IN"
180662,"JJ"
180663,"NNP"
180664,"NN"
180665,"NNS"
180666,","
180667,"VBD"
180668,"NNP"
180669,"NNP"
180670,","
180671,"NN"
180672,"IN"
180673,"DT"
180674,"NNP"
180675,"NNP"
180676,"NNP"
180677,"NNP"
180678,"NNP"
180679,"NNP"
180680,"."
180681,"DT"
180682,"NNS"
180683,"NNP"
180684,"IN"
180685,"DT"
180686,"JJ"
180687,"NN"
180688,"IN"
180689,"JJ"
180690,"NN"
180691,","
180692,"IN"
180693,"NNP"
180694,"NNP"
180695,","
180696,"NNP"
180697,"CC"
180698,"NNP"
180699,"."
180700,"NNP"
180701,"NNP"
180702,"VBD"
180703,"NNP"
180704,"POS"
180705,"VBG"
180706,"NN"
180707,"NN"
180708,","
180709,"VBN"
180710,"IN"
180711,"DT"
180712,"JJ"
180713,"NN"
180714,"IN"
180715,"NNP"
180716,"NN"
180717,","
180718,"MD"
180719,"VB"
180720,"VB"
180721,"NNP"
180722,"NN"
180723,"IN"
180724,"NN"
180725,"IN"
180726,"JJ"
180727,","
180728,"RB"
180729,"DT"
180730,"NNP"
180731,"NNP"
180732,"."
180733,"``"
180734,"PRP"
180735,"VBZ"
180736,"RB"
180737,"RB"
180738,"DT"
180739,"NN"
180740,"NN"
180741,"."
180742,"CC"
180743,"WRB"
180744,"NN"
180745,"VBZ"
180746,"JJ"
180747,","
180748,"PRP"
180749,"VBP"
180750,"TO"
180751,"VB"
180752,"IN"
180753,"PRP"
180754,","
180755,"''"
180756,"PRP"
180757,"VBD"
180758,"."
180759,"NNP"
180760,"NNP"
180761,"VBD"
180762,"IN"
180763,"DT"
180764,"NN"
180765,"IN"
180766,"NNP"
180767,"POS"
180768,"JJ"
180769,"NN"
180770,"MD"
180771,"RB"
180772,"IN"
180773,"PRP"
180774,"VBP"
180775,"NNP"
180776,"NNP"
180777,"IN"
180778,"JJ"
180779,"NN"
180780,","
180781,"RB"
180782,","
180783,"IN"
180784,"JJ"
180785,"NNS"
180786,"VBP"
180787,"VBN"
180788,"IN"
180789,"DT"
180790,"NN"
180791,"IN"
180792,"NNP"
180793,"POS"
180794,"VBG"
180795,"NN"
180796,"."
180797,"IN"
180798,"NNS"
180799,"IN"
180800,"PRP$"
180801,"JJ"
180802,"VBP"
180803,"NN"
180804,","
180805,"WDT"
180806,"MD"
180807,"VB"
180808,"VBN"
180809,"JJ"
180810,"NN"
180811,","
180812,"NNP"
180813,"VBD"
180814,"TO"
180815,"VB"
180816,"CD"
180817,"NNS"
180818,"DT"
180819,"NN"
180820,"IN"
180821,"JJ"
180822,"NN"
180823,"TO"
180824,"PRP$"
180825,"NN"
180826,","
180827,"VBG"
180828,"IN"
180829,"DT"
180830,"JJ"
180831,"NN"
180832,"IN"
180833,"CD"
180834,"."
180835,"DT"
180836,"NN"
180837,"RB"
180838,"VBZ"
180839,"DT"
180840,"NN"
180841,"IN"
180842,"CD"
180843,"CD"
180844,"NNS"
180845,"DT"
180846,"NN"
180847,"."
180848,"O"
180849,"NNP"
180850,"NNP"
180851,"NNP"
180852,"NNP"
180853,"VBZ"
180854,"TO"
180855,"VB"
180856,"DT"
180857,"JJ"
180858,"NNS"
180859,"VBD"
180860,"JJR"
180861,"IN"
180862,"CD"
180863,"NN"
180864,"IN"
180865,"DT"
180866,"JJ"
180867,"NN"
180868,"IN"
180869,"DT"
180870,"NN"
180871,"IN"
180872,"JJ"
180873,"NNS"
180874,"NN"
180875,"CC"
180876,"VBN"
180877,"NNS"
180878,"."
180879,"IN"
180880,"DT"
180881,"JJ"
180882,"NN"
180883,","
180884,"DT"
180885,"NN"
180886,"VBD"
180887,"JJ"
180888,"NN"
180889,"IN"
180890,"$"
180891,"CD"
180892,"CD"
180893,"CC"
180894,"$"
180895,"CD"
180896,"DT"
180897,"NN"
180898,","
180899,"VBG"
180900,"DT"
180901,"JJ"
180902,"NN"
180903,"IN"
180904,"$"
180905,"CD"
180906,"CD"
180907,"VBN"
180908,"TO"
180909,"DT"
180910,"NN"
180911,"IN"
180912,"DT"
180913,"NN"
180914,","
180915,"IN"
180916,"NNS"
180917,"IN"
180918,"$"
180919,"CD"
180920,"CD"
180921,"."
180922,"DT"
180923,"NN"
180924,"VBD"
180925,"JJ"
180926,"JJ"
180927,"NN"
180928,"CC"
180929,"JJ"
180930,"NNS"
180931,"VBN"
180932,"IN"
180933,"JJ"
180934,"NN"
180935,"NNS"
180936,"VBD"
180937,"NNS"
180938,"IN"
180939,"CD"
180940,"NNS"
180941,"IN"
180942,"DT"
180943,"JJ"
180944,"NN"
180945,","
180946,"VBN"
180947,"IN"
180948,"DT"
180949,"JJ"
180950,"NN"
180951,"."
180952,"IN"
180953,"DT"
180954,"JJ"
180955,"NN"
180956,","
180957,"DT"
180958,"NN"
180959,"NN"
180960,"VBD"
180961,"VBN"
180962,"IN"
180963,"JJ"
180964,"NNS"
180965,"IN"
180966,"NNS"
180967,"NNS"
180968,"CC"
180969,"NN"
180970,"CC"
180971,"NN"
180972,"NNS"
180973,","
180974,"RB"
180975,"RB"
180976,"IN"
180977,"JJR"
180978,"NN"
180979,"NNS"
180980,"IN"
180981,"PRP$"
180982,"JJ"
180983,"NN"
180984,"."
180985,"DT"
180986,"NN"
180987,"NN"
180988,"VBD"
180989,"VBN"
180990,"IN"
180991,"JJ"
180992,"NNS"
180993,"CC"
180994,"JJ"
180995,"NNS"
180996,"VBN"
180997,"IN"
180998,"PRP$"
180999,"NNP"
181000,"NNP"
181001,"NNP"
181002,"CC"
181003,"NNP"
181004,"NN"
181005,"."
181006,"DT"
181007,"NN"
181008,"VBD"
181009,"PRP"
181010,"VBZ"
181011,"VBG"
181012,"TO"
181013,"VB"
181014,"DT"
181015,"JJ"
181016,"NNS"
181017,"IN"
181018,"DT"
181019,"DT"
181020,"NN"
181021,"CC"
181022,"NN"
181023,"NNS"
181024,","
181025,"WDT"
181026,"MD"
181027,"VB"
181028,"IN"
181029,"JJ"
181030,"NNS"
181031,"IN"
181032,"DT"
181033,"JJ"
181034,"NN"
181035,"."
181036,"NNP"
181037,"VBD"
181038,"PRP$"
181039,"JJ"
181040,"NNS"
181041,"MD"
181042,"VB"
181043,"VBN"
181044,"RB"
181045,"DT"
181046,"NN"
181047,"."
181048,"IN"
181049,"DT"
181050,"JJ"
181051,"JJ"
181052,"NN"
181053,","
181054,"WRB"
181055,"DT"
181056,"NN"
181057,"VBD"
181058,"IN"
181059,"DT"
181060,"NN"
181061,"IN"
181062,"DT"
181063,"NN"
181064,","
181065,"DT"
181066,"NN"
181067,"VBD"
181068,"NN"
181069,"IN"
181070,"$"
181071,"CD"
181072,"CD"
181073,","
181074,"CC"
181075,"$"
181076,"CD"
181077,"DT"
181078,"NN"
181079,","
181080,"IN"
181081,"NNS"
181082,"IN"
181083,"$"
181084,"CD"
181085,"CD"
181086,"."
181087,"O"
181088,"VBG"
181089,"DT"
181090,"JJ"
181091,"NNS"
181092,"IN"
181093,"NN"
181094,"NNS"
181095,"VBZ"
181096,"VBN"
181097,"DT"
181098,"JJ"
181099,"NN"
181100,"RB"
181101,"."
181102,"VB"
181103,"NNP"
181104,"NNP"
181105,","
181106,"DT"
181107,"JJS"
181108,"NN"
181109,"IN"
181110,"JJ"
181111,"NN"
181112,"NN"
181113,"CC"
181114,"RB"
181115,"VBD"
181116,"DT"
181117,"NN"
181118,"NN"
181119,"."
181120,"IN"
181121,"NNP"
181122,","
181123,"DT"
181124,"NN"
181125,"VBD"
181126,"NNP"
181127,"NNP"
181128,"IN"
181129,"DT"
181130,"NN"
181131,"IN"
181132,"NN"
181133,"IN"
181134,"DT"
181135,"JJ"
181136,"NN"
181137,"NN"
181138,"NN"
181139,"MD"
181140,"VB"
181141,"RB"
181142,"CD"
181143,"NN"
181144,"IN"
181145,"CD"
181146,","
181147,"DT"
181148,"JJ"
181149,"NN"
181150,"WRB"
181151,"VBN"
181152,"IN"
181153,"DT"
181154,"JJ"
181155,"NN"
181156,"IN"
181157,"NNS"
181158,"JJ"
181159,"."
181160,"NNS"
181161,":"
181162,"VBG"
181163,"DT"
181164,"IN"
181165,"DT"
181166,"NN"
181167,"IN"
181168,"DT"
181169,"JJ"
181170,"NN"
181171,"NN"
181172,"VBD"
181173,"IN"
181174,"DT"
181175,"NN"
181176,":"
181177,"VBN"
181178,"IN"
181179,"VBG"
181180,"DT"
181181,"NN"
181182,"POS"
181183,"NN"
181184,","
181185,"WDT"
181186,"VBD"
181187,"$"
181188,"CD"
181189,"IN"
181190,"NN"
181191,"TO"
181192,"VB"
181193,"IN"
181194,"$"
181195,"CD"
181196,"IN"
181197,"JJ"
181198,"JJ"
181199,"NN"
181200,"."
181201,"CC"
181202,"DT"
181203,"VBD"
181204,"PDT"
181205,"IN"
181206,"CD"
181207,"NNS"
181208,"RB"
181209,"."
181210,"JJ"
181211,"NN"
181212,","
181213,"NNP"
181214,"VBD"
181215,"PRP"
181216,"VBZ"
181217,"NN"
181218,"IN"
181219,"PRP$"
181220,"JJ"
181221,"NN"
181222,"VBN"
181223,"NNP"
181224,"CD"
181225,"TO"
181226,"VB"
181227,"CD"
181228,"NN"
181229,"."
181230,"DT"
181231,"NN"
181232,"VBD"
181233,"DT"
181234,"NN"
181235,"POS"
181236,"NN"
181237,"TO"
181238,"VB"
181239,"$"
181240,"CD"
181241,"TO"
181242,"VB"
181243,"IN"
181244,"$"
181245,"CD"
181246,"DT"
181247,"NN"
181248,"."
181249,"NNP"
181250,"POS"
181251,"JJ"
181252,"NN"
181253,"VBZ"
181254,"CD"
181255,"NN"
181256,"IN"
181257,"DT"
181258,"NN"
181259,"VBG"
181260,"NNS"
181261,"VBG"
181262,"IN"
181263,"NNS"
181264,"IN"
181265,"DT"
181266,"JJ"
181267,"NN"
181268,"IN"
181269,"DT"
181270,"NN"
181271,"NNS"
181272,"."
181273,"``"
181274,"PRP"
181275,"VBZ"
181276,"JJ"
181277,"TO"
181278,"VB"
181279,"WP"
181280,"TO"
181281,"VB"
181282,"IN"
181283,"DT"
181284,"NN"
181285,","
181286,"''"
181287,"VBD"
181288,"NNP"
181289,"NNP"
181290,","
181291,"DT"
181292,"NN"
181293,"IN"
181294,"NNP"
181295,"NNP"
181296,"CC"
181297,"NNP"
181298,"."
181299,"``"
181300,"DT"
181301,"NN"
181302,"VBZ"
181303,"JJ"
181304,"."
181305,"''"
181306,"TO"
181307,"VB"
181308,","
181309,"NNP"
181310,"NNP"
181311,"VBD"
181312,"IN"
181313,"IN"
181314,"DT"
181315,"CD"
181316,"JJ"
181317,"NNS"
181318,"PRP"
181319,"VBZ"
181320,","
181321,"DT"
181322,"MD"
181323,"VB"
181324,"IN"
181325,"PRP$"
181326,"RBS"
181327,"JJ"
181328,"NN"
181329,"NNS"
181330,"IN"
181331,"JJ"
181332,"NN"
181333,"POS"
181334,"NNS"
181335,","
181336,"CC"
181337,"DT"
181338,"IN"
181339,"DT"
181340,"NNS"
181341,"."
181342,"IN"
181343,"DT"
181344,"NNS"
181345,"VBN"
181346,"TO"
181347,"VB"
181348,"DT"
181349,"JJ"
181350,"NN"
181351,"NN"
181352,"NNP"
181353,"NNP"
181354,","
181355,"NNP"
181356,"NNP"
181357,"CC"
181358,"NNP"
181359,"NNP"
181360,"NNP"
181361,","
181362,"RB"
181363,"JJ"
181364,"NNS"
181365,"IN"
181366,"DT"
181367,"NN"
181368,"."
181369,"NNP"
181370,"NNP"
181371,"NNP"
181372,"NNP"
181373,"RB"
181374,"VBZ"
181375,"VBN"
181376,"TO"
181377,"VB"
181378,"JJ"
181379,"NNS"
181380,"."
181381,"NNP"
181382,"NNP"
181383,"NNP"
181384,","
181385,"RB"
181386,","
181387,"VBZ"
181388,"VBN"
181389,"TO"
181390,"VB"
181391,"JJ"
181392,"NNS"
181393,"IN"
181394,"DT"
181395,"NN"
181396,"VBD"
181397,"JJ"
181398,"."
181399,"DT"
181400,"JJ"
181401,"NN"
181402,"VBZ"
181403,"IN"
181404,"NNP"
181405,"NNP"
181406,","
181407,"DT"
181408,"NN"
181409,"NN"
181410,"."
181411,"IN"
181412,"NNP"
181413,","
181414,"DT"
181415,"NN"
181416,"VBD"
181417,"DT"
181418,"JJ"
181419,"NNS"
181420,"IN"
181421,"JJ"
181422,"JJ"
181423,"NNS"
181424,"IN"
181425,"NNP"
181426,"NNP"
181427,"NNP"
181428,"VBD"
181429,"VBN"
181430,"IN"
181431,"JJ"
181432,"NN"
181433,"RBR"
181434,"IN"
181435,"VBG"
181436,"IN"
181437,"PRP$"
181438,"JJ"
181439,"NN"
181440,"VBN"
181441,"NNP"
181442,"CD"
181443,"TO"
181444,"$"
181445,"CD"
181446,"CD"
181447,","
181448,"CC"
181449,"CD"
181450,"NNS"
181451,"DT"
181452,"NN"
181453,"."
181454,"DT"
181455,"NN"
181456,","
181457,"RB"
181458,","
181459,"NNP"
181460,"VBD"
181461,"NNS"
181462,"IN"
181463,"NNS"
181464,"IN"
181465,"PRP$"
181466,"JJ"
181467,"NN"
181468,"VBD"
181469,"NNP"
181470,"CD"
181471,"VBD"
181472,"RB"
181473,"VBN"
181474,"NNS"
181475,"."
181476,"DT"
181477,"NN"
181478,"VBD"
181479,"PRP"
181480,"VBZ"
181481,"NNS"
181482,"IN"
181483,"CD"
181484,"TO"
181485,"CD"
181486,"NNS"
181487,"DT"
181488,"NN"
181489,","
181490,"RB"
181491,"IN"
181492,"CD"
181493,"NNS"
181494,"DT"
181495,"NN"
181496,"IN"
181497,"DT"
181498,"JJ"
181499,"NN"
181500,"."
181501,"IN"
181502,"DT"
181503,"NN"
181504,"NN"
181505,"NNS"
181506,","
181507,"NNS"
181508,"VBP"
181509,"DT"
181510,"JJ"
181511,"NNS"
181512,"VBN"
181513,"TO"
181514,"VB"
181515,"DT"
181516,"NN"
181517,"IN"
181518,"DT"
181519,"JJ"
181520,"NN"
181521,"VBP"
181522,"JJR"
181523,"."
181524,"NNS"
181525,"MD"
181526,"VB"
181527,"TO"
181528,"NN"
181529,"IN"
181530,"NNS"
181531,"."
181532,"IN"
181533,"NN"
181534,"NN"
181535,","
181536,"DT"
181537,"NN"
181538,"IN"
181539,"NNP"
181540,"VBZ"
181541,"VBG"
181542,"NNP"
181543,"NNPS"
181544,"NNP"
181545,","
181546,"WDT"
181547,"VBZ"
181548,"NN"
181549,"WDT"
181550,"VBZ"
181551,"DT"
181552,"NN"
181553,"VBN"
181554,"IN"
181555,"NNS"
181556,"CC"
181557,"NNS"
181558,"."
181559,"IN"
181560,"RB"
181561,","
181562,"NNP"
181563,"VBD"
181564,"DT"
181565,"NN"
181566,"IN"
181567,"DT"
181568,"NN"
181569,"IN"
181570,"NN"
181571,"NN"
181572,","
181573,"CC"
181574,"JJ"
181575,"NN"
181576,"NNP"
181577,","
181578,"NNP"
181579,"POS"
181580,"JJS"
181581,"NN"
181582,","
181583,"NNP"
181584,"NNP"
181585,"VBD"
181586,"."
181587,"RB"
181588,"DT"
181589,"CD"
181590,"NNS"
181591,"VBP"
181592,"VBG"
181593,"IN"
181594,"DT"
181595,"NN"
181596,"TO"
181597,"NNP"
181598,"POS"
181599,"NN"
181600,","
181601,"CC"
181602,"NNS"
181603,"VBP"
181604,"PRP"
181605,"VBP"
181606,"JJ"
181607,"TO"
181608,"VB"
181609,"NNP"
181610,","
181611,"DT"
181612,"JJS"
181613,"NN"
181614,"IN"
181615,"JJ"
181616,"NNS"
181617,","
181618,"RB"
181619,"IN"
181620,"PRP"
181621,"."
181622,"DT"
181623,"JJ"
181624,"NN"
181625,"IN"
181626,"NNP"
181627,"POS"
181628,"NN"
181629,","
181630,"RB"
181631,","
181632,"VBZ"
181633,"JJ"
181634,"."
181635,"DT"
181636,"NN"
181637,"VBZ"
181638,"VBG"
181639,"TO"
181640,"VB"
181641,"DT"
181642,"JJ"
181643,"NN"
181644,"NN"
181645,"WDT"
181646,"VBZ"
181647,"VBG"
181648,"VBN"
181649,"IN"
181650,"DT"
181651,"NN"
181652,"IN"
181653,"NNS"
181654,"IN"
181655,"NN"
181656,"NNS"
181657,"VBN"
181658,"IN"
181659,"NNP"
181660,"."
181661,"DT"
181662,"NN"
181663,"VBZ"
181664,"VBN"
181665,"IN"
181666,"VBG"
181667,"DT"
181668,"NN"
181669,"IN"
181670,"VBN"
181671,"NN"
181672,"."
181673,"NNP"
181674,"NNP"
181675,","
181676,"NNP"
181677,"POS"
181678,"JJ"
181679,"NN"
181680,"NN"
181681,","
181682,"VBD"
181683,"DT"
181684,"NNP"
181685,"NNP"
181686,","
181687,"NNP"
181688,","
181689,"NN"
181690,"VBZ"
181691,"VBN"
181692,"VBG"
181693,"CD"
181694,"NNS"
181695,"DT"
181696,"NN"
181697,"IN"
181698,"DT"
181699,"NN"
181700,"IN"
181701,"PRP"
181702,"VBD"
181703,"VBN"
181704,"IN"
181705,"DT"
181706,"NN"
181707,"NN"
181708,"NN"
181709,"JJ"
181710,"NNS"
181711,"RB"
181712,"."
181713,"RB"
181714,","
181715,"NN"
181716,"IN"
181717,"JJ"
181718,"NN"
181719,"NNS"
181720,","
181721,"WDT"
181722,"VBP"
181723,"DT"
181724,"JJ"
181725,"NNS"
181726,"IN"
181727,"DT"
181728,"NN"
181729,","
181730,"VBZ"
181731,"NN"
181732,"IN"
181733,"NN"
181734,"NNS"
181735,"RB"
181736,"."
181737,"``"
181738,"PRP"
181739,"VBZ"
181740,"NN"
181741,"CC"
181742,"RB"
181743,"VBZ"
181744,"RP"
181745,"NNS"
181746,","
181747,"''"
181748,"VBD"
181749,"NNP"
181750,"NNP"
181751,","
181752,"DT"
181753,"NN"
181754,"IN"
181755,"NNP"
181756,"NNP"
181757,"NNP"
181758,"."
181759,"NNP"
181760,"NNP"
181761,"VBD"
181762,"DT"
181763,"RB"
181764,"VBZ"
181765,"IN"
181766,"DT"
181767,"JJ"
181768,"JJ"
181769,"NN"
181770,"IN"
181771,"NNP"
181772,"NNP"
181773,","
181774,"NN"
181775,"IN"
181776,"DT"
181777,"RB"
181778,"VBN"
181779,"NN"
181780,"NN"
181781,"NN"
181782,"."
181783,"PRP"
181784,"VBZ"
181785,"NNP"
181786,"TO"
181787,"VB"
181788,"NNS"
181789,"IN"
181790,"CD"
181791,"NNS"
181792,"DT"
181793,"NN"
181794,"IN"
181795,"NNS"
181796,"IN"
181797,"$"
181798,"CD"
181799,"CD"
181800,"IN"
181801,"PRP$"
181802,"JJ"
181803,"NN"
181804,","
181805,"VBN"
181806,"IN"
181807,"NNS"
181808,"IN"
181809,"CD"
181810,"NNS"
181811,"DT"
181812,"NN"
181813,"IN"
181814,"NN"
181815,"IN"
181816,"CD"
181817,"CD"
181818,"IN"
181819,"DT"
181820,"JJ"
181821,"NN"
181822,"."
181823,"NNP"
181824,"NNS"
181825,"MD"
181826,"RB"
181827,"VB"
181828,"VBN"
181829,"IN"
181830,"NN"
181831,"."
181832,"IN"
181833,"DT"
181834,"JJ"
181835,"NN"
181836,","
181837,"DT"
181838,"NN"
181839,"IN"
181840,"DT"
181841,"NN"
181842,"VBZ"
181843,"VBN"
181844,"TO"
181845,"VB"
181846,"RB"
181847,"JJ"
181848,"."
181849,"DT"
181850,"NN"
181851,"VBZ"
181852,"DT"
181853,"NN"
181854,"NN"
181855,"IN"
181856,"DT"
181857,"NN"
181858,"."
181859,"NNP"
181860,"VBZ"
181861,"VBG"
181862,"CD"
181863,"NN"
181864,"IN"
181865,"NN"
181866,"VBD"
181867,"NNP"
181868,","
181869,"IN"
181870,"DT"
181871,"CD"
181872,"JJ"
181873,"JJ"
181874,"NN"
181875,"NNS"
181876,","
181877,"VBG"
181878,"NNP"
181879,"CC"
181880,"NNP"
181881,"NNP"
181882,"NNP"
181883,","
181884,"VBP"
181885,"VBN"
181886,"DT"
181887,"NN"
181888,"."
181889,"``"
181890,"NNS"
181891,"VBP"
181892,"RB"
181893,"VB"
181894,"IN"
181895,"DT"
181896,"NN"
181897,","
181898,"''"
181899,"VBD"
181900,"NNP"
181901,"NNP"
181902,","
181903,"DT"
181904,"NN"
181905,"IN"
181906,"NNP"
181907,","
181908,"NNP"
181909,"CC"
181910,"NNP"
181911,"."
181912,"PRP"
181913,"VBD"
181914,"NNP"
181915,"POS"
181916,"NN"
181917,"IN"
181918,"JJ"
181919,"NNS"
181920,","
181921,"IN"
181922,"NN"
181923,","
181924,"VBZ"
181925,"CD"
181926,"JJ"
181927,"NNS"
181928,"``"
181929,"CC"
181930,"UH"
181931,"CD"
181932,"VBZ"
181933,"TO"
181934,"VB"
181935,"."
181936,"''"
181937,"DT"
181938,"NN"
181939,"IN"
181940,"NNS"
181941,"CC"
181942,"NNS"
181943,"MD"
181944,"VB"
181945,"."
181946,"IN"
181947,"JJ"
181948,"NNS"
181949,","
181950,"NNP"
181951,","
181952,"NNP"
181953,"CC"
181954,"NNP"
181955,"VBP"
181956,"VBN"
181957,"TO"
181958,"VB"
181959,"PRP$"
181960,"NN"
181961,"IN"
181962,"PRP$"
181963,"NN"
181964,"."
181965,"IN"
181966,"DT"
181967,"JJ"
181968,"NN"
181969,","
181970,"JJ"
181971,"NNS"
181972,"MD"
181973,"VB"
181974,"TO"
181975,"VB"
181976,"NN"
181977,"."
181978,"DT"
181979,"JJ"
181980,"NNS"
181981,"RB"
181982,"MD"
181983,"VB"
181984,"DT"
181985,"JJ"
181986,"NN"
181987,"NN"
181988,"RB"
181989,"."
181990,"NNP"
181991,"NNP"
181992,","
181993,"IN"
181994,"NN"
181995,","
181996,"VBZ"
181997,"VBN"
181998,"DT"
181999,"NN"
182000,"TO"
182001,"VB"
182002,"PRP$"
182003,"JJ"
182004,"NN"
182005,"."
182006,"``"
182007,"NNP"
182008,"VBZ"
182009,"VBN"
182010,"RB"
182011,"VBG"
182012,"DT"
182013,"NN"
182014,"NN"
182015,","
182016,"CC"
182017,"PRP"
182018,"VBP"
182019,"RB"
182020,"VBN"
182021,"NNS"
182022,"WDT"
182023,"VB"
182024,","
182025,"''"
182026,"VBD"
182027,"DT"
182028,"NNP"
182029,","
182030,"DT"
182031,"NN"
182032,"IN"
182033,"NNP"
182034,"NNP"
182035,"."
182036,"NNP"
182037,"NNP"
182038,"VBZ"
182039,"NNP"
182040,","
182041,"WP$"
182042,"NNS"
182043,"NN"
182044,"VBZ"
182045,"JJ"
182046,","
182047,"MD"
182048,"VB"
182049,"DT"
182050,"NN"
182051,"IN"
182052,"CD"
182053,"NNS"
182054,"DT"
182055,"NN"
182056,"IN"
182057,"PRP$"
182058,"NN"
182059,"VBD"
182060,"JJ"
182061,"."
182062,"JJ"
182063,"NNS"
182064,"MD"
182065,"VB"
182066,"TO"
182067,"VB"
182068,"RB"
182069,"IN"
182070,"DT"
182071,"NN"
182072,"IN"
182073,"JJR"
182074,"JJ"
182075,"NN"
182076,"NNS"
182077,"."
182078,"JJ"
182079,"JJ"
182080,"NN"
182081,"NNS"
182082,","
182083,"VBN"
182084,"IN"
182085,"CD"
182086,"CC"
182087,"JJR"
182088,"NNS"
182089,"IN"
182090,"PRP$"
182091,"``"
182092,"NNS"
182093,","
182094,"''"
182095,"VBP"
182096,"VBN"
182097,"TO"
182098,"RB"
182099,"VB"
182100,"IN"
182101,"NNS"
182102,"VBD"
182103,"RP"
182104,"IN"
182105,"JJR"
182106,"JJ"
182107,"NNS"
182108,"CC"
182109,"NNS"
182110,"."
182111,"``"
182112,"DT"
182113,"NNS"
182114,"WDT"
182115,"VBP"
182116,"JJ"
182117,"NN"
182118,"VBP"
182119,"RB"
182120,"VBG"
182121,"VBN"
182122,"IN"
182123,"JJ"
182124,"NNS"
182125,","
182126,"''"
182127,"VBD"
182128,"NNP"
182129,"NNP"
182130,"."
182131,"IN"
182132,"DT"
182133,"NN"
182134,"IN"
182135,"DT"
182136,"NN"
182137,","
182138,"JJ"
182139,"NNS"
182140,"VBP"
182141,","
182142,"NNP"
182143,"CC"
182144,"NNP"
182145,"NNP"
182146,"NNP"
182147,"VBP"
182148,"VBG"
182149,"TO"
182150,"VB"
182151,"IN"
182152,"JJ"
182153,"NNS"
182154,"IN"
182155,"PRP$"
182156,"NN"
182157,"."
182158,"CC"
182159,"PRP"
182160,"MD"
182161,"VB"
182162,"TO"
182163,"VB"
182164,"RB"
182165,"."
182166,"NNP"
182167,"NNP"
182168,"VBZ"
182169,"NNP"
182170,"TO"
182171,"VB"
182172,"DT"
182173,"NN"
182174,"IN"
182175,"JJ"
182176,"JJ"
182177,"NNS"
182178,"RB"
182179,"DT"
182180,"NN"
182181,"IN"
182182,"JJ"
182183,"JJ"
182184,"NN"
182185,"TO"
182186,"VB"
182187,"IN"
182188,"DT"
182189,"NN"
182190,"IN"
182191,"NNS"
182192,"IN"
182193,"JJ"
182194,"NNS"
182195,"IN"
182196,"JJ"
182197,"NNS"
182198,"."
182199,"DT"
182200,"NN"
182201,"IN"
182202,"JJ"
182203,"NN"
182204,"NNS"
182205,"RB"
182206,"VBZ"
182207,"VBN"
182208,"DT"
182209,"``"
182210,"JJ"
182211,"''"
182212,"NN"
182213,"."
182214,"O"
182215,"NNP"
182216,"NNP"
182217,"NNPS"
182218,"IN"
182219,"NNP"
182220,"NNPS"
182221,"NNP"
182222,"NNP"
182223,"VBG"
182224,"DT"
182225,"NN"
182226,"."
182227,"IN"
182228,"JJ"
182229,"NNP"
182230,","
182231,"NNP"
182232,"CC"
182233,"NNP"
182234,"."
182235,"DT"
182236,"NN"
182237,"IN"
182238,"DT"
182239,"CD"
182240,"NNS"
182241,"VBZ"
182242,"IN"
182243,"DT"
182244,"NN"
182245,","
182246,"VBG"
182247,"TO"
182248,"JJ"
182249,"NNP"
182250,"NNP"
182251,"NNS"
182252,","
182253,"VBG"
182254,"NNS"
182255,"IN"
182256,"DT"
182257,"JJ"
182258,"NNS"
182259,"."
182260,"DT"
182261,"NNS"
182262,","
182263,"TO"
182264,"VB"
182265,"JJ"
182266,","
182267,"VBP"
182268,"RB"
182269,"JJ"
182270,"."
182271,"NNP"
182272,","
182273,"IN"
182274,"NN"
182275,","
182276,"VBD"
182277,"PRP$"
182278,"NN"
182279,"VB"
182280,"IN"
182281,"CD"
182282,"NNS"
182283,","
182284,"CC"
182285,"CD"
182286,"NN"
182287,","
182288,"IN"
182289,"CD"
182290,"CC"
182291,"CD"
182292,","
182293,"DT"
182294,"NNP"
182295,"NNP"
182296,"VBZ"
182297,"."
182298,"RB"
182299,","
182300,"RB"
182301,"DT"
182302,"JJ"
182303,"NN"
182304,"VBZ"
182305,"JJ"
182306,"NN"
182307,"IN"
182308,"DT"
182309,"NN"
182310,"WDT"
182311,"VBD"
182312,"RB"
182313,"VBN"
182314,"IN"
182315,"DT"
182316,"IN"
182317,"CD"
182318,"."
182319,"IN"
182320,"CD"
182321,"CC"
182322,"CD"
182323,","
182324,"NNP"
182325,"NNP"
182326,"VBD"
182327,"DT"
182328,"JJ"
182329,"NN"
182330,"IN"
182331,"DT"
182332,"NN"
182333,"TO"
182334,"VB"
182335,"NN"
182336,","
182337,"DT"
182338,"NN"
182339,"IN"
182340,"CD"
182341,"NNS"
182342,"."
182343,"CD"
182344,"IN"
182345,"DT"
182346,"CD"
182347,"JJ"
182348,"NNS"
182349,"VBP"
182350,"VBN"
182351,"VBG"
182352,"RB"
182353,"IN"
182354,"CD"
182355,":"
182356,"NNP"
182357,","
182358,"NNP"
182359,","
182360,"NNP"
182361,","
182362,"NNP"
182363,","
182364,"NNP"
182365,"NNP"
182366,"CC"
182367,"NNP"
182368,"."
182369,"DT"
182370,"NN"
182371,"VBZ"
182372,"VBN"
182373,"VBG"
182374,"PRP$"
182375,"JJ"
182376,"IN"
182377,"DT"
182378,"NN"
182379,"NN"
182380,"."
182381,"CD"
182382,"IN"
182383,"CD"
182384,"NNS"
182385,"VBP"
182386,"VBN"
182387,"DT"
182388,"NN"
182389,"IN"
182390,"CD"
182391,","
182392,"VBG"
182393,"NNP"
182394,"NNP"
182395,","
182396,"WDT"
182397,"VBD"
182398,"CD"
182399,"NN"
182400,"IN"
182401,"PRP$"
182402,"NN"
182403,"IN"
182404,"DT"
182405,"NNS"
182406,"."
182407,"CC"
182408,"IN"
182409,"NNP"
182410,"NNP"
182411,"NNP"
182412,"VBD"
182413,"JJ"
182414,"NNS"
182415,"RB"
182416,"IN"
182417,"DT"
182418,"NN"
182419,","
182420,"PRP"
182421,"VBP"
182422,"VBG"
182423,"RB"
182424,"."
182425,"IN"
182426,"DT"
182427,"JJ"
182428,"NN"
182429,","
182430,"JJ"
182431,"NNS"
182432,"IN"
182433,"DT"
182434,"NNP"
182435,"CC"
182436,"NNP"
182437,"VBP"
182438,"VBN"
182439,"PRP$"
182440,"JJ"
182441,"NN"
182442,"NN"
182443,"."
182444,"NNP"
182445,"NNS"
182446,"WDT"
182447,"VBD"
182448,"IN"
182449,"DT"
182450,"JJ"
182451,"NNS"
182452,"VBP"
182453,"RB"
182454,"JJ"
182455,"NN"
182456,":"
182457,"NNP"
182458,"NNP"
182459,","
182460,"NNP"
182461,","
182462,"NNP"
182463,","
182464,"NNP"
182465,","
182466,"NNP"
182467,","
182468,"NNP"
182469,"CC"
182470,"NNP"
182471,"."
182472,"RB"
182473,","
182474,"RB"
182475,","
182476,"DT"
182477,"NNP"
182478,"CC"
182479,"NNP"
182480,"RB"
182481,"VB"
182482,"DT"
182483,"NN"
182484,"CC"
182485,"NN"
182486,","
182487,"CC"
182488,"JJ"
182489,"NNS"
182490,"IN"
182491,"NNP"
182492,"CC"
182493,"NNP"
182494,"VB"
182495,"IN"
182496,"DT"
182497,"NN"
182498,"MD"
182499,"VB"
182500,"."
182501,"CC"
182502,"DT"
182503,"NN"
182504,"NN"
182505,"IN"
182506,"DT"
182507,"NNP"
182508,"NNP"
182509,"CC"
182510,"JJ"
182511,"NNS"
182512,"VBZ"
182513,"RB"
182514,"VBN"
182515,"NN"
182516,"."
182517,"RBR"
182518,"JJ"
182519,"NN"
182520,"PRP$"
182521,"NN"
182522,"UH"
182523,"TO"
182524,"JJ"
182525,"NN"
182526,","
182527,"JJR"
182528,"NNS"
182529,"VBP"
182530,"VBG"
182531,"JJ"
182532,"RB"
182533,"."
182534,"CC"
182535,"RB"
182536,"IN"
182537,"VBG"
182538,"DT"
182539,"NN"
182540,","
182541,"JJR"
182542,"IN"
182543,"DT"
182544,"JJ"
182545,"NN"
182546,"NN"
182547,"JJ"
182548,"."
182549,"DT"
182550,"JJ"
182551,"NNP"
182552,"NNP"
182553,"NN"
182554,"IN"
182555,"DT"
182556,"JJ"
182557,"NN"
182558,"NNS"
182559,"IN"
182560,"CD"
182561,"NN"
182562,"IN"
182563,"NNS"
182564,"VBN"
182565,"CD"
182566,"TO"
182567,"CD"
182568,"VBD"
182569,"NN"
182570,"IN"
182571,"DT"
182572,"NN"
182573,"IN"
182574,"CD"
182575,","
182576,"RB"
182577,"IN"
182578,"CD"
182579,"NN"
182580,"IN"
182581,"CD"
182582,"."
182583,"DT"
182584,"VBZ"
182585,"RB"
182586,"VB"
182587,"PRP"
182588,"VBP"
182589,"RBR"
182590,"JJ"
182591,"TO"
182592,"VB"
182593,"RB"
182594,","
182595,"RB"
182596,"."
182597,"DT"
182598,"NN"
182599,"VBZ"
182600,"VBN"
182601,"IN"
182602,"IN"
182603,"CD"
182604,"NN"
182605,"IN"
182606,"CD"
182607,"."
182608,"WP"
182609,"VBZ"
182610,"VBN"
182611,"VBZ"
182612,"WDT"
182613,"JJR"
182614,"IN"
182615,"DT"
182616,"JJ"
182617,"JJ"
182618,"NN"
182619,"NN"
182620,"IN"
182621,"NNS"
182622,"RB"
182623,"IN"
182624,"IN"
182625,"JJ"
182626,"NNS"
182627,","
182628,"JJ"
182629,"IN"
182630,"NNS"
182631,"."
182632,"IN"
182633,"CD"
182634,","
182635,"CD"
182636,"NN"
182637,"IN"
182638,"DT"
182639,"VBN"
182640,"CD"
182641,"TO"
182642,"CD"
182643,"VBN"
182644,"IN"
182645,"NNS"
182646,"JJ"
182647,"IN"
182648,"NNS"
182649,","
182650,"RB"
182651,"IN"
182652,"CD"
182653,"NN"
182654,"IN"
182655,"CD"
182656,"."
182657,"IN"
182658,"NNS"
182659,"VBP"
182660,"RB"
182661,"JJR"
182662,","
182663,"JJ"
182664,"VB"
182665,"VBN"
182666,"."
182667,"CC"
182668,"RB"
182669,"IN"
182670,"DT"
182671,"VBN"
182672,"CD"
182673,"CC"
182674,"JJR"
182675,","
182676,"DT"
182677,"NN"
182678,"NN"
182679,"IN"
182680,"DT"
182681,"NN"
182682,"VBD"
182683,"RB"
182684,","
182685,"TO"
182686,"CD"
182687,"NN"
182688,"IN"
182689,"CD"
182690,"IN"
182691,"CD"
182692,"NN"
182693,"IN"
182694,"CD"
182695,"."
182696,"IN"
182697,"PRP$"
182698,"JJR"
182699,"NNS"
182700,","
182701,"DT"
182702,"JJR"
182703,"JJ"
182704,"VBP"
182705,"RBR"
182706,"JJ"
182707,"TO"
182708,"VB"
182709,"IN"
182710,"JJ"
182711,"NNS"
182712,"."
182713,"RB"
182714,"CD"
182715,"NN"
182716,"IN"
182717,"DT"
182718,"VBN"
182719,"CD"
182720,"CC"
182721,"JJR"
182722,"VBD"
182723,"IN"
182724,"NNS"
182725,"JJ"
182726,"IN"
182727,"NNS"
182728,"IN"
182729,"CD"
182730,","
182731,"RB"
182732,"IN"
182733,"CD"
182734,"NN"
182735,"IN"
182736,"CD"
182737,"."
182738,"DT"
182739,"NN"
182740,"IN"
182741,"NN"
182742,"RB"
182743,"IN"
182744,"DT"
182745,"NN"
182746,"IN"
182747,"CD"
182748,"VBZ"
182749,"VBN"
182750,"TO"
182751,"CD"
182752,"NN"
182753,"IN"
182754,"CD"
182755,"NN"
182756,"."
182757,"JJR"
182758,"NNS"
182759,"VBP"
182760,"VBG"
182761,"JJ"
182762,"RB"
182763,"RB"
182764,"IN"
182765,"PRP"
182766,"VBP"
182767,"RB"
182768,"RB"
182769,"RB"
182770,"CC"
182771,"RB"
182772,"."
182773,"NNP"
182774,"NNP"
182775,"NNP"
182776,"IN"
182777,"DT"
182778,"NNP"
182779,"NNP"
182780,"NNP"
182781,"NNS"
182782,"VBP"
182783,"JJ"
182784,"NN"
182785,"CC"
182786,"NN"
182787,"IN"
182788,"NN"
182789,"."
182790,"IN"
182791,"JJS"
182792,"WDT"
182793,"POS"
182794,"WP"
182795,"DT"
182796,"NN"
182797,"IN"
182798,"NNP"
182799,"CC"
182800,"NNP"
182801,"NNP"
182802,"NNP"
182803,","
182804,"NNP"
182805,","
182806,"NNP"
182807,"VBZ"
182808,"."
182809,"NNS"
182810,"IN"
182811,"NNS"
182812,"VBD"
182813,"PRP"
182814,"RB"
182815,"VBD"
182816,"DT"
182817,"NN"
182818,"TO"
182819,"VB"
182820,"JJ"
182821,"IN"
182822,"PRP$"
182823,"NNS"
182824,","
182825,"IN"
182826,"JJR"
182827,"IN"
182828,"NN"
182829,"VBD"
182830,"PRP"
182831,"RB"
182832,"VBD"
182833,"DT"
182834,"NN"
182835,"TO"
182836,"VB"
182837,"JJR"
182838,"NN"
182839,"IN"
182840,"PRP$"
182841,"NNS"
182842,"."
182843,"VBG"
182844,"JJ"
182845,"IN"
182846,"NNS"
182847,"CC"
182848,"VBG"
182849,"DT"
182850,"NN"
182851,"PRP"
182852,"VBP"
182853,"VBP"
182854,"JJ"
182855,"NNS"
182856,"IN"
182857,"DT"
182858,"NN"
182859,"."
182860,"IN"
182861,"JJS"
182862,"NNS"
182863,"IN"
182864,"DT"
182865,"JJ"
182866,"NN"
182867,","
182868,"DT"
182869,"NN"
182870,"VBN"
182871,"DT"
182872,"NNP"
182873,"."
182874,"JJ"
182875,"NN"
182876,"NN"
182877,"IN"
182878,"DT"
182879,"NN"
182880,"VBD"
182881,"$"
182882,"CD"
182883,","
182884,"CC"
182885,"JJ"
182886,"NN"
182887,"NNS"
182888,"VBD"
182889,"VBN"
182890,"IN"
182891,"$"
182892,"CD"
182893,"."
182894,"DT"
182895,"NN"
182896,"VBD"
182897,"TO"
182898,"VB"
182899,"IN"
182900,"NN"
182901,"IN"
182902,"NN"
182903,"POS"
182904,"JJ"
182905,"NN"
182906,"NNS"
182907,","
182908,"DT"
182909,"JJ"
182910,"NN"
182911,"."
182912,"IN"
182913,"PRP"
182914,"VBP"
182915,"RB"
182916,"CD"
182917,"NN"
182918,"IN"
182919,"DT"
182920,"NN"
182921,","
182922,"PRP"
182923,"VBP"
182924,"RB"
182925,"JJ"
182926,"IN"
182927,"JJ"
182928,"NN"
182929,"."
182930,"NNP"
182931,"NNP"
182932,"NN"
182933,","
182934,"DT"
182935,"NNS"
182936,"NN"
182937,"NN"
182938,","
182939,"VB"
182940,"WP"
182941,"PRP"
182942,"VBP"
182943,"RB"
182944,"IN"
182945,"RB"
182946,"WP"
182947,"PRP"
182948,"VBP"
182949,","
182950,"CC"
182951,"VB"
182952,"NNS"
182953,"WDT"
182954,"VBP"
182955,"JJ"
182956,"."
182957,"IN"
182958,"PRP$"
182959,"JJ"
182960,"NNS"
182961,"CC"
182962,"NNS"
182963,","
182964,"CD"
182965,"NN"
182966,"IN"
182967,"DT"
182968,"NNS"
182969,"IN"
182970,"DT"
182971,"NN"
182972,"VBP"
182973,"RB"
182974,"VB"
182975,"RB"
182976,"JJ"
182977,","
182978,"CC"
182979,"NNP"
182980,"VBP"
182981,"RB"
182982,"VB"
182983,"IN"
182984,"PRP"
182985,"VBP"
182986,"VBN"
182987,"PRP"
182988,"."
182989,"CD"
182990,"NN"
182991,"VBP"
182992,"RB"
182993,"RB"
182994,"VB"
182995,"PRP"
182996,"VBP"
182997,"RB"
182998,"RB"
182999,"RB"
183000,"."
183001,"JJ"
183002,"IN"
183003,"DT"
183004,"JJ"
183005,"NN"
183006,"RB"
183007,"JJ"
183008,"IN"
183009,"PRP"
183010,","
183011,"RB"
183012,"."
183013,"IN"
183014,"CD"
183015,"NN"
183016,"VBP"
183017,"RB"
183018,"VB"
183019,"PRP"
183020,"VBP"
183021,"RBR"
183022,"JJ"
183023,"IN"
183024,"NNS"
183025,"."
183026,"IN"
183027,"NNS"
183028,"VBP"
183029,"DT"
183030,"NN"
183031,"IN"
183032,"VBG"
183033,"JJ"
183034,","
183035,"RB"
183036,"CD"
183037,"NN"
183038,"VB"
183039,"$"
183040,"CD"
183041,"CC"
183042,"JJR"
183043,"TO"
183044,"NN"
183045,"DT"
183046,"NN"
183047,"."
183048,"JJ"
183049,"NN"
183050,"VBP"
183051,"JJ"
183052,"NNS"
183053,"RB"
183054,":"
183055,"IN"
183056,"DT"
183057,"JJ"
183058,"NN"
183059,","
183060,"CD"
183061,"NN"
183062,"VBP"
183063,"IN"
183064,"IN"
183065,"NN"
183066,"NN"
183067,"RB"
183068,"VBZ"
183069,"TO"
183070,"VB"
183071,"NN"
183072,"POS"
183073,"NNS"
183074,"."
183075,"NNS"
183076,"CC"
183077,"NNS"
183078,"DT"
183079,"FW"
183080,"IN"
183081,"NNS"
183082,"CC"
183083,"NNS"
183084,"WP"
183085,"VBP"
183086,"NNS"
183087,"IN"
183088,"JJ"
183089,"NN"
183090,"IN"
183091,"DT"
183092,"NN"
183093,"POS"
183094,"JJS"
183095,"NNS"
183096,"VBZ"
183097,"RBR"
183098,"IN"
183099,"VBN"
183100,"IN"
183101,"CD"
183102,"."
183103,"DT"
183104,"NNP"
183105,"NNP"
183106,"NNP"
183107,"VBZ"
183108,"DT"
183109,"NNS"
183110,"VBP"
183111,"RB"
183112,"CD"
183113,"NN"
183114,"IN"
183115,"NNS"
183116,"CC"
183117,"NNS"
183118,"IN"
183119,"DT"
183120,"JJ"
183121,"CD"
183122,"NNS"
183123,","
183124,"RB"
183125,"IN"
183126,"CD"
183127,"NN"
183128,"IN"
183129,"CD"
183130,"."
183131,"DT"
183132,"NN"
183133,"IN"
183134,"NNS"
183135,"IN"
183136,"DT"
183137,"NNS"
183138,"VBZ"
183139,"VBN"
183140,"TO"
183141,"CD"
183142,"NN"
183143,"IN"
183144,"CD"
183145,"NN"
183146,":"
183147,"."
183148,"JJ"
183149,"JJ"
183150,"NN"
183151,"IN"
183152,"DT"
183153,"NNP"
183154,"VBD"
183155,"JJR"
183156,"IN"
183157,"NN"
183158,"JJ"
183159,"NN"
183160,","
183161,"VBG"
183162,"TO"
183163,"DT"
183164,"NNP"
183165,"IN"
183166,"NNP"
183167,"NNP"
183168,"."
183169,"DT"
183170,"NN"
183171,"IN"
183172,"NN"
183173,"VBN"
183174,"RP"
183175,"IN"
183176,"DT"
183177,"NN"
183178,","
183179,"NN"
183180,"CC"
183181,"NN"
183182,"VBD"
183183,"$"
183184,"CD"
183185,"IN"
183186,"CD"
183187,","
183188,"RB"
183189,"CD"
183190,"NN"
183191,"IN"
183192,"$"
183193,"CD"
183194,"IN"
183195,"CD"
183196,"."
183197,"JJ"
183198,"NN"
183199,"JJ"
183200,"NN"
183201,"VBD"
183202,"IN"
183203,"$"
183204,"CD"
183205,"IN"
183206,"NNP"
183207,"TO"
183208,"$"
183209,"CD"
183210,"IN"
183211,"NNP"
183212,":"
183213,"."
183214,"EX"
183215,"VBP"
183216,"CD"
183217,"CD"
183218,"NNS"
183219,"IN"
183220,"NN"
183221,"DT"
183222,"NN"
183223,","
183224,"RB"
183225,"CD"
183226,"NN"
183227,"IN"
183228,"CD"
183229,","
183230,"DT"
183231,"NNP"
183232,"NNP"
183233,"IN"
183234,"NNP"
183235,"NNP"
183236,"VBZ"
183237,"."
183238,"IN"
183239,"CD"
183240,"NN"
183241,"JJ"
183242,"NNS"
183243,","
183244,"CC"
183245,"CD"
183246,"NN"
183247,"VBP"
183248,"JJ"
183249,"NNS"
183250,"."
183251,"O"
183252,"DT"
183253,"JJ"
183254,"NNP"
183255,"NN"
183256,"VBZ"
183257,"VBN"
183258,"NN"
183259,"."
183260,"NN"
183261,"IN"
183262,"DT"
183263,"NN"
183264,"NN"
183265,"CC"
183266,"DT"
183267,"NNS"
183268,"IN"
183269,"NNP"
183270,"CC"
183271,"DT"
183272,"VBZ"
183273,"IN"
183274,"NN"
183275,"."
183276,"JJR"
183277,"IN"
183278,"CD"
183279,"NNS"
183280,"RB"
183281,","
183282,"NNP"
183283,"NNP"
183284,"NNP"
183285,","
183286,"DT"
183287,"NN"
183288,"NN"
183289,"IN"
183290,"NNP"
183291,"NNP"
183292,"POS"
183293,"``"
183294,"DT"
183295,"NNP"
183296,"NNP"
183297,","
183298,"''"
183299,"VBD"
183300,"DT"
183301,"NNS"
183302,"IN"
183303,"NNP"
183304,"NNP"
183305,","
183306,"NNP"
183307,","
183308,"IN"
183309,"DT"
183310,"NN"
183311,"."
183312,"RB"
183313,"JJ"
183314,"NNS"
183315,"IN"
183316,"NNP"
183317,"POS"
183318,"NN"
183319,"NN"
183320,"VBP"
183321,"VBN"
183322,"DT"
183323,"NN"
183324,"POS"
183325,"JJ"
183326,"NN"
183327,","
183328,"DT"
183329,"NNP"
183330,"NNP"
183331,","
183332,"IN"
183333,"VBG"
183334,"CD"
183335,"JJ"
183336,"NN"
183337,"NNS"
183338,"IN"
183339,"PRP$"
183340,"JJ"
183341,"NN"
183342,"."
183343,"NNP"
183344,"NNP"
183345,"NNP"
183346,"CC"
183347,"CD"
183348,"NNS"
183349,"IN"
183350,"DT"
183351,"NN"
183352,"VBD"
183353,"PRP"
183354,"VBD"
183355,"VBN"
183356,"IN"
183357,"VBG"
183358,"DT"
183359,"NN"
183360,"WDT"
183361,"MD"
183362,"VB"
183363,"NN"
183364,"NNS"
183365,"IN"
183366,"NNP"
183367,"POS"
183368,"JJ"
183369,"NN"
183370,"."
183371,"CC"
183372,"DT"
183373,"NN"
183374,","
183375,"IN"
183376,"DT"
183377,"NN"
183378,"WDT"
183379,"VBZ"
183380,"DT"
183381,"JJ"
183382,"NN"
183383,"TO"
183384,"NNP"
183385,"NNP"
183386,"POS"
183387,","
183388,"VBD"
183389,"WDT"
183390,"``"
183391,"NN"
183392,"VBZ"
183393,"TO"
183394,"VBG"
183395,","
183396,"WDT"
183397,"VBZ"
183398,"TO"
183399,"NNS"
183400,"."
183401,"''"
183402,"DT"
183403,"NN"
183404,"POS"
183405,"NN"
183406,"VBZ"
183407,"RB"
183408,"DT"
183409,"NN"
183410,"TO"
183411,"DT"
183412,"NN"
183413,"IN"
183414,"PRP$"
183415,"NNS"
183416,"NN"
183417,"VBZ"
183418,"VBN"
183419,"VBN"
183420,"RB"
183421,"IN"
183422,"NNS"
183423,"."
183424,"``"
183425,"RB"
183426,"PRP"
183427,"VBP"
183428,"RB"
183429,"IN"
183430,"NN"
183431,"IN"
183432,"WP"
183433,"VBZ"
183434,"VBG"
183435,"IN"
183436,","
183437,"''"
183438,"VBZ"
183439,"NNP"
183440,"NNP"
183441,","
183442,"NN"
183443,"NN"
183444,"IN"
183445,"DT"
183446,"NNP"
183447,"NNP"
183448,"NNP"
183449,"NNP"
183450,"."
183451,"NNP"
183452,"VBZ"
183453,"JJ"
183454,"IN"
183455,"NNP"
183456,"NNP"
183457,"CC"
183458,"NNP"
183459,","
183460,"PRP"
183461,"VBZ"
183462,","
183463,"WRB"
183464,"``"
183465,"JJ"
183466,","
183467,"FW"
183468,"NNS"
183469,"''"
183470,"VBP"
183471,"VBG"
183472,"NNS"
183473,"."
183474,"IN"
183475,"NN"
183476,"POS"
183477,"JJR"
183478,"JJ"
183479,"VBG"
183480,"NNS"
183481,","
183482,"PRP"
183483,"VBZ"
183484,","
183485,"``"
183486,"NNS"
183487,"VBP"
183488,"RB"
183489,"VB"
183490,"TO"
183491,"RB"
183492,"VB"
183493,"RP"
183494,"CC"
183495,"VB"
183496,"."
183497,"''"
183498,"IN"
183499,","
183500,"FW"
183501,"NN"
183502,"VBZ"
183503,"JJ"
183504,"IN"
183505,"DT"
183506,"NNP"
183507,"NNP"
183508,","
183509,"WRB"
183510,"NNS"
183511,"VBP"
183512,"$"
183513,"CD"
183514,"DT"
183515,"NN"
183516,"CC"
183517,"DT"
183518,"JJ"
183519,"JJ"
183520,"NNS"
183521,"VBP"
183522,"IN"
183523,"$"
183524,"CD"
183525,"DT"
183526,"NN"
183527,"."
183528,"IN"
183529,"DT"
183530,"NN"
183531,","
183532,"NN"
183533,"NNP"
183534,"NNP"
183535,"MD"
183536,"RB"
183537,"VB"
183538,"NNS"
183539,"IN"
183540,"NNS"
183541,","
183542,"NNS"
183543,"CC"
183544,"NN"
183545,"NNS"
183546,"."
183547,"CC"
183548,"DT"
183549,"NN"
183550,"IN"
183551,"DT"
183552,"NNP"
183553,"NN"
183554,"VBD"
183555,"RB"
183556,"VB"
183557,"DT"
183558,"NNS"
183559,"."
183560,"JJ"
183561,"NN"
183562,","
183563,"VBD"
183564,"NNP"
183565,"NNP"
183566,"NNP"
183567,","
183568,"MD"
183569,"VB"
183570,"``"
183571,"JJ"
183572,"."
183573,"PRP"
183574,"MD"
183575,"VB"
183576,"DT"
183577,"NN"
183578,"IN"
183579,"NNS"
183580,"."
183581,"''"
183582,"NNP"
183583,"VBZ"
183584,"DT"
183585,"NN"
183586,"TO"
183587,"NNS"
183588,"IN"
183589,"NNS"
183590,","
183591,"RB"
183592,"."
183593,"IN"
183594,"PRP$"
183595,"JJ"
183596,"NN"
183597,"VBD"
183598,"JJ"
183599,"JJ"
183600,"NN"
183601,","
183602,"DT"
183603,"NN"
183604,"VBN"
183605,"IN"
183606,"NN"
183607,"NNS"
183608,"RB"
183609,"VBD"
183610,"IN"
183611,"PRP$"
183612,"JJ"
183613,"NNS"
183614,","
183615,"VBD"
183616,"JJ"
183617,"NNS"
183618,"TO"
183619,"NN"
183620,"NNS"
183621,"CC"
183622,"VBD"
183623,"IN"
183624,"DT"
183625,"NN"
183626,"POS"
183627,"NNS"
183628,"IN"
183629,"NNS"
183630,"CC"
183631,"NNS"
183632,"."
183633,"DT"
183634,"NNS"
183635,"JJ"
183636,"NN"
183637,"NNS"
183638,","
183639,"IN"
183640,"PRP"
183641,"VBD"
183642,"IN"
183643,"DT"
183644,"NNS"
183645,"VBD"
183646,"RB"
183647,"RB"
183648,"JJ"
183649,"IN"
183650,"DT"
183651,"NN"
183652,"VBD"
183653,"."
183654,"NNP"
183655,"VBZ"
183656,"DT"
183657,"NN"
183658,"NN"
183659,"."
183660,"``"
183661,"PRP"
183662,"VBP"
183663,"EX"
183664,"POS"
183665,"DT"
183666,"NNS"
183667,"VBN"
183668,"IN"
183669,"NN"
183670,"RB"
183671,"JJ"
183672,","
183673,"''"
183674,"NNP"
183675,"NNP"
183676,"NNP"
183677,"VBZ"
183678,"."
183679,"``"
183680,"PRP"
183681,"VBD"
183682,"DT"
183683,"VBD"
183684,"DT"
183685,"VBN"
183686,"NN"
183687,"IN"
183688,"IN"
183689,"``"
183690,"NNP"
183691,"NNP"
183692,"NNP"
183693,"."
183694,"O"
183695,"DT"
183696,"JJ"
183697,"NN"
183698,"NNP"
183699,"NNP"
183700,"MD"
183701,"VBP"
183702,"IN"
183703,"NNP"
183704,"POS"
183705,"JJ"
183706,"NN"
183707,"``"
183708,"NNP"
183709,"NNP"
183710,"''"
183711,"("
183712,"NNP"
183713,"CC"
183714,"NNPS"
183715,","
183716,"NNP"
183717,"CD"
183718,")"
183719,"VBD"
183720,"DT"
183721,"JJ"
183722,"NN"
183723,":"
183724,"RB"
183725,"DT"
183726,"PRP"
183727,"CC"
183728,"DT"
183729,"NNS"
183730,"IN"
183731,"DT"
183732,"NN"
183733,"VBP"
183734,"VBN"
183735,"PRP$"
183736,"NN"
183737,"."
183738,"IN"
183739,"NN"
183740,":"
183741,"``"
183742,"NNP"
183743,"''"
183744,"("
183745,"JJ"
183746,")"
183747,"VBZ"
183748,"RB"
183749,"DT"
183750,"JJ"
183751,"NN"
183752,":"
183753,"``"
183754,"CC"
183755,"NNP"
183756,"''"
183757,"VBZ"
183758,"."
183759,"NNP"
183760,"NNP"
183761,"VBZ"
183762,"IN"
183763,"DT"
183764,"``"
183765,"CC"
183766,"NNP"
183767,","
183768,"''"
183769,"VBG"
183770,"IN"
183771,"DT"
183772,"JJ"
183773,"NN"
183774,"CC"
183775,"VBG"
183776,"RP"
183777,"PRP$"
183778,"JJ"
183779,"NNS"
183780,"."
183781,"CC"
183782,"DT"
183783,"JJ"
183784,"NN"
183785,"IN"
183786,"NN"
183787,"VBZ"
183788,"``"
183789,"NNP"
183790,","
183791,"''"
183792,"RB"
183793,"``"
183794,"UH"
183795,"."
183796,"''"
183797,"CC"
183798,"RB"
183799,"IN"
183800,"DT"
183801,"NN"
183802,"MD"
183803,"VB"
183804,"NNS"
183805,"IN"
183806,"PRP$"
183807,"NN"
183808,"NN"
183809,"IN"
183810,"NN"
183811,","
183812,"IN"
183813,"PRP"
183814,"VBD"
183815,"VBN"
183816,"PRP"
183817,"MD"
183818,"VB"
183819,"TO"
183820,"VB"
183821,"PRP"
183822,"IN"
183823,"PRP"
183824,"VBD"
183825,","
183826,"RB"
183827,"JJ"
183828,","
183829,"RB"
183830,"."
183831,"NNP"
183832,","
183833,"DT"
183834,"NN"
183835,"VBZ"
183836,"RB"
183837,"RB"
183838,"VB"
183839,"DT"
183840,"NN"
183841,"JJ"
183842,"NN"
183843,"IN"
183844,"JJ"
183845,"JJ"
183846,"NN"
183847,"."
183848,"NNP"
183849,"NNP"
183850,"O"
183851,"IN"
183852,"PDT"
183853,"DT"
183854,"JJ"
183855,"NNS"
183856,"IN"
183857,"NNP"
183858,","
183859,"WDT"
183860,"VBZ"
183861,"DT"
183862,"RBS"
183863,"JJ"
183864,"NN"
183865,"RB"
183866,"."
183867,"DT"
183868,"JJ"
183869,"NN"
183870,"MD"
183871,"VB"
183872,"DT"
183873,"NN"
183874,"IN"
183875,"NNS"
183876,"CC"
183877,"NNS"
183878,"IN"
183879,"NNP"
183880,"NNP"
183881,"NNP"
183882,"."
183883,"CC"
183884,"IN"
183885,"PRP"
183886,"MD"
183887,"VB"
183888,"TO"
183889,"NNP"
183890,"NNP"
183891,","
183892,"DT"
183893,"JJ"
183894,"JJ"
183895,"NN"
183896,"VBG"
183897,"IN"
183898,"DT"
183899,"JJ"
183900,"NNP"
183901,"NNP"
183902,"NN"
183903,"IN"
183904,"NNP"
183905,"NNS"
183906,"("
183907,"JJ"
183908,"NN"
183909,"NNP"
183910,")"
183911,"."
183912,"RB"
183913,"RB"
183914,"VBZ"
183915,"NNP"
183916,"NNP"
183917,"DT"
183918,"NN"
183919,"IN"
183920,"``"
183921,"NNP"
183922,"NNP"
183923,","
183924,"''"
183925,"PRP"
183926,"VBZ"
183927,"RB"
183928,"DT"
183929,"NN"
183930,"IN"
183931,"DT"
183932,"JJ"
183933,"NN"
183934,"VBG"
183935,"NN"
183936,"TO"
183937,"``"
183938,"VB"
183939,"NNP"
183940,","
183941,"''"
183942,"CC"
183943,"PRP"
183944,"VBZ"
183945,"RB"
183946,"DT"
183947,"NN"
183948,"IN"
183949,"JJ"
183950,"NN"
183951,"."
183952,"RB"
183953,","
183954,"IN"
183955,"JJ"
183956,"NN"
183957,","
183958,"VBZ"
183959,"DT"
183960,"NN"
183961,"IN"
183962,"NNP"
183963,"NNP"
183964,"POS"
183965,"NNS"
183966,","
183967,"VBN"
183968,"JJ"
183969,"IN"
183970,"DT"
183971,"JJ"
183972,"NNP"
183973,"IN"
183974,"PRP"
183975,"VBD"
183976,"DT"
183977,"VBN"
183978,"NN"
183979,"IN"
183980,"DT"
183981,"NNP"
183982,"NNP"
183983,"JJ"
183984,"NN"
183985,","
183986,"CC"
183987,"RB"
183988,"IN"
183989,"NNP"
183990,"IN"
183991,"PRP"
183992,"CC"
183993,"DT"
183994,"NN"
183995,"VBD"
183996,"NN"
183997,"."
183998,"NNP"
183999,"NNP"
184000,"VBD"
184001,"DT"
184002,"JJ"
184003,"JJ"
184004,"NNS"
184005,"VBP"
184006,"JJ"
184007,"IN"
184008,"NNS"
184009,","
184010,"RB"
184011,"PRP"
184012,"VBP"
184013,"JJ"
184014,"NNS"
184015,"RB"
184016,"."
184017,"PRP"
184018,"VBD"
184019,"DT"
184020,"JJ"
184021,"JJ"
184022,"NNS"
184023,"VBP"
184024,"JJ"
184025,"IN"
184026,"JJ"
184027,"NN"
184028,","
184029,"RB"
184030,"PRP"
184031,","
184032,"RB"
184033,","
184034,"VBP"
184035,"JJ"
184036,"NNS"
184037,"RB"
184038,"."
184039,"PRP"
184040,"VBD"
184041,"IN"
184042,"NNS"
184043,"VBP"
184044,"VBN"
184045,"RBR"
184046,"TO"
184047,"JJ"
184048,"NNS"
184049,"IN"
184050,"DT"
184051,"NNS"
184052,"IN"
184053,"NN"
184054,"NNS"
184055,"."
184056,"IN"
184057,"NN"
184058,","
184059,"NNP"
184060,"NNP"
184061,"VBD"
184062,"RB"
184063,"VB"
184064,"JJ"
184065,"NN"
184066,"."
184067,"IN"
184068,"DT"
184069,"NN"
184070,"IN"
184071,"JJ"
184072,"NN"
184073,"IN"
184074,"DT"
184075,"JJ"
184076,"NNS"
184077,"IN"
184078,"DT"
184079,"NNP"
184080,"NNP"
184081,","
184082,"JJ"
184083,"NN"
184084,"CC"
184085,"DT"
184086,"JJ"
184087,"NN"
184088,","
184089,"NNP"
184090,"NNP"
184091,"NNP"
184092,"VBD"
184093,"IN"
184094,"DT"
184095,"NN"
184096,"."
184097,"PRP"
184098,"VBD"
184099,"NNS"
184100,"VBD"
184101,"``"
184102,"JJ"
184103,"IN"
184104,"NNPS"
184105,"''"
184106,":"
184107,"CC"
184108,"PRP"
184109,"VBD"
184110,"NNP"
184111,"NNP"
184112,","
184113,"NNP"
184114,"NNP"
184115,"POS"
184116,"JJ"
184117,"NN"
184118,","
184119,"``"
184120,"DT"
184121,"JJ"
184122,"NN"
184123,"IN"
184124,"DT"
184125,"NN"
184126,"."
184127,"''"
184128,"IN"
184129,"NNP"
184130,"NNP"
184131,"VBD"
184132,"VBN"
184133,"RBR"
184134,"JJ"
184135,"NN"
184136,"TO"
184137,"VB"
184138,"PRP$"
184139,"JJ"
184140,"NN"
184141,"IN"
184142,"DT"
184143,"NN"
184144,"NN"
184145,"IN"
184146,"PRP$"
184147,"JJ"
184148,"NNP"
184149,"NNP"
184150,","
184151,"MD"
184152,"DT"
184153,"NN"
184154,"VB"
184155,"RB"
184156,"RB"
184157,"JJ"
184158,"."
184159,"PRP"
184160,"RB"
184161,"MD"
184162,","
184163,"IN"
184164,"JJ"
184165,"CC"
184166,"NN"
184167,"IN"
184168,"DT"
184169,"NNS"
184170,"VBN"
184171,"IN"
184172,"NNP"
184173,"NNP"
184174,"POS"
184175,"NNS"
184176,"VBP"
184177,"VBN"
184178,"TO"
184179,"VB"
184180,"IN"
184181,"DT"
184182,"NN"
184183,"IN"
184184,"PRP$"
184185,"NNS"
184186,"CC"
184187,"DT"
184188,"NN"
184189,"IN"
184190,"PRP"
184191,"VBD"
184192,"JJ"
184193,"NN"
184194,"."
184195,"IN"
184196,"NN"
184197,","
184198,"RB"
184199,"IN"
184200,"NNP"
184201,"NNP"
184202,"POS"
184203,"NNS"
184204,"VBP"
184205,"VBN"
184206,"IN"
184207,"PRP$"
184208,"NN"
184209,"IN"
184210,"JJ"
184211,"NN"
184212,"VBZ"
184213,"PRP"
184214,"DT"
184215,"NN"
184216,"IN"
184217,"NN"
184218,"."
184219,"IN"
184220,"NN"
184221,","
184222,"DT"
184223,"NNP"
184224,"NNP"
184225,"NN"
184226,"NN"
184227,"IN"
184228,"DT"
184229,"NN"
184230,"VBD"
184231,"IN"
184232,"NNP"
184233,"NNP"
184234,"VBZ"
184235,"``"
184236,"IN"
184237,"DT"
184238,"NN"
184239,"."
184240,"NNS"
184241,"VBP"
184242,"RB"
184243,"VBG"
184244,"DT"
184245,"NN"
184246,"WRB"
184247,"PRP"
184248,"VBZ"
184249,"VBN"
184250,"."
184251,"''"
184252,"DT"
184253,"NNS"
184254,"VBP"
184255,"TO"
184256,"VB"
184257,"IN"
184258,"DT"
184259,"NN"
184260,"IN"
184261,"JJ"
184262,"NN"
184263,"IN"
184264,"NNS"
184265,"IN"
184266,"VBG"
184267,"DT"
184268,"NN"
184269,","
184270,"JJ"
184271,"IN"
184272,"``"
184273,"JJ"
184274,"NNS"
184275,"''"
184276,":"
184277,"CC"
184278,"DT"
184279,"NN"
184280,"WDT"
184281,"VBZ"
184282,"VBN"
184283,","
184284,"VBG"
184285,"RB"
184286,"IN"
184287,"RB"
184288,"IN"
184289,"NNP"
184290,"."
184291,"DT"
184292,"NN"
184293,"RB"
184294,"VBZ"
184295,"DT"
184296,"NN"
184297,"IN"
184298,"DT"
184299,"NN"
184300,","
184301,"CC"
184302,"PRP"
184303,"VBD"
184304,"VBN"
184305,"IN"
184306,"DT"
184307,"NNS"
184308,"CC"
184309,"NNS"
184310,"IN"
184311,"DT"
184312,"NNP"
184313,"CC"
184314,"NNP"
184315,"NN"
184316,"IN"
184317,"DT"
184318,"NN"
184319,"IN"
184320,"VBG"
184321,"PRP$"
184322,"JJ"
184323,"CC"
184324,"JJ"
184325,"NNS"
184326,"IN"
184327,"IN"
184328,"PRP"
184329,"."
184330,"IN"
184331,"DT"
184332,"NNS"
184333,"IN"
184334,"DT"
184335,"NN"
184336,"IN"
184337,"NNP"
184338,"NNP"
184339,","
184340,"DT"
184341,"JJ"
184342,"NN"
184343,"MD"
184344,"VB"
184345,"DT"
184346,"JJ"
184347,"NN"
184348,"CC"
184349,"DT"
184350,"NN"
184351,"TO"
184352,"NNS"
184353,"."
184354,"CC"
184355,"JJ"
184356,"IN"
184357,"DT"
184358,"NN"
184359,"IN"
184360,"NNP"
184361,"NNP"
184362,","
184363,"PRP"
184364,"VBZ"
184365,"DT"
184366,"JJ"
184367,"NN"
184368,"IN"
184369,"NN"
184370,"."
184371,"WRB"
184372,"JJ"
184373,"."
184374,"IN"
184375,"IN"
184376,"DT"
184377,"JJ"
184378,"NNS"
184379,"VBP"
184380,"IN"
184381,"NN"
184382,"CC"
184383,"NNS"
184384,"RB"
184385,"JJ"
184386,","
184387,"PRP"
184388,"VBP"
184389,"JJ"
184390,"IN"
184391,"CD"
184392,"NN"
184393,":"
184394,"DT"
184395,"MD"
184396,"VB"
184397,"IN"
184398,"NNS"
184399,"IN"
184400,"NN"
184401,"NNS"
184402,"CC"
184403,"VBG"
184404,"DT"
184405,"NN"
184406,"IN"
184407,"NNS"
184408,"IN"
184409,"NN"
184410,"."
184411,"DT"
184412,"VBZ"
184413,"WRB"
184414,"PRP"
184415,"VBZ"
184416,"JJ"
184417,"TO"
184418,"VB"
184419,"JJ"
184420,"NN"
184421,"NNS"
184422,","
184423,"IN"
184424,"NN"
184425,"NNS"
184426,"CC"
184427,"RB"
184428,","
184429,"NN"
184430,"PDT"
184431,"JJ"
184432,"VB"
184433,"IN"
184434,"NN"
184435,"NNS"
184436,"."
184437,"IN"
184438,"NNP"
184439,"NNP"
184440,"VBD"
184441,"IN"
184442,"DT"
184443,"NNP"
184444,"NNP"
184445,"NNP"
184446,"RB"
184447,"IN"
184448,"DT"
184449,"NNP"
184450,"NNP"
184451,","
184452,"``"
184453,"RB"
184454,"NN"
184455,"MD"
184456,"RB"
184457,"VB"
184458,"RP"
184459,"IN"
184460,"JJ"
184461,"NN"
184462,"IN"
184463,"JJ"
184464,"NNS"
184465,"VBD"
184466,"VBN"
184467,"TO"
184468,"NN"
184469,"."
184470,"''"
184471,"DT"
184472,"NN"
184473,"VBZ"
184474,","
184475,"IN"
184476,"NN"
184477,"NNS"
184478,"RB"
184479,"VBP"
184480,"("
184481,"RB"
184482,"RB"
184483,"PRP"
184484,"VBP"
184485,")"
184486,","
184487,"CC"
184488,"IN"
184489,"NNP"
184490,"NNP"
184491,"POS"
184492,"NN"
184493,"IN"
184494,"JJ"
184495,"NN"
184496,"VBZ"
184497,"FW"
184498,","
184499,"RB"
184500,"WP"
184501,"JJ"
184502,"VBZ"
184503,"VBP"
184504,"PRP"
184505,"VBP"
184506,"IN"
184507,"VBG"
184508,"RP"
184509,"NN"
184510,"."
184511,"NNP"
184512,"RB"
184513,"VB"
184514,"DT"
184515,"NN"
184516,"NN"
184517,","
184518,"IN"
184519,"WDT"
184520,"VBZ"
184521,"TO"
184522,"VB"
184523,"DT"
184524,"NN"
184525,"IN"
184526,","
184527,"IN"
184528,"PRP$"
184529,"JJ"
184530,"NN"
184531,"TO"
184532,"VB"
184533,"NN"
184534,"CC"
184535,"NN"
184536,"NN"
184537,","
184538,"VBZ"
184539,"NNS"
184540,"JJR"
184541,"IN"
184542,"PRP"
184543,"VBZ"
184544,"NN"
184545,"."
184546,"PRP"
184547,"VBZ"
184548,"JJ"
184549,"IN"
184550,"DT"
184551,"JJS"
184552,"NNS"
184553,"VBP"
184554,"VB"
184555,"NN"
184556,"NNS"
184557,"TO"
184558,"NNP"
184559,":"
184560,"NNS"
184561,"FW"
184562,"JJ"
184563,"NNPS"
184564,"IN"
184565,"``"
184566,"NNS"
184567,"''"
184568,":"
184569,"NNS"
184570,"FW"
184571,"NNS"
184572,"IN"
184573,"``"
184574,"DT"
184575,"NNP"
184576,"NNP"
184577,"."
184578,"''"
184579,"CC"
184580,"DT"
184581,"VBP"
184582,"RB"
184583,"DT"
184584,"NNS"
184585,"WDT"
184586,"VBP"
184587,"NNS"
184588,"."
184589,"IN"
184590,"``"
184591,"NNP"
184592,"NNP"
184593,","
184594,"''"
184595,"NNP"
184596,"NNP"
184597,"VBZ"
184598,"NNP"
184599,","
184600,"DT"
184601,"JJ"
184602,"NN"
184603,"VBG"
184604,"NN"
184605,"("
184606,"NNP"
184607,"NNP"
184608,")"
184609,","
184610,"DT"
184611,"JJ"
184612,"NN"
184613,"CC"
184614,"NN"
184615,"IN"
184616,"CD"
184617,","
184618,"IN"
184619,"DT"
184620,"NNS"
184621,"IN"
184622,"PRP$"
184623,"NN"
184624,"("
184625,"NNP"
184626,"NNP"
184627,")"
184628,"CC"
184629,"PRP$"
184630,"NN"
184631,"NNP"
184632,"("
184633,"NNP"
184634,"NNP"
184635,")"
184636,"."
184637,"PRP"
184638,"VBZ"
184639,"IN"
184640,"VBG"
184641,"IN"
184642,"DT"
184643,"JJ"
184644,"NNS"
184645,"VBP"
184646,"NNS"
184647,"."
184648,"IN"
184649,"JJS"
184650,","
184651,"PRP"
184652,"PDT"
184653,"VB"
184654,"IN"
184655,"JJ"
184656,"NNS"
184657,","
184658,"IN"
184659,"VB"
184660,"NNP"
184661,"CC"
184662,"VB"
184663,"."
184664,"PRP"
184665,"MD"
184666,"RB"
184667,"VB"
184668,"RBR"
184669,"JJ"
184670,"IN"
184671,"``"
184672,"NNP"
184673,"NNP"
184674,"''"
184675,"VBZ"
184676,"VBG"
184677,"VBN"
184678,"IN"
184679,"DT"
184680,"JJ"
184681,"NN"
184682,"."
184683,"CC"
184684,"DT"
184685,"JJ"
184686,"NN"
184687,":"
184688,"VB"
184689,"IN"
184690,"DT"
184691,"NN"
184692,"IN"
184693,"NN"
184694,"VBD"
184695,"IN"
184696,"DT"
184697,"JJ"
184698,"NN"
184699,"CC"
184700,"DT"
184701,"NN"
184702,"IN"
184703,"DT"
184704,"NN"
184705,"IN"
184706,"NNP"
184707,"."
184708,"RB"
184709,"IN"
184710,"DT"
184711,"NN"
184712,","
184713,"DT"
184714,"NN"
184715,"CC"
184716,"NN"
184717,"NNS"
184718,"IN"
184719,"``"
184720,"NNP"
184721,"POS"
184722,"NNP"
184723,"NNP"
184724,"''"
184725,"VBD"
184726,"DT"
184727,"NN"
184728,"IN"
184729,"NN"
184730,"IN"
184731,"DT"
184732,"JJ"
184733,"NN"
184734,"IN"
184735,"JJ"
184736,"CC"
184737,"JJ"
184738,"NNS"
184739,"IN"
184740,"JJ"
184741,"IN"
184742,"PRP$"
184743,"NN"
184744,","
184745,"NNP"
184746,"NNP"
184747,","
184748,"VBD"
184749,"DT"
184750,"NN"
184751,"NN"
184752,"IN"
184753,"DT"
184754,"NNS"
184755,"IN"
184756,"DT"
184757,"NN"
184758,"VBZ"
184759,"VBN"
184760,"DT"
184761,"JJ"
184762,"NN"
184763,"."
184764,"CC"
184765,"PRP"
184766,"VBZ"
184767,"VBN"
184768,"RB"
184769,","
184770,"RB"
184771,"VBN"
184772,"IN"
184773,"PRP$"
184774,"NN"
184775,"IN"
184776,"DT"
184777,"CD"
184778,"NNP"
184779,"NNP"
184780,"VBD"
184781,"``"
184782,"VB"
184783,"VBZ"
184784,"NNP"
184785,","
184786,"''"
184787,"WP$"
184788,"JJ"
184789,"NN"
184790,"VBD"
184791,"IN"
184792,"PRP"
184793,"VBD"
184794,"TO"
184795,"DT"
184796,"NN"
184797,"NN"
184798,"IN"
184799,"NNP"
184800,"NNP"
184801,"CC"
184802,"NNP"
184803,"NNP"
184804,"."
184805,"RB"
184806,","
184807,"DT"
184808,"NN"
184809,"IN"
184810,"``"
184811,"NNP"
184812,"NNP"
184813,"''"
184814,"VBZ"
184815,"RB"
184816,"IN"
184817,"DT"
184818,"NN"
184819,"MD"
184820,"VB"
184821,"RB"
184822,","
184823,"CC"
184824,"IN"
184825,"PRP"
184826,"MD"
184827,"JJR"
184828,"IN"
184829,"PDT"
184830,"."
184831,"RB"
184832,"RB"
184833,","
184834,"DT"
184835,"NNS"
184836,"VBP"
184837,"VBN"
184838,"JJ"
184839,"CC"
184840,"RB"
184841,"IN"
184842,"."
184843,"NN"
184844,"IN"
184845,"DT"
184846,"NN"
184847,"VBZ"
184848,"DT"
184849,"NN"
184850,"IN"
184851,"DT"
184852,"NNS"
184853,","
184854,"RB"
184855,"IN"
184856,"DT"
184857,"JJ"
184858,"NNS"
184859,"IN"
184860,"NNP"
184861,"NNP"
184862,","
184863,"TO"
184864,"NNP"
184865,"IN"
184866,"JJ"
184867,"NNS"
184868,"."
184869,"TO"
184870,"DT"
184871,"NN"
184872,","
184873,"DT"
184874,"NN"
184875,"VBZ"
184876,"WRB"
184877,"DT"
184878,"NN"
184879,"VBZ"
184880,"TO"
184881,"VB"
184882,"PRP"
184883,"IN"
184884,"JJ"
184885,"NNS"
184886,"IN"
184887,"VBG"
184888,"PRP"
184889,"."
184890,"IN"
184891,"NN"
184892,","
184893,"NNP"
184894,"NNP"
184895,"NNP"
184896,"RB"
184897,"IN"
184898,"PRP"
184899,"VBZ"
184900,"DT"
184901,"JJ"
184902,"JJ"
184903,"NN"
184904,","
184905,"CC"
184906,"IN"
184907,"PRP"
184908,"PRP$"
184909,"PRP$"
184910,"JJ"
184911,"NN"
184912,"IN"
184913,"DT"
184914,"NN"
184915,"IN"
184916,"NN"
184917,"TO"
184918,"VB"
184919,"DT"
184920,"JJ"
184921,"NN"
184922,"."
184923,"RB"
184924,"RBR"
184925,"JJ"
184926,"VBZ"
184927,"DT"
184928,"NN"
184929,"IN"
184930,"NNP"
184931,"NNP"
184932,"CC"
184933,"NNP"
184934,"NNP"
184935,"POS"
184936,"JJ"
184937,"NN"
184938,"."
184939,"DT"
184940,"JJS"
184941,"NNS"
184942,"IN"
184943,"DT"
184944,"NN"
184945,"VBP"
184946,"IN"
184947,"DT"
184948,"NN"
184949,"CC"
184950,"DT"
184951,"NN"
184952,"("
184953,"CC"
184954,"RB"
184955,"IN"
184956,"DT"
184957,"NN"
184958,")"
184959,","
184960,"WRB"
184961,"NNP"
184962,"NNP"
184963,"NNP"
184964,"IN"
184965,"PRP$"
184966,"JJ"
184967,"NN"
184968,"CC"
184969,"VBZ"
184970,"VBG"
184971,"RP"
184972,"DT"
184973,"JJ"
184974,"JJ"
184975,"NN"
184976,"TO"
184977,"JJ"
184978,"NNS"
184979,"IN"
184980,"RB"
184981,"RB"
184982,"TO"
184983,"PRP"
184984,"."
184985,"CC"
184986,"RB"
184987,"RB"
184988,","
184989,"DT"
184990,"NNS"
184991,"VBP"
184992,"VB"
184993,"IN"
184994,"DT"
184995,"NN"
184996,","
184997,"IN"
184998,"DT"
184999,"NNS"
185000,","
185001,"VBZ"
185002,"JJ"
185003,"IN"
185004,"VBG"
185005,"NNP"
185006,"NNP"
185007,"POS"
185008,"NN"
185009,"IN"
185010,"NN"
185011,":"
185012,"JJ"
185013,"NNS"
185014,"."
185015,"PRP"
185016,"VBP"
185017,"RB"
185018,"VBG"
185019,"IN"
185020,"DT"
185021,"NNS"
185022,"VBP"
185023,"VBG"
185024,"RP"
185025,"NNS"
185026,"IN"
185027,"NNS"
185028,"IN"
185029,"DT"
185030,"JJ"
185031,"NN"
185032,"IN"
185033,"DT"
185034,"JJ"
185035,"NN"
185036,"IN"
185037,"NNP"
185038,"."
185039,"DT"
185040,"NN"
185041,","
185042,"IN"
185043,"JJ"
185044,"NNS"
185045,"IN"
185046,"NNP"
185047,"NNP"
185048,"NNP"
185049,","
185050,"MD"
185051,"VB"
185052,"TO"
185053,"VB"
185054,"RB"
185055,","
185056,"RB"
185057,"NN"
185058,"RB"
185059,","
185060,"IN"
185061,"PRP"
185062,"MD"
185063,"JJR"
185064,"."
185065,"CC"
185066,"PRP"
185067,"VBP"
185068,"VBG"
185069,"IN"
185070,"PRP"
185071,"VBP"
185072,"VBG"
185073,"NNP"
185074,"NNP"
185075,"TO"
185076,"VB"
185077,"PRP$"
185078,"JJ"
185079,"NNP"
185080,"IN"
185081,"DT"
185082,"NN"
185083,"IN"
185084,"``"
185085,"NN"
185086,"IN"
185087,"JJ"
185088,"NNS"
185089,"''"
185090,"WDT"
185091,"MD"
185092,"VB"
185093,"JJ"
185094,"IN"
185095,"DT"
185096,"NNS"
185097,"IN"
185098,"NNP"
185099,"NNP"
185100,"."
185101,"IN"
185102,"PRP$"
185103,"NN"
185104,","
185105,"NNP"
185106,","
185107,"PRP"
185108,"MD"
185109,"TO"
185110,"VB"
185111,"IN"
185112,"PRP"
185113,"MD"
185114,"RB"
185115,"VB"
185116,"NN"
185117,"IN"
185118,"VBG"
185119,"RP"
185120,"DT"
185121,"NN"
185122,"."
185123,"O"
185124,"DT"
185125,"JJ"
185126,"NNP"
185127,"NNP"
185128,"NN"
185129,"TO"
185130,"DT"
185131,"NN"
185132,"IN"
185133,"NN"
185134,"NNS"
185135,"VBZ"
185136,"DT"
185137,"JJ"
185138,"NN"
185139,"IN"
185140,"JJ"
185141,","
185142,"JJ"
185143,"RB"
185144,"IN"
185145,"NNP"
185146,"."
185147,"NNP"
185148,"NNP"
185149,"NNP"
185150,"NNP"
185151,"VBD"
185152,"IN"
185153,"DT"
185154,"NN"
185155,"NNP"
185156,"IN"
185157,"DT"
185158,"NN"
185159,"NN"
185160,"``"
185161,"VBZ"
185162,"RB"
185163,"VB"
185164,"DT"
185165,"JJ"
185166,"NN"
185167,"IN"
185168,"DT"
185169,"NN"
185170,"IN"
185171,"DT"
185172,"NN"
185173,"."
185174,"''"
185175,"``"
185176,"DT"
185177,"NN"
185178,","
185179,"''"
185180,"PRP"
185181,"VBD"
185182,","
185183,"``"
185184,"VBZ"
185185,"JJ"
185186,"CC"
185187,"DT"
185188,"NN"
185189,"VBZ"
185190,"IN"
185191,"JJ"
185192,"JJ"
185193,"NN"
185194,"."
185195,"''"
185196,"NNP"
185197,"JJ"
185198,"."
185199,"RB"
185200,"POS"
185201,"WP"
185202,"NNP"
185203,"NNP"
185204,"VBD"
185205,"IN"
185206,"DT"
185207,"CD"
185208,"NN"
185209,":"
185210,"``"
185211,"DT"
185212,"JJ"
185213,"NN"
185214,"VBZ"
185215,"JJ"
185216,"."
185217,"EX"
185218,"VBZ"
185219,"NN"
185220,"JJ"
185221,"IN"
185222,"DT"
185223,"NN"
185224,":"
185225,"DT"
185226,"DT"
185227,"NNS"
185228,"VBP"
185229,"RB"
185230,"."
185231,"''"
185232,"NNP"
185233,"IN"
185234,"IN"
185235,"."
185236,"IN"
185237,"DT"
185238,"CD"
185239,"NN"
185240,","
185241,"NNP"
185242,"NNP"
185243,"VBD"
185244,":"
185245,"``"
185246,"DT"
185247,"JJ"
185248,"NN"
185249,"IN"
185250,"DT"
185251,"NN"
185252,":"
185253,"VBZ"
185254,"IN"
185255,"DT"
185256,"NN"
185257,"CC"
185258,"JJ"
185259,"NN"
185260,"."
185261,"O"
185262,"NNP"
185263,"NNP"
185264,","
185265,"CD"
185266,"NNS"
185267,"JJ"
185268,","
185269,"VBD"
185270,"VBN"
185271,"NN"
185272,"CC"
185273,"JJ"
185274,"NN"
185275,"NN"
185276,"IN"
185277,"DT"
185278,"NN"
185279,"IN"
185280,"JJ"
185281,"NN"
185282,"NNS"
185283,"IN"
185284,"NN"
185285,"NNS"
185286,"."
185287,"PRP"
185288,"VBZ"
185289,"VBN"
185290,"NN"
185291,"CC"
185292,"JJ"
185293,"NN"
185294,"NN"
185295,"IN"
185296,"NNP"
185297,"NNP"
185298,"NNP"
185299,","
185300,"DT"
185301,"NN"
185302,"IN"
185303,"NNP"
185304,"NNP"
185305,"NNP"
185306,"NNP"
185307,","
185308,"PRP"
185309,"DT"
185310,"NN"
185311,"IN"
185312,"NNP"
185313,"."
185314,"NNS"
185315,"IN"
185316,"DT"
185317,"NNP"
185318,"."
185319,"NNP"
185320,"NNP"
185321,"NNP"
185322,"NNP"
185323,","
185324,"CD"
185325,","
185326,"WP"
185327,"VBD"
185328,"VBN"
185329,"VBG"
185330,"JJ"
185331,"NN"
185332,"IN"
185333,"NNP"
185334,"CD"
185335,","
185336,"MD"
185337,"VB"
185338,"IN"
185339,"NN"
185340,"."
185341,"DT"
185342,"JJ"
185343,"NN"
185344,"CC"
185345,"JJ"
185346,"NN"
185347,","
185348,"NNP"
185349,"NNP"
185350,"NNP"
185351,","
185352,"VBD"
185353,"IN"
185354,"NNP"
185355,"."
185356,"O"
185357,"NNP"
185358,"NNP"
185359,"POS"
185360,"NN"
185361,"TO"
185362,"VB"
185363,"DT"
185364,"JJ"
185365,"NN"
185366,"NN"
185367,"IN"
185368,"DT"
185369,"JJ"
185370,"NN"
185371,"NN"
185372,"RB"
185373,"VBZ"
185374,"VB"
185375,"DT"
185376,"NN"
185377,"IN"
185378,"VBG"
185379,"DT"
185380,"NNS"
185381,"NN"
185382,"NN"
185383,"DT"
185384,"NN"
185385,"."
185386,"NNP"
185387,"NNP"
185388,"NN"
185389,","
185390,"DT"
185391,"NNP"
185392,"VBD"
185393,"CD"
185394,"TO"
185395,"VB"
185396,"DT"
185397,"JJ"
185398,"$"
185399,"CD"
185400,"CD"
185401,"NN"
185402,"WDT"
185403,"VBD"
185404,"VBN"
185405,"VBN"
185406,"IN"
185407,"NNS"
185408,"IN"
185409,"NNS"
185410,"WDT"
185411,"MD"
185412,"VB"
185413,"VBN"
185414,","
185415,"RB"
185416,"IN"
185417,"VBN"
185418,","
185419,"DT"
185420,"JJ"
185421,"NN"
185422,"NN"
185423,"."
185424,"NNS"
185425,"RB"
185426,"VBD"
185427,"DT"
185428,"NN"
185429,"TO"
185430,"VB"
185431,"NN"
185432,"IN"
185433,"PRP"
185434,"VBD"
185435,"VBN"
185436,"IN"
185437,"JJ"
185438,"NN"
185439,"NNS"
185440,"CC"
185441,"NN"
185442,"NNS"
185443,"."
185444,"``"
185445,"PRP"
185446,"VBP"
185447,"VBG"
185448,"DT"
185449,"JJ"
185450,"NN"
185451,"NN"
185452,"IN"
185453,"DT"
185454,"NN"
185455,"IN"
185456,"VBG"
185457,"DT"
185458,"JJ"
185459,"NN"
185460,","
185461,"''"
185462,"VBD"
185463,"NNP"
185464,"NNP"
185465,"NNP"
185466,"NNP"
185467,"NNP"
185468,"NNP"
185469,"("
185470,"NNP"
185471,","
185472,"NNP"
185473,"."
185474,")"
185475,"."
185476,"CC"
185477,"NNP"
185478,"NNS"
185479,"IN"
185480,"DT"
185481,"NN"
185482,"NN"
185483,"VBD"
185484,"IN"
185485,"JJ"
185486,"NNS"
185487,"MD"
185488,"RB"
185489,"VB"
185490,"VBG"
185491,"IN"
185492,"NNP"
185493,"WDT"
185494,"MD"
185495,"VB"
185496,"DT"
185497,"IN"
185498,"DT"
185499,"NNS"
185500,"WDT"
185501,"VBD"
185502,"VBN"
185503,"VBN"
185504,"RB"
185505,","
185506,"VBG"
185507,"DT"
185508,"JJ"
185509,"NN"
185510,"NN"
185511,"."
185512,"IN"
185513,"NN"
185514,","
185515,"DT"
185516,"NN"
185517,"NN"
185518,"NN"
185519,"RB"
185520,"VBN"
185521,"IN"
185522,"DT"
185523,"NNP"
185524,"VBZ"
185525,"DT"
185526,"JJ"
185527,"NN"
185528,"."
185529,"JJ"
185530,"NNS"
185531,"VBP"
185532,"JJ"
185533,"TO"
185534,"VB"
185535,"IN"
185536,"JJ"
185537,"CC"
185538,"JJ"
185539,"IN"
185540,"DT"
185541,"NN"
185542,"."
185543,"``"
185544,"DT"
185545,"NN"
185546,"MD"
185547,"VB"
185548,"RB"
185549,"WP"
185550,"MD"
185551,"VB"
185552,"IN"
185553,"DT"
185554,"NN"
185555,"NN"
185556,","
185557,"''"
185558,"VBD"
185559,"NNP"
185560,"NNP"
185561,"NNP"
185562,"NNP"
185563,"NNP"
185564,"("
185565,"NNP"
185566,","
185567,"NNP"
185568,"."
185569,")"
185570,"."
185571,"CC"
185572,","
185573,"PRP"
185574,"VBD"
185575,","
185576,"``"
185577,"PRP"
185578,"VBP"
185579,"NNPS"
185580,"CC"
185581,"NNPS"
185582,"MD"
185583,"VB"
185584,"RB"
185585,"TO"
185586,"VB"
185587,"JJ"
185588,"NN"
185589,"DT"
185590,"NN"
185591,"."
185592,"''"
185593,"NNP"
185594,"NNP"
185595,"NNP"
185596,"NNP"
185597,"NNP"
185598,"NNP"
185599,"VBD"
185600,"NNS"
185601,"RB"
185602,"IN"
185603,"DT"
185604,"NN"
185605,"MD"
185606,"RB"
185607,"VB"
185608,"TO"
185609,"VB"
185610,"DT"
185611,"JJ"
185612,"NN"
185613,"IN"
185614,"DT"
185615,"JJ"
185616,"NN"
185617,"IN"
185618,"DT"
185619,"NN"
185620,"."
185621,"``"
185622,"PRP"
185623,"VBP"
185624,"RB"
185625,"VB"
185626,"DT"
185627,"IN"
185628,"DT"
185629,"NN"
185630,"TO"
185631,"VB"
185632,"NN"
185633,"NNS"
185634,","
185635,"''"
185636,"PRP"
185637,"VBD"
185638,"."
185639,"NNP"
185640,"NNP"
185641,"NNP"
185642,"NNP"
185643,"NNP"
185644,"NNP"
185645,"("
185646,"NNP"
185647,","
185648,"NNP"
185649,"."
185650,")"
185651,"VBD"
185652,"IN"
185653,"DT"
185654,"NN"
185655,","
185656,"``"
185657,"IN"
185658,"WDT"
185659,"POS"
185660,"DT"
185661,"NN"
185662,"WDT"
185663,"VBZ"
185664,"IN"
185665,"DT"
185666,"NNP"
185667,"NNP"
185668,","
185669,"WDT"
185670,"MD"
185671,"VB"
185672,"DT"
185673,"JJ"
185674,"NN"
185675,"."
185676,"''"
185677,"DT"
185678,"NNP"
185679,"POS"
185680,"NN"
185681,"VBD"
185682,"DT"
185683,"NN"
185684,"IN"
185685,"NNP"
185686,"NNP"
185687,"NNP"
185688,"MD"
185689,"VB"
185690,"NN"
185691,"IN"
185692,"DT"
185693,"JJ"
185694,"NN"
185695,"VBD"
185696,"RBR"
185697,"JJ"
185698,"DT"
185699,"NN"
185700,"."
185701,"NNS"
185702,"IN"
185703,"DT"
185704,"NN"
185705,"VBP"
185706,"VBG"
185707,"PDT"
185708,"."
185709,"NNP"
185710,"NNP"
185711,"NNP"
185712,"NNP"
185713,"NNP"
185714,"("
185715,"NNP"
185716,","
185717,"NNP"
185718,")"
185719,"VBD"
185720,"PRP"
185721,"VBD"
185722,"``"
185723,"JJ"
185724,"''"
185725,"IN"
185726,"DT"
185727,"JJ"
185728,"NN"
185729,"IN"
185730,"DT"
185731,"JJ"
185732,"NN"
185733,"MD"
185734,"RB"
185735,"VB"
185736,"DT"
185737,"JJ"
185738,"NN"
185739,"NN"
185740,"."
185741,"CC"
185742,"DT"
185743,"JJ"
185744,"NN"
185745,"TO"
185746,"DT"
185747,"NNP"
185748,"NNP"
185749,"CC"
185750,"NNP"
185751,"NNP"
185752,","
185753,"WRB"
185754,"NN"
185755,"NN"
185756,"NNS"
185757,","
185758,"VBD"
185759,"EX"
185760,"VBP"
185761,"RB"
185762,"DT"
185763,"``"
185764,"VBZ"
185765,"TO"
185766,"VB"
185767,"DT"
185768,"NN"
185769,"NN"
185770,"WDT"
185771,"MD"
185772,"VB"
185773,"DT"
185774,"NNS"
185775,"NN"
185776,"VBD"
185777,"DT"
185778,"NN"
185779,"."
185780,"''"
185781,"CD"
185782,"JJ"
185783,"NN"
185784,"TO"
185785,"VB"
185786,"DT"
185787,"JJ"
185788,"NN"
185789,"NN"
185790,","
185791,"CC"
185792,"RB"
185793,"JJ"
185794,"JJ"
185795,"NNS"
185796,"VBN"
185797,"IN"
185798,"DT"
185799,"JJ"
185800,"NN"
185801,","
185802,"VBZ"
185803,"DT"
185804,"NN"
185805,"TO"
185806,"VB"
185807,"DT"
185808,"JJ"
185809,"NN"
185810,"NN"
185811,"."
185812,"JJ"
185813,"NN"
185814,"MD"
185815,"VB"
185816,"VBN"
185817,"IN"
185818,"DT"
185819,"NN"
185820,"IN"
185821,"DT"
185822,"NN"
185823,"."
185824,"DT"
185825,"NNP"
185826,"NN"
185827,"VBD"
185828,"VBN"
185829,"RB"
185830,"IN"
185831,"DT"
185832,"NN"
185833,"TO"
185834,"VB"
185835,"NN"
185836,"IN"
185837,"NNP"
185838,"."
185839,"IN"
185840,"DT"
185841,"NN"
185842,"VBZ"
185843,"RB"
185844,"VBN"
185845,"VBN"
185846,","
185847,"NNP"
185848,"NNP"
185849,"VBZ"
185850,"IN"
185851,"NN"
185852,"NN"
185853,"TO"
185854,"VB"
185855,"JJ"
185856,"NN"
185857,"NNS"
185858,"VBN"
185859,"IN"
185860,"DT"
185861,"NNP"
185862,"NN"
185863,"NN"
185864,"."
185865,"NNS"
185866,"VBP"
185867,"IN"
185868,"DT"
185869,"NN"
185870,"TO"
185871,"VB"
185872,"DT"
185873,"NNS"
185874,"MD"
185875,"VB"
185876,"DT"
185877,"NN"
185878,"TO"
185879,"VB"
185880,"TO"
185881,"DT"
185882,"JJ"
185883,"NN"
185884,"."
185885,"DT"
185886,"NN"
185887,"VBZ"
185888,"JJ"
185889,"TO"
185890,"VB"
185891,"DT"
185892,"NNS"
185893,"."
185894,"DT"
185895,"NN"
185896,"VBZ"
185897,"IN"
185898,"NNP"
185899,"NNP"
185900,"VBP"
185901,"JJ"
185902,"TO"
185903,"VB"
185904,"TO"
185905,"PRP$"
185906,"NNP"
185907,"NNS"
185908,"POS"
185909,"NN"
185910,"TO"
185911,"VB"
185912,"JJ"
185913,"NN"
185914,"NNS"
185915,"."
185916,"``"
185917,"IN"
185918,"PRP"
185919,"VBP"
185920,"VBN"
185921,"IN"
185922,"DT"
185923,"NNP"
185924,"NN"
185925,","
185926,"''"
185927,"VBD"
185928,"NNP"
185929,"NNP"
185930,"NNP"
185931,"("
185932,"NNP"
185933,","
185934,"NNP"
185935,"."
185936,")"
185937,"IN"
185938,"DT"
185939,"NNP"
185940,"NNP"
185941,"CC"
185942,"NNP"
185943,"NNP"
185944,","
185945,"``"
185946,"PRP"
185947,"VBZ"
185948,"JJ"
185949,"IN"
185950,"DT"
185951,"JJ"
185952,"NN"
185953,"MD"
185954,"VB"
185955,"VBN"
185956,"IN"
185957,"DT"
185958,"JJ"
185959,"NN"
185960,"IN"
185961,"DT"
185962,"NNP"
185963,"."
185964,"''"
185965,"DT"
185966,"JJ"
185967,"NN"
185968,"NN"
185969,"IN"
185970,"DT"
185971,"NN"
185972,"VBZ"
185973,"WP"
185974,"NNP"
185975,"NNP"
185976,"VBZ"
185977,"."
185978,"PRP"
185979,"VBZ"
185980,"VBN"
185981,"VBG"
185982,"DT"
185983,"JJ"
185984,"NN"
185985,"IN"
185986,"DT"
185987,"JJ"
185988,"NN"
185989,"IN"
185990,"PRP$"
185991,"JJ"
185992,"NN"
185993,"NN"
185994,"."
185995,"CC"
185996,"JJ"
185997,"NNS"
185998,"VBD"
185999,"DT"
186000,"NN"
186001,"TO"
186002,"VB"
186003,"DT"
186004,"JJ"
186005,"NN"
186006,"CC"
186007,"NN"
186008,"DT"
186009,"CD"
186010,"NNS"
186011,"VBD"
186012,"TO"
186013,"VB"
186014,"DT"
186015,"JJ"
186016,"NN"
186017,"IN"
186018,"DT"
186019,"NN"
186020,","
186021,"IN"
186022,"PRP"
186023,"VBD"
186024,"RB"
186025,"IN"
186026,"DT"
186027,"JJ"
186028,"NN"
186029,"."
186030,"DT"
186031,"NNP"
186032,"NN"
186033,"VBD"
186034,"VBN"
186035,"IN"
186036,"DT"
186037,"JJ"
186038,","
186039,"RB"
186040,"JJ"
186041,","
186042,"NNS"
186043,","
186044,"DT"
186045,"NN"
186046,"IN"
186047,"WDT"
186048,"VBP"
186049,"VBN"
186050,"IN"
186051,"DT"
186052,"JJ"
186053,"NN"
186054,"."
186055,"DT"
186056,"VBP"
186057,"DT"
186058,"JJ"
186059,"NN"
186060,"CC"
186061,"NNS"
186062,"IN"
186063,"JJ"
186064,"NN"
186065,"NNS"
186066,"IN"
186067,"JJ"
186068,"NN"
186069,"CC"
186070,"NN"
186071,"NNS"
186072,"."
186073,"RB"
186074,"VBG"
186075,"IN"
186076,"DT"
186077,"NNP"
186078,"NN"
186079,"VBZ"
186080,"DT"
186081,"NN"
186082,"POS"
186083,"NN"
186084,"IN"
186085,"DT"
186086,"NN"
186087,","
186088,"VBN"
186089,"NNP"
186090,"CD"
186091,","
186092,"WDT"
186093,"VBZ"
186094,"NNS"
186095,"TO"
186096,"VB"
186097,"JJ"
186098,"NNS"
186099,"JJ"
186100,"NN"
186101,"NNS"
186102,"TO"
186103,"VB"
186104,"VBN"
186105,"NNS"
186106,"."
186107,"CD"
186108,"JJ"
186109,"NN"
186110,"WDT"
186111,"VBD"
186112,"RB"
186113,"IN"
186114,"DT"
186115,"NNP"
186116,"NN"
186117,"CC"
186118,"VBD"
186119,"VBN"
186120,"RP"
186121,"IN"
186122,"PRP"
186123,"VBD"
186124,"NN"
186125,"VBD"
186126,"DT"
186127,"NN"
186128,"IN"
186129,"NNP"
186130,"NNP"
186131,"NNP"
186132,"("
186133,"NNP"
186134,","
186135,"NNP"
186136,")"
186137,"IN"
186138,"DT"
186139,"NNP"
186140,"NNP"
186141,"NNP"
186142,"TO"
186143,"VB"
186144,"DT"
186145,"NN"
186146,"IN"
186147,"JJ"
186148,"NN"
186149,"NNS"
186150,"."
186151,"NNP"
186152,"NNP"
186153,"VBD"
186154,"PRP"
186155,"VBZ"
186156,"DT"
186157,"NNP"
186158,"MD"
186159,"VB"
186160,"DT"
186161,"NN"
186162,"RB"
186163,"."
186164,"TO"
186165,"DT"
186166,"NN"
186167,"IN"
186168,"DT"
186169,"NNS"
186170,","
186171,"DT"
186172,"NN"
186173,"VBD"
186174,"DT"
186175,"NN"
186176,"VBN"
186177,"IN"
186178,"DT"
186179,"NNP"
186180,"NNP"
186181,"WDT"
186182,"MD"
186183,"VB"
186184,"VBN"
186185,"DT"
186186,"JJ"
186187,"NN"
186188,"NN"
186189,"IN"
186190,"NNP"
186191,"."
186192,"TO"
186193,"DT"
186194,"NN"
186195,"IN"
186196,"JJ"
186197,"JJ"
186198,"NNS"
186199,","
186200,"NNS"
186201,"TO"
186202,"VB"
186203,"NNP"
186204,"NN"
186205,","
186206,"RB"
186207,"IN"
186208,"JJ"
186209,"NNS"
186210,","
186211,"RB"
186212,"VBD"
186213,"VBN"
186214,"."
186215,"VBN"
186216,"WRB"
186217,"NNS"
186218,"VBD"
186219,"VBG"
186220,"RB"
186221,"RB"
186222,"RB"
186223,","
186224,"NNP"
186225,"NNP"
186226,"NNP"
186227,"NNP"
186228,"NNP"
186229,","
186230,"DT"
186231,"JJ"
186232,"NNP"
186233,"IN"
186234,"DT"
186235,"NNP"
186236,"NNP"
186237,"NNP"
186238,","
186239,"VBD"
186240,","
186241,"``"
186242,"PRP"
186243,"VBP"
186244,"VBG"
186245,"IN"
186246,"NNS"
186247,"."
186248,"NNS"
186249,"VBD"
186250,"RB"
186251,"VBN"
186252,"RB"
186253,"RB"
186254,"."
186255,"''"
186256,"NNP"
186257,"NNP"
186258,"VBD"
186259,"IN"
186260,"DT"
186261,"NN"
186262,"VBD"
186263,"NN"
186264,"IN"
186265,"DT"
186266,"NN"
186267,"."
186268,"PRP"
186269,"VBD"
186270,","
186271,"NNS"
186272,"VBD"
186273,","
186274,"IN"
186275,"EX"
186276,"VBD"
186277,"DT"
186278,"NNS"
186279,":"
186280,"DT"
186281,"JJ"
186282,"NNS"
186283,"VBD"
186284,"VBN"
186285,"."
186286,"DT"
186287,"NNP"
186288,"RB"
186289,"VBD"
186290,"DT"
186291,"NN"
186292,"IN"
186293,"PRP$"
186294,"NNP"
186295,"NNP"
186296,"WDT"
186297,"MD"
186298,"VB"
186299,"VBN"
186300,"DT"
186301,"NN"
186302,"NN"
186303,"IN"
186304,"WDT"
186305,"JJ"
186306,"NNS"
186307,"VBP"
186308,"PRP$"
186309,"NNP"
186310,"NNP"
186311,"NNS"
186312,"VBD"
186313,"."
186314,"IN"
186315,"NN"
186316,","
186317,"DT"
186318,"NN"
186319,"VBD"
186320,"DT"
186321,"NN"
186322,"TO"
186323,"VB"
186324,"JJ"
186325,"DT"
186326,"LS"
186327,"NN"
186328,"NNP"
186329,"NN"
186330,"IN"
186331,"JJ"
186332,"NN"
186333,"NNS"
186334,"."
186335,"PRP"
186336,"RB"
186337,"RB"
186338,"VBZ"
186339,"DT"
186340,"NN"
186341,"WDT"
186342,"MD"
186343,"VB"
186344,"VBN"
186345,"WP"
186346,"VBZ"
186347,"IN"
186348,"DT"
186349,"JJ"
186350,"NN"
186351,"IN"
186352,"NN"
186353,","
186354,"WDT"
186355,"VBZ"
186356,"VBN"
186357,"IN"
186358,"JJ"
186359,"NNS"
186360,"TO"
186361,"VB"
186362,"PRP$"
186363,"NN"
186364,"NN"
186365,"."
186366,"PRP"
186367,"RB"
186368,"VBZ"
186369,"DT"
186370,"NN"
186371,"WDT"
186372,"MD"
186373,"VB"
186374,"VBN"
186375,"NNS"
186376,"TO"
186377,"VB"
186378,"JJ"
186379,"NN"
186380,"NNS"
186381,"TO"
186382,"VB"
186383,"NN"
186384,"NNS"
186385,"IN"
186386,"JJ"
186387,"NNS"
186388,"."
186389,"RB"
186390,"VBN"
186391,"VBD"
186392,"DT"
186393,"JJ"
186394,"NN"
186395,"IN"
186396,"DT"
186397,"JJ"
186398,"NNP"
186399,"NNP"
186400,"CC"
186401,"NNP"
186402,"NNP"
186403,"NNS"
186404,","
186405,"WDT"
186406,"MD"
186407,"VB"
186408,"VBN"
186409,"$"
186410,"CD"
186411,"CD"
186412,"IN"
186413,"JJ"
186414,"CD"
186415,"."
186416,"DT"
186417,"NN"
186418,"WDT"
186419,"MD"
186420,"VB"
186421,"VBN"
186422,"DT"
186423,"NNP"
186424,"NNP"
186425,"NNP"
186426,","
186427,"JJ"
186428,"NN"
186429,"VBD"
186430,"VBN"
186431,"."
186432,"DT"
186433,"NN"
186434,"IN"
186435,"DT"
186436,"NNP"
186437,"NN"
186438,"VBD"
186439,"RB"
186440,"JJ"
186441,"IN"
186442,"NNP"
186443,"NNP"
186444,","
186445,"WP"
186446,"VBD"
186447,"VBN"
186448,"DT"
186449,"NN"
186450,"."
186451,"NNP"
186452,"NNP"
186453,"POS"
186454,"NNS"
186455,"IN"
186456,"NNP"
186457,"NNP"
186458,"NNP"
186459,","
186460,"WP"
186461,"VBD"
186462,"IN"
186463,"DT"
186464,"JJ"
186465,"NN"
186466,"TO"
186467,"VB"
186468,"VBN"
186469,"TO"
186470,"DT"
186471,"NN"
186472,","
186473,"VBP"
186474,"VBN"
186475,"VBN"
186476,"IN"
186477,"NNP"
186478,"NNP"
186479,"VBD"
186480,"TO"
186481,"VB"
186482,"DT"
186483,"NNP"
186484,"NNP"
186485,"NNP"
186486,"NN"
186487,"IN"
186488,"JJ"
186489,"NNS"
186490,"RB"
186491,"DT"
186492,"NN"
186493,"IN"
186494,"DT"
186495,"NN"
186496,"IN"
186497,"NN"
186498,"NN"
186499,"IN"
186500,"DT"
186501,"JJ"
186502,"CD"
186503,"JJ"
186504,"NN"
186505,"NN"
186506,"."
186507,"DT"
186508,"NN"
186509,"NN"
186510,"NN"
186511,"VBZ"
186512,"$"
186513,"CD"
186514,"CD"
186515,"IN"
186516,"NN"
186517,"NNS"
186518,"IN"
186519,"JJ"
186520,"CD"
186521,","
186522,"CC"
186523,"$"
186524,"CD"
186525,"CD"
186526,"IN"
186527,"CD"
186528,"NNS"
186529,"."
186530,"DT"
186531,"JJ"
186532,"NNS"
186533,","
186534,"WDT"
186535,"VBP"
186536,"RB"
186537,"NNS"
186538,","
186539,"MD"
186540,":"
186541,":"
186542,"JJ"
186543,"NNS"
186544,"WDT"
186545,"VBP"
186546,"VBN"
186547,"JJ"
186548,"NNS"
186549,"IN"
186550,"VBG"
186551,"JJ"
186552,"NN"
186553,"NNS"
186554,"VBG"
186555,"IN"
186556,"NNS"
186557,"VBN"
186558,"IN"
186559,"NN"
186560,"NNS"
186561,"IN"
186562,"NN"
186563,"VBD"
186564,"TO"
186565,"VB"
186566,"DT"
186567,"NNS"
186568,","
186569,"JJ"
186570,"NNP"
186571,"CD"
186572,","
186573,"CD"
186574,"."
186575,":"
186576,"JJ"
186577,"JJ"
186578,"NNS"
186579,"TO"
186580,"VB"
186581,"IN"
186582,"PRP$"
186583,"JJ"
186584,"NN"
186585,"NNS"
186586,"VBN"
186587,"TO"
186588,"PRP"
186589,"IN"
186590,"DT"
186591,"NN"
186592,"IN"
186593,"DT"
186594,"NNS"
186595,"VBP"
186596,"VBN"
186597,"RB"
186598,"IN"
186599,"VBN"
186600,","
186601,"JJ"
186602,"DT"
186603,"NN"
186604,"IN"
186605,"DT"
186606,"NN"
186607,"NN"
186608,"VBZ"
186609,"VBN"
186610,"."
186611,":"
186612,"NNP"
186613,"DT"
186614,"NNP"
186615,"VBG"
186616,"NN"
186617,"NN"
186618,"NN"
186619,"NNS"
186620,","
186621,"JJ"
186622,"NNP"
186623,"CD"
186624,","
186625,"CD"
186626,","
186627,"WDT"
186628,"VBZ"
186629,"VBN"
186630,"VBN"
186631,"IN"
186632,"NN"
186633,"NNS"
186634,"IN"
186635,"JJ"
186636,"NNS"
186637,"."
186638,"DT"
186639,"NN"
186640,"VBZ"
186641,"DT"
186642,"CD"
186643,"NN"
186644,"NN"
186645,"VBN"
186646,"TO"
186647,"NNS"
186648,"IN"
186649,"DT"
186650,"NN"
186651,"IN"
186652,"NNS"
186653,"VBN"
186654,"TO"
186655,"VB"
186656,"NNS"
186657,"IN"
186658,"DT"
186659,"NN"
186660,","
186661,"IN"
186662,"DT"
186663,"NN"
186664,"VBZ"
186665,"JJR"
186666,"IN"
186667,"CD"
186668,"NN"
186669,"IN"
186670,"DT"
186671,"NN"
186672,"POS"
186673,"NN"
186674,"."
186675,":"
186676,"NNP"
186677,"NN"
186678,"NNS"
186679,"IN"
186680,"VBG"
186681,"NN"
186682,"NNS"
186683,"IN"
186684,"JJ"
186685,"NNS"
186686,","
186687,"JJ"
186688,"IN"
186689,"JJ"
186690,"NNS"
186691,","
186692,"WDT"
186693,"VB"
186694,"NN"
186695,"NN"
186696,"NNS"
186697,"."
186698,":"
186699,"NNP"
186700,"$"
186701,"FW"
186702,"CD"
186703,"IN"
186704,"VBG"
186705,"IN"
186706,"CD"
186707,"NN"
186708,"DT"
186709,"JJ"
186710,"NN"
186711,"IN"
186712,"NN"
186713,"CC"
186714,"NN"
186715,"NNS"
186716,"."
186717,":"
186718,"VB"
186719,"RP"
186720,"DT"
186721,"NN"
186722,"IN"
186723,"DT"
186724,"NN"
186725,"NN"
186726,"IN"
186727,"JJ"
186728,"NNS"
186729,","
186730,"JJ"
186731,"NNP"
186732,"CD"
186733,"."
186734,":"
186735,"VB"
186736,"DT"
186737,"NN"
186738,"IN"
186739,"JJ"
186740,"NNS"
186741,","
186742,"JJ"
186743,"IN"
186744,"DT"
186745,"VBN"
186746,"IN"
186747,"NN"
186748,"NNS"
186749,"CC"
186750,"IN"
186751,"NNP"
186752,","
186753,"NN"
186754,"IN"
186755,"$"
186756,"CD"
186757,"DT"
186758,"NN"
186759,"VBG"
186760,"JJ"
186761,"NN"
186762,"."
186763,":"
186764,"JJ"
186765,"NN"
186766,"NNS"
186767,"IN"
186768,"DT"
186769,"NNS"
186770,"IN"
186771,"JJ"
186772,"NN"
186773,"NNS"
186774,"RB"
186775,"JJ"
186776,"IN"
186777,"NN"
186778,"."
186779,":"
186780,"VB"
186781,"DT"
186782,"NN"
186783,"IN"
186784,"NN"
186785,"NN"
186786,"NNS"
186787,"TO"
186788,"JJ"
186789,"IN"
186790,"JJ"
186791,","
186792,"JJ"
186793,"JJ"
186794,"NN"
186795,"."
186796,":"
186797,"VB"
186798,"DT"
186799,"NN"
186800,"IN"
186801,"JJ"
186802,"NN"
186803,"NNS"
186804,"TO"
186805,"VB"
186806,"NNS"
186807,"IN"
186808,"JJ"
186809,"NN"
186810,"NN"
186811,"IN"
186812,"NN"
186813,"IN"
186814,"DT"
186815,"RB"
186816,"IN"
186817,"VBG"
186818,"PRP"
186819,"IN"
186820,"NN"
186821,"."
186822,":"
186823,"NN"
186824,"TO"
186825,"$"
186826,"CD"
186827,"DT"
186828,"NN"
186829,"IN"
186830,"$"
186831,"CD"
186832,"DT"
186833,"JJ"
186834,"NN"
186835,"NN"
186836,"NN"
186837,","
186838,"CC"
186839,"VB"
186840,"DT"
186841,"$"
186842,"JJ"
186843,"NN"
186844,"IN"
186845,"JJ"
186846,"NNS"
186847,"IN"
186848,"JJ"
186849,"NNS"
186850,"."
186851,"DT"
186852,"NN"
186853,"RB"
186854,"VBZ"
186855,"NN"
186856,"NNS"
186857,"CC"
186858,"NNS"
186859,"IN"
186860,"JJ"
186861,"NNS"
186862,"."
186863,"IN"
186864,"PRP$"
186865,"NNS"
186866,":"
186867,":"
186868,"NN"
186869,"IN"
186870,"NNP"
186871,"NN"
186872,"IN"
186873,"JJ"
186874,"CD"
186875,"IN"
186876,"DT"
186877,"$"
186878,"CD"
186879,"CD"
186880,","
186881,"IN"
186882,"NN"
186883,"IN"
186884,"VBG"
186885,"NNS"
186886,"IN"
186887,"NNS"
186888,"TO"
186889,"NNS"
186890,"."
186891,"DT"
186892,"NN"
186893,"MD"
186894,"VB"
186895,"DT"
186896,"JJ"
186897,"NN"
186898,"IN"
186899,"NN"
186900,"NNS"
186901,"IN"
186902,"NN"
186903,"."
186904,":"
186905,"NN"
186906,"IN"
186907,"DT"
186908,"NNP"
186909,"NNP"
186910,"NNP"
186911,"POS"
186912,"NN"
186913,"NN"
186914,"IN"
186915,"DT"
186916,"JJ"
186917,"NN"
186918,","
186919,"VBG"
186920,"DT"
186921,"NN"
186922,"IN"
186923,"$"
186924,"CD"
186925,"CD"
186926,"."
186927,"DT"
186928,"JJ"
186929,"NN"
186930,"VBZ"
186931,"IN"
186932,"DT"
186933,"NNP"
186934,"NN"
186935,"."
186936,":"
186937,"NNP"
186938,"IN"
186939,"DT"
186940,"NNP"
186941,"NNP"
186942,"NNP"
186943,"TO"
186944,"VB"
186945,"$"
186946,"CD"
186947,"CD"
186948,"IN"
186949,"VBG"
186950,"NNS"
186951,"IN"
186952,"JJ"
186953,"NN"
186954,"NNS"
186955,"IN"
186956,"NNP"
186957,"NNP"
186958,"POS"
186959,"NNP"
186960,"CC"
186961,"NNP"
186962,"NNP"
186963,"NNP"
186964,"NNP"
186965,"VBZ"
186966,","
186967,"VBP"
186968,"NNP"
186969,"NNP"
186970,"IN"
186971,"NNP"
186972,"CC"
186973,"NNP"
186974,"NNP"
186975,"IN"
186976,"NNP"
186977,"."
186978,":"
186979,"NNS"
186980,"IN"
186981,"NNP"
186982,"NNP"
186983,"NNP"
186984,"NNS"
186985,"VBG"
186986,"$"
186987,"CD"
186988,"CD"
186989,"."
186990,":"
186991,"NN"
186992,"TO"
186993,"DT"
186994,"NNP"
186995,"NNP"
186996,"NNP"
186997,"TO"
186998,"VB"
186999,"$"
187000,"CD"
187001,"CD"
187002,"IN"
187003,"NNS"
187004,"IN"
187005,"NNP"
187006,"NNP"
187007,"NNS"
187008,"."
187009,":"
187010,"VBG"
187011,"DT"
187012,"JJ"
187013,"$"
187014,"CD"
187015,"CD"
187016,"IN"
187017,"JJ"
187018,"JJ"
187019,"NNP"
187020,"NNP"
187021,"NNP"
187022,"NNS"
187023,"CC"
187024,"NNS"
187025,"CC"
187026,"VBG"
187027,"JJ"
187028,"NNS"
187029,"IN"
187030,"JJ"
187031,"NN"
187032,"NNS"
187033,","
187034,"NN"
187035,"NNS"
187036,"CC"
187037,"JJ"
187038,"NN"
187039,"NNS"
187040,"."
187041,"NNP"
187042,"NNP"
187043,"NNP"
187044,"VBD"
187045,"TO"
187046,"DT"
187047,"NN"
187048,"."
187049,"O"
187050,"IN"
187051,"NN"
187052,"TO"
187053,"PRP$"
187054,"RB"
187055,"JJ"
187056,","
187057,"JJ"
187058,"NN"
187059,"IN"
187060,"WRB"
187061,"JJ"
187062,"NN"
187063,"VBZ"
187064,"("
187065,"NNPS"
187066,"NNS"
187067,","
187068,"NNP"
187069,"CD"
187070,")"
187071,":"
187072,"PRP"
187073,"VBP"
187074,"IN"
187075,"DT"
187076,"NN"
187077,"NN"
187078,","
187079,"IN"
187080,"NN"
187081,"NN"
187082,"."
187083,"PRP"
187084,"VBD"
187085,"VBN"
187086,"RB"
187087,"IN"
187088,"NNP"
187089,"CD"
187090,","
187091,"CC"
187092,"IN"
187093,"DT"
187094,"JJ"
187095,"CC"
187096,"JJ"
187097,"NN"
187098,"NN"
187099,","
187100,"VBD"
187101,"VBN"
187102,"IN"
187103,"NNP"
187104,"CD"
187105,"."
187106,"PRP$"
187107,"NN"
187108,"NN"
187109,"VBD"
187110,"IN"
187111,"IN"
187112,"PRP"
187113,"VBD"
187114,"DT"
187115,"NN"
187116,":"
187117,"PRP"
187118,"VBD"
187119,"NNS"
187120,"CC"
187121,"NNS"
187122,"IN"
187123,"JJ"
187124,"NNS"
187125,"."
187126,"DT"
187127,"NNS"
187128,"VBN"
187129,"IN"
187130,"DT"
187131,"``"
187132,"JJ"
187133,"''"
187134,"CC"
187135,"NNP"
187136,"NN"
187137,"("
187138,"VBN"
187139,"IN"
187140,"CD"
187141,"TO"
187142,"CD"
187143,")"
187144,"VBP"
187145,"RP"
187146,"IN"
187147,"NN"
187148,","
187149,"RB"
187150,"IN"
187151,"DT"
187152,"NN"
187153,"IN"
187154,"DT"
187155,"NN"
187156,","
187157,"CC"
187158,"RB"
187159,"IN"
187160,"DT"
187161,"NN"
187162,"IN"
187163,"DT"
187164,"NN"
187165,"."
187166,"PRP"
187167,"VBP"
187168,"WP"
187169,"VBN"
187170,"PRP"
187171,"RBS"
187172,"IN"
187173,"DT"
187174,"NN"
187175,"VBD"
187176,"IN"
187177,"EX"
187178,"VBD"
187179,"TO"
187180,"VB"
187181,"DT"
187182,"JJ"
187183,"NN"
187184,"TO"
187185,"VB"
187186,"PRP$"
187187,"NNS"
187188,"PDT"
187189,"VBZ"
187190,"UH"
187191,":"
187192,"IN"
187193,"PRP"
187194,"VBP"
187195,"VBG"
187196,"VBN"
187197,"RP"
187198,"VBP"
187199,"RB"
187200,"VB"
187201,","
187202,"CC"
187203,"IN"
187204,"PRP"
187205,"VBP"
187206,"VBN"
187207,","
187208,"PRP"
187209,"VBZ"
187210,"DT"
187211,"NN"
187212,"POS"
187213,"NN"
187214,"."
187215,"TO"
187216,"VB"
187217,"PRP"
187218,"RB"
187219,","
187220,"PRP"
187221,"VBD"
187222,"DT"
187223,"NN"
187224,"VBG"
187225,"DT"
187226,"JJ"
187227,"NN"
187228,"IN"
187229,"NNS"
187230,"IN"
187231,"DT"
187232,"NN"
187233,"NN"
187234,"IN"
187235,"``"
187236,"NN"
187237,"IN"
187238,"."
187239,"''"
187240,"VBP"
187241,"PRP"
187242,"VBG"
187243,"."
187244,"VBG"
187245,"IN"
187246,"DT"
187247,"NN"
187248,"VBD"
187249,"CD"
187250,"IN"
187251,"DT"
187252,"RBS"
187253,"JJ"
187254,"NNS"
187255,"IN"
187256,"PRP$"
187257,"NN"
187258,":"
187259,"CC"
187260,"VBZ"
187261,"IN"
187262,"JJS"
187263,"NNS"
187264,"."
187265,"PRP$"
187266,"NN"
187267,"VBZ"
187268,"DT"
187269,"JJ"
187270,"NN"
187271,"NN"
187272,"."
187273,"NNP"
187274,"NNP"
187275,"NNP"
187276,","
187277,"NNP"
187278,"."
187279,"O"
187280,"NNP"
187281,"NNP"
187282,"NNP"
187283,"NNP"
187284,"NNP"
187285,"VBZ"
187286,"DT"
187287,"NNP"
187288,"JJ"
187289,"NN"
187290,"IN"
187291,"NNP"
187292,"NNP"
187293,"NNP"
187294,"NNP"
187295,"."
187296,"IN"
187297,"NNP"
187298,"POS"
187299,"NN"
187300,","
187301,"DT"
187302,"NN"
187303,"IN"
187304,"DT"
187305,"NN"
187306,"VBD"
187307,"VBN"
187308,"."
187309,"O"
187310,"NNP"
187311,"POS"
187312,"NNP"
187313,"NNP"
187314,"VBD"
187315,"PRP"
187316,"VBD"
187317,"PRP$"
187318,"NN"
187319,"IN"
187320,"$"
187321,"CD"
187322,"CD"
187323,"IN"
187324,"JJ"
187325,"NN"
187326,"IN"
187327,"DT"
187328,"NNP"
187329,"NNP"
187330,","
187331,"NNP"
187332,","
187333,"NN"
187334,","
187335,"VBG"
187336,"NN"
187337,"IN"
187338,"DT"
187339,"NN"
187340,"IN"
187341,"NN"
187342,","
187343,"JJ"
187344,"NNS"
187345,"."
187346,"DT"
187347,"NN"
187348,"VBD"
187349,"PRP"
187350,"VBD"
187351,"PRP$"
187352,"NN"
187353,"IN"
187354,"DT"
187355,"NN"
187356,"POS"
187357,"JJ"
187358,"NN"
187359,"TO"
187360,"NN"
187361,"IN"
187362,"NNP"
187363,"CC"
187364,"MD"
187365,"VB"
187366,"DT"
187367,"NN"
187368,"IN"
187369,"NN"
187370,"IN"
187371,"JJ"
187372,"JJ"
187373,"NN"
187374,"."
187375,"NNP"
187376,"NNP"
187377,"VBZ"
187378,"DT"
187379,"JJ"
187380,"NN"
187381,"IN"
187382,"JJ"
187383,"NN"
187384,"NNS"
187385,"."
187386,"NNP"
187387,"JJ"
187388,"NN"
187389,"VBZ"
187390,"IN"
187391,"DT"
187392,"NNS"
187393,"JJS"
187394,"PRP"
187395,"IN"
187396,"PDT"
187397,"JJ"
187398,"NNS"
187399,"RP"
187400,"DT"
187401,"NN"
187402,"IN"
187403,"NNS"
187404,"."
187405,"NNP"
187406,"NNP"
187407,"NNS"
187408,"VBD"
187409,"RB"
187410,"JJ"
187411,"IN"
187412,"NN"
187413,"IN"
187414,"DT"
187415,"NN"
187416,"."
187417,"NNP"
187418,"NNP"
187419,"NNP"
187420,"("
187421,"NNP"
187422,","
187423,"NNP"
187424,")"
187425,":"
187426,"NNP"
187427,"POS"
187428,"NNP"
187429,"NNP"
187430,"NNP"
187431,"VBD"
187432,"PRP"
187433,"VBD"
187434,"PRP$"
187435,"NN"
187436,"TO"
187437,"NN"
187438,"IN"
187439,"NNP"
187440,"IN"
187441,"JJR"
187442,"IN"
187443,"$"
187444,"CD"
187445,"CD"
187446,"IN"
187447,"DT"
187448,"NN"
187449,"POS"
187450,"JJ"
187451,"JJ"
187452,"NNS"
187453,"."
187454,"DT"
187455,"NN"
187456,"NN"
187457,"VBD"
187458,"NNP"
187459,"POS"
187460,"``"
187461,"JJ"
187462,"NN"
187463,"NN"
187464,"IN"
187465,"DT"
187466,"NNS"
187467,"NN"
187468,"''"
187469,"VBD"
187470,"CD"
187471,"NN"
187472,"IN"
187473,"DT"
187474,"NN"
187475,","
187476,"VBG"
187477,"DT"
187478,"NNS"
187479,"IN"
187480,"PRP$"
187481,"NNP"
187482,"NNP"
187483,"NN"
187484,"CC"
187485,"DT"
187486,"JJ"
187487,"NN"
187488,"IN"
187489,"JJ"
187490,"NNS"
187491,"."
187492,"``"
187493,"PRP"
187494,"RB"
187495,"VBD"
187496,"NN"
187497,"IN"
187498,"PRP"
187499,"VBD"
187500,"VBG"
187501,"RP"
187502,"IN"
187503,"PDT"
187504,"DT"
187505,","
187506,"''"
187507,"VBD"
187508,"NNP"
187509,"NNP"
187510,"NNP"
187511,"NNP"
187512,"NNP"
187513,"."
187514,"``"
187515,"PRP"
187516,"VBP"
187517,"PRP"
187518,"VBD"
187519,"DT"
187520,"JJ"
187521,"JJ"
187522,"IN"
187523,"PRP$"
187524,"NN"
187525,"."
187526,"O"
187527,"RB"
187528,"WRB"
187529,"PRP"
187530,"VBD"
187531,"JJ"
187532,"TO"
187533,"VB"
187534,"RB"
187535,"IN"
187536,"NNS"
187537,","
187538,"NNP"
187539,"NNP"
187540,"VBD"
187541,"DT"
187542,"JJ"
187543,"NN"
187544,"IN"
187545,"NNS"
187546,"."
187547,"VBZ"
187548,"DT"
187549,"NN"
187550,"DT"
187551,"NNP"
187552,"NNP"
187553,"VBZ"
187554,"VBG"
187555,"."
187556,"CC"
187557,"VBZ"
187558,"RB"
187559,"DT"
187560,"JJ"
187561,"NN"
187562,"NN"
187563,","
187564,"RB"
187565,"IN"
187566,"NNP"
187567,"CD"
187568,","
187569,"CD"
187570,","
187571,"RB"
187572,"VBD"
187573,"RP"
187574,"TO"
187575,"VB"
187576,"."
187577,"RB"
187578,"POS"
187579,"WP"
187580,"JJ"
187581,"JJ"
187582,"NN"
187583,"NNS"
187584,"CC"
187585,"NN"
187586,"NNS"
187587,"VBP"
187588,"IN"
187589,"NNP"
187590,"POS"
187591,"NN"
187592,","
187593,"WDT"
187594,"VBZ"
187595,"JJ"
187596,"CC"
187597,"WP"
187598,"NNS"
187599,"MD"
187600,"VB"
187601,"."
187602,"NNP"
187603,"NNP"
187604,"."
187605,"``"
187606,"PRP"
187607,"VBP"
187608,"DT"
187609,"JJ"
187610,"NN"
187611,"WP"
187612,"VBD"
187613,"EX"
187614,"MD"
187615,"VB"
187616,"DT"
187617,"NNP"
187618,"NN"
187619,","
187620,"DT"
187621,"IN"
187622,"JJ"
187623,"NNP"
187624,"NNP"
187625,"NNP"
187626,","
187627,"''"
187628,"VBZ"
187629,"NNP"
187630,"NNP"
187631,","
187632,"IN"
187633,"DT"
187634,"RB"
187635,"JJ"
187636,"NN"
187637,"NN"
187638,"CC"
187639,"RB"
187640,"DT"
187641,"JJ"
187642,"NN"
187643,"NN"
187644,"."
187645,"``"
187646,"NN"
187647,"MD"
187648,"VB"
187649,"PRP"
187650,"IN"
187651,"DT"
187652,"NN"
187653,"VBZ"
187654,"JJ"
187655,"IN"
187656,"CD"
187657,","
187658,"''"
187659,"PRP"
187660,"VBZ"
187661,"."
187662,"``"
187663,"RB"
187664,","
187665,"IN"
187666,"DT"
187667,"NNS"
187668,"PRP"
187669,"VBZ"
187670,"JJ"
187671,","
187672,"CC"
187673,"RB"
187674,"PRP"
187675,"VBZ"
187676,"RB"
187677,"DT"
187678,"JJ"
187679,"."
187680,"IN"
187681,"PRP"
187682,"VBP"
187683,"DT"
187684,"NN"
187685,","
187686,"PRP"
187687,"VBD"
187688,"DT"
187689,"NNS"
187690,"."
187691,"RB"
187692,"RB"
187693,"PRP"
187694,"VBP"
187695,"VBG"
187696,"PRP"
187697,"TO"
187698,"VB"
187699,"DT"
187700,"NN"
187701,"IN"
187702,"CC"
187703,"VB"
187704,"RP"
187705,"."
187706,"PRP"
187707,"VBP"
187708,"DT"
187709,"JJ"
187710,"NN"
187711,"IN"
187712,"CD"
187713,"."
187714,"PRP"
187715,"VBP"
187716,"DT"
187717,"NN"
187718,"IN"
187719,"VBG"
187720,"TO"
187721,"CD"
187722,"DT"
187723,"NN"
187724,"."
187725,"''"
187726,"NNP"
187727,"NNP"
187728,"VBZ"
187729,"PRP"
187730,"MD"
187731,"RB"
187732,"RB"
187733,"VB"
187734,"IN"
187735,"NN"
187736,"IN"
187737,"IN"
187738,"JJS"
187739,"CD"
187740,"TO"
187741,"CD"
187742,"NNS"
187743,"VBP"
187744,"VBN"
187745,"JJ"
187746,"NNS"
187747,":"
187748,"IN"
187749,"CD"
187750,"NNS"
187751,"VBD"
187752,"JJ"
187753,"NNS"
187754,"NNP"
187755,"."
187756,"``"
187757,"JJS"
187758,"NNS"
187759,","
187760,"''"
187761,"PRP"
187762,"VBZ"
187763,","
187764,"``"
187765,"VBP"
187766,"DT"
187767,"NN"
187768,"WP"
187769,"DT"
187770,"NN"
187771,"NN"
187772,"VBZ"
187773,"JJ"
187774,"."
187775,"''"
187776,"NNP"
187777,"NNP"
187778,"."
187779,"DT"
187780,"JJ"
187781,"NN"
187782,"IN"
187783,"NNP"
187784,"NNP"
187785,"NNP"
187786,"NNP"
187787,","
187788,"NNP"
187789,"NNP"
187790,"VBD"
187791,"VBN"
187792,"NNS"
187793,"TO"
187794,"VB"
187795,"PRP$"
187796,"NN"
187797,"IN"
187798,"IN"
187799,"DT"
187800,"NN"
187801,"IN"
187802,"DT"
187803,"CD"
187804,"NN"
187805,"."
187806,"NNP"
187807,"POS"
187808,"JJ"
187809,"NN"
187810,","
187811,"PRP"
187812,"VBZ"
187813,","
187814,"``"
187815,"VBD"
187816,"RB"
187817,"DT"
187818,"NN"
187819,"."
187820,"NNP"
187821,"VBD"
187822,"DT"
187823,"NNP"
187824,"NN"
187825,"''"
187826,"IN"
187827,"DT"
187828,"WDT"
187829,"VBD"
187830,"IN"
187831,"CD"
187832,"CC"
187833,"CD"
187834,"."
187835,"RB"
187836,","
187837,"RB"
187838,"IN"
187839,"DT"
187840,"CD"
187841,"NNS"
187842,","
187843,"PRP$"
187844,"NN"
187845,"NN"
187846,"NNS"
187847,"VBP"
187848,"JJ"
187849,"."
187850,"IN"
187851,"PRP"
187852,"VBZ"
187853,"DT"
187854,"NN"
187855,"MD"
187856,"VB"
187857,"JJ"
187858,"CC"
187859,"VBN"
187860,"."
187861,"``"
187862,"DT"
187863,"NNS"
187864,"VBD"
187865,"CD"
187866,"TO"
187867,"CD"
187868,"NNS"
187869,"CC"
187870,"VBD"
187871,"DT"
187872,"NN"
187873,"NN"
187874,"NN"
187875,"RB"
187876,","
187877,"''"
187878,"PRP"
187879,"VBZ"
187880,"."
187881,"``"
187882,"DT"
187883,"VBZ"
187884,"RB"
187885,"DT"
187886,"JJ"
187887,"NN"
187888,","
187889,"RB"
187890,"RB"
187891,"IN"
187892,"PRP"
187893,"VBP"
187894,"VBN"
187895,"."
187896,"''"
187897,"RB"
187898,","
187899,"PRP"
187900,"VBZ"
187901,","
187902,"IN"
187903,"DT"
187904,"NNP"
187905,"NNP"
187906,"NNP"
187907,"NNP"
187908,"VBD"
187909,"IN"
187910,"NNP"
187911,","
187912,"``"
187913,"PRP"
187914,"MD"
187915,"RB"
187916,"VB"
187917,"DT"
187918,"NN"
187919,"."
187920,"PRP$"
187921,"NN"
187922,"VBZ"
187923,"TO"
187924,"VB"
187925,"."
187926,"''"
187927,"IN"
187928,"PRP"
187929,"VBZ"
187930,"PRP"
187931,","
187932,"DT"
187933,"JJ"
187934,"NN"
187935,"RB"
187936,"VBZ"
187937,"IN"
187938,"IN"
187939,"CD"
187940,"NNS"
187941,"NNS"
187942,"POS"
187943,"NNS"
187944,"."
187945,"PRP"
187946,"VBZ"
187947,"DT"
187948,"NN"
187949,"MD"
187950,"VB"
187951,"TO"
187952,"CD"
187953,","
187954,"JJ"
187955,"JJ"
187956,"NN"
187957,"NNS"
187958,","
187959,"CC"
187960,"RB"
187961,"VB"
187962,"IN"
187963,"DT"
187964,"NN"
187965,"IN"
187966,"``"
187967,"JJ"
187968,"NN"
187969,"."
187970,"''"
187971,"NNP"
187972,"NNP"
187973,"."
187974,"NNP"
187975,"POS"
187976,"NN"
187977,"VBZ"
187978,"DT"
187979,"NN"
187980,"IN"
187981,"DT"
187982,"NN"
187983,"NN"
187984,","
187985,"VBZ"
187986,"NNP"
187987,"NNP"
187988,","
187989,"NN"
187990,"IN"
187991,"NNP"
187992,"NNP"
187993,"NNP"
187994,"NNP"
187995,"."
187996,"CC"
187997,"NNP"
187998,"NNP"
187999,","
188000,"WP$"
188001,"NNS"
188002,"VBP"
188003,"RB"
188004,"VBN"
188005,"IN"
188006,"NN"
188007,"NNS"
188008,","
188009,"VBZ"
188010,"PRP"
188011,"VBZ"
188012,"DT"
188013,"JJ"
188014,"NN"
188015,"."
188016,"``"
188017,"EX"
188018,"VBD"
188019,"DT"
188020,"JJ"
188021,"NN"
188022,"IN"
188023,"CD"
188024,","
188025,"''"
188026,"PRP"
188027,"VBZ"
188028,"."
188029,"``"
188030,"JJ"
188031,"NN"
188032,"VBD"
188033,"IN"
188034,"DT"
188035,"NN"
188036,"NN"
188037,"."
188038,"EX"
188039,"VBD"
188040,"JJ"
188041,"JJ"
188042,"NN"
188043,"IN"
188044,"NN"
188045,"JJ"
188046,"NNS"
188047,"."
188048,"DT"
188049,"JJ"
188050,"NN"
188051,"VBD"
188052,"NN"
188053,"NN"
188054,","
188055,"''"
188056,"DT"
188057,"JJ"
188058,"NN"
188059,"NN"
188060,"VBD"
188061,"TO"
188062,"VB"
188063,"DT"
188064,"NN"
188065,"IN"
188066,"NNS"
188067,"."
188068,"``"
188069,"DT"
188070,"CD"
188071,"CD"
188072,"NNS"
188073,"IN"
188074,"NN"
188075,"VBD"
188076,"JJ"
188077,"''"
188078,"TO"
188079,"PRP"
188080,"."
188081,"IN"
188082,"CD"
188083,","
188084,"JJ"
188085,"NN"
188086,"VBD"
188087,"TO"
188088,"DT"
188089,"NN"
188090,"NN"
188091,"."
188092,"NNP"
188093,"MD"
188094,"RB"
188095,"VB"
188096,"DT"
188097,"RB"
188098,"NN"
188099,","
188100,"NNP"
188101,"NNP"
188102,"VBZ"
188103,","
188104,"IN"
188105,"JJ"
188106,"NN"
188107,"NNS"
188108,"VBP"
188109,"TO"
188110,"VB"
188111,"IN"
188112,"NN"
188113,"NN"
188114,"."
188115,"IN"
188116,"DT"
188117,"JJ"
188118,"JJ"
188119,"NNS"
188120,","
188121,"RB"
188122,","
188123,"PRP"
188124,"VBZ"
188125,"NNS"
188126,"VBP"
188127,"JJ"
188128,"."
188129,"``"
188130,"PRP"
188131,"VBP"
188132,"DT"
188133,"NN"
188134,"MD"
188135,"VB"
188136,"VBG"
188137,"RB"
188138,"IN"
188139,"NNP"
188140,","
188141,"''"
188142,"PRP"
188143,"VBZ"
188144,"."
188145,"``"
188146,"PRP"
188147,"MD"
188148,"RB"
188149,"VB"
188150,"DT"
188151,"JJ"
188152,"NN"
188153,","
188154,"CC"
188155,"RB"
188156,"VB"
188157,"RP"
188158,"RB"
188159,"."
188160,"NN"
188161,"IN"
188162,"DT"
188163,"VBP"
188164,"NN"
188165,"NN"
188166,"."
188167,"''"
188168,"PRP"
188169,"VBZ"
188170,"DT"
188171,"NN"
188172,"TO"
188173,"VB"
188174,"DT"
188175,"NNP"
188176,"NNP"
188177,"NNP"
188178,"NNP"
188179,"RB"
188180,"TO"
188181,"IN"
188182,"CD"
188183,"RB"
188184,"JJ"
188185,"NN"
188186,"."
188187,"``"
188188,"DT"
188189,"MD"
188190,"VB"
188191,"DT"
188192,"JJ"
188193,"NN"
188194,"NN"
188195,","
188196,"''"
188197,"PRP"
188198,"VBZ"
188199,"."
188200,"``"
188201,"PRP"
188202,"VBP"
188203,"IN"
188204,"POS"
188205,"PRP$"
188206,"NN"
188207,"."
188208,"''"
188209,"NNP"
188210,"NNP"
188211,"NNP"
188212,"."
188213,"``"
188214,"PRP"
188215,"VBP"
188216,"RB"
188217,"VB"
188218,"DT"
188219,"NN"
188220,"VBZ"
188221,"VBG"
188222,"IN"
188223,"DT"
188224,"NNP"
188225,"NNP"
188226,"."
188227,"PRP"
188228,"VBP"
188229,"RB"
188230,"VB"
188231,"IN"
188232,"POS"
188233,"DT"
188234,"NN"
188235,"IN"
188236,"DT"
188237,","
188238,"''"
188239,"VBZ"
188240,"NNP"
188241,"NNP"
188242,","
188243,"DT"
188244,"NN"
188245,"IN"
188246,"NNP"
188247,","
188248,"NNP"
188249,"CC"
188250,"NNP"
188251,"CC"
188252,"NN"
188253,"IN"
188254,"NNP"
188255,"NNP"
188256,"NNP"
188257,"NNP"
188258,"."
188259,"NNP"
188260,"NNP"
188261,"VBZ"
188262,"DT"
188263,"IN"
188264,"DT"
188265,"JJ"
188266,"NN"
188267,"TO"
188268,"VB"
188269,"IN"
188270,"NNS"
188271,","
188272,"CC"
188273,"PRP"
188274,"VBZ"
188275,"RB"
188276,"VB"
188277,"EX"
188278,"VBZ"
188279,"DT"
188280,"NN"
188281,"TO"
188282,"VB"
188283,"."
188284,"``"
188285,"PRP"
188286,"VBP"
188287,"DT"
188288,"NN"
188289,"TO"
188290,"VB"
188291,"JJR"
188292,"NNP"
188293,","
188294,"CC"
188295,"RB"
188296,"PRP"
188297,"MD"
188298,"VB"
188299,"DT"
188300,"NN"
188301,"."
188302,"''"
188303,"PRP"
188304,"VBZ"
188305,"IN"
188306,"JJ"
188307,"JJ"
188308,"NNS"
188309,"IN"
188310,"NNP"
188311,"CC"
188312,"CD"
188313,"NNS"
188314,"RB"
188315,"."
188316,"IN"
188317,"CD"
188318,","
188319,"NN"
188320,"NNS"
188321,"VBP"
188322,"VBN"
188323,"VBG"
188324,"DT"
188325,"NN"
188326,"."
188327,"IN"
188328,"CD"
188329,","
188330,"DT"
188331,"NN"
188332,"VBZ"
188333,"VBN"
188334,"JJ"
188335,"."
188336,"CC"
188337,"IN"
188338,"CD"
188339,","
188340,"DT"
188341,"NN"
188342,"VBZ"
188343,"RB"
188344,"VB"
188345,"TO"
188346,"VB"
188347,"IN"
188348,"DT"
188349,"NN"
188350,"IN"
188351,"NN"
188352,"."
188353,"CC"
188354,"DT"
188355,"NN"
188356,"POS"
188357,"JJR"
188358,"NN"
188359,"DT"
188360,"NN"
188361,"RB"
188362,"VBZ"
188363,"DT"
188364,"NN"
188365,"IN"
188366,"JJ"
188367,"NNS"
188368,"``"
188369,"VBZ"
188370,"RB"
188371,"JJ"
188372,","
188373,"''"
188374,"PRP"
188375,"VBZ"
188376,"."
188377,"``"
188378,"IN"
188379,"PRP"
188380,"VBZ"
188381,"DT"
188382,"JJ"
188383,"JJ"
188384,"NN"
188385,"."
188386,"''"
188387,"RB"
188388,","
188389,"PRP"
188390,"VBZ"
188391,","
188392,"``"
188393,"DT"
188394,"VBZ"
188395,"RB"
188396,"DT"
188397,"JJ"
188398,"NN"
188399,"TO"
188400,"VB"
188401,"RB"
188402,"VBN"
188403,"''"
188404,"IN"
188405,"NNS"
188406,"."
188407,"``"
188408,"IN"
188409,"PRP"
188410,"VBD"
188411,"VBN"
188412,"IN"
188413,"NNP"
188414,"IN"
188415,"NN"
188416,"CC"
188417,"IN"
188418,"JJ"
188419,"JJ"
188420,"NN"
188421,"IN"
188422,"DT"
188423,"NNS"
188424,","
188425,"PRP"
188426,"MD"
188427,"RB"
188428,"VB"
188429,"DT"
188430,"NN"
188431,"."
188432,"CC"
188433,"PRP"
188434,"VBD"
188435,"IN"
188436,"NNP"
188437,"IN"
188438,"DT"
188439,"JJ"
188440,"NN"
188441,","
188442,"IN"
188443,"PRP"
188444,"MD"
188445,"VB"
188446,"TO"
188447,"VB"
188448,"DT"
188449,"JJ"
188450,"NN"
188451,"''"
188452,"IN"
188453,"NN"
188454,"IN"
188455,"NNS"
188456,"."
188457,"``"
188458,"PRP"
188459,"VBP"
188460,"VBG"
188461,"TO"
188462,"VB"
188463,"IN"
188464,"DT"
188465,"IN"
188466,"DT"
188467,"JJ"
188468,"NNS"
188469,"WDT"
188470,"VBD"
188471,"VBN"
188472,"''"
188473,"NNP"
188474,"."
188475,"NNP"
188476,"NNP"
188477,"NNP"
188478,"."
188479,"``"
188480,"DT"
188481,"VBZ"
188482,"DT"
188483,"JJ"
188484,"NN"
188485,"IN"
188486,"DT"
188487,"NN"
188488,"IN"
188489,"DT"
188490,"JJ"
188491,"NN"
188492,"IN"
188493,"JJ"
188494,"NN"
188495,","
188496,"''"
188497,"VBZ"
188498,"NNP"
188499,"NNP"
188500,","
188501,"DT"
188502,"NN"
188503,"."
188504,"``"
188505,"PRP"
188506,"VBP"
188507,"DT"
188508,"IN"
188509,"DT"
188510,"NN"
188511,"TO"
188512,"DT"
188513,"JJ"
188514,"NN"
188515,"NN"
188516,"NN"
188517,","
188518,"''"
188519,"PRP"
188520,"VBZ"
188521,"."
188522,"``"
188523,"DT"
188524,"NN"
188525,"IN"
188526,"NN"
188527,"NNS"
188528,"CC"
188529,"NNS"
188530,"VBZ"
188531,"VBN"
188532,"DT"
188533,"NN"
188534,"IN"
188535,"JJ"
188536,"NNS"
188537,"IN"
188538,"DT"
188539,"NNS"
188540,"IN"
188541,"NNS"
188542,"CC"
188543,"VBN"
188544,"DT"
188545,"NNS"
188546,"WDT"
188547,"VBP"
188548,"DT"
188549,"NNS"
188550,"IN"
188551,"NNS"
188552,"CC"
188553,"VBN"
188554,"NNS"
188555,"IN"
188556,"JJ"
188557,"NNS"
188558,"IN"
188559,"NN"
188560,"RB"
188561,"IN"
188562,"NN"
188563,"."
188564,"DT"
188565,"VBZ"
188566,"DT"
188567,"VBN"
188568,"NNS"
188569,"JJ"
188570,"CC"
188571,"DT"
188572,"NNS"
188573,"RBR"
188574,"JJ"
188575,"."
188576,"''"
188577,"RB"
188578,","
188579,"PRP"
188580,"VBZ"
188581,"DT"
188582,"NN"
188583,"VBZ"
188584,"RB"
188585,"VB"
188586,"JJ"
188587,"."
188588,"``"
188589,"EX"
188590,"VBZ"
188591,"JJR"
188592,"NN"
188593,"IN"
188594,"DT"
188595,"NN"
188596,"IN"
188597,"JJ"
188598,"IN"
188599,"PRP"
188600,"RB"
188601,"JJ"
188602,","
188603,"''"
188604,"PRP"
188605,"VBZ"
188606,"."
188607,"``"
188608,"PRP"
188609,"VBZ"
188610,"JJR"
188611,"NN"
188612,"RB"
188613,"TO"
188614,"VB"
188615,"DT"
188616,"JJ"
188617,"NN"
188618,"IN"
188619,"NN"
188620,"IN"
188621,"DT"
188622,"NN"
188623,":"
188624,"RB"
188625,"IN"
188626,"DT"
188627,"JJ"
188628,"NN"
188629,"CC"
188630,"DT"
188631,"NN"
188632,"MD"
188633,"VB"
188634,"."
188635,"''"
188636,"NNP"
188637,"NNP"
188638,"."
188639,"NNP"
188640,"NNP"
188641,"NN"
188642,"NN"
188643,"NNP"
188644,"NNP"
188645,","
188646,"DT"
188647,"NN"
188648,"IN"
188649,"JJ"
188650,"NN"
188651,"NNS"
188652,","
188653,"VBZ"
188654,"DT"
188655,"NNS"
188656,"VBP"
188657,"RB"
188658,"RB"
188659,"VBN"
188660,"."
188661,"``"
188662,"NNS"
188663,"VBP"
188664,"RB"
188665,"VBG"
188666,"TO"
188667,"VB"
188668,"NNS"
188669,"IN"
188670,"DT"
188671,"NN"
188672,","
188673,"''"
188674,"PRP"
188675,"VBZ"
188676,"."
188677,"NNS"
188678,"VBP"
188679,"``"
188680,"NNP"
188681,"VBG"
188682,"IN"
188683,"NNP"
188684,","
188685,"NNP"
188686,"VBG"
188687,"IN"
188688,"NNP"
188689,"NNP"
188690,"."
188691,"''"
188692,"DT"
188693,"NNS"
188694,"IN"
188695,"NNS"
188696,"VBP"
188697,"RB"
188698,"VB"
188699,"NN"
188700,"NNS"
188701,"CC"
188702,"JJ"
188703,"NN"
188704,"NNS"
188705,"TO"
188706,"VB"
188707,"PRP"
188708,","
188709,"IN"
188710,"NNP"
188711,"NNP"
188712,"VBZ"
188713,"PRP"
188714,"MD"
188715,"VB"
188716,"."
188717,"``"
188718,"DT"
188719,"NN"
188720,"VBD"
188721,"RB"
188722,"CD"
188723,"NN"
188724,"IN"
188725,"("
188726,"NNP"
188727,")"
188728,"NNP"
188729,"VBD"
188730,"NN"
188731,","
188732,"''"
188733,"NNP"
188734,"NNP"
188735,"VBZ"
188736,","
188737,"IN"
188738,"DT"
188739,"NN"
188740,"VBD"
188741,"TO"
188742,"VB"
188743,"VBN"
188744,"."
188745,"PRP"
188746,"VBZ"
188747,"DT"
188748,"NN"
188749,"VBZ"
188750,"``"
188751,"JJ"
188752,","
188753,"''"
188754,"CC"
188755,"VBZ"
188756,"PRP"
188757,"VBD"
188758,"``"
188759,"JJ"
188760,"IN"
188761,"''"
188762,"VBN"
188763,"NNS"
188764,"IN"
188765,"NNP"
188766,"POS"
188767,"NN"
188768,"."
188769,"``"
188770,"NNS"
188771,"WDT"
188772,"VBD"
188773,"VBN"
188774,"RB"
188775,"RB"
188776,"IN"
188777,"DT"
188778,"JJ"
188779,"NN"
188780,"VBP"
188781,"DT"
188782,"JJ"
188783,"NN"
188784,"("
188785,"DT"
188786,")"
188787,"NN"
188788,"IN"
188789,"NNS"
188790,"IN"
188791,"PRP"
188792,","
188793,"''"
188794,"PRP"
188795,"VBZ"
188796,"."
188797,"NNP"
188798,"NNP"
188799,"."
188800,"``"
188801,"PRP"
188802,"VBZ"
188803,"TO"
188804,"PRP"
188805,"IN"
188806,"DT"
188807,"VBZ"
188808,"DT"
188809,"NN"
188810,"WDT"
188811,"VBZ"
188812,"RB"
188813,"VBN"
188814,"DT"
188815,"NN"
188816,","
188817,"''"
188818,"VBZ"
188819,"NNP"
188820,"NNP"
188821,","
188822,"DT"
188823,"NN"
188824,"IN"
188825,"NN"
188826,"IN"
188827,"NNP"
188828,"NNP"
188829,"CC"
188830,"JJ"
188831,"NN"
188832,"IN"
188833,"CD"
188834,"IN"
188835,"DT"
188836,"RBS"
188837,"JJ"
188838,"NN"
188839,"NNS"
188840,"IN"
188841,"NN"
188842,","
188843,"NNP"
188844,"NNP"
188845,"."
188846,"PRP"
188847,"VBZ"
188848,"``"
188849,"JJ"
188850,"NNS"
188851,","
188852,"JJ"
188853,"NNS"
188854,"''"
188855,"RB"
188856,"IN"
188857,"DT"
188858,"NNP"
188859,","
188860,"IN"
188861,"DT"
188862,"RB"
188863,"JJ"
188864,"NN"
188865,"IN"
188866,"DT"
188867,"NN"
188868,"."
188869,"``"
188870,"NNP"
188871,"PRP"
188872,"MD"
188873,"RB"
188874,"VB"
188875,"NNS"
188876,","
188877,"''"
188878,"PRP"
188879,"VBZ"
188880,"."
188881,"NNS"
188882,"``"
188883,"MD"
188884,"VB"
188885,"PRP"
188886,"DT"
188887,"NN"
188888,","
188889,"CC"
188890,"RB"
188891,"VB"
188892,"TO"
188893,"VB"
188894,"DT"
188895,"NN"
188896,"."
188897,"''"
188898,"IN"
188899,"DT"
188900,"NN"
188901,"VBZ"
188902,"JJ"
188903,","
188904,"PRP"
188905,"VBZ"
188906,","
188907,"WDT"
188908,"MD"
188909,"VB"
188910,"TO"
188911,"JJ"
188912,"NNS"
188913,"IN"
188914,"DT"
188915,"NNP"
188916,"CC"
188917,"VB"
188918,"PRP"
188919,"JJ"
188920,"IN"
188921,"DT"
188922,"NNP"
188923,"NNP"
188924,"NNP"
188925,"TO"
188926,"VB"
188927,"NN"
188928,"NNS"
188929,"RB"
188930,"RB"
188931,"."
188932,"NNP"
188933,"NNP"
188934,"MD"
188935,"RB"
188936,"VB"
188937,"WP"
188938,"TO"
188939,"VB"
188940,"NN"
188941,"IN"
188942,"PRP"
188943,"VBZ"
188944,"WRB"
188945,"DT"
188946,"NNP"
188947,"CC"
188948,"NNP"
188949,"NNS"
188950,"VBP"
188951,"."
188952,"PRP"
188953,"VBZ"
188954,"DT"
188955,"NNS"
188956,"VBP"
188957,"JJ"
188958,"NNS"
188959,","
188960,"CC"
188961,"VB"
188962,"IN"
188963,"TO"
188964,"DT"
188965,"JJ"
188966,"NNS"
188967,":"
188968,"RB"
188969,"NNS"
188970,","
188971,"WDT"
188972,"RB"
188973,"VBP"
188974,"RB"
188975,"IN"
188976,"NNS"
188977,"IN"
188978,"JJ"
188979,"NN"
188980,"."
188981,"NNP"
188982,"NNP"
188983,"."
188984,"JJ"
188985,"NNS"
188986,"RB"
188987,"VBP"
188988,"TO"
188989,"VB"
188990,"VBN"
188991,"DT"
188992,"CD"
188993,"NN"
188994,"."
188995,"NNP"
188996,"NN"
188997,"NN"
188998,"NNP"
188999,"NNP"
189000,"NNP"
189001,"RB"
189002,"VBD"
189003,"PRP"
189004,":"
189005,"PRP"
189006,"VBN"
189007,"IN"
189008,"VBG"
189009,"IN"
189010,"NNP"
189011,"CD"
189012,"IN"
189013,"DT"
189014,"NNP"
189015,"NNP"
189016,"NNP"
189017,"NNP"
189018,"VBD"
189019,"JJ"
189020,"TO"
189021,"VB"
189022,"IN"
189023,"CD"
189024,"NNS"
189025,"DT"
189026,"NN"
189027,"NN"
189028,"."
189029,"NNP"
189030,"NNP"
189031,"VBZ"
189032,"WP"
189033,"VBZ"
189034,"RB"
189035,"MD"
189036,"VB"
189037,"DT"
189038,"JJ"
189039,"NN"
189040,"IN"
189041,"DT"
189042,"NNP"
189043,"NNP"
189044,"NNP"
189045,"."
189046,"IN"
189047,"PRP"
189048,"RB"
189049,"VBZ"
189050,"DT"
189051,"JJ"
189052,"NN"
189053,"PRP"
189054,"VBZ"
189055,"IN"
189056,"NNS"
189057,"TO"
189058,"NNS"
189059,","
189060,"PRP"
189061,"VBZ"
189062,","
189063,"``"
189064,"DT"
189065,"MD"
189066,"JJ"
189067,"NNS"
189068,"RB"
189069,"."
189070,"''"
189071,"IN"
189072,"RB"
189073,","
189074,"``"
189075,"PRP"
189076,"MD"
189077,"VB"
189078,"TO"
189079,"CD"
189080,"RB"
189081,"RB"
189082,"."
189083,"''"
189084,"NNP"
189085,"NNP"
189086,"NNP"
189087,"."
189088,"NNP"
189089,"NNS"
189090,"``"
189091,"MD"
189092,"RB"
189093,"VB"
189094,"TO"
189095,"VB"
189096,"RP"
189097,"DT"
189098,"JJ"
189099,"NN"
189100,"IN"
189101,"PRP"
189102,"VBP"
189103,"JJ"
189104,"IN"
189105,"NNS"
189106,","
189107,"''"
189108,"VBZ"
189109,"NNP"
189110,"NNP"
189111,","
189112,"NN"
189113,"CC"
189114,"NN"
189115,"NN"
189116,"IN"
189117,"NNP"
189118,"NNP"
189119,"NNP"
189120,"NNP"
189121,"IN"
189122,"NNP"
189123,"."
189124,"NNP"
189125,","
189126,"WDT"
189127,"VBZ"
189128,"IN"
189129,"$"
189130,"CD"
189131,"CD"
189132,","
189133,"VBD"
189134,"JJ"
189135,"NN"
189136,"IN"
189137,"JJ"
189138,"NNS"
189139,"RB"
189140,"DT"
189141,"NN"
189142,"IN"
189143,"PRP"
189144,"VBD"
189145,"RB"
189146,"RB"
189147,"IN"
189148,"NNS"
189149,"IN"
189150,"DT"
189151,"NN"
189152,"IN"
189153,"DT"
189154,"NN"
189155,"CC"
189156,"RB"
189157,"VBD"
189158,"DT"
189159,"JJ"
189160,"NN"
189161,"."
189162,"NNP"
189163,"VBZ"
189164,"VBG"
189165,"PRP$"
189166,"NN"
189167,"RB"
189168,"IN"
189169,"NN"
189170,"NNS"
189171,","
189172,"RB"
189173,"NNP"
189174,"NNP"
189175,"NNS"
189176,"."
189177,"``"
189178,"NNS"
189179,"RB"
189180,"VBP"
189181,"DT"
189182,"JJ"
189183,"NN"
189184,"TO"
189185,"VB"
189186,","
189187,"''"
189188,"PRP"
189189,"VBZ"
189190,"."
189191,"O"
189192,"VBG"
189193,"DT"
189194,"NNP"
189195,"CD"
189196,"NN"
189197,"TO"
189198,"DT"
189199,"NN"
189200,"IN"
189201,"NNP"
189202,"NNP"
189203,"NNP"
189204,","
189205,"NN"
189206,"IN"
189207,"DT"
189208,"NNP"
189209,"NNP"
189210,"IN"
189211,"NNP"
189212,"CC"
189213,"NNP"
189214,","
189215,"VBG"
189216,":"
189217,"LS"
189218,"."
189219,"IN"
189220,"PRP$"
189221,"NNP"
189222,"CD"
189223,"NN"
189224,"``"
189225,"NNP"
189226,"NNPS"
189227,"''"
189228,"VBD"
189229,"RB"
189230,"JJ"
189231,"CC"
189232,"RB"
189233,"JJ"
189234,"."
189235,"PRP"
189236,"VBD"
189237,"PRP$"
189238,"NN"
189239,"VBD"
189240,"RB"
189241,"JJ"
189242,"CC"
189243,"RB"
189244,"JJ"
189245,"."
189246,"LS"
189247,"."
189248,"DT"
189249,"NNP"
189250,"NNP"
189251,"VBD"
189252,"DT"
189253,"NNS"
189254,"IN"
189255,"DT"
189256,"NNS"
189257,"TO"
189258,"VB"
189259,"DT"
189260,"NNP"
189261,"NNP"
189262,"."
189263,"NNP"
189264,","
189265,"PRP"
189266,"VBD"
189267,"."
189268,"IN"
189269,"PRP"
189270,"VBD"
189271,"PRP"
189272,"IN"
189273,"NN"
189274,","
189275,"PRP"
189276,"VBD"
189277,"PRP"
189278,"VBP"
189279,"DT"
189280,"JJ"
189281,"NNS"
189282,"IN"
189283,"DT"
189284,"NN"
189285,"IN"
189286,"NNP"
189287,","
189288,"WDT"
189289,"PRP"
189290,"VBZ"
189291,"IN"
189292,"DT"
189293,"NN"
189294,"IN"
189295,"DT"
189296,"NNS"
189297,"."
189298,"PRP"
189299,"VBD"
189300,"VB"
189301,"DT"
189302,"JJ"
189303,"NNS"
189304,"JJ"
189305,"NNS"
189306,"IN"
189307,"DT"
189308,"NN"
189309,"IN"
189310,"PRP$"
189311,"NN"
189312,"IN"
189313,"DT"
189314,"NNP"
189315,"."
189316,"PRP"
189317,"VBD"
189318,"IN"
189319,"CD"
189320,"NNS"
189321,"VBG"
189322,"DT"
189323,"NNS"
189324,"POS"
189325,"JJ"
189326,"NNS"
189327,"."
189328,"RB"
189329,","
189330,"IN"
189331,"PRP$"
189332,"JJ"
189333,"NN"
189334,","
189335,"PRP"
189336,"VBD"
189337,"JJR"
189338,"IN"
189339,"CD"
189340,"NNS"
189341,"VBG"
189342,"JJ"
189343,"IN"
189344,"DT"
189345,"NNS"
189346,"IN"
189347,"VBG"
189348,"DT"
189349,"NNP"
189350,"."
189351,"PRP"
189352,"VBD"
189353,"PRP$"
189354,"NN"
189355,"IN"
189356,"JJ"
189357,"NN"
189358,"IN"
189359,"JJ"
189360,"NNS"
189361,"IN"
189362,"JJ"
189363,"NN"
189364,"."
189365,"IN"
189366,"PRP$"
189367,"NN"
189368,"RB"
189369,"VBD"
189370,"RB"
189371,","
189372,"NNP"
189373,"NNP"
189374,","
189375,"JJ"
189376,"NNP"
189377,"NN"
189378,","
189379,"CC"
189380,"NNP"
189381,"NNP"
189382,","
189383,"NNP"
189384,"NNP"
189385,"POS"
189386,"JJ"
189387,"NN"
189388,","
189389,"``"
189390,"VBP"
189391,"RB"
189392,"VBG"
189393,"VBN"
189394,"RB"
189395,"TO"
189396,"VB"
189397,"IN"
189398,"VBG"
189399,"DT"
189400,"NNP"
189401,"NNP"
189402,"."
189403,"''"
189404,"DT"
189405,"RB"
189406,"VBZ"
189407,"RB"
189408,"DT"
189409,"VBN"
189410,"``"
189411,"JJ"
189412,"NN"
189413,"''"
189414,"VBN"
189415,"IN"
189416,"NNP"
189417,"NNP"
189418,"."
189419,"LS"
189420,"."
189421,"IN"
189422,"PRP$"
189423,"``"
189424,"NN"
189425,"VBZ"
189426,"RB"
189427,"VB"
189428,"IN"
189429,"DT"
189430,"JJ"
189431,"JJ"
189432,"NN"
189433,"IN"
189434,"NNP"
189435,"."
189436,"NNP"
189437,"NNS"
189438,"CC"
189439,"PRP"
189440,"RB"
189441,"VBP"
189442,"PRP"
189443,"VBP"
189444,"RB"
189445,"DT"
189446,"NN"
189447,":"
189448,"FW"
189449,"."
189450,"''"
189451,"JJ"
189452,"NN"
189453,"."
189454,"IN"
189455,"DT"
189456,"``"
189457,"JJ"
189458,"NN"
189459,"''"
189460,"NN"
189461,","
189462,"NNP"
189463,"NNP"
189464,"CC"
189465,"PRP$"
189466,"NNS"
189467,"VBP"
189468,"DT"
189469,"JJ"
189470,"NN"
189471,"IN"
189472,"NNS"
189473,"VBN"
189474,"CC"
189475,"VBN"
189476,"."
189477,"RB"
189478,","
189479,"PRP$"
189480,"NN"
189481,"VBZ"
189482,"IN"
189483,"."
189484,"RB"
189485,"RB"
189486,"PRP"
189487,"VBP"
189488,"VBG"
189489,"NN"
189490,"."
189491,"DT"
189492,"VBZ"
189493,"RB"
189494,"DT"
189495,"JJ"
189496,"NN"
189497,"TO"
189498,"VB"
189499,","
189500,"RB"
189501,"RB"
189502,"JJ"
189503,"IN"
189504,"JJ"
189505,"JJ"
189506,"NN"
189507,"."
189508,"WRB"
189509,"VBD"
189510,"DT"
189511,"NN"
189512,"VBD"
189513,"TO"
189514,"WRB"
189515,"PRP"
189516,"VBD"
189517,"IN"
189518,"NN"
189519,"."
189520,"NNP"
189521,","
189522,"RB"
189523,","
189524,"NN"
189525,"VBD"
189526,"DT"
189527,"NNP"
189528,"NNP"
189529,"."
189530,"IN"
189531,"NN"
189532,","
189533,"NNP"
189534,"NNP"
189535,"NNP"
189536,"NN"
189537,"IN"
189538,"PRP$"
189539,"NN"
189540,"RB"
189541,"VBZ"
189542,"NN"
189543,"IN"
189544,"JJ"
189545,"NN"
189546,"."
189547,"DT"
189548,"NN"
189549,"WDT"
189550,"VBZ"
189551,"RB"
189552,"JJ"
189553,"."
189554,"NN"
189555,"IN"
189556,"NNP"
189557,"NNP"
189558,"VBZ"
189559,"IN"
189560,"PRP$"
189561,"NN"
189562,"VBZ"
189563,"RB"
189564,"JJ"
189565,"."
189566,"PRP"
189567,"VBZ"
189568,"RB"
189569,"IN"
189570,"PRP$"
189571,"NN"
189572,"POS"
189573,"NNS"
189574,"WRB"
189575,"PRP"
189576,"VBZ"
189577,"TO"
189578,"VBG"
189579,"NN"
189580,"IN"
189581,"JJ"
189582,"NNP"
189583,"NNS"
189584,"."
189585,"CC"
189586,"IN"
189587,"PRP$"
189588,"NN"
189589,"IN"
189590,"NN"
189591,"VBZ"
189592,"JJ"
189593,","
189594,"WRB"
189595,"VBZ"
189596,"PRP$"
189597,"NN"
189598,"RB"
189599,"VBN"
189600,"IN"
189601,"TO"
189602,"VB"
189603,"JJ"
189604,"NN"
189605,"."
189606,"WRB"
189607,"RB"
189608,"RB"
189609,"VBZ"
189610,"VBN"
189611,"TO"
189612,"VB"
189613,"NNS"
189614,"CC"
189615,"NNS"
189616,"IN"
189617,"NN"
189618,"CC"
189619,"NN"
189620,"."
189621,"JJ"
189622,"IN"
189623,","
189624,"WP"
189625,"VBD"
189626,"WRB"
189627,"NNP"
189628,"VBD"
189629,"TO"
189630,"VB"
189631,"IN"
189632,"$"
189633,"CD"
189634,"NN"
189635,"NNS"
189636,"CC"
189637,"WDT"
189638,"PRP"
189639,"RB"
189640,"VBD"
189641,"."
189642,"RB"
189643,","
189644,"NNP"
189645,"NNP"
189646,"POS"
189647,"NNS"
189648,"RB"
189649,"MD"
189650,"RB"
189651,"VB"
189652,"."
189653,"LS"
189654,"."
189655,"IN"
189656,"DT"
189657,"NN"
189658,"VBZ"
189659,"``"
189660,"DT"
189661,"JJ"
189662,","
189663,"NN"
189664,","
189665,"NN"
189666,","
189667,"NN"
189668,","
189669,"NN"
189670,"CC"
189671,"NN"
189672,"IN"
189673,"DT"
189674,"NN"
189675,"WDT"
189676,"VBD"
189677,"NN"
189678,"IN"
189679,"NNP"
189680,"NNP"
189681,"VBD"
189682,"NN"
189683,"IN"
189684,"NNP"
189685,","
189686,"''"
189687,"FW"
189688,"CC"
189689,"RB"
189690,"RB"
189691,"."
189692,"RB"
189693,","
189694,"TO"
189695,"PRP$"
189696,"NN"
189697,","
189698,"DT"
189699,"NN"
189700,"VBD"
189701,"RB"
189702,"``"
189703,"VB"
189704,"UH"
189705,","
189706,"NN"
189707,","
189708,"NN"
189709,","
189710,"NN"
189711,","
189712,"NN"
189713,"CC"
189714,"NN"
189715,"IN"
189716,"DT"
189717,"JJ"
189718,"NN"
189719,":"
189720,"''"
189721,"PRP"
189722,"VBD"
189723,"JJ"
189724,"JJ"
189725,"NNS"
189726,"CC"
189727,"JJ"
189728,"JJ"
189729,"NN"
189730,"."
189731,"DT"
189732,"NN"
189733,","
189734,"WDT"
189735,"DT"
189736,"NNP"
189737,"RB"
189738,"RB"
189739,"VBD"
189740,"RP"
189741,"IN"
189742,"DT"
189743,"NN"
189744,"IN"
189745,"NNS"
189746,","
189747,"VBZ"
189748,"RB"
189749,"DT"
189750,"VBZ"
189751,"IN"
189752,"NNP"
189753,"NNP"
189754,","
189755,"WP"
189756,"IN"
189757,"PDT"
189758,"VBZ"
189759,"RB"
189760,"DT"
189761,"JJ"
189762,"NN"
189763,"IN"
189764,"DT"
189765,"NN"
189766,","
189767,"CC"
189768,"DT"
189769,"NN"
189770,"IN"
189771,"NNP"
189772,"TO"
189773,"VB"
189774,"PRP"
189775,"IN"
189776,"DT"
189777,"JJ"
189778,"NN"
189779,"."
189780,"("
189781,"IN"
189782,"NN"
189783,","
189784,"PRP"
189785,"VBP"
189786,"RB"
189787,"VBN"
189788,"DT"
189789,"NN"
189790,"WDT"
189791,"VBZ"
189792,"DT"
189793,"JJ"
189794,"NN"
189795,"."
189796,")"
189797,"DT"
189798,"NN"
189799,"VBZ"
189800,"DT"
189801,"NN"
189802,","
189803,"RB"
189804,"DT"
189805,"JJ"
189806,"NN"
189807,"."
189808,"NNS"
189809,"MD"
189810,"RB"
189811,"VB"
189812,"PRP$"
189813,"NNS"
189814,"JJ"
189815,"."
189816,"PRP"
189817,"VBZ"
189818,"WRB"
189819,"PDT"
189820,"VBG"
189821,"VBZ"
189822,"RB"
189823,"VB"
189824,"IN"
189825,"PRP"
189826,"VBP"
189827,"VBN"
189828,"NN"
189829,"."
189830,"PRP"
189831,"VBP"
189832,"RB"
189833,"IN"
189834,"DT"
189835,"NNS"
189836,"VBP"
189837,"NNP"
189838,"NN"
189839,"."
189840,"CC"
189841,"PRP"
189842,"VBP"
189843,"DT"
189844,"NN"
189845,"IN"
189846,"JJ"
189847,"NN"
189848,"WDT"
189849,"VBZ"
189850,"VBN"
189851,"VBN"
189852,"VBZ"
189853,"DT"
189854,"RB"
189855,"JJR"
189856,"NN"
189857,"TO"
189858,"JJ"
189859,"NNS"
189860,"IN"
189861,"NN"
189862,"CC"
189863,"NN"
189864,"IN"
189865,"DT"
189866,"NN"
189867,"("
189868,"CC"
189869,","
189870,"RB"
189871,","
189872,"RB"
189873,"NN"
189874,")"
189875,"IN"
189876,"NNP"
189877,"MD"
189878,"RB"
189879,"VB"
189880,"."
189881,"DT"
189882,"JJ"
189883,"NN"
189884,"PRP"
189885,"VBD"
189886,"DT"
189887,"JJ"
189888,"JJ"
189889,"NN"
189890,"VBD"
189891,"WRB"
189892,"``"
189893,"VB"
189894,"JJR"
189895,"NNP"
189896,"''"
189897,"NNP"
189898,"VBD"
189899,"PRP$"
189900,"NN"
189901,"."
189902,"NNP"
189903,"NNP"
189904,"NNP"
189905,","
189906,"NNP"
189907,"."
189908,"PRP"
189909,"VBP"
189910,"IN"
189911,"DT"
189912,"NN"
189913,"IN"
189914,"NNP"
189915,"NNP"
189916,"IN"
189917,"NNP"
189918,"MD"
189919,"RB"
189920,"VB"
189921,"DT"
189922,"JJ"
189923,"NN"
189924,"IN"
189925,"JJ"
189926,"NNP"
189927,"NNS"
189928,"WP"
189929,"VB"
189930,"PRP$"
189931,"NNP"
189932,"NNP"
189933,"NN"
189934,"IN"
189935,"NN"
189936,"IN"
189937,"JJ"
189938,"NNS"
189939,"."
189940,"DT"
189941,"NNP"
189942,"NNP"
189943,"NNS"
189944,"IN"
189945,"JJ"
189946,"NN"
189947,"IN"
189948,"DT"
189949,"NN"
189950,"``"
189951,"MD"
189952,"VB"
189953,"VBN"
189954,","
189955,"IN"
189956,"DT"
189957,"JJ"
189958,"NN"
189959,","
189960,"TO"
189961,"VB"
189962,"DT"
189963,"NN"
189964,"IN"
189965,"PRP"
189966,"."
189967,"''"
189968,"DT"
189969,"NN"
189970,"IN"
189971,"NN"
189972,"VBZ"
189973,"DT"
189974,"NN"
189975,"IN"
189976,"DT"
189977,"JJ"
189978,"NN"
189979,"IN"
189980,"DT"
189981,"JJ"
189982,"NN"
189983,"WP"
189984,"VBZ"
189985,"RB"
189986,"TO"
189987,"VB"
189988,"."
189989,"RB"
189990,","
189991,"IN"
189992,"DT"
189993,"JJ"
189994,"NN"
189995,","
189996,"DT"
189997,"NN"
189998,"MD"
189999,"RB"
190000,"VB"
190001,"IN"
190002,"DT"
190003,"NN"
190004,"POS"
190005,"NN"
190006,"TO"
190007,"VB"
190008,"CC"
190009,"MD"
190010,"DT"
190011,"NN"
190012,"VB"
190013,"VBN"
190014,"TO"
190015,"VB"
190016,"DT"
190017,"NN"
190018,"IN"
190019,"DT"
190020,"NN"
190021,","
190022,"RB"
190023,"VBG"
190024,"PRP"
190025,"TO"
190026,"``"
190027,"VB"
190028,"DT"
190029,"NNP"
190030,"."
190031,"''"
190032,"DT"
190033,"NN"
190034,","
190035,"RB"
190036,","
190037,"VBZ"
190038,"VBN"
190039,"VBN"
190040,"IN"
190041,"NN"
190042,"IN"
190043,"PRP$"
190044,"JJ"
190045,"NN"
190046,"TO"
190047,"VB"
190048,"DT"
190049,"NN"
190050,"IN"
190051,"JJ"
190052,"NNS"
190053,"RB"
190054,"."
190055,"DT"
190056,"NNP"
190057,"NNP"
190058,"CC"
190059,"DT"
190060,"NNS"
190061,"VBP"
190062,"RB"
190063,"VBN"
190064,"IN"
190065,"``"
190066,"DT"
190067,"NNP"
190068,"NNP"
190069,"VBZ"
190070,"RB"
190071,"VB"
190072,"DT"
190073,"NN"
190074,"WRB"
190075,"DT"
190076,"NN"
190077,"VBZ"
190078,"VBN"
190079,"IN"
190080,"DT"
190081,"NN"
190082,"TO"
190083,"DT"
190084,"JJ"
190085,"NN"
190086,"."
190087,"''"
190088,"NNP"
190089,"CC"
190090,"NNP"
190091,","
190092,"CD"
190093,"NNP"
190094,"NNP"
190095,"("
190096,"CD"
190097,")"
190098,"."
190099,"RB"
190100,","
190101,"IN"
190102,"DT"
190103,"JJ"
190104,"NN"
190105,","
190106,"DT"
190107,"NN"
190108,"MD"
190109,"VB"
190110,"VBN"
190111,"IN"
190112,"DT"
190113,"NN"
190114,","
190115,"PRP"
190116,"MD"
190117,"VB"
190118,"VBN"
190119,"TO"
190120,"VB"
190121,"CC"
190122,"VB"
190123,"DT"
190124,"NNP"
190125,","
190126,"CC"
190127,"PRP$"
190128,"NN"
190129,"IN"
190130,"DT"
190131,"NNP"
190132,"MD"
190133,"VB"
190134,"DT"
190135,"NN"
190136,"IN"
190137,"DT"
190138,"JJ"
190139,"NN"
190140,"IN"
190141,"PRP"
190142,"IN"
190143,"DT"
190144,"JJ"
190145,"NN"
190146,"."
190147,"PRP"
190148,"MD"
190149,"VB"
190150,"DT"
190151,"NNP"
190152,"IN"
190153,"DT"
190154,"JJ"
190155,"NN"
190156,"RB"
190157,"IN"
190158,"PRP"
190159,"VBZ"
190160,"DT"
190161,"JJ"
190162,"NN"
190163,"CC"
190164,"JJ"
190165,"NN"
190166,"IN"
190167,"PRP$"
190168,"NN"
190169,"MD"
190170,"VB"
190171,"PRP"
190172,"TO"
190173,"JJ"
190174,"NN"
190175,"."
190176,"VBG"
190177,"DT"
190178,"NN"
190179,"TO"
190180,"VB"
190181,"DT"
190182,"NNP"
190183,"IN"
190184,"DT"
190185,"JJ"
190186,"NN"
190187,"VBZ"
190188,"RB"
190189,"VBN"
190190,"IN"
190191,"DT"
190192,"JJ"
190193,"NN"
190194,"TO"
190195,"VB"
190196,"TO"
190197,"VB"
190198,"WRB"
190199,"NN"
190200,"POS"
190201,"NN"
190202,"VBZ"
190203,"PRP"
190204,"IN"
190205,"DT"
190206,"JJ"
190207,"NN"
190208,","
190209,"CC"
190210,"IN"
190211,"DT"
190212,"NN"
190213,"IN"
190214,"DT"
190215,"JJ"
190216,"NN"
190217,"MD"
190218,"VB"
190219,"RB"
190220,"VBN"
190221,"IN"
190222,"PRP"
190223,"IN"
190224,"DT"
190225,"JJ"
190226,"JJ"
190227,"NN"
190228,"."
190229,"JJ"
190230,"DT"
190231,"NN"
190232,"IN"
190233,"JJ"
190234,"NN"
190235,","
190236,"DT"
190237,"NN"
190238,"MD"
190239,"VB"
190240,"DT"
190241,"NN"
190242,"TO"
190243,"VB"
190244,"."
190245,"RB"
190246,","
190247,"WRB"
190248,"NNP"
190249,"NNP"
190250,"VBD"
190251,"DT"
190252,"NNP"
190253,"IN"
190254,"DT"
190255,"JJ"
190256,"NN"
190257,","
190258,"RB"
190259,"IN"
190260,"RB"
190261,"VBG"
190262,"JJ"
190263,"NN"
190264,"IN"
190265,"JJ"
190266,"NN"
190267,","
190268,"PRP"
190269,"MD"
190270,"VB"
190271,"IN"
190272,"PRP"
190273,"VBD"
190274,"DT"
190275,"NN"
190276,","
190277,"JJ"
190278,"NN"
190279,"IN"
190280,"PRP$"
190281,"NN"
190282,"MD"
190283,"VB"
190284,"VBN"
190285,"IN"
190286,"PRP"
190287,"IN"
190288,"DT"
190289,"JJ"
190290,"JJ"
190291,"NN"
190292,"."
190293,"DT"
190294,"NN"
190295,","
190296,"NNP"
190297,"CC"
190298,"DT"
190299,"JJ"
190300,"NN"
190301,"VBP"
190302,"DT"
190303,"NN"
190304,"TO"
190305,"VB"
190306,"DT"
190307,"JJ"
190308,"NN"
190309,"CC"
190310,"TO"
190311,"VB"
190312,"IN"
190313,"NNP"
190314,"NNP"
190315,"POS"
190316,"JJ"
190317,"NN"
190318,"IN"
190319,"PRP$"
190320,"NN"
190321,"MD"
190322,"VB"
190323,"VB"
190324,"PRP"
190325,"IN"
190326,"DT"
190327,"NN"
190328,"."
190329,"VBG"
190330,"DT"
190331,"JJ"
190332,"NN"
190333,"IN"
190334,"DT"
190335,"JJ"
190336,"JJ"
190337,"NN"
190338,"VBZ"
190339,"RB"
190340,"VB"
190341,"DT"
190342,"NNP"
190343,"NNP"
190344,"NN"
190345,"IN"
190346,"NN"
190347,"."
190348,"NNP"
190349,"NNP"
190350,"NNP"
190351,"NNP"
190352,"."
190353,"NNP"
190354,"NNP"
190355,","
190356,"NNP"
190357,"."
190358,"O"
190359,"PRP"
190360,"VBD"
190361,"NNP"
190362,"DT"
190363,"NN"
190364,","
190365,"CC"
190366,"DT"
190367,"NN"
190368,"NN"
190369,"VBD"
190370,"RB"
190371,"CD"
190372,"NNS"
190373,"."
190374,"RB"
190375,"DT"
190376,"NN"
190377,"."
190378,"CC"
190379,"VBZ"
190380,"NNP"
190381,":"
190382,"VBP"
190383,"IN"
190384,"DT"
190385,"NN"
190386,"CD"
190387,":"
190388,"VBN"
190389,"."
190390,"IN"
190391,"NN"
190392,","
190393,"DT"
190394,"JJ"
190395,"NNP"
190396,"DT"
190397,"JJ"
190398,"NN"
190399,"VBZ"
190400,"VBN"
190401,"VBN"
190402,"RP"
190403,"CC"
190404,"VBD"
190405,"RP"
190406,"IN"
190407,"JJ"
190408,"NNS"
190409,"."
190410,"NNP"
190411,"NNP"
190412,"CC"
190413,"NNP"
190414,"NNP"
190415,","
190416,"NNS"
190417,"IN"
190418,"NN"
190419,"IN"
190420,"DT"
190421,"NN"
190422,"IN"
190423,"NNP"
190424,","
190425,"VBD"
190426,"NN"
190427,"IN"
190428,"DT"
190429,"NN"
190430,"VBZ"
190431,"VBN"
190432,"IN"
190433,"NNP"
190434,"DT"
190435,"NN"
190436,"."
190437,"CC"
190438,"PRP$"
190439,"NN"
190440,","
190441,"WDT"
190442,"VBD"
190443,"DT"
190444,"NN"
190445,"NN"
190446,","
190447,"VBZ"
190448,"RB"
190449,"VBN"
190450,"VBN"
190451,"TO"
190452,"VB"
190453,"JJ"
190454,"IN"
190455,"DT"
190456,"JJ"
190457,"NN"
190458,"IN"
190459,"NNS"
190460,"."
190461,"IN"
190462,"DT"
190463,"NNP"
190464,","
190465,"DT"
190466,"NN"
190467,"VBD"
190468,"VBZ"
190469,"CD"
190470,"NNS"
190471,"IN"
190472,"DT"
190473,"NN"
190474,"IN"
190475,"NNP"
190476,"NNP"
190477,"NNP"
190478,"."
190479,"CC"
190480,"DT"
190481,"NN"
190482,"VBZ"
190483,"TO"
190484,"VB"
190485,"DT"
190486,"NN"
190487,","
190488,"RB"
190489,"DT"
190490,"NN"
190491,","
190492,"IN"
190493,"NNS"
190494,","
190495,"VBG"
190496,"TO"
190497,"NNP"
190498,"NNP"
190499,","
190500,"DT"
190501,"NN"
190502,"IN"
190503,"NN"
190504,"NN"
190505,"NN"
190506,"."
190507,"DT"
190508,"NN"
190509,"VBD"
190510,"IN"
190511,"DT"
190512,"CD"
190513,"NNS"
190514,"DT"
190515,"NN"
190516,"IN"
190517,"DT"
190518,"JJ"
190519,"NN"
190520,"VBD"
190521,"JJR"
190522,"IN"
190523,"JJ"
190524,"NNS"
190525,":"
190526,"RBR"
190527,"RB"
190528,"IN"
190529,"NNS"
190530,"IN"
190531,"NN"
190532,","
190533,"WDT"
190534,"VBP"
190535,"TO"
190536,"VB"
190537,"JJ"
190538,"NNS"
190539,"IN"
190540,"NN"
190541,"NNS"
190542,"."
190543,"IN"
190544,"DT"
190545,"JJ"
190546,"JJ"
190547,"NNP"
190548,"DT"
190549,"NN"
190550,"DT"
190551,"NN"
190552,","
190553,"DT"
190554,"NNP"
190555,"NNP"
190556,"NNP"
190557,"NNP"
190558,"VBD"
190559,"IN"
190560,"CD"
190561,"NNS"
190562,"."
190563,"NNP"
190564,"NNP"
190565,"VBZ"
190566,"DT"
190567,"JJ"
190568,"NN"
190569,","
190570,"VBN"
190571,"NNP"
190572,"DT"
190573,"NN"
190574,","
190575,"NNP"
190576,"NNP"
190577,","
190578,"VBD"
190579,"VBN"
190580,"JJ"
190581,"."
190582,"IN"
190583,"DT"
190584,"JJ"
190585,"NNP"
190586,","
190587,"PRP"
190588,"VBZ"
190589,"IN"
190590,"DT"
190591,"NN"
190592,"IN"
190593,"DT"
190594,"CD"
190595,"NN"
190596,"CC"
190597,"NNP"
190598,"POS"
190599,"JJ"
190600,"NN"
190601,"MD"
190602,"VB"
190603,"VBN"
190604,"DT"
190605,"NN"
190606,","
190607,"RB"
190608,","
190609,"IN"
190610,"NNP"
190611,"POS"
190612,"NN"
190613,"NN"
190614,"."
190615,"O"
190616,"NN"
190617,"IN"
190618,"DT"
190619,"IN"
190620,"DT"
190621,"CD"
190622,"NN"
190623,":"
190624,"IN"
190625,"IN"
190626,"NN"
190627,"NNS"
190628,"VBD"
190629,"CC"
190630,"NN"
190631,"NN"
190632,"VBD"
190633,","
190634,"DT"
190635,"NN"
190636,"VBZ"
190637,"TO"
190638,"VB"
190639,"NNS"
190640,"IN"
190641,"JJ"
190642,"NNS"
190643,"VBD"
190644,"VBN"
190645,"."
190646,"``"
190647,"PRP"
190648,"MD"
190649,"RB"
190650,"VB"
190651,"NNS"
190652,"TO"
190653,"VB"
190654,"PRP$"
190655,"NNS"
190656,","
190657,"''"
190658,"VBD"
190659,"NNP"
190660,"NNP"
190661,","
190662,"JJ"
190663,"NN"
190664,"NN"
190665,"IN"
190666,"NNP"
190667,"NN"
190668,"IN"
190669,"NNP"
190670,"NNP"
190671,"IN"
190672,"NNP"
190673,"."
190674,"``"
190675,"PRP"
190676,"VBD"
190677,"("
190678,"IN"
190679,")"
190680,"DT"
190681,"NNP"
190682,"IN"
190683,"NNP"
190684,"NNP"
190685,"''"
190686,"CD"
190687,"NNS"
190688,"RB"
190689,"."
190690,"IN"
190691,"JJ"
190692,"NN"
190693,"NNS"
190694,"VBD"
190695,"DT"
190696,"NN"
190697,"CC"
190698,"RB"
190699,","
190700,"NNP"
190701,"NNS"
190702,"VBD"
190703,"RB"
190704,"JJR"
190705,"IN"
190706,"DT"
190707,"IN"
190708,"DT"
190709,"NNP"
190710,"NNP"
190711,"CC"
190712,"JJ"
190713,"NNS"
190714,"."
190715,"RB"
190716,","
190717,"DT"
190718,"NNP"
190719,"NNP"
190720,"NNP"
190721,"VBD"
190722,"PRP$"
190723,"JJS"
190724,"NN"
190725,"NN"
190726,"IN"
190727,"DT"
190728,"NN"
190729,"CC"
190730,"PRP$"
190731,"JJ"
190732,"JJS"
190733,"RB"
190734,","
190735,"JJ"
190736,"CD"
190737,","
190738,"CC"
190739,"CD"
190740,"NN"
190741,","
190742,"TO"
190743,"CD"
190744,"."
190745,"CD"
190746,"NNS"
190747,"IN"
190748,"DT"
190749,"NN"
190750,"VBD"
190751,"IN"
190752,"DT"
190753,"JJ"
190754,"CD"
190755,"NNS"
190756,"IN"
190757,"NN"
190758,"."
190759,"IN"
190760,"NN"
190761,","
190762,"DT"
190763,"NNP"
190764,"NNP"
190765,"NNP"
190766,"NNP"
190767,"NNP"
190768,"VBD"
190769,"CD"
190770,"NN"
190771,"NNP"
190772,"CC"
190773,"DT"
190774,"NNP"
190775,"NNP"
190776,"NNP"
190777,"NNP"
190778,"VBD"
190779,"CD"
190780,"NN"
190781,"."
190782,"IN"
190783,"NNP"
190784,"CD"
190785,","
190786,"CD"
190787,","
190788,"DT"
190789,"NNP"
190790,"NNP"
190791,"VBD"
190792,"CD"
190793,"NNS"
190794,","
190795,"CC"
190796,"CD"
190797,"NN"
190798,","
190799,"VBN"
190800,"IN"
190801,"PRP$"
190802,"JJ"
190803,"NN"
190804,","
190805,"CC"
190806,"CD"
190807,"NN"
190808,"NN"
190809,","
190810,"CD"
190811,"NNS"
190812,"RB"
190813,"."
190814,"NNP"
190815,"NN"
190816,"NNP"
190817,"VBD"
190818,"CD"
190819,"CD"
190820,"NNS"
190821,","
190822,"WDT"
190823,"VBD"
190824,"RB"
190825,"DT"
190826,"JJ"
190827,"JJS"
190828,"NN"
190829,"RB"
190830,"RB"
190831,"DT"
190832,"NN"
190833,"."
190834,"DT"
190835,"JJ"
190836,"NN"
190837,"IN"
190838,"CD"
190839,"CD"
190840,"NNS"
190841,"VBD"
190842,"VBN"
190843,"IN"
190844,"NNP"
190845,"CD"
190846,","
190847,"``"
190848,"EX"
190849,"VBD"
190850,"RB"
190851,"DT"
190852,"NN"
190853,"IN"
190854,"NN"
190855,"IN"
190856,"PRP"
190857,"VBD"
190858,"RB"
190859,"JJ"
190860,"TO"
190861,"VB"
190862,"NN"
190863,"VBN"
190864,","
190865,"''"
190866,"VBD"
190867,"NNP"
190868,"``"
190869,"FW"
190870,"''"
190871,"NNP"
190872,","
190873,"NN"
190874,"IN"
190875,"NNP"
190876,","
190877,"NNP"
190878,","
190879,"NNP"
190880,","
190881,"DT"
190882,"NNP"
190883,"NNP"
190884,"NN"
190885,"WDT"
190886,"VBZ"
190887,"NNS"
190888,"IN"
190889,"NNS"
190890,"IN"
190891,"NNP"
190892,"NNS"
190893,"."
190894,"JJS"
190895,"IN"
190896,"DT"
190897,"NNS"
190898,"IN"
190899,"JJ"
190900,"NN"
190901,"NNS"
190902,"VBD"
190903,"IN"
190904,"JJ"
190905,"NNS"
190906,"RB"
190907,"IN"
190908,"JJ"
190909,"NNS"
190910,"."
190911,"NNP"
190912,"NNP"
190913,"IN"
190914,"NNP"
190915,"NNP"
190916,"NNS"
190917,"VBD"
190918,"JJ"
190919,"TO"
190920,"VB"
190921,"IN"
190922,"PRP"
190923,"VBP"
190924,"DT"
190925,"NN"
190926,"VBD"
190927,"JJR"
190928,"IN"
190929,"NNS"
190930,"POS"
190931,"NN"
190932,"TO"
190933,"VB"
190934,"DT"
190935,"NN"
190936,"IN"
190937,"NNS"
190938,","
190939,"RB"
190940,"IN"
190941,"DT"
190942,"JJ"
190943,"NN"
190944,"TO"
190945,"VB"
190946,"NN"
190947,"NNS"
190948,"."
190949,"DT"
190950,"NN"
190951,"VBZ"
190952,"DT"
190953,"JJ"
190954,"NN"
190955,"IN"
190956,"NNP"
190957,"CC"
190958,"PRP$"
190959,"JJ"
190960,"NNS"
190961,","
190962,"WDT"
190963,"VBD"
190964,"RB"
190965,"VBN"
190966,"CD"
190967,"NNS"
190968,"IN"
190969,"JJ"
190970,"NNS"
190971,"IN"
190972,"NNS"
190973,"WP"
190974,"MD"
190975,"RB"
190976,"VB"
190977,"PRP$"
190978,"NNS"
190979,"CC"
190980,"NN"
190981,"IN"
190982,"DT"
190983,"NN"
190984,"IN"
190985,"DT"
190986,"NN"
190987,"."
190988,"NNP"
190989,"NNP"
190990,","
190991,"NN"
190992,"IN"
190993,"JJ"
190994,"NN"
190995,"NN"
190996,"IN"
190997,"NNP"
190998,"NNP"
190999,"NNP"
191000,","
191001,"VBD"
191002,":"
191003,"``"
191004,"PRP"
191005,"VBD"
191006,"DT"
191007,"JJ"
191008,"NN"
191009,"IN"
191010,"NN"
191011,"IN"
191012,"DT"
191013,"NNP"
191014,"."
191015,"EX"
191016,"VBD"
191017,"RB"
191018,"JJ"
191019,"NNS"
191020,"NN"
191021,"CC"
191022,"RB"
191023,"JJ"
191024,"NNS"
191025,"VBG"
191026,"TO"
191027,"VB"
191028,"NN"
191029,"NNS"
191030,"TO"
191031,"VB"
191032,"RB"
191033,"JJ"
191034,"IN"
191035,"NNS"
191036,"."
191037,"PRP"
191038,"VBD"
191039,"RB"
191040,"JJ"
191041,","
191042,"PRP"
191043,"VBD"
191044,"RB"
191045,"JJ"
191046,"."
191047,"''"
191048,"NNP"
191049,"NNP"
191050,","
191051,"NN"
191052,"IN"
191053,"NNP"
191054,"NN"
191055,"IN"
191056,"NNP"
191057,"CC"
191058,"NNP"
191059,"IN"
191060,"NNP"
191061,"NNP"
191062,","
191063,"VBD"
191064,","
191065,"``"
191066,"PRP"
191067,"VBD"
191068,"RB"
191069,"IN"
191070,"CD"
191071,"NNS"
191072,"RB"
191073,"."
191074,"NN"
191075,"VBD"
191076,"VBG"
191077,"TO"
191078,"VB"
191079,"DT"
191080,"JJ"
191081,"NN"
191082,"IN"
191083,"DT"
191084,"JJ"
191085,"NN"
191086,"."
191087,"''"
191088,"NNP"
191089,"NNP"
191090,","
191091,"DT"
191092,"NNP"
191093,"NN"
191094,"NN"
191095,"IN"
191096,"NNP"
191097,"NNP"
191098,"NNP"
191099,"IN"
191100,"NNP"
191101,"NNP"
191102,","
191103,"VBD"
191104,"RB"
191105,"IN"
191106,"PRP$"
191107,"NN"
191108,"VBN"
191109,"DT"
191110,"NN"
191111,"PRP"
191112,"VBD"
191113,"IN"
191114,"DT"
191115,"NN"
191116,"IN"
191117,"NN"
191118,"."
191119,"CC"
191120,","
191121,"PRP"
191122,"VBD"
191123,","
191124,"``"
191125,"PRP"
191126,"MD"
191127,"RB"
191128,"VB"
191129,"CD"
191130,"NN"
191131,"IN"
191132,"DT"
191133,"NN"
191134,"."
191135,"''"
191136,"NN"
191137,"NNS"
191138,"VBP"
191139,"NNS"
191140,"IN"
191141,"NN"
191142,"IN"
191143,"NN"
191144,"TO"
191145,"VB"
191146,"JJ"
191147,"NN"
191148,"WRB"
191149,"NNS"
191150,"VBP"
191151,"."
191152,"IN"
191153,"NNS"
191154,"IN"
191155,"NNP"
191156,","
191157,"WDT"
191158,"VBZ"
191159,"PRP"
191160,"MD"
191161,"VB"
191162,"NNS"
191163,"IN"
191164,"NNS"
191165,"WRB"
191166,"DT"
191167,"NN"
191168,"RB"
191169,"VBZ"
191170,"JJ"
191171,"TO"
191172,"."
191173,"WRB"
191174,"NN"
191175,"VBZ"
191176,"RB"
191177,"JJ"
191178,","
191179,"NNS"
191180,"VBP"
191181,"RB"
191182,"CC"
191183,"RB"
191184,"."
191185,"CD"
191186,"NNS"
191187,"RB"
191188,","
191189,"VBN"
191190,"IN"
191191,"DT"
191192,"NN"
191193,"IN"
191194,"JJ"
191195,"NNS"
191196,"IN"
191197,"DT"
191198,"NNS"
191199,"IN"
191200,"PRP$"
191201,"NNS"
191202,","
191203,"NN"
191204,"NNS"
191205,"PRP"
191206,"VBD"
191207,"VBG"
191208,"NNS"
191209,","
191210,"VBG"
191211,"DT"
191212,"NN"
191213,"IN"
191214,"NNP"
191215,"NN"
191216,"NNS"
191217,"."
191218,"IN"
191219,"NNP"
191220,","
191221,"DT"
191222,"NN"
191223,"NNS"
191224,"VBD"
191225,"VBG"
191226,"RB"
191227,","
191228,"NNS"
191229,"VBD"
191230,"."
191231,"CC"
191232,","
191233,"IN"
191234,"NNS"
191235,"VBG"
191236,"IN"
191237,"NNP"
191238,"NNP"
191239,"IN"
191240,"DT"
191241,"NN"
191242,","
191243,"NNS"
191244,"VBP"
191245,"VBN"
191246,"JJR"
191247,"NN"
191248,"NNS"
191249,"IN"
191250,"NN"
191251,"."
191252,"NNP"
191253,"NNP"
191254,"IN"
191255,"NNP"
191256,"CC"
191257,"NNP"
191258,"VBD"
191259,"DT"
191260,"NNS"
191261,"VBD"
191262,"IN"
191263,"NNS"
191264,"VBG"
191265,"NN"
191266,","
191267,"IN"
191268,"NN"
191269,"NNS"
191270,"VBD"
191271,"VBG"
191272,"DT"
191273,"NNS"
191274,"IN"
191275,"WDT"
191276,"PRP"
191277,"MD"
191278,"VB"
191279,"NNS"
191280,"."
191281,"``"
191282,"NN"
191283,"VBD"
191284,"VBG"
191285,"NN"
191286,"RB"
191287,"POS"
191288,"NN"
191289,","
191290,"''"
191291,"PRP"
191292,"VBD"
191293,"."
191294,"RB"
191295,","
191296,"IN"
191297,"NNP"
191298,"NNS"
191299,"VBD"
191300,"NNS"
191301,"IN"
191302,"NNP"
191303,","
191304,"NN"
191305,"NNS"
191306,"VBD"
191307,"DT"
191308,"NN"
191309,"VBD"
191310,"RB"
191311,"RB"
191312,"JJ"
191313,"IN"
191314,"PRP"
191315,"VBD"
191316,"IN"
191317,"CD"
191318,"."
191319,"``"
191320,"CD"
191321,"NNS"
191322,"IN"
191323,"PRP"
191324,"VBD"
191325,"VBG"
191326,"JJ"
191327,"NNS"
191328,"CC"
191329,"WDT"
191330,"VBD"
191331,"DT"
191332,"JJ"
191333,"NN"
191334,"."
191335,"PRP"
191336,"VBP"
191337,"RB"
191338,"VB"
191339,"IN"
191340,"NN"
191341,"VBG"
191342,"JJ"
191343,"NNS"
191344,"RB"
191345,","
191346,"''"
191347,"VBD"
191348,"NNP"
191349,"NNP"
191350,"IN"
191351,"NNP"
191352,"."
191353,"NNP"
191354,"NNP"
191355,","
191356,"NN"
191357,"IN"
191358,"NN"
191359,"NN"
191360,"IN"
191361,"NNP"
191362,","
191363,"NNP"
191364,"CC"
191365,"NNP"
191366,"IN"
191367,"NNP"
191368,","
191369,"VBD"
191370,"IN"
191371,"NNP"
191372,"NNP"
191373,"RB"
191374,"VBD"
191375,"NN"
191376,"IN"
191377,"NNP"
191378,"."
191379,"PRP"
191380,"VBD"
191381,"IN"
191382,"PRP$"
191383,"NN"
191384,"VBZ"
191385,"DT"
191386,"JJ"
191387,"JJR"
191388,"RB"
191389,"IN"
191390,"PRP"
191391,"VBD"
191392,"CD"
191393,"NNS"
191394,"RB"
191395,","
191396,"PRP"
191397,"VBD"
191398,"."
191399,"NNP"
191400,"NNP"
191401,","
191402,"NN"
191403,"IN"
191404,"DT"
191405,"NNP"
191406,"NNP"
191407,"IN"
191408,"NNP"
191409,"NNPS"
191410,","
191411,"WDT"
191412,"VBZ"
191413,"DT"
191414,"NNP"
191415,"JJ"
191416,"NN"
191417,"NN"
191418,","
191419,"VBD"
191420,"IN"
191421,"IN"
191422,"DT"
191423,"NN"
191424,"IN"
191425,"NN"
191426,","
191427,"PRP"
191428,"RB"
191429,"VBD"
191430,"DT"
191431,"NN"
191432,"DT"
191433,"``"
191434,"NN"
191435,"."
191436,"''"
191437,"``"
191438,"DT"
191439,"NN"
191440,"IN"
191441,"NN"
191442,"VBD"
191443,"JJ"
191444,","
191445,"''"
191446,"PRP"
191447,"VBD"
191448,"."
191449,"NNP"
191450,"POS"
191451,"NNP"
191452,"NNP"
191453,"NNP"
191454,"NNP"
191455,"``"
191456,"VBD"
191457,"RB"
191458,","
191459,"''"
191460,"RB"
191461,"VBD"
191462,"DT"
191463,"JJ"
191464,"NN"
191465,"IN"
191466,"JJR"
191467,"NNS"
191468,","
191469,"VBG"
191470,"TO"
191471,"NNP"
191472,"NNP"
191473,"."
191474,"RB"
191475,","
191476,"DT"
191477,"NN"
191478,"IN"
191479,"DT"
191480,"JJ"
191481,"NN"
191482,"IN"
191483,"NN"
191484,"NNS"
191485,"RB"
191486,"MD"
191487,"VB"
191488,"JJ"
191489,"NNS"
191490,"POS"
191491,"NN"
191492,"."
191493,"IN"
191494,"DT"
191495,"NN"
191496,","
191497,"DT"
191498,"NNP"
191499,"NN"
191500,"VBD"
191501,"IN"
191502,"DT"
191503,"JJ"
191504,"NN"
191505,"IN"
191506,"NN"
191507,"NN"
191508,"."
191509,"IN"
191510,"NNP"
191511,"POS"
191512,"NN"
191513,"NN"
191514,"VBZ"
191515,"RB"
191516,"VBN"
191517,"TO"
191518,"VB"
191519,"NNS"
191520,","
191521,"NNS"
191522,"CC"
191523,"NNP"
191524,"NN"
191525,"NNS"
191526,"VBP"
191527,"DT"
191528,"NN"
191529,"MD"
191530,"RB"
191531,"VB"
191532,"JJ"
191533,"."
191534,"CC"
191535,"PRP"
191536,"VBP"
191537,"VBN"
191538,"."
191539,"``"
191540,"PRP"
191541,"VBD"
191542,"RB"
191543,"VBG"
191544,"TO"
191545,"VB"
191546,"DT"
191547,"NN"
191548,"POS"
191549,"NN"
191550,"NN"
191551,","
191552,"''"
191553,"VBD"
191554,"NNP"
191555,"NNP"
191556,"IN"
191557,"NNP"
191558,"NNP"
191559,"."
191560,"RBR"
191561,"JJ"
191562,"VBZ"
191563,"DT"
191564,"NN"
191565,"IN"
191566,"DT"
191567,"JJ"
191568,"NN"
191569,"IN"
191570,"NN"
191571,"NNS"
191572,"MD"
191573,"RB"
191574,"VB"
191575,"DT"
191576,"NN"
191577,"IN"
191578,"NN"
191579,"NN"
191580,"DT"
191581,"NNP"
191582,"NN"
191583,"VBD"
191584,"VBG"
191585,"TO"
191586,"VB"
191587,"IN"
191588,"DT"
191589,"NN"
191590,"IN"
191591,"DT"
191592,"NNP"
191593,"CD"
191594,"NN"
191595,"."
191596,"NNP"
191597,"NNP"
191598,"IN"
191599,"NNP"
191600,"NNP"
191601,"VBZ"
191602,"DT"
191603,"NN"
191604,"IN"
191605,"NN"
191606,"NN"
191607,"NNS"
191608,"MD"
191609,"VB"
191610,"NN"
191611,"NNS"
191612,"."
191613,"PRP"
191614,"MD"
191615,"RB"
191616,"VB"
191617,"RB"
191618,"RBR"
191619,"TO"
191620,"``"
191621,"VB"
191622,"DT"
191623,"NN"
191624,"IN"
191625,"IN"
191626,"JJ"
191627,"NNS"
191628,","
191629,"''"
191630,"PRP"
191631,"VBZ"
191632,"."
191633,"DT"
191634,"NNS"
191635,"IN"
191636,"NNP"
191637,"VBD"
191638,"IN"
191639,"DT"
191640,"NNS"
191641,"IN"
191642,"DT"
191643,"NNP"
191644,"NN"
191645,":"
191646,"JJ"
191647,"CC"
191648,"JJ"
191649,"JJ"
191650,"NNS"
191651,","
191652,"RB"
191653,"RB"
191654,"IN"
191655,"JJ"
191656,"NNS"
191657,"CC"
191658,"NN"
191659,"NNS"
191660,"."
191661,"CC"
191662,"JJ"
191663,"NNS"
191664,"VBD"
191665,"DT"
191666,"NN"
191667,"VBZ"
191668,"RB"
191669,"VBN"
191670,"IN"
191671,"CD"
191672,"NNS"
191673,"TO"
191674,"CD"
191675,"NNS"
191676,","
191677,"VBN"
191678,"IN"
191679,"NNS"
191680,"IN"
191681,"CD"
191682,"NNS"
191683,"CC"
191684,"JJR"
191685,"CD"
191686,"NNS"
191687,"RB"
191688,"."
191689,"NNP"
191690,"POS"
191691,"NNP"
191692,"NNP"
191693,"VBD"
191694,"JJ"
191695,"NNS"
191696,"RB"
191697,"VBD"
191698,"NN"
191699,"NNP"
191700,"CC"
191701,"RB"
191702,"VBD"
191703,"TO"
191704,"VB"
191705,"."
191706,"JJ"
191707,"NNS"
191708,","
191709,"WDT"
191710,"VBD"
191711,"VBN"
191712,"NN"
191713,"NN"
191714,"IN"
191715,"JJ"
191716,"NN"
191717,"TO"
191718,"VB"
191719,"IN"
191720,"JJ"
191721,"NNS"
191722,"VBN"
191723,"IN"
191724,"DT"
191725,"JJ"
191726,"NN"
191727,","
191728,"VBD"
191729,"NNP"
191730,"."
191731,"``"
191732,"PRP"
191733,"VBD"
191734,"DT"
191735,"JJ"
191736,"NN"
191737,"IN"
191738,"NN"
191739,"IN"
191740,"NNS"
191741,","
191742,"CC"
191743,"RB"
191744,"IN"
191745,"JJ"
191746,"NN"
191747,","
191748,"''"
191749,"NNP"
191750,"NNP"
191751,"VBD"
191752,"."
191753,"``"
191754,"IN"
191755,"PRP"
191756,"MD"
191757,"RB"
191758,"VB"
191759,","
191760,"RB"
191761,"IN"
191762,"PRP"
191763,"VBD"
191764,"DT"
191765,"NNS"
191766,"RB"
191767,"IN"
191768,"DT"
191769,"NN"
191770,"."
191771,"''"
191772,"IN"
191773,"NN"
191774,","
191775,"PRP"
191776,"VBD"
191777,","
191778,"DT"
191779,"JJR"
191780,"JJ"
191781,"NNS"
191782,"VBD"
191783,"NNS"
191784,"TO"
191785,"VB"
191786,"DT"
191787,"NNP"
191788,"NNS"
191789,"WP$"
191790,"NNS"
191791,"VBD"
191792,"VBN"
191793,"RB"
191794,"."
191795,"IN"
191796,"NN"
191797,","
191798,"NNP"
191799,"NNP"
191800,"VBD"
191801,"JJ"
191802,"NN"
191803,"NN"
191804,"IN"
191805,"NNP"
191806,"NNS"
191807,"IN"
191808,"DT"
191809,"NNP"
191810,"NNP"
191811,"IN"
191812,"CD"
191813,"JJ"
191814,"NNS"
191815,"CC"
191816,"DT"
191817,"NNP"
191818,"CC"
191819,"NNP"
191820,"POS"
191821,"JJ"
191822,"NN"
191823,"VBD"
191824,"JJ"
191825,"``"
191826,"NNS"
191827,"``"
191828,"IN"
191829,"DT"
191830,"NN"
191831,"."
191832,"NNP"
191833,"POS"
191834,"JJS"
191835,"NNS"
191836,"VBD"
191837,"VBN"
191838,"."
191839,"DT"
191840,"NNP"
191841,"CD"
191842,"NN"
191843,"IN"
191844,"DT"
191845,"JJS"
191846,"JJ"
191847,"NNS"
191848,","
191849,"VBG"
191850,"DT"
191851,"JJ"
191852,"NNP"
191853,"NN"
191854,"NNS"
191855,","
191856,"VBD"
191857,"CD"
191858,"NN"
191859,","
191860,"CC"
191861,"NNP"
191862,","
191863,"TO"
191864,"CD"
191865,"."
191866,"DT"
191867,"NNP"
191868,"NNP"
191869,"NNP"
191870,"IN"
191871,"JJ"
191872,"NN"
191873,"CC"
191874,"NN"
191875,"NNS"
191876,"VBD"
191877,"CD"
191878,"NN"
191879,","
191880,"CC"
191881,"CD"
191882,","
191883,"TO"
191884,"CD"
191885,"."
191886,"DT"
191887,"NNP"
191888,"NN"
191889,"VBZ"
191890,"RB"
191891,"DT"
191892,"NN"
191893,"IN"
191894,"JJ"
191895,"NNS"
191896,"."
191897,"CC"
191898,"PRP"
191899,"VBD"
191900,"RB"
191901,"."
191902,"NNP"
191903,"NNP"
191904,"NNP"
191905,","
191906,"IN"
191907,"NN"
191908,","
191909,"VBZ"
191910,"VBN"
191911,"TO"
191912,"VB"
191913,"NNP"
191914,"NNP"
191915,"RB"
191916,"RB"
191917,"IN"
191918,"NNP"
191919,"POS"
191920,"NNP"
191921,"NNP"
191922,"NNP"
191923,"JJ"
191924,"NN"
191925,"NNS"
191926,","
191927,"CC"
191928,"IN"
191929,"DT"
191930,"JJ"
191931,"NN"
191932,","
191933,"VBP"
191934,"JJ"
191935,"NN"
191936,"NNS"
191937,"TO"
191938,"NNP"
191939,"NNP"
191940,"."
191941,"NNP"
191942,"VBD"
191943,"CD"
191944,"NN"
191945,","
191946,"CC"
191947,"CD"
191948,"CD"
191949,","
191950,"TO"
191951,"CD"
191952,"."
191953,"NNP"
191954,"NNP"
191955,","
191956,"VBD"
191957,"CD"
191958,"CD"
191959,","
191960,"CC"
191961,"CD"
191962,"NN"
191963,","
191964,"TO"
191965,"CD"
191966,"CD"
191967,"."
191968,"DT"
191969,"NN"
191970,"IN"
191971,"DT"
191972,"NNS"
191973,"VBD"
191974,"RB"
191975,"JJ"
191976,"."
191977,"IN"
191978,"DT"
191979,"NN"
191980,"WRB"
191981,"JJ"
191982,"JJ"
191983,"NN"
191984,"VBD"
191985,"RB"
191986,"VB"
191987,"RB"
191988,"IN"
191989,"NNS"
191990,","
191991,"NNP"
191992,"NNP"
191993,","
191994,"DT"
191995,"NN"
191996,"IN"
191997,"JJ"
191998,"NN"
191999,"NNS"
192000,","
192001,"VBD"
192002,"NNP"
192003,"CC"
192004,"NNP"
192005,"VBD"
192006,"PRP"
192007,"IN"
192008,"PRP"
192009,"VBZ"
192010,"RB"
192011,"VB"
192012,"TO"
192013,"VB"
192014,"PRP$"
192015,"RB"
192016,"VBN"
192017,"$"
192018,"VBP"
192019,"NN"
192020,"TO"
192021,"VB"
192022,"DT"
192023,"NN"
192024,"."
192025,"NNP"
192026,"NNP"
192027,"VBD"
192028,"CD"
192029,"TO"
192030,"CD"
192031,"."
192032,"DT"
192033,"NNS"
192034,"IN"
192035,"NNS"
192036,"IN"
192037,"NNS"
192038,"TO"
192039,"DT"
192040,"NN"
192041,"NN"
192042,"NN"
192043,"RB"
192044,"VBD"
192045,"NNP"
192046,"."
192047,"IN"
192048,"DT"
192049,"NNP"
192050,"NN"
192051,","
192052,"NNP"
192053,"NNP"
192054,","
192055,"DT"
192056,"JJ"
192057,"NN"
192058,"IN"
192059,"DT"
192060,"JJ"
192061,","
192062,"JJ"
192063,"NNS"
192064,","
192065,"VBD"
192066,"CD"
192067,"TO"
192068,"CD"
192069,"CD"
192070,"."
192071,"IN"
192072,"JJ"
192073,"NNP"
192074,"NNS"
192075,","
192076,"NNP"
192077,","
192078,"VBD"
192079,"CD"
192080,"CD"
192081,"TO"
192082,"CD"
192083,"CD"
192084,":"
192085,"NNP"
192086,"NNP"
192087,"VBD"
192088,"CD"
192089,"CD"
192090,"TO"
192091,"CD"
192092,"CD"
192093,":"
192094,"DT"
192095,"JJ"
192096,"NN"
192097,"NNS"
192098,"IN"
192099,"NNP"
192100,"VBD"
192101,"RB"
192102,"CD"
192103,"TO"
192104,"CD"
192105,"CD"
192106,":"
192107,"NNP"
192108,"NNP"
192109,"VBD"
192110,"CD"
192111,"CD"
192112,"TO"
192113,"CD"
192114,"CD"
192115,":"
192116,"NNP"
192117,"NNP"
192118,"VBD"
192119,"CD"
192120,"TO"
192121,"CD"
192122,"CD"
192123,"CC"
192124,"NNP"
192125,"VBD"
192126,"CD"
192127,"CD"
192128,"TO"
192129,"CD"
192130,"CD"
192131,"."
192132,"O"
192133,"NNP"
192134,","
192135,"NNP"
192136,"CD"
192137,","
192138,"CD"
192139,"DT"
192140,"JJ"
192141,"NNP"
192142,"CC"
192143,"JJ"
192144,"JJ"
192145,"NN"
192146,"NNS"
192147,"RB"
192148,"VBP"
192149,"DT"
192150,"NN"
192151,"TO"
192152,"JJ"
192153,"NNS"
192154,"CC"
192155,"VBP"
192156,"RB"
192157,"RB"
192158,"VB"
192159,"JJ"
192160,"NNS"
192161,"."
192162,"NNP"
192163,"NNP"
192164,":"
192165,"CD"
192166,"CD"
192167,"NN"
192168,"."
192169,"DT"
192170,"JJ"
192171,"NN"
192172,"IN"
192173,"JJ"
192174,"NNS"
192175,"IN"
192176,"JJ"
192177,"NNP"
192178,"NN"
192179,"NN"
192180,"JJ"
192181,"NNS"
192182,"."
192183,"NNP"
192184,"NNP"
192185,":"
192186,"CD"
192187,"CD"
192188,"NN"
192189,"JJ"
192190,","
192191,"CD"
192192,"CD"
192193,"NN"
192194,"JJ"
192195,","
192196,"CD"
192197,"CD"
192198,"NN"
192199,"IN"
192200,"NN"
192201,"NN"
192202,","
192203,"CD"
192204,"CD"
192205,"NN"
192206,"VBD"
192207,"."
192208,"NNS"
192209,"VBN"
192210,"IN"
192211,"JJ"
192212,"NNS"
192213,"IN"
192214,"JJ"
192215,"NN"
192216,"IN"
192217,"NNS"
192218,"IN"
192219,"$"
192220,"CD"
192221,"CD"
192222,"CC"
192223,"JJR"
192224,"."
192225,"NN"
192226,":"
192227,"NNP"
192228,"NNP"
192229,"("
192230,"NNP"
192231,"."
192232,")"
192233,"NNP"
192234,"."
192235,"NNP"
192236,"NNP"
192237,":"
192238,"CD"
192239,"NN"
192240,"."
192241,"DT"
192242,"NN"
192243,"IN"
192244,"NNS"
192245,"TO"
192246,"JJ"
192247,"NNS"
192248,"IN"
192249,"DT"
192250,"NNP"
192251,"NNP"
192252,"NNP"
192253,"NNP"
192254,"NNP"
192255,"."
192256,"NNP"
192257,"NNP"
192258,":"
192259,"CD"
192260,"CD"
192261,"NN"
192262,"TO"
192263,"CD"
192264,"NN"
192265,"."
192266,"DT"
192267,"NN"
192268,"IN"
192269,"NNS"
192270,"TO"
192271,"NNS"
192272,"IN"
192273,"NN"
192274,"NN"
192275,"NN"
192276,"."
192277,"NNP"
192278,"NNP"
192279,"VBD"
192280,"RB"
192281,"IN"
192282,"NNP"
192283,"NNP"
192284,"NNP"
192285,"NNP"
192286,":"
192287,"CD"
192288,"NN"
192289,"CD"
192290,"TO"
192291,"CD"
192292,"NNS"
192293,":"
192294,"CD"
192295,"NN"
192296,"CD"
192297,"TO"
192298,"CD"
192299,"NNS"
192300,":"
192301,"CD"
192302,"NN"
192303,"CD"
192304,"TO"
192305,"CD"
192306,"NNS"
192307,":"
192308,"CD"
192309,"NN"
192310,"CD"
192311,"TO"
192312,"CD"
192313,"NNS"
192314,":"
192315,"CD"
192316,"NN"
192317,"CD"
192318,"TO"
192319,"CD"
192320,"NNS"
192321,":"
192322,"CD"
192323,"NN"
192324,"CD"
192325,"TO"
192326,"CD"
192327,"NNS"
192328,":"
192329,"CD"
192330,"NN"
192331,"CD"
192332,"TO"
192333,"CD"
192334,"NNS"
192335,":"
192336,"CD"
192337,"NN"
192338,"CD"
192339,"TO"
192340,"CD"
192341,"NNS"
192342,"."
192343,"NNP"
192344,"NNP"
192345,":"
192346,"JJ"
192347,"JJ"
192348,"NNS"
192349,"VBN"
192350,"IN"
192351,"NNS"
192352,"IN"
192353,"JJ"
192354,"NNS"
192355,"IN"
192356,"NNS"
192357,"IN"
192358,"$"
192359,"CD"
192360,":"
192361,"CD"
192362,"NN"
192363,"CD"
192364,"NNS"
192365,":"
192366,"CD"
192367,"NN"
192368,"CD"
192369,"NNS"
192370,":"
192371,"CD"
192372,"NN"
192373,"CD"
192374,"NNS"
192375,"."
192376,"NNS"
192377,"IN"
192378,"NN"
192379,":"
192380,"CD"
192381,"NN"
192382,"CD"
192383,"NN"
192384,":"
192385,"CD"
192386,"NN"
192387,"CD"
192388,"NNS"
192389,":"
192390,"CD"
192391,"NN"
192392,"CD"
192393,"NNS"
192394,":"
192395,"CD"
192396,"NN"
192397,"CD"
192398,"NNS"
192399,":"
192400,"CD"
192401,"NN"
192402,"CD"
192403,"NN"
192404,"."
192405,"NN"
192406,"IN"
192407,"JJ"
192408,"NNS"
192409,"VBN"
192410,"IN"
192411,"JJ"
192412,"NNP"
192413,"NNP"
192414,"NNS"
192415,"IN"
192416,"JJ"
192417,"JJ"
192418,"NNS"
192419,"IN"
192420,"JJ"
192421,"NNS"
192422,","
192423,"RB"
192424,"IN"
192425,"NNS"
192426,"IN"
192427,"$"
192428,"CD"
192429,"CD"
192430,"CC"
192431,"JJR"
192432,"."
192433,"DT"
192434,"JJ"
192435,"NN"
192436,"VBZ"
192437,"$"
192438,"CD"
192439,"."
192440,"JJ"
192441,"NNS"
192442,"IN"
192443,"DT"
192444,"JJ"
192445,"NN"
192446,":"
192447,"CD"
192448,"NN"
192449,"CD"
192450,"NN"
192451,":"
192452,"CD"
192453,"NN"
192454,"CD"
192455,"NNS"
192456,":"
192457,"CD"
192458,"NN"
192459,"CD"
192460,"NNS"
192461,"."
192462,"NNS"
192463,"NNS"
192464,":"
192465,"CD"
192466,"NN"
192467,"CD"
192468,"NNS"
192469,":"
192470,"CD"
192471,"NN"
192472,"CD"
192473,"NNS"
192474,":"
192475,"CD"
192476,"NN"
192477,"CD"
192478,"NNS"
192479,":"
192480,"CD"
192481,"NN"
192482,"CD"
192483,"NNS"
192484,":"
192485,"CD"
192486,"NN"
192487,"CD"
192488,"NNS"
192489,":"
192490,"CD"
192491,"NN"
192492,"CD"
192493,"NNS"
192494,"."
192495,"JJ"
192496,","
192497,"JJ"
192498,"NN"
192499,"NN"
192500,"NNS"
192501,"RB"
192502,"VBG"
192503,"DT"
192504,"NN"
192505,"NN"
192506,"."
192507,"NNP"
192508,"RB"
192509,"NNS"
192510,":"
192511,"CD"
192512,"CD"
192513,"NN"
192514,"TO"
192515,"CD"
192516,"CD"
192517,"NN"
192518,"CD"
192519,"NN"
192520,":"
192521,"CD"
192522,"CD"
192523,"NN"
192524,"TO"
192525,"CD"
192526,"CD"
192527,"NN"
192528,"CD"
192529,"NNS"
192530,":"
192531,"CD"
192532,"CD"
192533,"NN"
192534,"TO"
192535,"CD"
192536,"CD"
192537,"NN"
192538,"CD"
192539,"NNS"
192540,":"
192541,"CD"
192542,"CD"
192543,"NN"
192544,"TO"
192545,"CD"
192546,"CD"
192547,"NN"
192548,"CD"
192549,"NNS"
192550,":"
192551,"CD"
192552,"CD"
192553,"NN"
192554,"TO"
192555,"CD"
192556,"CD"
192557,"NN"
192558,"CD"
192559,"NNS"
192560,":"
192561,"CD"
192562,"CD"
192563,"NN"
192564,"TO"
192565,"CD"
192566,"CD"
192567,"NN"
192568,"CD"
192569,"NNS"
192570,"."
192571,"NNP"
192572,"NNP"
192573,"NNP"
192574,"NNP"
192575,"("
192576,"NNP"
192577,")"
192578,":"
192579,"CD"
192580,"CD"
192581,"NN"
192582,"CD"
192583,"NN"
192584,":"
192585,"CD"
192586,"CD"
192587,"NN"
192588,"CD"
192589,"NNS"
192590,":"
192591,"CD"
192592,"CD"
192593,"NN"
192594,"CD"
192595,"NNS"
192596,":"
192597,"CD"
192598,"CD"
192599,"NN"
192600,"NN"
192601,"NN"
192602,"."
192603,"DT"
192604,"NN"
192605,"IN"
192606,"NN"
192607,"VBD"
192608,"NNS"
192609,"IN"
192610,"NN"
192611,"NNS"
192612,"IN"
192613,"DT"
192614,"NNP"
192615,"NN"
192616,"VBN"
192617,"IN"
192618,"NNS"
192619,"IN"
192620,"CD"
192621,"JJ"
192622,"NNS"
192623,"."
192624,"NNP"
192625,"NNP"
192626,"NNP"
192627,":"
192628,"NNP"
192629,"CD"
192630,"NN"
192631,":"
192632,"NNP"
192633,"CD"
192634,"NN"
192635,":"
192636,"NNP"
192637,"CD"
192638,"NN"
192639,":"
192640,"NNP"
192641,"CD"
192642,"NN"
192643,":"
192644,"NNP"
192645,"CD"
192646,"NN"
192647,"."
192648,"DT"
192649,"NN"
192650,"NNS"
192651,"VBP"
192652,"RB"
192653,"RB"
192654,"JJ"
192655,":"
192656,"NN"
192657,"NNS"
192658,"VBP"
192659,"RB"
192660,"IN"
192661,"NN"
192662,"."
192663,"NNP"
192664,"NNPS"
192665,":"
192666,"NNS"
192667,"IN"
192668,"DT"
192669,"NNP"
192670,","
192671,"NNP"
192672,"CD"
192673,","
192674,"CD"
192675,","
192676,"NN"
192677,"IN"
192678,"JJ"
192679,"NNP"
192680,"NN"
192681,"NNS"
192682,","
192683,"VBN"
192684,"IN"
192685,"DT"
192686,"NN"
192687,"IN"
192688,"NN"
192689,"NN"
192690,"IN"
192691,"NNS"
192692,"IN"
192693,"$"
192694,"CD"
192695,"TO"
192696,"$"
192697,"CD"
192698,"CD"
192699,":"
192700,"CD"
192701,"NN"
192702,"CD"
192703,"NNS"
192704,":"
192705,"CD"
192706,"NN"
192707,"CD"
192708,"NNS"
192709,"."
192710,"NNP"
192711,"NNP"
192712,"NNP"
192713,"NNP"
192714,"NNP"
192715,"."
192716,"("
192717,"NNP"
192718,"NNP"
192719,")"
192720,":"
192721,"VBN"
192722,"NNS"
192723,"IN"
192724,"JJ"
192725,"NN"
192726,"NNS"
192727,"IN"
192728,"NN"
192729,"IN"
192730,"CD"
192731,"NNS"
192732,"."
192733,"CD"
192734,"NN"
192735,","
192736,"JJ"
192737,"JJ"
192738,"JJ"
192739,"NNS"
192740,":"
192741,"CD"
192742,"NN"
192743,","
192744,"CD"
192745,"NN"
192746,"NN"
192747,"VBD"
192748,"JJ"
192749,"JJ"
192750,"NN"
192751,"NNS"
192752,"."
192753,"NN"
192754,":"
192755,"NNP"
192756,"NNP"
192757,"NNP"
192758,"."
192759,"NNP"
192760,"NNP"
192761,"NNP"
192762,"NNP"
192763,"("
192764,"NNP"
192765,"NNP"
192766,")"
192767,":"
192768,"VBN"
192769,"NNS"
192770,"IN"
192771,"CD"
192772,"NN"
192773,"NN"
192774,"NNS"
192775,"IN"
192776,"NN"
192777,"IN"
192778,"CD"
192779,"NNS"
192780,"("
192781,"VBN"
192782,"IN"
192783,"NN"
192784,")"
192785,"CD"
192786,"NN"
192787,","
192788,"JJ"
192789,"JJ"
192790,"JJ"
192791,"NNS"
192792,":"
192793,"CD"
192794,"NN"
192795,","
192796,"CD"
192797,"NN"
192798,"VBD"
192799,"JJ"
192800,"JJ"
192801,"NN"
192802,"NNS"
192803,"."
192804,"NN"
192805,":"
192806,"NNP"
192807,"NNP"
192808,"NNP"
192809,"."
192810,"NNP"
192811,"NNP"
192812,"NNP"
192813,"NNP"
192814,"NNP"
192815,":"
192816,"CD"
192817,"NN"
192818,"."
192819,"JJ"
192820,"NN"
192821,"NN"
192822,"IN"
192823,"NN"
192824,"IN"
192825,"NNS"
192826,"IN"
192827,"DT"
192828,"JJ"
192829,"CD"
192830,"NNS"
192831,":"
192832,"RB"
192833,"DT"
192834,"NN"
192835,"IN"
192836,"JJ"
192837,"NNS"
192838,"."
192839,"O"
192840,"NNP"
192841,"NNS"
192842,","
192843,"NNS"
192844,"CC"
192845,"JJ"
192846,"NNS"
192847,"IN"
192848,"DT"
192849,"NN"
192850,"NN"
192851,"VBD"
192852,"PRP"
192853,"VBD"
192854,"VBG"
192855,"RP"
192856,"NNS"
192857,"IN"
192858,"NNP"
192859,"POS"
192860,"NN"
192861,"NN"
192862,"."
192863,"CC"
192864,"PRP"
192865,"VBP"
192866,"TO"
192867,"VB"
192868,"JJ"
192869,"NN"
192870,"."
192871,"RB"
192872,"CC"
192873,"RB"
192874,","
192875,"JJ"
192876,"JJ"
192877,"JJ"
192878,"NNS"
192879,"VBP"
192880,"TO"
192881,"VB"
192882,"VBG"
192883,"DT"
192884,"JJ"
192885,"NN"
192886,"IN"
192887,"VBG"
192888,"DT"
192889,"NN"
192890,"PRP"
192891,"VBD"
192892,"IN"
192893,"DT"
192894,"NNP"
192895,"CD"
192896,"NN"
192897,":"
192898,"VBG"
192899,"IN"
192900,"DT"
192901,"NN"
192902,"VBZ"
192903,"RB"
192904,"."
192905,"TO"
192906,"VB"
192907,"JJ"
192908,","
192909,"JJ"
192910,"NNS"
192911,"MD"
192912,"VB"
192913,"RP"
192914,"PRP$"
192915,"NNS"
192916,"IN"
192917,"DT"
192918,"NN"
192919,"IN"
192920,"NNS"
192921,"VBP"
192922,"RB"
192923,"VB"
192924,"NN"
192925,"."
192926,"PRP"
192927,"MD"
192928,"RB"
192929,"VB"
192930,"CC"
192931,"VB"
192932,"RP"
192933,"IN"
192934,"DT"
192935,"NN"
192936,"."
192937,"CC"
192938,"PRP$"
192939,"CD"
192940,"NN"
192941,"VBZ"
192942,"IN"
192943,"PRP"
192944,"MD"
192945,"RB"
192946,"VB"
192947,"NNS"
192948,"IN"
192949,"NNS"
192950,"VBP"
192951,"RB"
192952,"JJR"
192953,"."
192954,"``"
192955,"JJ"
192956,"NN"
192957,","
192958,"PRP"
192959,"VBD"
192960,"VBN"
192961,"IN"
192962,"VBG"
192963,"RP"
192964,"CC"
192965,"VBG"
192966,"NNS"
192967,"WRB"
192968,"DT"
192969,"NN"
192970,"VBD"
192971,"DT"
192972,"JJS"
192973,","
192974,"''"
192975,"VBD"
192976,"NNP"
192977,"NNP"
192978,"NNP"
192979,","
192980,"NN"
192981,"IN"
192982,"JJ"
192983,"NNP"
192984,"NNP"
192985,"NNP"
192986,"NNP"
192987,","
192988,"WDT"
192989,"VBZ"
192990,"$"
192991,"CD"
192992,"CD"
192993,"IN"
192994,"NNS"
192995,"."
192996,"NNP"
192997,"NNP"
192998,"VBD"
192999,"DT"
193000,"PRP$"
193001,"NN"
193002,"IN"
193003,"NN"
193004,"NNP"
193005,"IN"
193006,"``"
193007,"PRP$"
193008,"JJ"
193009,"NNS"
193010,"WDT"
193011,"VBP"
193012,"VBN"
193013,"RB"
193014,"."
193015,"''"
193016,"PRP"
193017,"VBZ"
193018,"TO"
193019,"VB"
193020,"DT"
193021,"NN"
193022,"IN"
193023,"DT"
193024,"NN"
193025,"VBZ"
193026,"JJ"
193027,"."
193028,"JJ"
193029,"NN"
193030,"NN"
193031,"NNP"
193032,"NNP"
193033,"VBD"
193034,"RB"
193035,"VBN"
193036,"WRB"
193037,"NNP"
193038,"POS"
193039,"NN"
193040,"VBD"
193041,"$"
193042,"CD"
193043,"CD"
193044,"IN"
193045,"DT"
193046,"NN"
193047,"IN"
193048,"DT"
193049,"$"
193050,"CD"
193051,"CD"
193052,"NN"
193053,"NN"
193054,"PRP"
193055,"VBZ"
193056,"."
193057,"``"
193058,"PRP"
193059,"VBD"
193060,"TO"
193061,"VB"
193062,"RB"
193063,"PDT"
193064,"DT"
193065,"NN"
193066,"NNS"
193067,"VBD"
193068,"VBN"
193069,"IN"
193070,","
193071,"''"
193072,"PRP"
193073,"VBD"
193074,"."
193075,"RB"
193076,"PRP"
193077,"VBD"
193078,"IN"
193079,"DT"
193080,"NN"
193081,":"
193082,"``"
193083,"PRP"
193084,"VBD"
193085,"$"
193086,"CD"
193087,"CD"
193088,"IN"
193089,"DT"
193090,"JJ"
193091,"NN"
193092,"."
193093,"''"
193094,"JJ"
193095,"NN"
193096,"NNS"
193097,"RB"
193098,"VBD"
193099,"PRP$"
193100,"NNS"
193101,"."
193102,"``"
193103,"PRP"
193104,"VBD"
193105,"NN"
193106,"IN"
193107,"DT"
193108,"NN"
193109,"("
193110,"NNP"
193111,")"
193112,"CC"
193113,"PRP"
193114,"MD"
193115,"VB"
193116,"VBG"
193117,"RB"
193118,"IN"
193119,"PRP"
193120,"VBP"
193121,"PRP"
193122,"VBP"
193123,"VBG"
193124,"JJ"
193125,"NN"
193126,","
193127,"''"
193128,"VBD"
193129,"NNP"
193130,"NNP"
193131,"NNP"
193132,","
193133,"NN"
193134,"IN"
193135,"NNP"
193136,"NNP"
193137,"NNP"
193138,"NNP"
193139,","
193140,"NNP"
193141,","
193142,"NNP"
193143,"."
193144,"``"
193145,"EX"
193146,"VBZ"
193147,"DT"
193148,"NN"
193149,"IN"
193150,"DT"
193151,"JJ"
193152,"NN"
193153,"IN"
193154,"DT"
193155,"NN"
193156,"."
193157,"''"
193158,"IN"
193159,"JJ"
193160,"NNS"
193161,","
193162,"WDT"
193163,"MD"
193164,"VB"
193165,"VBN"
193166,"TO"
193167,"VB"
193168,"NNS"
193169,"WRB"
193170,"NNS"
193171,"VBP"
193172,"TO"
193173,"VB"
193174,"NN"
193175,","
193176,"JJ"
193177,"NNS"
193178,"JJ"
193179,"IN"
193180,"NN"
193181,"NNS"
193182,"CC"
193183,"NN"
193184,"NNS"
193185,"MD"
193186,"VB"
193187,"TO"
193188,"VB"
193189,"IN"
193190,"NN"
193191,"NNS"
193192,"IN"
193193,"JJ"
193194,"NN"
193195,"."
193196,"RBS"
193197,"RB"
193198,","
193199,"PRP"
193200,"VBP"
193201,"RB"
193202,"IN"
193203,","
193204,"IN"
193205,"NNS"
193206,"VBP"
193207,"VBN"
193208,"TO"
193209,"VB"
193210,"DT"
193211,"JJ"
193212,"JJ"
193213,"NN"
193214,","
193215,"VBG"
193216,"IN"
193217,"$"
193218,"CD"
193219,"CD"
193220,"IN"
193221,"NN"
193222,"NNS"
193223,"RB"
193224,"."
193225,"``"
193226,"IN"
193227,"PRP"
193228,"VBD"
193229,"IN"
193230,"DT"
193231,"NN"
193232,","
193233,"PRP"
193234,"VBD"
193235,"RB"
193236,"RB"
193237,"RB"
193238,"RB"
193239,"DT"
193240,"NN"
193241,","
193242,"''"
193243,"VBD"
193244,"NNP"
193245,"NNP"
193246,"NNP"
193247,","
193248,"JJ"
193249,"NN"
193250,"NN"
193251,"IN"
193252,"JJ"
193253,"NNP"
193254,"NNP"
193255,"NNP"
193256,"NNP"
193257,"."
193258,"DT"
193259,"$"
193260,"CD"
193261,"CD"
193262,"NNP"
193263,"NNP"
193264,"NNP"
193265,"NNP"
193266,"NNP"
193267,","
193268,"IN"
193269,"NN"
193270,","
193271,"VBD"
193272,"$"
193273,"CD"
193274,"CD"
193275,"TO"
193276,"PRP$"
193277,"NN"
193278,"NN"
193279,"CD"
193280,"NNS"
193281,"RB"
193282,"."
193283,"``"
193284,"DT"
193285,"JJ"
193286,"NN"
193287,"VBD"
193288,"JJ"
193289,"NNS"
193290,"IN"
193291,"PRP"
193292,"VBP"
193293,"TO"
193294,"VB"
193295,"JJ"
193296,"NNS"
193297,","
193298,"CC"
193299,"IN"
193300,"PRP"
193301,"MD"
193302,"RB"
193303,"VB"
193304,"TO"
193305,"JJ"
193306,"NNS"
193307,","
193308,"JJ"
193309,"CC"
193310,"JJ"
193311,","
193312,"''"
193313,"VBD"
193314,"NNP"
193315,"NNP"
193316,"NNP"
193317,","
193318,"JJ"
193319,"NN"
193320,"NN"
193321,"IN"
193322,"DT"
193323,"NN"
193324,"NNS"
193325,"NNP"
193326,"NNP"
193327,"IN"
193328,"NNP"
193329,"NNP"
193330,","
193331,"NNP"
193332,"."
193333,"``"
193334,"DT"
193335,"WDT"
193336,"VBD"
193337,"RP"
193338,"("
193339,"IN"
193340,"NNS"
193341,")"
193342,"VBD"
193343,"PRP"
193344,","
193345,"''"
193346,"PRP"
193347,"VBD"
193348,","
193349,"``"
193350,"RB"
193351,"PRP"
193352,"VBP"
193353,"PRP"
193354,"MD"
193355,"VB"
193356,"DT"
193357,"JJ"
193358,"NNS"
193359,"''"
193360,"IN"
193361,"JJ"
193362,"NNS"
193363,"IN"
193364,"DT"
193365,"NN"
193366,"IN"
193367,"NNP"
193368,"POS"
193369,"NN"
193370,"."
193371,"NNS"
193372,","
193373,"RB"
193374,"VBN"
193375,"IN"
193376,"DT"
193377,"NNP"
193378,"CC"
193379,"NNP"
193380,"POS"
193381,"JJ"
193382,"NN"
193383,","
193384,"VBP"
193385,"VBN"
193386,"JJ"
193387,"NNS"
193388,"DT"
193389,"NN"
193390,","
193391,"VBG"
193392,"CD"
193393,"NN"
193394,"IN"
193395,"NNP"
193396,"POS"
193397,"NN"
193398,","
193399,"VBG"
193400,"NNS"
193401,"."
193402,"RB"
193403,"NNP"
193404,"POS"
193405,"NN"
193406,"VBZ"
193407,"NNS"
193408,"RB"
193409,"JJR"
193410,"IN"
193411,"CD"
193412,"NN"
193413,","
193414,"RB"
193415,"IN"
193416,"DT"
193417,"JJ"
193418,"NN"
193419,"IN"
193420,"NNS"
193421,"IN"
193422,"JJ"
193423,"NNS"
193424,"."
193425,"``"
193426,"PRP"
193427,"MD"
193428,"VB"
193429,"IN"
193430,"CD"
193431,"NNS"
193432,"CC"
193433,"RB"
193434,"VB"
193435,"DT"
193436,"JJ"
193437,"NN"
193438,"IN"
193439,"DT"
193440,"NN"
193441,","
193442,"''"
193443,"VBD"
193444,"NNP"
193445,"NNP"
193446,"NN"
193447,","
193448,"NN"
193449,"IN"
193450,"NNP"
193451,"NNP"
193452,"NNP"
193453,"NNP"
193454,"NNP"
193455,"."
193456,"NNP"
193457,"NN"
193458,","
193459,"RB"
193460,","
193461,"NNS"
193462,"IN"
193463,"DT"
193464,"NN"
193465,"``"
193466,"MD"
193467,"VB"
193468,"RB"
193469,"CD"
193470,"CC"
193471,"CD"
193472,"NNS"
193473,"IN"
193474,"DT"
193475,"JJ"
193476,"JJ"
193477,"NNS"
193478,"."
193479,"PRP"
193480,"MD"
193481,"VB"
193482,"IN"
193483,"PRP"
193484,"MD"
193485,"VB"
193486,"RB"
193487,"."
193488,"''"
193489,"PRP"
193490,"VBD"
193491,"PRP"
193492,"VBZ"
193493,"JJ"
193494,"NNS"
193495,"IN"
193496,"CD"
193497,","
193498,"VBG"
193499,"DT"
193500,"NN"
193501,"IN"
193502,"NN"
193503,"NNS"
193504,"CC"
193505,"DT"
193506,"NN"
193507,"IN"
193508,"JJ"
193509,"NN"
193510,"NN"
193511,"."
193512,"``"
193513,"DT"
193514,"JJ"
193515,"NN"
193516,"PRP"
193517,"VBP"
193518,"RB"
193519,"VB"
193520,","
193521,"''"
193522,"PRP"
193523,"VBD"
193524,","
193525,"``"
193526,"VBZ"
193527,"DT"
193528,"``"
193529,"NN"
193530,"NN"
193531,"POS"
193532,"NN"
193533,"NN"
193534,"IN"
193535,"DT"
193536,"NN"
193537,"."
193538,"''"
193539,"JJS"
193540,"JJ"
193541,"NNS"
193542,"VBP"
193543,"VBN"
193544,"DT"
193545,"NN"
193546,"NN"
193547,"NN"
193548,"NN"
193549,","
193550,"WDT"
193551,"VBZ"
193552,"RB"
193553,"VBN"
193554,"TO"
193555,"VB"
193556,"VBN"
193557,"DT"
193558,"CD"
193559,"NN"
193560,"."
193561,"RB"
193562,"RB"
193563,"NN"
193564,","
193565,"DT"
193566,"NN"
193567,"VBD"
193568,"VBN"
193569,"TO"
193570,"VB"
193571,"DT"
193572,"NN"
193573,"IN"
193574,"VBG"
193575,"NN"
193576,"NNS"
193577,"CC"
193578,"VB"
193579,"DT"
193580,"JJ"
193581,"NN"
193582,"IN"
193583,"NN"
193584,"NNS"
193585,"IN"
193586,"NNP"
193587,"NNS"
193588,"NNS"
193589,"."
193590,"IN"
193591,"PRP$"
193592,"JJ"
193593,"NN"
193594,","
193595,"DT"
193596,"$"
193597,"CD"
193598,"CD"
193599,"IN"
193600,"NN"
193601,"NN"
193602,"IN"
193603,"NN"
193604,"IN"
193605,"DT"
193606,"CD"
193607,"NN"
193608,"VBD"
193609,"RB"
193610,"NN"
193611,","
193612,"IN"
193613,"NN"
193614,"NNS"
193615,"VBD"
193616,"CC"
193617,"NN"
193618,"CC"
193619,"NNS"
193620,"NNS"
193621,"VBD"
193622,"VBN"
193623,"."
193624,"RB"
193625,"IN"
193626,"NN"
193627,"NN"
193628,","
193629,"NN"
193630,"NNS"
193631,"VBD"
193632,"JJ"
193633,"NNP"
193634,","
193635,"NN"
193636,"NNS"
193637,"VBD"
193638,"."
193639,"NNP"
193640,"NNP"
193641,","
193642,"WP$"
193643,"NNP"
193644,"JJ"
193645,"NNP"
193646,"NNP"
193647,"NNP"
193648,"VBD"
193649,"VBN"
193650,"CD"
193651,"NN"
193652,"IN"
193653,"PRP$"
193654,"$"
193655,"CD"
193656,"CD"
193657,"NN"
193658,"NN"
193659,"TO"
193660,"VB"
193661,"IN"
193662,"JJ"
193663,"NNS"
193664,","
193665,"VBD"
193666,"PRP"
193667,"VBD"
193668,"VBN"
193669,"IN"
193670,"NNP"
193671,"NNP"
193672,"NNS"
193673,"NNP"
193674,"VBG"
193675,"PRP"
193676,"TO"
193677,"VB"
193678,"NN"
193679,"IN"
193680,"PRP$"
193681,"NNS"
193682,"."
193683,"``"
193684,"PRP"
193685,"VBD"
193686,"NNS"
193687,"IN"
193688,"JJ"
193689,"NN"
193690,"NNS"
193691,"VBG"
193692,"PRP"
193693,"IN"
193694,"PRP"
193695,"VBP"
193696,"TO"
193697,"VB"
193698,"NNS"
193699,"IN"
193700,"NN"
193701,","
193702,"''"
193703,"VBD"
193704,"NNP"
193705,"NNP"
193706,","
193707,"WP"
193708,","
193709,"JJ"
193710,"IN"
193711,"PRP$"
193712,"NNS"
193713,"IN"
193714,"NNS"
193715,"VBD"
193716,"RP"
193717,"RBR"
193718,","
193719,"VBD"
193720,"DT"
193721,"NNS"
193722,"."
193723,"NNP"
193724,"NNP"
193725,"VBZ"
193726,"NNS"
193727,"MD"
193728,"VB"
193729,"TO"
193730,"VB"
193731,"IN"
193732,"DT"
193733,"JJ"
193734,"JJ"
193735,"NNS"
193736,"IN"
193737,"VBG"
193738,"RB"
193739,","
193740,"VBG"
193741,"JJR"
193742,"NNS"
193743,"."
193744,"``"
193745,"PRP"
193746,"VBP"
193747,"PRP"
193748,"MD"
193749,"VB"
193750,"DT"
193751,"NN"
193752,"NN"
193753,"NN"
193754,","
193755,"''"
193756,"PRP"
193757,"VBD"
193758,"."
193759,"RB"
193760,","
193761,"NNP"
193762,"VBD"
193763,"DT"
193764,"NN"
193765,"IN"
193766,"NN"
193767,"NNS"
193768,"WP$"
193769,"NN"
193770,"NNS"
193771,"VBD"
193772,"VBN"
193773,"PRP"
193774,"IN"
193775,"NNS"
193776,"IN"
193777,"DT"
193778,"NN"
193779,"NN"
193780,"."
193781,"NNP"
193782,"NNP"
193783,"VBD"
193784,"DT"
193785,"JJ"
193786,"NNS"
193787,","
193788,"WP"
193789,"VBP"
193790,"VBN"
193791,"VBN"
193792,"IN"
193793,"DT"
193794,"NN"
193795,"POS"
193796,"NN"
193797,"NN"
193798,"."
193799,"DT"
193800,"NNS"
193801,"VBP"
193802,"VBN"
193803,"NNS"
193804,","
193805,"VBG"
193806,"TO"
193807,"VB"
193808,"IN"
193809,"VBG"
193810,"PRP"
193811,"RB"
193812,"IN"
193813,"DT"
193814,"JJR"
193815,"NN"
193816,"."
193817,"DT"
193818,"NN"
193819,"POS"
193820,"JJS"
193821,"NN"
193822,"NN"
193823,"VBZ"
193824,"NNP"
193825,"NNP"
193826,","
193827,"NNP"
193828,"NNP"
193829,","
193830,"NNP"
193831,","
193832,"WDT"
193833,"VBD"
193834,"JJ"
193835,"NNP"
193836,"IN"
193837,"PRP$"
193838,"JJ"
193839,"NNS"
193840,"VBD"
193841,"VBN"
193842,"NNS"
193843,"IN"
193844,"CD"
193845,"NN"
193846,"IN"
193847,"DT"
193848,"NN"
193849,"RB"
193850,"TO"
193851,"DT"
193852,"NN"
193853,"."
193854,"DT"
193855,"IN"
193856,"RB"
193857,"VBZ"
193858,"VBN"
193859,"."
193860,"``"
193861,"PRP"
193862,"VBP"
193863,"RB"
193864,"IN"
193865,"DT"
193866,"NN"
193867,"IN"
193868,"IN"
193869,"NNP"
193870,","
193871,"''"
193872,"VBD"
193873,"DT"
193874,"NN"
193875,"POS"
193876,"NNP"
193877,"NNP"
193878,"."
193879,"``"
193880,"PRP"
193881,"VBP"
193882,"RB"
193883,"VBG"
193884,"DT"
193885,"VBG"
193886,","
193887,"CC"
193888,"PRP"
193889,"VBD"
193890,"DT"
193891,"JJ"
193892,"NN"
193893,"."
193894,"O"
193895,"NNP"
193896,"NNP"
193897,"NNP"
193898,"NNP"
193899,"NN"
193900,"NNP"
193901,"NNP"
193902,"VBD"
193903,"DT"
193904,"NN"
193905,"VBZ"
193906,"VBN"
193907,"IN"
193908,"NN"
193909,"IN"
193910,"DT"
193911,"JJ"
193912,"NN"
193913,"VBG"
193914,"NNP"
193915,"NNP"
193916,"NNP"
193917,"TO"
193918,"DT"
193919,"NNP"
193920,"NNP"
193921,"POS"
193922,"NN"
193923,"IN"
193924,"NNP"
193925,"."
193926,"DT"
193927,"NN"
193928,"CC"
193929,"DT"
193930,"IN"
193931,"DT"
193932,"NNP"
193933,"NNP"
193934,","
193935,"NNP"
193936,","
193937,"NN"
193938,"POS"
193939,"NNS"
193940,"CC"
193941,"NNS"
193942,"VBP"
193943,"VBN"
193944,"VBN"
193945,"IN"
193946,"DT"
193947,"NNS"
193948,"."
193949,"NNP"
193950,"VBD"
193951,"NN"
193952,"TO"
193953,"VB"
193954,"DT"
193955,"NN"
193956,"IN"
193957,"DT"
193958,"NN"
193959,"NN"
193960,"NN"
193961,"CC"
193962,"VBD"
193963,"IN"
193964,"PRP"
193965,"VBD"
193966,"DT"
193967,"NNP"
193968,"NNP"
193969,"NNP"
193970,"NN"
193971,"IN"
193972,"PRP$"
193973,"NN"
193974,"IN"
193975,"NNS"
193976,"."
193977,"NNP"
193978,"NNP"
193979,"RB"
193980,"VBD"
193981,"DT"
193982,"NNP"
193983,"VBZ"
193984,"VBN"
193985,"NNP"
193986,"NNP"
193987,"NNP"
193988,"TO"
193989,"VB"
193990,"IN"
193991,"DT"
193992,"JJ"
193993,"NN"
193994,"VBZ"
193995,"JJ"
193996,"NN"
193997,"NN"
193998,"."
193999,"CC"
194000,"RB"
194001,"RB"
194002,"DT"
194003,"NN"
194004,"VBZ"
194005,"RB"
194006,"VBN"
194007,"IN"
194008,"DT"
194009,"NN"
194010,","
194011,"DT"
194012,"NN"
194013,"VBD"
194014,"."
194015,"NNP"
194016,","
194017,"DT"
194018,"NN"
194019,"IN"
194020,"DT"
194021,"JJ"
194022,"NN"
194023,"IN"
194024,"DT"
194025,"NNP"
194026,"CC"
194027,"DT"
194028,"NNP"
194029,"NNP"
194030,"POS"
194031,"NN"
194032,"IN"
194033,"DT"
194034,"NNP"
194035,"CC"
194036,"NNP"
194037,"NNP"
194038,"NNP"
194039,","
194040,"RB"
194041,"VBN"
194042,"TO"
194043,"VB"
194044,"CD"
194045,"NNS"
194046,"IN"
194047,"PRP$"
194048,"NN"
194049,"IN"
194050,"NN"
194051,"``"
194052,"RB"
194053,"RB"
194054,"RP"
194055,"IN"
194056,"JJ"
194057,"NNS"
194058,","
194059,"RB"
194060,"NNS"
194061,","
194062,"''"
194063,"NNP"
194064,"NNP"
194065,"VBD"
194066,"."
194067,"NNP"
194068,","
194069,"IN"
194070,"NNP"
194071,","
194072,"NNP"
194073,","
194074,"RB"
194075,"VBD"
194076,"DT"
194077,"JJ"
194078,"NN"
194079,"IN"
194080,"DT"
194081,"JJ"
194082,"CD"
194083,"NN"
194084,"CC"
194085,"CD"
194086,"NN"
194087,"NNS"
194088,"IN"
194089,"DT"
194090,"NN"
194091,"."
194092,"DT"
194093,"NNP"
194094,"VBZ"
194095,"VBN"
194096,"PRP"
194097,"VBD"
194098,"NN"
194099,"PRP"
194100,"VBD"
194101,"TO"
194102,"DT"
194103,"NN"
194104,"VBG"
194105,"DT"
194106,"JJ"
194107,"JJ"
194108,"DT"
194109,"JJ"
194110,"NN"
194111,"IN"
194112,"PRP$"
194113,"NN"
194114,"TO"
194115,"VB"
194116,"NN"
194117,"NN"
194118,"TO"
194119,"VB"
194120,"JJ"
194121,"NNS"
194122,"IN"
194123,"NNP"
194124,"."
194125,"NNP"
194126,"VBZ"
194127,"VBN"
194128,"IN"
194129,"PRP"
194130,"VBD"
194131,"DT"
194132,"JJ"
194133,"NN"
194134,"IN"
194135,"PRP$"
194136,"NN"
194137,"IN"
194138,"JJ"
194139,"NN"
194140,"."
194141,"O"
194142,"DT"
194143,"NNP"
194144,"NNP"
194145,"NN"
194146,"NNP"
194147,"NNP"
194148,"NNP"
194149,"NNP"
194150,"VBZ"
194151,"TO"
194152,"VB"
194153,"DT"
194154,"NN"
194155,"IN"
194156,"DT"
194157,"RB"
194158,"VBN"
194159,"JJ"
194160,"NN"
194161,"IN"
194162,"NNS"
194163,"IN"
194164,"DT"
194165,"NNP"
194166,"."
194167,"DT"
194168,"JJ"
194169,"NN"
194170,"NN"
194171,"MD"
194172,"VB"
194173,"DT"
194174,"NN"
194175,"IN"
194176,"JJ"
194177,"JJ"
194178,"NN"
194179,"IN"
194180,"DT"
194181,"NN"
194182,"NN"
194183,"VBZ"
194184,"TO"
194185,"VB"
194186,"MD"
194187,"VB"
194188,"DT"
194189,"JJ"
194190,"TO"
194191,"VB"
194192,"DT"
194193,"JJ"
194194,"NN"
194195,"CC"
194196,"NN"
194197,"IN"
194198,"NNS"
194199,"VBG"
194200,"NN"
194201,"JJ"
194202,"NNS"
194203,"TO"
194204,"JJ"
194205,"NNS"
194206,"TO"
194207,"VB"
194208,"NN"
194209,"NN"
194210,"IN"
194211,"JJ"
194212,"NNS"
194213,"."
194214,"IN"
194215,"TO"
194216,"RB"
194217,"JJ"
194218,"JJ"
194219,"NNS"
194220,"IN"
194221,"DT"
194222,"NNS"
194223,"VBP"
194224,"VBN"
194225,"VBN"
194226,","
194227,"IN"
194228,"RB"
194229,","
194230,"NNP"
194231,"POS"
194232,"JJ"
194233,"NNS"
194234,"VBD"
194235,"."
194236,"MD"
194237,"DT"
194238,"NNS"
194239,"RB"
194240,"DT"
194241,"NN"
194242,"IN"
194243,"DT"
194244,"NN"
194245,"IN"
194246,"NN"
194247,","
194248,"NNP"
194249,"MD"
194250,"RB"
194251,"VB"
194252,"DT"
194253,"NN"
194254,"TO"
194255,"VB"
194256,"PDT"
194257,"DT"
194258,"NN"
194259,"NN"
194260,"RB"
194261,"VBN"
194262,"IN"
194263,"NNP"
194264,"NNP"
194265,"NNP"
194266,"."
194267,"NNP"
194268,"VBZ"
194269,"DT"
194270,"JJ"
194271,"JJ"
194272,"NN"
194273,"NN"
194274,"VBD"
194275,"RB"
194276,"JJ"
194277,"NNS"
194278,"TO"
194279,"VB"
194280,"JJ"
194281,"NN"
194282,"TO"
194283,"DT"
194284,"JJ"
194285,"NN"
194286,"CC"
194287,"RB"
194288,"VB"
194289,"DT"
194290,"NN"
194291,"CC"
194292,"NN"
194293,"NN"
194294,"IN"
194295,"NNP"
194296,"CC"
194297,"JJ"
194298,"NNS"
194299,"."
194300,"VBG"
194301,"IN"
194302,"PRP$"
194303,"JJ"
194304,"NNS"
194305,","
194306,"NNP"
194307,"RB"
194308,"VBD"
194309,"PRP"
194310,"VBZ"
194311,"DT"
194312,"CD"
194313,"NN"
194314,"NN"
194315,"IN"
194316,"NNP"
194317,"."
194318,"PRP"
194319,"VBD"
194320,"RB"
194321,"VBN"
194322,"FW"
194323,"VBN"
194324,"DT"
194325,"CD"
194326,"NN"
194327,"NN"
194328,"WDT"
194329,"VBD"
194330,"VBN"
194331,"IN"
194332,"NNP"
194333,"."
194334,"DT"
194335,"NN"
194336,"IN"
194337,"NNP"
194338,"VBD"
194339,"PRP$"
194340,"NN"
194341,"VBZ"
194342,"JJ"
194343,"IN"
194344,"PRP$"
194345,"JJ"
194346,"NN"
194347,"CC"
194348,"DT"
194349,"NN"
194350,"IN"
194351,"DT"
194352,"JJ"
194353,"NN"
194354,"."
194355,"PRP"
194356,"VBD"
194357,"NNP"
194358,"POS"
194359,"JJ"
194360,"NNS"
194361,"IN"
194362,"``"
194363,"JJ"
194364,"''"
194365,"TO"
194366,"JJ"
194367,"NN"
194368,"IN"
194369,"JJ"
194370,"NNS"
194371,"."
194372,"O"
194373,"NNP"
194374,"NNP"
194375,"NNP"
194376,"NNP"
194377,"NNP"
194378,"NNP"
194379,"VBZ"
194380,"DT"
194381,"JJ"
194382,"NN"
194383,"CC"
194384,"DT"
194385,"JJ"
194386,"NNP"
194387,","
194388,"CC"
194389,"IN"
194390,"NNP"
194391,"NN"
194392,"PRP"
194393,"VBD"
194394,"JJ"
194395,"NN"
194396,"NNS"
194397,"IN"
194398,"NNP"
194399,"NNP"
194400,"POS"
194401,"JJ"
194402,"NN"
194403,"."
194404,"``"
194405,"EX"
194406,"VBP"
194407,"DT"
194408,"JJ"
194409,"JJ"
194410,"NNS"
194411,"IN"
194412,"RB"
194413,","
194414,"JJ"
194415,"IN"
194416,"DT"
194417,"JJ"
194418,"NN"
194419,","
194420,"DT"
194421,"NN"
194422,"NN"
194423,","
194424,"JJ"
194425,"NNS"
194426,"IN"
194427,"NNP"
194428,","
194429,"WDT"
194430,"VBP"
194431,"TO"
194432,"VB"
194433,"DT"
194434,"NN"
194435,"IN"
194436,"JJ"
194437,"NNS"
194438,","
194439,"''"
194440,"PRP"
194441,"VBD"
194442,"IN"
194443,"DT"
194444,"NN"
194445,"."
194446,"``"
194447,"PRP"
194448,"MD"
194449,"VB"
194450,"TO"
194451,"VB"
194452,"DT"
194453,"NN"
194454,","
194455,"CC"
194456,"PRP"
194457,"VBP"
194458,"RB"
194459,"."
194460,"EX"
194461,"VBZ"
194462,"RB"
194463,"DT"
194464,"JJ"
194465,"NN"
194466,","
194467,"DT"
194468,"NN"
194469,"."
194470,"''"
194471,"DT"
194472,"JJ"
194473,"NNS"
194474,"RB"
194475,","
194476,"DT"
194477,"NN"
194478,"NN"
194479,"VBD"
194480,"CD"
194481,"NNS"
194482,"."
194483,"NNP"
194484,"VBD"
194485,"TO"
194486,"NN"
194487,"DT"
194488,"JJ"
194489,"IN"
194490,"DT"
194491,"NN"
194492,","
194493,"IN"
194494,"JJ"
194495,"NNS"
194496,"VBP"
194497,"IN"
194498,"NNP"
194499,"VBD"
194500,"RB"
194501,"JJ"
194502,"IN"
194503,"NNP"
194504,"NNP"
194505,"POS"
194506,"NNS"
194507,"."
194508,"CC"
194509,"NNP"
194510,"NNP"
194511,"POS"
194512,"NNS"
194513,"VBP"
194514,"CD"
194515,"NN"
194516,"JJ"
194517,":"
194518,"DT"
194519,"IN"
194520,"NNP"
194521,"NNP"
194522,"NN"
194523,"IN"
194524,"NN"
194525,"VBZ"
194526,"IN"
194527,"NN"
194528,"IN"
194529,"JJ"
194530,"NN"
194531,"."
194532,"VB"
194533,"DT"
194534,":"
194535,":"
194536,"IN"
194537,"FW"
194538,"NN"
194539,"NN"
194540,","
194541,"NNP"
194542,"NNP"
194543,"MD"
194544,"VB"
194545,"$"
194546,"CD"
194547,"CD"
194548,"IN"
194549,"JJ"
194550,","
194551,"JJ"
194552,"NNS"
194553,"IN"
194554,"NN"
194555,"NN"
194556,"TO"
194557,"VB"
194558,"IN"
194559,"DT"
194560,"NNP"
194561,"NN"
194562,"NN"
194563,"."
194564,"DT"
194565,"NNS"
194566,"VBP"
194567,"JJ"
194568,"IN"
194569,"NNP"
194570,"CC"
194571,"DT"
194572,"NN"
194573,"VBP"
194574,"VBN"
194575,"TO"
194576,"VB"
194577,"NN"
194578,"IN"
194579,"DT"
194580,"JJ"
194581,"NN"
194582,"."
194583,"``"
194584,"PRP"
194585,"RB"
194586,"VBP"
194587,"RB"
194588,"VB"
194589,"JJ"
194590,"NN"
194591,"TO"
194592,"VB"
194593,"TO"
194594,"VB"
194595,"DT"
194596,"NN"
194597,"CC"
194598,"VB"
194599,"JJ"
194600,"NNS"
194601,","
194602,"''"
194603,"NNP"
194604,"NNP"
194605,"NNP"
194606,"NNP"
194607,"NNP"
194608,"NNP"
194609,"("
194610,"NNP"
194611,","
194612,"NNP"
194613,"."
194614,")"
194615,"VBD"
194616,"NN"
194617,"IN"
194618,"NNP"
194619,"NNP"
194620,"POS"
194621,"``"
194622,"NNP"
194623,"NNP"
194624,"NNP"
194625,"."
194626,"''"
194627,":"
194628,"IN"
194629,"DT"
194630,"JJ"
194631,"CD"
194632,"NNS"
194633,","
194634,"DT"
194635,"NNP"
194636,"NN"
194637,"CC"
194638,"DT"
194639,"NNP"
194640,"NNP"
194641,"VBP"
194642,"VBN"
194643,"VBN"
194644,"IN"
194645,"DT"
194646,"JJ"
194647,"NN"
194648,"IN"
194649,"JJ"
194650,"JJ"
194651,"NN"
194652,"."
194653,"DT"
194654,"NN"
194655,"VBZ"
194656,"VBN"
194657,"VBG"
194658,"TO"
194659,"VB"
194660,"DT"
194661,"NN"
194662,"RBR"
194663,":"
194664,"DT"
194665,"NNP"
194666,"VBZ"
194667,"VBN"
194668,"VBG"
194669,"."
194670,"``"
194671,"NN"
194672,"IN"
194673,"DT"
194674,"NNS"
194675,"WDT"
194676,"VBZ"
194677,"TO"
194678,"VB"
194679,"PRP"
194680,"VBZ"
194681,"DT"
194682,"JJ"
194683,"NN"
194684,"IN"
194685,"DT"
194686,"NNP"
194687,"NNP"
194688,"CC"
194689,"DT"
194690,"NNP"
194691,"NNP"
194692,"NNP"
194693,","
194694,"''"
194695,"VBD"
194696,"NNP"
194697,"NNP"
194698,","
194699,"DT"
194700,"NNP"
194701,","
194702,"NNP"
194703,"CC"
194704,"NNP"
194705,"NN"
194706,","
194707,"IN"
194708,"NNP"
194709,"POS"
194710,"``"
194711,"DT"
194712,"NN"
194713,"."
194714,"''"
194715,":"
194716,"DT"
194717,"NN"
194718,"VBZ"
194719,"VBN"
194720,"IN"
194721,"JJ"
194722,"NNS"
194723,"IN"
194724,"PRP$"
194725,"NN"
194726,"TO"
194727,"DT"
194728,"JJ"
194729,"NN"
194730,"IN"
194731,"NN"
194732,"NNS"
194733,"."
194734,"JJ"
194735,"NN"
194736,","
194737,"NNP"
194738,"NNP"
194739,"NNP"
194740,"NNP"
194741,"VBD"
194742,"NNP"
194743,"NNP"
194744,"TO"
194745,"VB"
194746,"DT"
194747,"NN"
194748,"VBN"
194749,"IN"
194750,"NNP"
194751,"NNP"
194752,"NNP"
194753,"NNP"
194754,"."
194755,"CC"
194756,"PRP"
194757,"VBZ"
194758,"RB"
194759,"VBN"
194760,"IN"
194761,"NN"
194762,"IN"
194763,"DT"
194764,"NNP"
194765,"CC"
194766,"DT"
194767,"NNP"
194768,"NNP"
194769,"IN"
194770,"DT"
194771,"NN"
194772,"."
194773,"CC"
194774,"PRP"
194775,"VBZ"
194776,"VBN"
194777,"JJ"
194778,"IN"
194779,"WRB"
194780,"PRP$"
194781,"NN"
194782,"MD"
194783,"VB"
194784,"DT"
194785,"NN"
194786,"IN"
194787,"NNP"
194788,"NNP"
194789,","
194790,"WDT"
194791,"VBZ"
194792,"DT"
194793,"JJ"
194794,"NN"
194795,"IN"
194796,"NNP"
194797,"NNP"
194798,"NNP"
194799,"."
194800,"DT"
194801,"NNS"
194802,"VBP"
194803,"NN"
194804,"IN"
194805,"NNP"
194806,"POS"
194807,"JJ"
194808,"NN"
194809,"VBD"
194810,"CD"
194811,"NN"
194812,"IN"
194813,"NN"
194814,"IN"
194815,"DT"
194816,"NNP"
194817,"NNP"
194818,"NN"
194819,"VBD"
194820,"IN"
194821,":"
194822,"DT"
194823,"NN"
194824,"WDT"
194825,"VBD"
194826,"DT"
194827,"NN"
194828,"NN"
194829,"."
194830,"IN"
194831,"JJ"
194832,"NNS"
194833,","
194834,"DT"
194835,"NN"
194836,"IN"
194837,"NNP"
194838,"POS"
194839,"NN"
194840,"NN"
194841,"VBZ"
194842,"RB"
194843,"JJ"
194844,"TO"
194845,"DT"
194846,"IN"
194847,"NNP"
194848,"CD"
194849,"POS"
194850,"JJ"
194851,"NN"
194852,"."
194853,"RB"
194854,","
194855,"IN"
194856,"NNP"
194857,","
194858,"DT"
194859,"NN"
194860,"NN"
194861,"VBD"
194862,"IN"
194863,"NN"
194864,"CC"
194865,"JJ"
194866,"NN"
194867,"NNS"
194868,"VBD"
194869,"IN"
194870,"NNS"
194871,"IN"
194872,"VBG"
194873,"NN"
194874,"."
194875,"DT"
194876,"NN"
194877,"VBD"
194878,"VBN"
194879,"IN"
194880,"DT"
194881,"NN"
194882,"IN"
194883,"JJ"
194884,"JJ"
194885,"NN"
194886,","
194887,"IN"
194888,"IN"
194889,"DT"
194890,"NN"
194891,"PRP"
194892,"VBD"
194893,"IN"
194894,"JJ"
194895,"JJ"
194896,"NNS"
194897,"RB"
194898,"IN"
194899,"DT"
194900,"NNP"
194901,"NNP"
194902,"."
194903,"CC"
194904,"NN"
194905,"IN"
194906,"JJ"
194907,"NNS"
194908,"VBN"
194909,"IN"
194910,"NNS"
194911,":"
194912,"RB"
194913,"IN"
194914,"DT"
194915,"JJ"
194916,"NNP"
194917,"NNP"
194918,"CC"
194919,"NNP"
194920,"NNP"
194921,"RB"
194922,"IN"
194923,"DT"
194924,"NNP"
194925,"NNP"
194926,":"
194927,"VBD"
194928,"VBG"
194929,"NNS"
194930,"JJ"
194931,"."
194932,"DT"
194933,"CD"
194934,"NN"
194935,"VBD"
194936,"DT"
194937,"JJ"
194938,"NN"
194939,"CC"
194940,"JJ"
194941,"NNS"
194942,"TO"
194943,"DT"
194944,"NN"
194945,"IN"
194946,"DT"
194947,"JJ"
194948,"NN"
194949,"NN"
194950,","
194951,"VBG"
194952,"IN"
194953,"DT"
194954,"JJ"
194955,"NN"
194956,"TO"
194957,"VB"
194958,"DT"
194959,"NN"
194960,"IN"
194961,"JJR"
194962,"IN"
194963,"$"
194964,"CD"
194965,"CD"
194966,":"
194967,"RB"
194968,"IN"
194969,"DT"
194970,"NN"
194971,"RB"
194972,"VBD"
194973,"IN"
194974,"RB"
194975,"$"
194976,"CD"
194977,"CD"
194978,"IN"
194979,"DT"
194980,"NN"
194981,"."
194982,"CC"
194983,","
194984,"VBG"
194985,"JJ"
194986,"NNS"
194987,"IN"
194988,"DT"
194989,"NN"
194990,"DT"
194991,"NN"
194992,","
194993,"DT"
194994,"JJ"
194995,"NN"
194996,"VBZ"
194997,"RB"
194998,"VB"
194999,"RB"
195000,"DT"
195001,"NN"
195002,"."
195003,"NNS"
195004,"CC"
195005,"NN"
195006,"NNS"
195007,"VBP"
195008,"IN"
195009,"NNP"
195010,"POS"
195011,"NN"
195012,","
195013,"IN"
195014,"PRP"
195015,","
195016,"VBZ"
195017,"RB"
195018,"JJ"
195019,"TO"
195020,"VB"
195021,"DT"
195022,"NNS"
195023,"RB"
195024,"TO"
195025,"DT"
195026,"NN"
195027,"TO"
195028,"VB"
195029,"TO"
195030,"VB"
195031,"DT"
195032,"JJ"
195033,"NN"
195034,"WDT"
195035,"MD"
195036,"VB"
195037,"RBR"
195038,"JJ"
195039,"CC"
195040,"RBR"
195041,"JJ"
195042,"IN"
195043,"JJ"
195044,"NN"
195045,"POS"
195046,"JJ"
195047,"NN"
195048,","
195049,"WDT"
195050,"RB"
195051,"VBZ"
195052,"RB"
195053,"RB"
195054,"VBN"
195055,"."
195056,"CD"
195057,"IN"
195058,"DT"
195059,"JJS"
195060,"NNS"
195061,"IN"
195062,"JJ"
195063,"NNS"
195064,"VBP"
195065,"RB"
195066,"JJ"
195067,"TO"
195068,"VB"
195069,"RB"
195070,"VBZ"
195071,"WDT"
195072,","
195073,"IN"
195074,"NN"
195075,"VBN"
195076,"IN"
195077,"CD"
195078,","
195079,"DT"
195080,"NN"
195081,"CC"
195082,"DT"
195083,"NN"
195084,"MD"
195085,"VB"
195086,"DT"
195087,"JJ"
195088,"NN"
195089,"NN"
195090,"."
195091,"``"
195092,"NN"
195093,"VBD"
195094,"PRP"
195095,"VBD"
195096,"VBG"
195097,"IN"
195098,"DT"
195099,"NN"
195100,"IN"
195101,"CD"
195102,","
195103,"IN"
195104,"PRP"
195105,"VBD"
195106,"VBG"
195107,"IN"
195108,"DT"
195109,"NN"
195110,","
195111,"''"
195112,"NNP"
195113,"NNP"
195114,"VBD"
195115,"NN"
195116,"IN"
195117,"DT"
195118,"NN"
195119,"."
195120,"``"
195121,"DT"
195122,"VBD"
195123,"RB"
195124,"VB"
195125,"."
195126,"PRP"
195127,"VBD"
195128,"PRP"
195129,"MD"
195130,"VB"
195131,"PRP"
195132,"IN"
195133,"JJ"
195134,"NN"
195135,"."
195136,"''"
195137,"CC"
195138,"NN"
195139,"NNS"
195140,"RB"
195141,"VBP"
195142,"IN"
195143,"NNP"
195144,"NNP"
195145,","
195146,"WP"
195147,"VBD"
195148,"DT"
195149,"JJ"
195150,"NN"
195151,"DT"
195152,"NN"
195153,"``"
195154,"VBZ"
195155,"VBG"
195156,"TO"
195157,"VB"
195158,"DT"
195159,"NN"
195160,"CC"
195161,"NNP"
195162,"TO"
195163,"VB"
195164,"DT"
195165,"JJ"
195166,"JJR"
195167,"NN"
195168,"IN"
195169,"JJ"
195170,"NN"
195171,"."
195172,"''"
195173,"IN"
195174,"DT"
195175,"NN"
195176,","
195177,"RB"
195178,"MD"
195179,"VB"
195180,"NN"
195181,"IN"
195182,"NN"
195183,"TO"
195184,"VB"
195185,"RP"
195186,"."
195187,"``"
195188,"EX"
195189,"VBZ"
195190,"DT"
195191,"JJ"
195192,"NN"
195193,"IN"
195194,"DT"
195195,"NN"
195196,"IN"
195197,"DT"
195198,"JJ"
195199,"NNS"
195200,":"
195201,"CC"
195202,"EX"
195203,"MD"
195204,"VB"
195205,":"
195206,"IN"
195207,"DT"
195208,"NN"
195209,"VBZ"
195210,"RB"
195211,"VBN"
195212,"RB"
195213,"RB"
195214,"IN"
195215,"VBG"
195216,"DT"
195217,"NN"
195218,"CC"
195219,"DT"
195220,"NNP"
195221,"VBZ"
195222,"VBN"
195223,"JJ"
195224,"TO"
195225,"VB"
195226,"WP"
195227,"DT"
195228,"NN"
195229,"VBD"
195230,"PRP"
195231,"TO"
195232,"VB"
195233,","
195234,"''"
195235,"VBD"
195236,"NNP"
195237,"NNP"
195238,"NNP"
195239,"NNP"
195240,"NNP"
195241,"NNP"
195242,"("
195243,"NNP"
195244,","
195245,"NNP"
195246,")"
195247,"."
195248,"RB"
195249,","
195250,"PRP"
195251,"RB"
195252,"MD"
195253,"VB"
195254,"JJR"
195255,"IN"
195256,"NNP"
195257,"POS"
195258,"JJ"
195259,"NN"
195260,"TO"
195261,"VB"
195262,"DT"
195263,"JJ"
195264,"NNS"
195265,"WDT"
195266,"VBP"
195267,"VBN"
195268,"IN"
195269,"NNS"
195270,"CC"
195271,"NNP"
195272,"NNP"
195273,"NNP"
195274,"NNP"
195275,"NNP"
195276,"NNP"
195277,"IN"
195278,"DT"
195279,"JJ"
195280,"NN"
195281,"."
195282,"NNP"
195283,"NNS"
195284,"VBP"
195285,"RB"
195286,"JJ"
195287,"IN"
195288,"NNP"
195289,"NNP"
195290,"POS"
195291,"NN"
195292,"IN"
195293,"DT"
195294,"JJ"
195295,"NN"
195296,"VBD"
195297,"NN"
195298,"IN"
195299,"NNP"
195300,"POS"
195301,"NN"
195302,"NN"
195303,"CC"
195304,"PRP$"
195305,"NN"
195306,"IN"
195307,"VBG"
195308,"PRP"
195309,"IN"
195310,"DT"
195311,"JJ"
195312,"NN"
195313,"."
195314,"``"
195315,"EX"
195316,"VBZ"
195317,"DT"
195318,"NN"
195319,"IN"
195320,"DT"
195321,"JJ"
195322,"JJ"
195323,"NN"
195324,"CC"
195325,"NN"
195326,"IN"
195327,"NN"
195328,"IN"
195329,"DT"
195330,"NN"
195331,"RB"
195332,"VBD"
195333,"RB"
195334,"VB"
195335,"RB"
195336,"TO"
195337,"DT"
195338,"NN"
195339,"POS"
195340,"NN"
195341,","
195342,"''"
195343,"NNP"
195344,"NNP"
195345,"NNP"
195346,"NNP"
195347,"NNP"
195348,"("
195349,"NNP"
195350,","
195351,"NNP"
195352,")"
195353,"VBD"
195354,"NN"
195355,"IN"
195356,"NNP"
195357,"NNP"
195358,"POS"
195359,"``"
195360,"NNP"
195361,"DT"
195362,"NN"
195363,"."
195364,"''"
195365,"IN"
195366,"JJ"
195367,"NN"
195368,"POS"
195369,"NNS"
195370,"IN"
195371,"DT"
195372,"JJ"
195373,"NN"
195374,"CC"
195375,"DT"
195376,"JJ"
195377,"NN"
195378,","
195379,"RB"
195380,"VBD"
195381,"NNS"
195382,"IN"
195383,"NNP"
195384,"NNP"
195385,"CC"
195386,"DT"
195387,"NN"
195388,"VBD"
195389,"IN"
195390,"NNS"
195391,"."
195392,"IN"
195393,"DT"
195394,"JJ"
195395,"NN"
195396,"IN"
195397,"NNP"
195398,"NNP"
195399,"VBD"
195400,"VBG"
195401,"DT"
195402,"NN"
195403,"TO"
195404,"VB"
195405,"NN"
195406,"NNS"
195407,"IN"
195408,"DT"
195409,"JJ"
195410,"NN"
195411,","
195412,"NNP"
195413,"NNP"
195414,"NN"
195415,"NNP"
195416,"NNP"
195417,"VBD"
195418,"NNS"
195419,"IN"
195420,"PRP"
195421,"VBD"
195422,"DT"
195423,"NN"
195424,"POS"
195425,"NN"
195426,"TO"
195427,"VB"
195428,"PRP"
195429,"."
195430,"WRB"
195431,"DT"
195432,"NN"
195433,"VBD"
195434,"VBN"
195435,"TO"
195436,"VB"
195437,"NN"
195438,"NNS"
195439,"IN"
195440,"DT"
195441,"NN"
195442,","
195443,"NNP"
195444,"NNP"
195445,"NNP"
195446,"NNP"
195447,","
195448,"DT"
195449,"JJ"
195450,"NNP"
195451,"NN"
195452,"IN"
195453,"DT"
195454,"JJ"
195455,"NNP"
195456,"NNP"
195457,"NNP"
195458,","
195459,"VBD"
195460,"PRP"
195461,"."
195462,"VBN"
195463,"IN"
195464,"DT"
195465,"NN"
195466,"NN"
195467,","
195468,"PRP"
195469,"RB"
195470,"VBD"
195471,":"
195472,"``"
195473,"DT"
195474,"NN"
195475,"MD"
195476,"VB"
195477,"TO"
195478,"VB"
195479,"IN"
195480,"PRP"
195481,"."
195482,"''"
195483,"NNP"
195484,"POS"
195485,"NN"
195486,"NN"
195487,"MD"
195488,"VB"
195489,"NN"
195490,"IN"
195491,"VBG"
195492,"DT"
195493,"NNP"
195494,"CC"
195495,"NNP"
195496,"NNS"
195497,"IN"
195498,"DT"
195499,"JJ"
195500,"NN"
195501,","
195502,"DT"
195503,"NN"
195504,"WDT"
195505,"VBZ"
195506,"RB"
195507,"VBN"
195508,"TO"
195509,"VB"
195510,"IN"
195511,"NN"
195512,"IN"
195513,"DT"
195514,"NN"
195515,"."
195516,"NNP"
195517,"NNP"
195518,"VBD"
195519,"DT"
195520,"NN"
195521,"IN"
195522,"DT"
195523,"NNP"
195524,"MD"
195525,"VB"
195526,"DT"
195527,"NN"
195528,"IN"
195529,"DT"
195530,"NNP"
195531,","
195532,"WDT"
195533,"IN"
195534,"NNP"
195535,"VBD"
195536,"TO"
195537,"VB"
195538,"DT"
195539,"NN"
195540,"IN"
195541,"NN"
195542,"NNS"
195543,"CC"
195544,"NN"
195545,"NNS"
195546,"WDT"
195547,"MD"
195548,"VB"
195549,"VBN"
195550,"DT"
195551,"JJ"
195552,"CD"
195553,"NN"
195554,"."
195555,"``"
195556,"DT"
195557,"NN"
195558,"VBZ"
195559,"DT"
195560,"JJ"
195561,"NN"
195562,"IN"
195563,"PRP"
195564,"VBP"
195565,"JJ"
195566,"IN"
195567,"NN"
195568,"NN"
195569,","
195570,"CC"
195571,"DT"
195572,"JJS"
195573,"NN"
195574,"TO"
195575,"VB"
195576,"DT"
195577,"VBZ"
195578,"IN"
195579,"DT"
195580,"NNP"
195581,"IN"
195582,"NNPS"
195583,"TO"
195584,"VB"
195585,"PRP$"
195586,"NN"
195587,"''"
195588,"IN"
195589,"JJ"
195590,"NNS"
195591,","
195592,"NNP"
195593,"NNP"
195594,"NNP"
195595,"("
195596,"NNP"
195597,","
195598,"NNP"
195599,"."
195600,")"
195601,"."
195602,"VBN"
195603,"NN"
195604,"."
195605,"DT"
195606,"NNP"
195607,"NNP"
195608,"NNP"
195609,"IN"
195610,"NNP"
195611,"NNP"
195612,"NNP"
195613,","
195614,"WP$"
195615,"NNS"
195616,"VBP"
195617,"IN"
195618,"DT"
195619,"NNP"
195620,"NNS"
195621,"VBP"
195622,"VBN"
195623,","
195624,"VBN"
195625,"IN"
195626,"DT"
195627,"JJ"
195628,"NN"
195629,"NN"
195630,"MD"
195631,"VB"
195632,"DT"
195633,"JJ"
195634,"CD"
195635,"NN"
195636,"IN"
195637,"$"
195638,"CD"
195639,"CD"
195640,","
195641,"RB"
195642,"RB"
195643,"IN"
195644,"DT"
195645,"NNP"
195646,"NNP"
195647,"NNP"
195648,"POS"
195649,"NN"
195650,"IN"
195651,"$"
195652,"CD"
195653,"CD"
195654,"."
195655,"NNP"
195656,"NNP"
195657,"VBD"
195658,"DT"
195659,"NN"
195660,"POS"
195661,"NN"
195662,"MD"
195663,"RB"
195664,"VB"
195665,"JJ"
195666,"TO"
195667,"VB"
195668,"JJ"
195669,"JJ"
195670,"NNS"
195671,","
195672,"CC"
195673,"VBD"
195674,":"
195675,"``"
195676,"PRP"
195677,"VBP"
195678,"VBG"
195679,"RB"
195680,"RB"
195681,"TO"
195682,"DT"
195683,"NNS"
195684,"RB"
195685,"."
195686,"''"
195687,"DT"
195688,"NN"
195689,"IN"
195690,"NNP"
195691,"VBD"
195692,"JJ"
195693,"TO"
195694,"VB"
195695,"DT"
195696,"NN"
195697,"IN"
195698,"JJ"
195699,"NNP"
195700,"POS"
195701,"NN"
195702,"IN"
195703,"DT"
195704,"NN"
195705,"NN"
195706,"."
195707,"CC"
195708,"DT"
195709,"NNS"
195710,"VBD"
195711,"JJ"
195712,"TO"
195713,"VB"
195714,"DT"
195715,"NN"
195716,"."
195717,"IN"
195718,"DT"
195719,"NN"
195720,"VBD"
195721,"VBN"
195722,"IN"
195723,"NNP"
195724,","
195725,"NNP"
195726,"NNP"
195727,","
195728,"DT"
195729,"JJ"
195730,"NN"
195731,"NN"
195732,"IN"
195733,"DT"
195734,"NNP"
195735,"NNP"
195736,"IN"
195737,"NNP"
195738,","
195739,"VBD"
195740,"DT"
195741,"NN"
195742,"VBG"
195743,"DT"
195744,"NN"
195745,"IN"
195746,"NN"
195747,"NNS"
195748,"TO"
195749,"DT"
195750,"NNP"
195751,"NN"
195752,"TO"
195753,"VB"
195754,"NN"
195755,"IN"
195756,"NN"
195757,"NNS"
195758,"."
195759,"``"
195760,"NNP"
195761,","
195762,"WP"
195763,"VBD"
195764,"VBN"
195765,"VBG"
195766,"NNS"
195767,"IN"
195768,"NN"
195769,"IN"
195770,"DT"
195771,"RBR"
195772,"JJ"
195773,"NN"
195774,"TO"
195775,"VB"
195776,","
195777,"VBD"
195778,"VBN"
195779,","
195780,"''"
195781,"PRP"
195782,"VBD"
195783,"."
195784,"``"
195785,"EX"
195786,"VBP"
195787,"VBN"
195788,"JJ"
195789,"JJ"
195790,"NNS"
195791,"VBD"
195792,"TO"
195793,"VB"
195794,"DT"
195795,"JJ"
195796,"NN"
195797,"NN"
195798,","
195799,"''"
195800,"NNP"
195801,"NNP"
195802,"VBD"
195803,"IN"
195804,"PRP$"
195805,"NN"
195806,"NN"
195807,","
195808,"``"
195809,"CC"
195810,"PRP"
195811,"VBP"
195812,"DT"
195813,"VBZ"
195814,"RB"
195815,"JJR"
195816,"IN"
195817,"DT"
195818,"IN"
195819,"DT"
195820,"NNS"
195821,"."
195822,"O"
195823,"DT"
195824,"JJ"
195825,"NNP"
195826,"NNP"
195827,","
195828,"JJ"
195829,"CC"
195830,"JJ"
195831,"NNS"
195832,"VBP"
195833,"RB"
195834,"VBN"
195835,"IN"
195836,"NN"
195837,"DT"
195838,"NN"
195839,","
195840,"VBG"
195841,"TO"
195842,"NNP"
195843,"NNP"
195844,"NNP"
195845,"NNP"
195846,"NNP"
195847,":"
195848,"$"
195849,"CD"
195850,"CD"
195851,"IN"
195852,"JJ"
195853,"CC"
195854,"JJ"
195855,"NNS"
195856,"."
195857,"JJ"
195858,"NNS"
195859,","
195860,"VBG"
195861,"IN"
195862,"$"
195863,"CD"
195864,"CD"
195865,"IN"
195866,"VBG"
195867,"NN"
195868,"."
195869,"$"
195870,"CD"
195871,"CD"
195872,"IN"
195873,"JJ"
195874,"NNS"
195875,"."
195876,"NNP"
195877,"NNP"
195878,"CC"
195879,"NNP"
195880,"NNP"
195881,":"
195882,"CD"
195883,"CD"
195884,"NNS"
195885,"IN"
195886,"$"
195887,"CD"
195888,"JJ"
195889,","
195890,"IN"
195891,"JJ"
195892,"NN"
195893,"."
195894,"NNP"
195895,"NNP"
195896,"NNP"
195897,"NNP"
195898,":"
195899,"CD"
195900,"CD"
195901,"JJ"
195902,"NNS"
195903,","
195904,"IN"
195905,"NNP"
195906,"NNP"
195907,"NNP"
195908,"."
195909,"NNP"
195910,"NNP"
195911,"NNP"
195912,":"
195913,"CD"
195914,"CD"
195915,"NN"
195916,"NN"
195917,"NNS"
195918,","
195919,"IN"
195920,"NNP"
195921,"NNP"
195922,"NNP"
195923,"NNP"
195924,"CC"
195925,"NNP"
195926,"."
195927,"NNP"
195928,"NNP"
195929,"NNP"
195930,":"
195931,"$"
195932,"CD"
195933,"CD"
195934,"("
195935,"NN"
195936,"NN"
195937,")"
195938,"CD"
195939,"NN"
195940,"NN"
195941,"NNS"
195942,","
195943,"IN"
195944,"NNP"
195945,"NNP"
195946,"NNP"
195947,"NNP"
195948,"."
195949,"NNP"
195950,"NNP"
195951,"NNP"
195952,":"
195953,"CD"
195954,"CD"
195955,"JJ"
195956,"NNS"
195957,","
195958,"IN"
195959,"NNP"
195960,","
195961,"NNP"
195962,"CC"
195963,"NNP"
195964,"."
195965,"NNP"
195966,"NNP"
195967,":"
195968,"$"
195969,"CD"
195970,"CD"
195971,"JJ"
195972,"NNS"
195973,","
195974,"IN"
195975,"NNP"
195976,"NNP"
195977,"."
195978,"NNP"
195979,"NNP"
195980,":"
195981,"CD"
195982,"CD"
195983,"JJ"
195984,"NNS"
195985,","
195986,"IN"
195987,"NNP"
195988,"NNP"
195989,"."
195990,"NNP"
195991,"NNP"
195992,"NNP"
195993,":"
195994,"CD"
195995,"CD"
195996,"JJ"
195997,"NNS"
195998,","
195999,"IN"
196000,"NNP"
196001,"NNP"
196002,"."
196003,"NNP"
196004,"NNP"
196005,"NNPS"
196006,"NNP"
196007,":"
196008,"CD"
196009,"CD"
196010,"JJ"
196011,"NNS"
196012,","
196013,"IN"
196014,"NNP"
196015,"NNP"
196016,"NNP"
196017,"NNP"
196018,"."
196019,"NNP"
196020,"NNP"
196021,":"
196022,"CD"
196023,"JJ"
196024,"NNS"
196025,","
196026,"IN"
196027,"NNP"
196028,"NNP"
196029,"."
196030,"NNP"
196031,"NNP"
196032,":"
196033,"CD"
196034,"CD"
196035,"JJ"
196036,"NNS"
196037,","
196038,"IN"
196039,"NNP"
196040,"NNP"
196041,"."
196042,"NNP"
196043,":"
196044,"$"
196045,"CD"
196046,"CD"
196047,"IN"
196048,"JJ"
196049,"NN"
196050,"NNS"
196051,"POS"
196052,"NN"
196053,"NNS"
196054,","
196055,"NNP"
196056,"NNP"
196057,","
196058,"IN"
196059,"JJ"
196060,"NN"
196061,"."
196062,"NNP"
196063,","
196064,"NNP"
196065,":"
196066,"$"
196067,"CD"
196068,"CD"
196069,"IN"
196070,"CD"
196071,"JJ"
196072,"NN"
196073,"NN"
196074,"NN"
196075,"NNS"
196076,"("
196077,"NNP"
196078,"NNP"
196079,")"
196080,","
196081,"IN"
196082,"JJ"
196083,"NN"
196084,"."
196085,"NNP"
196086,"NNP"
196087,"NNP"
196088,"NNP"
196089,":"
196090,"$"
196091,"CD"
196092,"IN"
196093,"NN"
196094,"NN"
196095,"NNS"
196096,","
196097,"NNP"
196098,"NNP"
196099,"NNP"
196100,"("
196101,"CD"
196102,"NN"
196103,")"
196104,","
196105,"IN"
196106,"JJ"
196107,"NN"
196108,"."
196109,"NNP"
196110,","
196111,"NNP"
196112,":"
196113,"$"
196114,"CD"
196115,"IN"
196116,"JJ"
196117,"NNS"
196118,","
196119,"VBG"
196120,"$"
196121,"CD"
196122,"CD"
196123,"NN"
196124,"NN"
196125,"NN"
196126,"NN"
196127,"NNS"
196128,","
196129,"NNP"
196130,"NNP"
196131,","
196132,"CC"
196133,"$"
196134,"CD"
196135,"CD"
196136,"NN"
196137,"NN"
196138,"NN"
196139,"NNS"
196140,","
196141,"NNP"
196142,"NNP"
196143,","
196144,"IN"
196145,"DT"
196146,"NNP"
196147,"NNP"
196148,"CC"
196149,"NNP"
196150,"NN"
196151,"."
196152,"NNP"
196153,"NNP"
196154,"NNPS"
196155,"NNP"
196156,"NNP"
196157,":"
196158,"$"
196159,"CD"
196160,"CD"
196161,"IN"
196162,"NNP"
196163,"NNP"
196164,"NN"
196165,"NNS"
196166,","
196167,"IN"
196168,"DT"
196169,"NNP"
196170,"NN"
196171,"."
196172,"NNP"
196173,":"
196174,"$"
196175,"CD"
196176,"CD"
196177,"IN"
196178,"JJ"
196179,"NN"
196180,"NN"
196181,"NN"
196182,"NNS"
196183,","
196184,"NNP"
196185,"NNP"
196186,"NNP"
196187,","
196188,"NNP"
196189,"NNP"
196190,"NNP"
196191,","
196192,"IN"
196193,"DT"
196194,"NNP"
196195,"NNP"
196196,"NNP"
196197,"NN"
196198,"."
196199,"NNP"
196200,"JJR"
196201,"NNP"
196202,"NNPS"
196203,"NNP"
196204,":"
196205,"$"
196206,"CD"
196207,"CD"
196208,"IN"
196209,"NN"
196210,"NNS"
196211,"IN"
196212,"NNP"
196213,"NNP"
196214,","
196215,"NNP"
196216,"NNP"
196217,","
196218,"IN"
196219,"DT"
196220,"NNP"
196221,"NNP"
196222,"NN"
196223,"."
196224,"NNP"
196225,"NNP"
196226,"NNP"
196227,":"
196228,"CD"
196229,"CD"
196230,"IN"
196231,"NN"
196232,"NNS"
196233,","
196234,"IN"
196235,"NNP"
196236,"NNP"
196237,"NNP"
196238,"."
196239,"NNP"
196240,"IN"
196241,"NNP"
196242,"CC"
196243,"NNP"
196244,"IN"
196245,"NNP"
196246,"NNP"
196247,":"
196248,"$"
196249,"CD"
196250,"CD"
196251,"IN"
196252,"NNP"
196253,"NNP"
196254,"NNS"
196255,","
196256,"IN"
196257,"DT"
196258,"NNP"
196259,"NN"
196260,"."
196261,"NNP"
196262,"NNP"
196263,"NNP"
196264,","
196265,"NNP"
196266,"NNP"
196267,"CC"
196268,"NNP"
196269,"NNP"
196270,":"
196271,"$"
196272,"CD"
196273,"CD"
196274,"IN"
196275,"NN"
196276,"NN"
196277,"NNS"
196278,","
196279,"NNP"
196280,"CD"
196281,","
196282,"IN"
196283,"DT"
196284,"NNP"
196285,"NN"
196286,"."
196287,"NNP"
196288,"NNP"
196289,","
196290,"NNP"
196291,":"
196292,"$"
196293,"CD"
196294,"CD"
196295,"IN"
196296,"NN"
196297,"CC"
196298,"JJ"
196299,"NN"
196300,"NN"
196301,"NNS"
196302,","
196303,"IN"
196304,"DT"
196305,"NNP"
196306,"NNP"
196307,"NN"
196308,"."
196309,"NNP"
196310,"NNP"
196311,"NNP"
196312,"CC"
196313,"NNP"
196314,"NNP"
196315,"NNP"
196316,":"
196317,"$"
196318,"CD"
196319,"CD"
196320,"IN"
196321,"NNP"
196322,"NNP"
196323,"NNP"
196324,"NNP"
196325,"NNS"
196326,","
196327,"IN"
196328,"DT"
196329,"NNP"
196330,","
196331,"NNP"
196332,","
196333,"NNP"
196334,"CC"
196335,"NNP"
196336,"NNP"
196337,"NN"
196338,"."
196339,"O"
196340,"JJ"
196341,"NNS"
196342,"VBD"
196343,"PRP$"
196344,"JJ"
196345,"JJ"
196346,"NNS"
196347,"IN"
196348,"NN"
196349,"IN"
196350,"DT"
196351,"NN"
196352,","
196353,"CC"
196354,"RBS"
196355,"VBD"
196356,"TO"
196357,"VB"
196358,"VBG"
196359,"DT"
196360,"JJ"
196361,"NN"
196362,"CC"
196363,"VBD"
196364,"PRP"
196365,"VBD"
196366,"VBN"
196367,"TO"
196368,"VBG"
196369,"RP"
196370,"DT"
196371,"JJS"
196372,"NN"
196373,"IN"
196374,"DT"
196375,"NN"
196376,"NN"
196377,"."
196378,"``"
196379,"PRP"
196380,"VBP"
196381,"RB"
196382,"JJ"
196383,"NN"
196384,"IN"
196385,"DT"
196386,"NN"
196387,","
196388,"''"
196389,"VBD"
196390,"NNP"
196391,"NN"
196392,"NNP"
196393,"NNP"
196394,"IN"
196395,"PRP"
196396,"VBD"
196397,"DT"
196398,"NN"
196399,"NN"
196400,"IN"
196401,"DT"
196402,"JJ"
196403,"NN"
196404,"IN"
196405,"NN"
196406,"IN"
196407,"DT"
196408,"NN"
196409,"NN"
196410,"."
196411,"CC"
196412,"PRP"
196413,"VBZ"
196414,"RB"
196415,"RB"
196416,"JJ"
196417,"IN"
196418,"NN"
196419,"NN"
196420,"."
196421,"``"
196422,"PRP"
196423,"VBP"
196424,"IN"
196425,"NNP"
196426,"DT"
196427,"JJ"
196428,"("
196429,"NNS"
196430,")"
196431,"VBP"
196432,"VBG"
196433,"TO"
196434,"VB"
196435,"CC"
196436,"VB"
196437,","
196438,"''"
196439,"VBD"
196440,"NNP"
196441,"NNP"
196442,","
196443,"WP$"
196444,"NNS"
196445,"VBP"
196446,"NNP"
196447,"NNP"
196448,"POS"
196449,"NNP"
196450,"NNP"
196451,"NN"
196452,"CC"
196453,"JJ"
196454,"JJ"
196455,"NNS"
196456,"."
196457,"``"
196458,"CC"
196459,"PRP"
196460,"VBP"
196461,"NNS"
196462,"VBP"
196463,"VBG"
196464,"TO"
196465,"VB"
196466,"IN"
196467,"CC"
196468,"VB"
196469,":"
196470,"PRP"
196471,"VBP"
196472,"VBG"
196473,"TO"
196474,"VB"
196475,"RP"
196476,"."
196477,"IN"
196478,"PRP"
196479,"VBP"
196480,"RB"
196481,","
196482,"PRP"
196483,"MD"
196484,"VB"
196485,"DT"
196486,"JJ"
196487,"NN"
196488,"."
196489,"''"
196490,"DT"
196491,"VBD"
196492,"DT"
196493,"NN"
196494,"WDT"
196495,"VBD"
196496,"VBN"
196497,"VBN"
196498,"WRB"
196499,"PRP"
196500,"VBD"
196501,"RB"
196502,"VB"
196503,"DT"
196504,"NN"
196505,"IN"
196506,"CD"
196507,"."
196508,"``"
196509,"UH"
196510,","
196511,"PRP"
196512,"VBD"
196513,"PRP"
196514,"MD"
196515,"VB"
196516,"IN"
196517,"CD"
196518,"NNS"
196519,"IN"
196520,"NNP"
196521,","
196522,"''"
196523,"VBD"
196524,"NNP"
196525,"NNP"
196526,","
196527,"DT"
196528,"JJ"
196529,"JJ"
196530,"NN"
196531,"IN"
196532,"NNP"
196533,","
196534,"NNP"
196535,"."
196536,"NNP"
196537,"NNP"
196538,"VBD"
196539,"PRP$"
196540,"NNP"
196541,"NNP"
196542,"NNP"
196543,"POS"
196544,"NN"
196545,"VBD"
196546,"IN"
196547,"NN"
196548,"IN"
196549,"PRP$"
196550,"NN"
196551,"VBG"
196552,"DT"
196553,"NNP"
196554,"NNP"
196555,"NN"
196556,","
196557,"``"
196558,"CC"
196559,"DT"
196560,"NN"
196561,"VBD"
196562,"VBN"
196563,","
196564,"CC"
196565,"PRP"
196566,"VBD"
196567,"IN"
196568,"RB"
196569,":"
196570,"CC"
196571,"JJR"
196572,"."
196573,"''"
196574,"IN"
196575,"DT"
196576,"JJ"
196577,"NN"
196578,"IN"
196579,"DT"
196580,"NNP"
196581,"NNP"
196582,"IN"
196583,"NNP"
196584,"NNP"
196585,"IN"
196586,"DT"
196587,"JJ"
196588,"NN"
196589,"NN"
196590,"IN"
196591,"NNP"
196592,","
196593,"DT"
196594,"NN"
196595,"VBD"
196596,"JJ"
196597,"."
196598,"DT"
196599,"CD"
196600,"NNS"
196601,"VBG"
196602,"NN"
196603,"NNS"
196604,"IN"
196605,"IN"
196606,"DT"
196607,"NNP"
196608,"VBD"
196609,"VBG"
196610,"WRB"
196611,"DT"
196612,"NN"
196613,"VBD"
196614,"TO"
196615,"VB"
196616,"NNP"
196617,"."
196618,"CC"
196619,"NNP"
196620,"NNP"
196621,","
196622,"DT"
196623,"NN"
196624,"IN"
196625,"DT"
196626,"NN"
196627,","
196628,"VBD"
196629,"DT"
196630,"JJ"
196631,"NNS"
196632,"CC"
196633,"NN"
196634,"NNS"
196635,"IN"
196636,"DT"
196637,"NNS"
196638,"POS"
196639,"NNS"
196640,"VBP"
196641,"VBN"
196642,"."
196643,"IN"
196644,"NN"
196645,","
196646,"RB"
196647,"IN"
196648,"DT"
196649,"NN"
196650,"POS"
196651,"NNS"
196652,":"
196653,"JJ"
196654,","
196655,"JJ"
196656,"NNS"
196657,":"
196658,"VBD"
196659,"DT"
196660,"NN"
196661,"IN"
196662,"NNS"
196663,"."
196664,"``"
196665,"PRP"
196666,"VBP"
196667,"TO"
196668,"VB"
196669,"NN"
196670,"IN"
196671,"PRP"
196672,","
196673,"''"
196674,"VBD"
196675,"NNP"
196676,"NNP"
196677,","
196678,"DT"
196679,"NN"
196680,"IN"
196681,"DT"
196682,"NNP"
196683,"NNP"
196684,"NNS"
196685,"POS"
196686,"NN"
196687,"."
196688,"PRP"
196689,"VBZ"
196690,"CD"
196691,"NNS"
196692,"IN"
196693,"NN"
196694,"TO"
196695,"VB"
196696,"IN"
196697,"DT"
196698,"NNS"
196699,"NN"
196700,"TO"
196701,"DT"
196702,"NN"
196703,"PRP"
196704,"VBZ"
196705,"."
196706,"RB"
196707,"NN"
196708,"VBZ"
196709,"VBG"
196710,"RB"
196711,"CD"
196712,","
196713,"RB"
196714,","
196715,"CC"
196716,"JJ"
196717,"NN"
196718,"IN"
196719,"DT"
196720,"JJ"
196721,"NNS"
196722,"IN"
196723,"WP"
196724,"VBZ"
196725,"RB"
196726,"VBN"
196727,"IN"
196728,"DT"
196729,"NN"
196730,"IN"
196731,"NNP"
196732,"POS"
196733,"NN"
196734,","
196735,"NN"
196736,"IN"
196737,"NNS"
196738,"TO"
196739,"VB"
196740,"NN"
196741,"IN"
196742,"DT"
196743,"NN"
196744,"IN"
196745,"NNP"
196746,"NNP"
196747,","
196748,"NN"
196749,"IN"
196750,"NNP"
196751,"NNP"
196752,"."
196753,"NNP"
196754,"NNP"
196755,","
196756,"DT"
196757,"NNP"
196758,","
196759,"NNP"
196760,","
196761,"NN"
196762,"NN"
196763,","
196764,"VBD"
196765,"DT"
196766,"NN"
196767,"NN"
196768,"VBZ"
196769,"VBN"
196770,"IN"
196771,"``"
196772,"DT"
196773,"JJ"
196774,"NN"
196775,"IN"
196776,"NNS"
196777,"IN"
196778,"DT"
196779,"JJ"
196780,"NN"
196781,"NN"
196782,"VBZ"
196783,"VBG"
196784,"."
196785,"EX"
196786,"VBZ"
196787,"DT"
196788,"NN"
196789,"IN"
196790,"EX"
196791,"VBZ"
196792,"DT"
196793,"JJ"
196794,"NN"
196795,"IN"
196796,"NN"
196797,"IN"
196798,"NNS"
196799,"."
196800,"''"
196801,"NNP"
196802,"NNP"
196803,"VBZ"
196804,","
196805,"RB"
196806,","
196807,"IN"
196808,"DT"
196809,"NN"
196810,"MD"
196811,"VB"
196812,"VBN"
196813,"IN"
196814,"NNP"
196815,"NN"
196816,"NNP"
196817,"NNP"
196818,"VBZ"
196819,"RB"
196820,"IN"
196821,"TO"
196822,"DT"
196823,"JJ"
196824,"NN"
196825,"IN"
196826,"DT"
196827,"NN"
196828,"IN"
196829,"$"
196830,"CD"
196831,"DT"
196832,"NN"
196833,"."
196834,"NNP"
196835,"NNP"
196836,","
196837,"DT"
196838,"JJ"
196839,"NNP"
196840,"NN"
196841,"NN"
196842,","
196843,"VBZ"
196844,"PRP"
196845,"VBZ"
196846,"RB"
196847,"JJ"
196848,"IN"
196849,"DT"
196850,"NN"
196851,"NN"
196852,"CC"
196853,"DT"
196854,"NN"
196855,"NN"
196856,"WDT"
196857,"VBZ"
196858,"TO"
196859,"VB"
196860,"PRP"
196861,"."
196862,"``"
196863,"PRP"
196864,"VBP"
196865,"DT"
196866,"NN"
196867,"IN"
196868,"PRP"
196869,"VBZ"
196870,"VBN"
196871,"IN"
196872,"NN"
196873,","
196874,"''"
196875,"PRP"
196876,"VBZ"
196877,","
196878,"IN"
196879,"DT"
196880,"NN"
196881,"VBZ"
196882,"``"
196883,"CC"
196884,"EX"
196885,"VBZ"
196886,"DT"
196887,"NN"
196888,"TO"
196889,"PRP"
196890,"."
196891,"''"
196892,"PRP"
196893,"CC"
196894,"PRP$"
196895,"NN"
196896,"VBD"
196897,"JJS"
196898,"IN"
196899,"PRP$"
196900,"NNS"
196901,"IN"
196902,"IN"
196903,"DT"
196904,"NN"
196905,"IN"
196906,"DT"
196907,"CD"
196908,"NN"
196909,","
196910,"IN"
196911,"PRP"
196912,"RB"
196913,"VBZ"
196914,"DT"
196915,"NNP"
196916,"NN"
196917,"."
196918,"RB"
196919,"RB"
196920,"IN"
196921,"NN"
196922,"IN"
196923,"DT"
196924,"NN"
196925,"CC"
196926,"RB"
196927,"IN"
196928,"PRP"
196929,"RB"
196930,"VBD"
196931,"PRP$"
196932,"NN"
196933,"IN"
196934,"DT"
196935,"JJ"
196936,"NN"
196937,"TO"
196938,"VB"
196939,"TO"
196940,"VB"
196941,","
196942,"``"
196943,"PRP"
196944,"VBP"
196945,"IN"
196946,"DT"
196947,"NN"
196948,"PRP"
196949,"VBP"
196950,"TO"
196951,"VB"
196952,"DT"
196953,"NN"
196954,"RBR"
196955,"JJ"
196956,"."
196957,"''"
196958,"NNS"
196959,"VBP"
196960,"WRB"
196961,"JJ"
196962,"RBR"
196963,"IN"
196964,"DT"
196965,"NNS"
196966,"DT"
196967,"JJ"
196968,"NN"
196969,"MD"
196970,"VB"
196971,"."
196972,"``"
196973,"PRP"
196974,"RB"
196975,"VBD"
196976,"NNP"
196977,"NNP"
196978,"VBD"
196979,"DT"
196980,"JJ"
196981,"NN"
196982,","
196983,"''"
196984,"VBD"
196985,"NNP"
196986,"NNP"
196987,"NN"
196988,"NNP"
196989,"NNP"
196990,"."
196991,"``"
196992,"PRP"
196993,"VBD"
196994,"DT"
196995,"JJ"
196996,"NN"
196997,"PRP"
196998,"MD"
196999,"RB"
197000,"VB"
197001,"RB"
197002,"IN"
197003,"DT"
197004,"NN"
197005,","
197006,"VBN"
197007,"IN"
197008,"RB"
197009,"."
197010,"RB"
197011,"PRP"
197012,"VBZ"
197013,"VBG"
197014,"RB"
197015,"."
197016,"''"
197017,"NNP"
197018,"NNP"
197019,"VBD"
197020,"RB"
197021,"RB"
197022,"IN"
197023,"DT"
197024,"CD"
197025,"NN"
197026,"NN"
197027,","
197028,"TO"
197029,"PRP$"
197030,"NN"
197031,","
197032,"RB"
197033,"VBD"
197034,"RB"
197035,"RB"
197036,"IN"
197037,"DT"
197038,"NN"
197039,"VBD"
197040,"."
197041,"DT"
197042,"NN"
197043,"PRP"
197044,"VBZ"
197045,"JJ"
197046,"TO"
197047,"VB"
197048,"IN"
197049,"``"
197050,"WRB"
197051,"DT"
197052,"NN"
197053,"VBZ"
197054,"RB"
197055,"."
197056,"''"
197057,"RB"
197058,","
197059,"PRP"
197060,"VBZ"
197061,":"
197062,"``"
197063,"PRP"
197064,"MD"
197065,"RB"
197066,"VB"
197067,"DT"
197068,"NN"
197069,"IN"
197070,"NN"
197071,"VB"
197072,"RB"
197073,"RB"
197074,"."
197075,"WRB"
197076,"DT"
197077,"JJ"
197078,"NN"
197079,"VBZ"
197080,"VBN"
197081,","
197082,"DT"
197083,"JJ"
197084,"NNS"
197085,"VBP"
197086,"RB"
197087,"."
197088,"NNP"
197089,"NNP"
197090,"MD"
197091,"RB"
197092,"VB"
197093,"IN"
197094,"DT"
197095,"JJ"
197096,"NN"
197097,"."
197098,"''"
197099,"JJ"
197100,"NNS"
197101,"VBP"
197102,"JJ"
197103,"RB"
197104,"IN"
197105,"DT"
197106,"NN"
197107,"NN"
197108,"NNP"
197109,"NNP"
197110,","
197111,"CC"
197112,"RB"
197113,"IN"
197114,"JJ"
197115,"NNS"
197116,"."
197117,"JJ"
197118,"NN"
197119,"NNS"
197120,"``"
197121,"VBP"
197122,"VBN"
197123,"IN"
197124,"DT"
197125,"NN"
197126,"RB"
197127,"CC"
197128,"RB"
197129,"JJ"
197130,"NN"
197131,"IN"
197132,"PRP"
197133,"VBD"
197134,"CD"
197135,"NNS"
197136,"RB"
197137,","
197138,"''"
197139,"VBZ"
197140,"NNP"
197141,"NNP"
197142,"NNP"
197143,","
197144,"NN"
197145,"IN"
197146,"DT"
197147,"NNP"
197148,"CC"
197149,"NNP"
197150,"NN"
197151,"NN"
197152,"NN"
197153,"."
197154,"NNP"
197155,"NNP"
197156,","
197157,"JJ"
197158,"NN"
197159,"NN"
197160,"IN"
197161,"NNP"
197162,"NNP"
197163,"NNP"
197164,","
197165,"VBZ"
197166,"NNP"
197167,"NNS"
197168,"``"
197169,"VBP"
197170,"VBN"
197171,"JJ"
197172,"TO"
197173,"JJ"
197174,"RB"
197175,"IN"
197176,"NNS"
197177,"."
197178,"''"
197179,"JJ"
197180,"NNS"
197181,"VBP"
197182,"RB"
197183,"JJ"
197184,"IN"
197185,"NN"
197186,"NN"
197187,","
197188,"NNP"
197189,"NNP"
197190,"VBZ"
197191,"."
197192,"NNP"
197193,"NNP"
197194,","
197195,"DT"
197196,"NNP"
197197,"NNP"
197198,"NN"
197199,"NN"
197200,","
197201,"VBZ"
197202,"NN"
197203,"NNS"
197204,"MD"
197205,"VB"
197206,"TO"
197207,"RBR"
197208,"RB"
197209,"VB"
197210,"NN"
197211,"NN"
197212,"TO"
197213,"``"
197214,"VB"
197215,"RP"
197216,"DT"
197217,"NN"
197218,"IN"
197219,"DT"
197220,"JJ"
197221,"NN"
197222,"."
197223,"''"
197224,"CC"
197225,"PRP"
197226,"VBZ"
197227,"RB"
197228,"RB"
197229,"DT"
197230,"NN"
197231,"NN"
197232,"WDT"
197233,"VBZ"
197234,"DT"
197235,"JJ"
197236,"NNS"
197237,"JJ"
197238,"."
197239,"NNP"
197240,"NNP"
197241,","
197242,"JJ"
197243,"JJ"
197244,"NN"
197245,"IN"
197246,"DT"
197247,"NNP"
197248,"NN"
197249,"IN"
197250,"NNP"
197251,","
197252,"VBD"
197253,"PRP"
197254,"CC"
197255,"PRP$"
197256,"NN"
197257,"VBP"
197258,"DT"
197259,"JJ"
197260,"NN"
197261,"NNS"
197262,","
197263,"CC"
197264,"DT"
197265,"JJ"
197266,"NN"
197267,"VBZ"
197268,"PRP$"
197269,"JJ"
197270,"NN"
197271,"."
197272,"``"
197273,"DT"
197274,"JJ"
197275,"NNS"
197276,"VBD"
197277,"DT"
197278,"JJ"
197279,"NN"
197280,"NN"
197281,","
197282,"''"
197283,"PRP"
197284,"VBD"
197285,"IN"
197286,"PRP$"
197287,"NN"
197288,","
197289,"WDT"
197290,"VBZ"
197291,"IN"
197292,"DT"
197293,"JJ"
197294,"NNS"
197295,"IN"
197296,"DT"
197297,"JJ"
197298,"NN"
197299,"NNS"
197300,"IN"
197301,"DT"
197302,"IN"
197303,"NNP"
197304,"POS"
197305,"JJS"
197306,"NNS"
197307,"."
197308,"``"
197309,"CC"
197310,"PRP"
197311,"MD"
197312,"VB"
197313,"PRP"
197314,"IN"
197315,"DT"
197316,"JJ"
197317,"NN"
197318,"VBZ"
197319,"RB"
197320,"VBG"
197321,"TO"
197322,"VB"
197323,"IN"
197324,"NN"
197325,"CC"
197326,"VB"
197327,"DT"
197328,"NNP"
197329,"NNP"
197330,"IN"
197331,"NNP"
197332,"."
197333,"''"
197334,"CC"
197335,","
197336,"RB"
197337,","
197338,"EX"
197339,"VBD"
197340,"DT"
197341,"NNS"
197342,"."
197343,"``"
197344,"PRP"
197345,"VBD"
197346,"RB"
197347,"IN"
197348,"CD"
197349,"."
197350,"NN"
197351,","
197352,"''"
197353,"VBD"
197354,"NNP"
197355,"NNP"
197356,","
197357,"DT"
197358,"NNP"
197359,","
197360,"NNP"
197361,","
197362,"NN"
197363,"NN"
197364,"WP"
197365,"VBD"
197366,"VBG"
197367,"NNP"
197368,"CC"
197369,"VBN"
197370,"IN"
197371,"NNP"
197372,"NNP"
197373,"POS"
197374,"NNP"
197375,"NNP"
197376,"NN"
197377,"."
197378,"``"
197379,"PRP"
197380,"RB"
197381,"VBD"
197382,"IN"
197383,"TO"
197384,"VB"
197385,"WRB"
197386,"JJ"
197387,"PRP"
197388,"MD"
197389,"VB"
197390,"VBN"
197391,"."
197392,"''"
197393,"MD"
197394,"NNP"
197395,"FW"
197396,"RB"
197397,"VB"
197398,"RP"
197399,"IN"
197400,"."
197401,"``"
197402,"VBP"
197403,"PRP"
197404,"VBG"
197405,"."
197406,"WRB"
197407,"PRP"
197408,"VBZ"
197409,"TO"
197410,"NN"
197411,":"
197412,"RB"
197413,"JJ"
197414,","
197415,"CD"
197416,"NNS"
197417,"JJ"
197418,"."
197419,"O"
197420,"DT"
197421,"JJ"
197422,"NN"
197423,"IN"
197424,"JJ"
197425,"NNS"
197426,"VBZ"
197427,"RB"
197428,"TO"
197429,"VB"
197430,"DT"
197431,"NN"
197432,"RBR"
197433,"JJ"
197434,"."
197435,"NNP"
197436,"NNP"
197437,"NNP"
197438,"POS"
197439,"JJ"
197440,"NN"
197441,"NN"
197442,"IN"
197443,"DT"
197444,"NN"
197445,"NN"
197446,"VBZ"
197447,"VBN"
197448,"TO"
197449,"VB"
197450,"JJ"
197451,"NN"
197452,"IN"
197453,"NNS"
197454,"IN"
197455,"DT"
197456,"NN"
197457,","
197458,"RB"
197459,"NNP"
197460,"NNP"
197461,"NNP"
197462,","
197463,"DT"
197464,"JJ"
197465,"NN"
197466,"NN"
197467,","
197468,"CC"
197469,"IN"
197470,"DT"
197471,"NN"
197472,"IN"
197473,"JJ"
197474,"NNS"
197475,"."
197476,"NNP"
197477,"POS"
197478,"NN"
197479,"IN"
197480,"NNP"
197481,"VBZ"
197482,"DT"
197483,"NN"
197484,"IN"
197485,"VBG"
197486,"IN"
197487,"DT"
197488,"JJ"
197489,"NN"
197490,"NN"
197491,"."
197492,"CD"
197493,"NN"
197494,"RB"
197495,"VBZ"
197496,"VBN"
197497,"DT"
197498,"JJ"
197499,"NN"
197500,"VBD"
197501,"DT"
197502,"NN"
197503,","
197504,"CC"
197505,"CD"
197506,"NNS"
197507,"VBP"
197508,"VBN"
197509,"RB"
197510,"JJR"
197511,"``"
197512,"NNS"
197513,"."
197514,"''"
197515,"CC"
197516,"DT"
197517,"NNS"
197518,"VBP"
197519,"RB"
197520,"VBN"
197521,"NNS"
197522,","
197523,"IN"
197524,"NNS"
197525,"RB"
197526,"DT"
197527,"NNP"
197528,"MD"
197529,"VB"
197530,"CC"
197531,"NNS"
197532,"TO"
197533,"VB"
197534,"."
197535,"NNP"
197536,"POS"
197537,"NNS"
197538,","
197539,"IN"
197540,"NN"
197541,","
197542,"MD"
197543,"VB"
197544,"DT"
197545,"JJ"
197546,"IN"
197547,"PRP$"
197548,"NN"
197549,"NN"
197550,"RB"
197551,"TO"
197552,"VB"
197553,"IN"
197554,"NNS"
197555,"VBN"
197556,"IN"
197557,"JJ"
197558,"JJR"
197559,"NNS"
197560,"."
197561,"NNS"
197562,"VBP"
197563,"PRP"
197564,"VBP"
197565,"RBR"
197566,"CC"
197567,"VBP"
197568,"JJR"
197569,"NN"
197570,"IN"
197571,"NN"
197572,"NN"
197573,"IN"
197574,"PRP$"
197575,"NN"
197576,"IN"
197577,"DT"
197578,"NN"
197579,":"
197580,"CC"
197581,"PRP"
197582,"VBP"
197583,"VBN"
197584,"RB"
197585,"IN"
197586,"$"
197587,"CD"
197588,"TO"
197589,"$"
197590,"CD"
197591,"."
197592,"DT"
197593,"IN"
197594,"DT"
197595,"VBZ"
197596,"IN"
197597,"DT"
197598,"NN"
197599,"WDT"
197600,"VBZ"
197601,"RB"
197602,"CD"
197603,"NNS"
197604,"CC"
197605,"VBZ"
197606,"RB"
197607,"IN"
197608,"JJS"
197609,"NNS"
197610,"."
197611,"IN"
197612,"JJ"
197613,"NNS"
197614,","
197615,"NNP"
197616,"POS"
197617,"NN"
197618,","
197619,"VBG"
197620,"NNP"
197621,","
197622,"NNP"
197623,"NNP"
197624,","
197625,"NNP"
197626,"NNP"
197627,"CC"
197628,"NNP"
197629,"NNP"
197630,"NNP"
197631,"VBP"
197632,"VBN"
197633,"NNS"
197634,"WDT"
197635,"VBP"
197636,"RB"
197637,"DT"
197638,"JJ"
197639,"NN"
197640,"IN"
197641,"JJ"
197642,"VBN"
197643,"NNS"
197644,":"
197645,"RB"
197646,"RB"
197647,"."
197648,"CD"
197649,"NN"
197650,","
197651,"VBG"
197652,"IN"
197653,"RBS"
197654,"PDT"
197655,"NNS"
197656,"VBP"
197657,"IN"
197658,"CD"
197659,"NNS"
197660,"JJ"
197661,","
197662,"VBZ"
197663,"NN"
197664,"TO"
197665,"DT"
197666,"NN"
197667,"."
197668,"``"
197669,"DT"
197670,"VBZ"
197671,"RB"
197672,"RB"
197673,"DT"
197674,"NN"
197675,":"
197676,"PRP"
197677,"VBP"
197678,"PRP"
197679,"DT"
197680,"NN"
197681,","
197682,"''"
197683,"PRP"
197684,"VBZ"
197685,"."
197686,"DT"
197687,"MD"
197688,"RB"
197689,"VB"
197690,"VBN"
197691,"IN"
197692,"DT"
197693,"$"
197694,"CD"
197695,"CD"
197696,"NN"
197697,"VBD"
197698,"DT"
197699,"JJ"
197700,"NNS"
197701,"RB"
197702,"IN"
197703,"NNP"
197704,"NNP"
197705,"NNP"
197706,","
197707,"DT"
197708,"NN"
197709,"IN"
197710,"NNP"
197711,"."
197712,"RB"
197713,"IN"
197714,"DT"
197715,"NN"
197716,","
197717,"PRP"
197718,"VBZ"
197719,"DT"
197720,"NN"
197721,"NN"
197722,","
197723,"DT"
197724,"JJ"
197725,"NN"
197726,"CC"
197727,"DT"
197728,"NN"
197729,"TO"
197730,"``"
197731,"VB"
197732,"''"
197733,"VB"
197734,"NN"
197735,"."
197736,"IN"
197737,"CD"
197738,"CD"
197739,"NNS"
197740,","
197741,"PRP"
197742,"MD"
197743,"VB"
197744,"RB"
197745,"RB"
197746,"VBN"
197747,","
197748,"CC"
197749,"PRP"
197750,"RB"
197751,"VBZ"
197752,"IN"
197753,"DT"
197754,"NN"
197755,"IN"
197756,"NN"
197757,"NNS"
197758,"WDT"
197759,"VBP"
197760,"NNS"
197761,"NN"
197762,"."
197763,"NNS"
197764,"VBP"
197765,"RB"
197766,"RB"
197767,"RB"
197768,"."
197769,"NNP"
197770,"NNP"
197771,"POS"
197772,"NN"
197773,","
197774,"VBN"
197775,"IN"
197776,"NNP"
197777,"CD"
197778,"NNS"
197779,"RB"
197780,"CC"
197781,"IN"
197782,"DT"
197783,"NNP"
197784,"IN"
197785,"JJ"
197786,"NNP"
197787,","
197788,"VBZ"
197789,"JJR"
197790,"IN"
197791,"DT"
197792,"NN"
197793,","
197794,"VBZ"
197795,"DT"
197796,"JJ"
197797,"$"
197798,"CD"
197799,"CC"
197800,"NNS"
197801,"IN"
197802,"CD"
197803,"CD"
197804,"NNS"
197805,","
197806,"RB"
197807,"VBZ"
197808,"DT"
197809,"NN"
197810,"TO"
197811,"VB"
197812,"DT"
197813,"NNS"
197814,"CC"
197815,"NN"
197816,"NN"
197817,"NNS"
197818,"."
197819,"DT"
197820,"NNS"
197821,","
197822,"RB"
197823,","
197824,"VB"
197825,"PRP$"
197826,"NN"
197827,"TO"
197828,"VB"
197829,"NN"
197830,"NNS"
197831,"VBZ"
197832,"VBN"
197833,"IN"
197834,"DT"
197835,"JJ"
197836,"NN"
197837,"."
197838,"NNP"
197839,"NNP"
197840,"NNP"
197841,","
197842,"RB"
197843,","
197844,"VBZ"
197845,"VBN"
197846,"DT"
197847,"RB"
197848,"JJR"
197849,"JJ"
197850,"NN"
197851,"IN"
197852,"NNP"
197853,"NN"
197854,"NNP"
197855,"CD"
197856,"CC"
197857,"JJ"
197858,"JJ"
197859,"NN"
197860,"NNS"
197861,","
197862,"CC"
197863,"VBZ"
197864,"CD"
197865,"NNS"
197866,"IN"
197867,"JJ"
197868,"."
197869,"IN"
197870,"NN"
197871,"VBZ"
197872,"WP"
197873,"NNP"
197874,"RB"
197875,","
197876,"NNP"
197877,"POS"
197878,"NN"
197879,"IN"
197880,"NNP"
197881,"NNP"
197882,"NNS"
197883,","
197884,"VBZ"
197885,"``"
197886,"DT"
197887,"JJ"
197888,"NN"
197889,"IN"
197890,"DT"
197891,"NN"
197892,"NN"
197893,"''"
197894,":"
197895,"DT"
197896,"NN"
197897,"IN"
197898,"``"
197899,"DT"
197900,"JJ"
197901,"NN"
197902,"IN"
197903,"DT"
197904,"NN"
197905,"IN"
197906,"JJ"
197907,"PRP"
197908,"MD"
197909,"VB"
197910,"PRP"
197911,"RB"
197912,"."
197913,"''"
197914,"DT"
197915,"NN"
197916,"VBZ"
197917,"RB"
197918,"JJ"
197919,","
197920,"NN"
197921,"VBZ"
197922,"RB"
197923,"WRB"
197924,"JJ"
197925,"PRP"
197926,"MD"
197927,"VB"
197928,"."
197929,"``"
197930,"PRP"
197931,"VBP"
197932,"VBN"
197933,"DT"
197934,"NN"
197935,"IN"
197936,"NNS"
197937,"VBG"
197938,"TO"
197939,"VB"
197940,"PRP"
197941,"VBZ"
197942,"TO"
197943,"VB"
197944,"RP"
197945,"WRB"
197946,"JJ"
197947,"PRP"
197948,"VBZ"
197949,","
197950,"''"
197951,"VBZ"
197952,"NNP"
197953,"NNP"
197954,","
197955,"NN"
197956,"IN"
197957,"NN"
197958,"IN"
197959,"NNP"
197960,"."
197961,"``"
197962,"IN"
197963,"PRP"
197964,"VBZ"
197965,"$"
197966,"CD"
197967,"CD"
197968,"CC"
197969,"$"
197970,"CD"
197971,"CD"
197972,","
197973,"PRP"
197974,"VBZ"
197975,"RB"
197976,"VB"
197977,"."
197978,"PRP"
197979,"VBZ"
197980,"JJ"
197981,"."
197982,"''"
197983,"VB"
197984,"DT"
197985,"NN"
197986,"IN"
197987,"NNP"
197988,","
197989,"WDT"
197990,"RB"
197991,"VB"
197992,"CD"
197993,"NN"
197994,"IN"
197995,"DT"
197996,"JJ"
197997,"NN"
197998,"NNS"
197999,"."
198000,"NNS"
198001,":"
198002,"RB"
198003,"NN"
198004,"IN"
198005,"CD"
198006,"NNS"
198007,":"
198008,"VBP"
198009,"VBN"
198010,"DT"
198011,"JJ"
198012,"JJ"
198013,"NN"
198014,"NN"
198015,","
198016,"IN"
198017,"NNS"
198018,"VBG"
198019,"DT"
198020,"NN"
198021,"."
198022,"VBG"
198023,"TO"
198024,"DT"
198025,"NN"
198026,","
198027,"RB"
198028,","
198029,"VBZ"
198030,"VBN"
198031,"TO"
198032,"DT"
198033,"NN"
198034,"IN"
198035,"NNS"
198036,"."
198037,"JJ"
198038,"NNS"
198039,"JJR"
198040,"RB"
198041,"VBZ"
198042,"VBG"
198043,"NN"
198044,"."
198045,"PRP"
198046,"RB"
198047,"VBZ"
198048,"VBN"
198049,"NN"
198050,"IN"
198051,"DT"
198052,"JJR"
198053,","
198054,"RBR"
198055,"JJ"
198056,"NNS"
198057,"VBN"
198058,"IN"
198059,"JJ"
198060,"NNS"
198061,"IN"
198062,"NN"
198063,"NNS"
198064,"."
198065,"NNP"
198066,"CC"
198067,"NN"
198068,"NNS"
198069,"RB"
198070,"VBP"
198071,"JJ"
198072,"NN"
198073,"NNS"
198074,"."
198075,"DT"
198076,"JJ"
198077,"NN"
198078,"MD"
198079,"VB"
198080,"JJ"
198081,"NN"
198082,"IN"
198083,"NNS"
198084,"."
198085,"DT"
198086,"JJ"
198087,"NN"
198088,","
198089,"IN"
198090,"NN"
198091,","
198092,"VBZ"
198093,"DT"
198094,"NNP"
198095,"NNP"
198096,"IN"
198097,"PRP"
198098,"VBZ"
198099,"CD"
198100,"NNS"
198101,"IN"
198102,"DT"
198103,"NN"
198104,"VBZ"
198105,"RB"
198106,"CD"
198107,"."
198108,"DT"
198109,"NNS"
198110,"VBP"
198111,"VBN"
198112,"IN"
198113,"NN"
198114,"NNS"
198115,","
198116,"WP"
198117,"VBP"
198118,"IN"
198119,"PRP"
198120,"VBP"
198121,"RB"
198122,"JJ"
198123,":"
198124,"DT"
198125,"NN"
198126,"NN"
198127,"RB"
198128,"VBN"
198129,"IN"
198130,"NN"
198131,"NNS"
198132,","
198133,"VBZ"
198134,"NNP"
198135,"NNP"
198136,","
198137,"NN"
198138,"IN"
198139,"NN"
198140,"."
198141,"NNP"
198142,","
198143,"VBG"
198144,"TO"
198145,"VB"
198146,"DT"
198147,"``"
198148,"JJ"
198149,"''"
198150,"NN"
198151,","
198152,"VBN"
198153,"IN"
198154,"DT"
198155,"NN"
198156,"NN"
198157,","
198158,"``"
198159,"DT"
198160,"NN"
198161,"NN"
198162,":"
198163,"DT"
198164,"NNP"
198165,"NNP"
198166,"NNP"
198167,"."
198168,"''"
198169,"IN"
198170,"DT"
198171,"NN"
198172,","
198173,"JJ"
198174,"NN"
198175,"DT"
198176,"NN"
198177,"IN"
198178,"DT"
198179,"NN"
198180,"TO"
198181,"JJ"
198182,"NNS"
198183,"WDT"
198184,"VBP"
198185,"RB"
198186,"VB"
198187,"NNS"
198188,"."
198189,"NN"
198190,"IN"
198191,"NN"
198192,","
198193,"NNS"
198194,"VBP"
198195,"DT"
198196,"JJ"
198197,"NN"
198198,"MD"
198199,"VB"
198200,"NN"
198201,"IN"
198202,"JJ"
198203,"NNS"
198204,"IN"
198205,"NNP"
198206,","
198207,"NNP"
198208,"CC"
198209,"NNP"
198210,"NNP"
198211,"."
198212,"NNP"
198213,"POS"
198214,"JJ"
198215,"NNS"
198216,"VBP"
198217,"VBN"
198218,"DT"
198219,"JJ"
198220,"NN"
198221,"TO"
198222,"JJ"
198223,"NNS"
198224,"IN"
198225,"NNP"
198226,"NNP"
198227,","
198228,"WDT"
198229,"VBD"
198230,"IN"
198231,"NNP"
198232,"DT"
198233,"NN"
198234,"IN"
198235,","
198236,"IN"
198237,"NNP"
198238,"POS"
198239,","
198240,"VBZ"
198241,"DT"
198242,"NNP"
198243,"CD"
198244,"NN"
198245,"CC"
198246,"VBZ"
198247,"DT"
198248,"JJ"
198249,"NN"
198250,"NN"
198251,"."
198252,"CC"
198253,"DT"
198254,"NN"
198255,"NN"
198256,"VBZ"
198257,"RB"
198258,"IN"
198259,"NN"
198260,"CC"
198261,"NNS"
198262,"JJR"
198263,"IN"
198264,"NNP"
198265,"POS"
198266,"."
198267,"NNP"
198268,"POS"
198269,"NN"
198270,"RB"
198271,"VBZ"
198272,"NN"
198273,"IN"
198274,"NNP"
198275,","
198276,"WDT"
198277,"JJ"
198278,"NN"
198279,"VBD"
198280,"CD"
198281,"NN"
198282,"IN"
198283,"DT"
198284,"NNP"
198285,"NN"
198286,"NN"
198287,"CC"
198288,"RB"
198289,"VBD"
198290,"TO"
198291,"VB"
198292,"PRP$"
198293,"NN"
198294,"NN"
198295,"TO"
198296,"NNP"
198297,"NNP"
198298,"NNP"
198299,"NNP"
198300,","
198301,"DT"
198302,"JJ"
198303,"JJ"
198304,"NN"
198305,"NN"
198306,"."
198307,"NNP"
198308,"NNS"
198309,"MD"
198310,"VB"
198311,"IN"
198312,"NNP"
198313,"IN"
198314,"DT"
198315,"JJ"
198316,"$"
198317,"CD"
198318,"CD"
198319,"NN"
198320,","
198321,"DT"
198322,"NN"
198323,"WDT"
198324,"MD"
198325,"VB"
198326,"IN"
198327,"PRP"
198328,"VBZ"
198329,"VBN"
198330,"TO"
198331,"NNP"
198332,"POS"
198333,"NN"
198334,"CC"
198335,"NNS"
198336,"."
198337,"NNP"
198338,"VBZ"
198339,"RB"
198340,"VBG"
198341,"NN"
198342,"IN"
198343,"NNP"
198344,"POS"
198345,"NN"
198346,"NN"
198347,"."
198348,"NNP"
198349,"NNP"
198350,","
198351,"NNP"
198352,"POS"
198353,"NN"
198354,"CC"
198355,"JJ"
198356,"NN"
198357,"NN"
198358,","
198359,"VBZ"
198360,"RB"
198361,"IN"
198362,"NNP"
198363,"POS"
198364,"$"
198365,"CD"
198366,"NN"
198367,"VBZ"
198368,"DT"
198369,"``"
198370,"JJ"
198371,"''"
198372,"JJ"
198373,"JJ"
198374,"NN"
198375,","
198376,"NNP"
198377,"NNP"
198378,"POS"
198379,"JJ"
198380,"NNS"
198381,"VBP"
198382,"DT"
198383,"RBR"
198384,"JJ"
198385,"LS"
198386,"JJ"
198387,"NN"
198388,"."
198389,"NNP"
198390,"NNP"
198391,"NNP"
198392,","
198393,"NN"
198394,"IN"
198395,"NNP"
198396,"NNP"
198397,"NNP"
198398,","
198399,"RB"
198400,"VBZ"
198401,"RP"
198402,"JJ"
198403,"NN"
198404,","
198405,"VBG"
198406,"DT"
198407,"CD"
198408,"JJ"
198409,"NNS"
198410,"VBD"
198411,"RB"
198412,"``"
198413,"JJ"
198414,"''"
198415,"WRB"
198416,"PRP"
198417,"LS"
198418,"VBN"
198419,"JJ"
198420,"NNS"
198421,"."
198422,"``"
198423,"PRP"
198424,"VBP"
198425,"RB"
198426,"VB"
198427,"IN"
198428,"PRP"
198429,"IN"
198430,"RB"
198431,"VBG"
198432,"DT"
198433,"NN"
198434,","
198435,"PRP"
198436,"VBP"
198437,"IN"
198438,"PRP"
198439,"IN"
198440,"DT"
198441,"JJ"
198442,"NN"
198443,","
198444,"''"
198445,"PRP"
198446,"VBZ"
198447,"."
198448,"NNS"
198449,"VBP"
198450,"RB"
198451,"VB"
198452,"PRP"
198453,"IN"
198454,"NN"
198455,"."
198456,"``"
198457,"PRP"
198458,"MD"
198459,"RB"
198460,"VB"
198461,"IN"
198462,"PRP"
198463,"MD"
198464,"VB"
198465,"TO"
198466,"NN"
198467,"WP"
198468,"MD"
198469,"RB"
198470,"VB"
198471,"PRP"
198472,"DT"
198473,"VBZ"
198474,"JJ"
198475,"IN"
198476,"NNP"
198477,"CC"
198478,"DT"
198479,"NN"
198480,"IN"
198481,"NN"
198482,"NN"
198483,","
198484,"''"
198485,"VBZ"
198486,"NNP"
198487,"NNP"
198488,","
198489,"NN"
198490,"IN"
198491,"NNP"
198492,"NNP"
198493,"NNP"
198494,"NNP"
198495,"."
198496,"NNP"
198497,"NNP"
198498,"NNP"
198499,","
198500,"JJ"
198501,"NN"
198502,"NN"
198503,"IN"
198504,"NNP"
198505,","
198506,"DT"
198507,"JJ"
198508,"NN"
198509,"NN"
198510,"NN"
198511,":"
198512,"``"
198513,"PRP"
198514,"RB"
198515,"VBP"
198516,"IN"
198517,"DT"
198518,"JJ"
198519,"JJ"
198520,"JJ"
198521,"NNS"
198522,"."
198523,"DT"
198524,"NN"
198525,"NNP"
198526,"VBZ"
198527,"VBG"
198528,"TO"
198529,"VB"
198530,"VBZ"
198531,"IN"
198532,"PRP"
198533,"MD"
198534,"RB"
198535,"VB"
198536,"JJ"
198537,"TO"
198538,"VB"
198539,"RB"
198540,"IN"
198541,"PRP"
198542,"."
198543,"''"
198544,"NNP"
198545,"POS"
198546,"NNS"
198547,"VBP"
198548,"DT"
198549,"CD"
198550,"NN"
198551,"JJ"
198552,"NN"
198553,"NN"
198554,","
198555,"DT"
198556,"JJ"
198557,"NN"
198558,"WDT"
198559,"VBZ"
198560,"RB"
198561,"VB"
198562,"JJ"
198563,"CC"
198564,"DT"
198565,"JJ"
198566,"NN"
198567,"NN"
198568,"IN"
198569,"DT"
198570,"NN"
198571,":"
198572,"IN"
198573,"JJ"
198574,"NNS"
198575,","
198576,"RB"
198577,"PDT"
198578,"DT"
198579,"NNS"
198580,"IN"
198581,"DT"
198582,"JJ"
198583,"NN"
198584,"NN"
198585,"."
198586,"NNS"
198587,"RB"
198588,"MD"
198589,"VB"
198590,","
198591,"CC"
198592,"JJS"
198593,"NNS"
198594,"VBP"
198595,"NNP"
198596,"VBZ"
198597,"IN"
198598,"JJS"
198599,"DT"
198600,"JJ"
198601,"VB"
198602,"IN"
198603,"DT"
198604,"NN"
198605,"."
198606,"NNP"
198607,"POS"
198608,"NN"
198609,"IN"
198610,"NNP"
198611,","
198612,"IN"
198613,"NN"
198614,","
198615,"VBZ"
198616,"DT"
198617,"NN"
198618,","
198619,"WDT"
198620,"VBZ"
198621,"IN"
198622,"DT"
198623,"JJ"
198624,"NN"
198625,"NN"
198626,"CC"
198627,"VBZ"
198628,"RB"
198629,"JJR"
198630,"CC"
198631,"VBZ"
198632,"JJR"
198633,"NN"
198634,","
198635,"CC"
198636,"DT"
198637,"NN"
198638,","
198639,"WDT"
198640,"RB"
198641,"VBZ"
198642,"DT"
198643,"CD"
198644,"NN"
198645,","
198646,"CC"
198647,"WDT"
198648,"VBZ"
198649,"RB"
198650,"RB"
198651,"IN"
198652,"JJ"
198653,"CC"
198654,"VBZ"
198655,"CD"
198656,"NNS"
198657,"DT"
198658,"NN"
198659,"."
198660,"DT"
198661,"JJ"
198662,"NN"
198663,","
198664,"VBN"
198665,"IN"
198666,"NNP"
198667,","
198668,"MD"
198669,"VB"
198670,"DT"
198671,"NNP"
198672,"IN"
198673,"DT"
198674,"NN"
198675,"IN"
198676,"DT"
198677,"JJ"
198678,"NN"
198679,"IN"
198680,"CD"
198681,","
198682,"CC"
198683,"IN"
198684,"RB"
198685,","
198686,"NNS"
198687,"VBP"
198688,","
198689,"NNP"
198690,"MD"
198691,"VB"
198692,"VBN"
198693,"PRP"
198694,"IN"
198695,"CD"
198696,"IN"
198697,"CD"
198698,"JJ"
198699,"NNS"
198700,"."
198701,"WP"
198702,"IN"
198703,"NNP"
198704,"NNP"
198705,"."
198706,"NNP"
198707,"NNP"
198708,"NNP"
198709,"NNP"
198710,","
198711,"NNS"
198712,"VBP"
198713,","
198714,"VBZ"
198715,"VBN"
198716,"VBN"
198717,"RB"
198718,"IN"
198719,"VBG"
198720,"TO"
198721,"VB"
198722,"DT"
198723,"JJ"
198724,"NN"
198725,"CC"
198726,"VBZ"
198727,"DT"
198728,"NNS"
198729,"IN"
198730,"VBG"
198731,"TO"
198732,"VB"
198733,"IN"
198734,"NNS"
198735,"RB"
198736,"RB"
198737,"."
198738,"O"
198739,"NNP"
198740,"NNP"
198741,"CC"
198742,"NNP"
198743,"NNP"
198744,"NNP"
198745,"NNP"
198746,"VBD"
198747,"NNP"
198748,"NNP"
198749,"NNS"
198750,"TO"
198751,"VB"
198752,"JJ"
198753,"NNS"
198754,"IN"
198755,"NN"
198756,"IN"
198757,"NN"
198758,"."
198759,"NNP"
198760,"POS"
198761,"NN"
198762,"VBD"
198763,"$"
198764,"CD"
198765,"CD"
198766,","
198767,"CC"
198768,"NNP"
198769,"POS"
198770,"$"
198771,"CD"
198772,"CD"
198773,"."
198774,"NNP"
198775,"NNP"
198776,"VBD"
198777,"DT"
198778,"$"
198779,"CD"
198780,"CD"
198781,"NNP"
198782,"NNP"
198783,"NN"
198784,"IN"
198785,"JJ"
198786,"NN"
198787,"NNS"
198788,"IN"
198789,"DT"
198790,"NNP"
198791,"NNP"
198792,"."
198793,"NNP"
198794,"NNP"
198795,"NNP"
198796,"VBD"
198797,"DT"
198798,"$"
198799,"CD"
198800,"CD"
198801,"NNP"
198802,"NNP"
198803,"NN"
198804,"IN"
198805,"JJ"
198806,"NN"
198807,"NNS"
198808,"."
198809,"NNP"
198810,"NNP"
198811,"VBD"
198812,"DT"
198813,"$"
198814,"CD"
198815,"CD"
198816,"NNP"
198817,"NN"
198818,"TO"
198819,"VB"
198820,"NN"
198821,"NNS"
198822,"."
198823,"NNP"
198824,"NNP"
198825,"VBD"
198826,"DT"
198827,"$"
198828,"CD"
198829,"CD"
198830,"NNP"
198831,"NN"
198832,"IN"
198833,"NN"
198834,"NNS"
198835,"."
198836,"O"
198837,"JJ"
198838,"NNS"
198839,"IN"
198840,"DT"
198841,"NN"
198842,"IN"
198843,"JJ"
198844,"NN"
198845,"VBD"
198846,"NNP"
198847,"POS"
198848,"NNP"
198849,"NN"
198850,"NN"
198851,"NN"
198852,"TO"
198853,"VB"
198854,"RB"
198855,"CD"
198856,"NN"
198857,"IN"
198858,"DT"
198859,"JJ"
198860,"NN"
198861,","
198862,"VBG"
198863,"DT"
198864,"JJ"
198865,"NN"
198866,"IN"
198867,"NN"
198868,"TO"
198869,"CD"
198870,"NN"
198871,","
198872,"DT"
198873,"NNP"
198874,"NNP"
198875,"IN"
198876,"NNP"
198877,"VBD"
198878,"NNP"
198879,"."
198880,"DT"
198881,"JJ"
198882,"NN"
198883,"VBZ"
198884,"DT"
198885,"JJS"
198886,"VBN"
198887,"IN"
198888,"DT"
198889,"JJ"
198890,"CD"
198891,"NNS"
198892,"."
198893,"DT"
198894,"NN"
198895,","
198896,"WDT"
198897,"VBD"
198898,"CD"
198899,"IN"
198900,"DT"
198901,"NN"
198902,"IN"
198903,"NNP"
198904,","
198905,"VBZ"
198906,"DT"
198907,"NN"
198908,"IN"
198909,"CD"
198910,"NN"
198911,"IN"
198912,"CD"
198913,"CC"
198914,"VBZ"
198915,"RB"
198916,"RB"
198917,"VBN"
198918,"."
198919,"NNS"
198920,"VBP"
198921,"VBN"
198922,"CD"
198923,"NN"
198924,"IN"
198925,"DT"
198926,"JJ"
198927,"CD"
198928,"NNS"
198929,"IN"
198930,"DT"
198931,"NN"
198932,","
198933,"VBG"
198934,"DT"
198935,"DT"
198936,"JJ"
198937,"LS"
198938,"NN"
198939,"NN"
198940,"NN"
198941,"VBN"
198942,"IN"
198943,"DT"
198944,"NN"
198945,"IN"
198946,"NNP"
198947,"NNP"
198948,"NNP"
198949,"NNP"
198950,"NNP"
198951,"CC"
198952,"DT"
198953,"JJ"
198954,","
198955,"JJ"
198956,"NN"
198957,"IN"
198958,"CD"
198959,"NN"
198960,"."
198961,"O"
198962,"NNP"
198963,"POS"
198964,"JJ"
198965,"NNS"
198966,"IN"
198967,"NNP"
198968,"VBD"
198969,"CD"
198970,"NN"
198971,"IN"
198972,"DT"
198973,"NN"
198974,"RBR"
198975,"CC"
198976,"VBD"
198977,"RB"
198978,"CD"
198979,"NN"
198980,"IN"
198981,"DT"
198982,"JJ"
198983,"NN"
198984,","
198985,"DT"
198986,"NN"
198987,"IN"
198988,"NNP"
198989,"VBD"
198990,"NNP"
198991,"."
198992,"DT"
198993,"JJ"
198994,"NN"
198995,"NN"
198996,"VBD"
198997,"IN"
198998,"CD"
198999,","
199000,"VBN"
199001,"IN"
199002,"DT"
199003,"CD"
199004,"NN"
199005,"IN"
199006,"CD"
199007,"."
199008,"O"
199009,"NNP"
199010,"."
199011,"WP"
199012,"NN"
199013,"."
199014,"NNP"
199015,"NNP"
199016,"NNP"
199017,"NNP"
199018,"NNP"
199019,"NNS"
199020,"VBD"
199021,"JJ"
199022,"NNS"
199023,"IN"
199024,"NNP"
199025,"POS"
199026,"NN"
199027,","
199028,"IN"
199029,"DT"
199030,"NNP"
199031,"NNP"
199032,"NNP"
199033,"NNP"
199034,"POS"
199035,"JJ"
199036,"NN"
199037,"."
199038,"NNS"
199039,"IN"
199040,"NNS"
199041,"VBN"
199042,"IN"
199043,"RB"
199044,"JJR"
199045,"IN"
199046,"JJ"
199047,"NN"
199048,"NNS"
199049,"IN"
199050,"DT"
199051,"NN"
199052,"."
199053,"CC"
199054,"IN"
199055,"DT"
199056,"NNS"
199057,"VBG"
199058,"JJ"
199059,"NNS"
199060,"VBD"
199061,"NNP"
199062,"NNP"
199063,"NNP"
199064,"CC"
199065,"NNP"
199066,"NNP"
199067,"NNP"
199068,"NNP"
199069,"."
199070,"JJ"
199071,"JJ"
199072,"NNS"
199073,"VBG"
199074,"NNS"
199075,"VBD"
199076,"NNP"
199077,"NNP"
199078,"CC"
199079,"NNP"
199080,"NNP"
199081,","
199082,"NNP"
199083,"NNP"
199084,"NNP"
199085,","
199086,"NNP"
199087,"NNP"
199088,"CC"
199089,"NNP"
199090,"NNP"
199091,","
199092,"DT"
199093,"JJ"
199094,"NN"
199095,"."
199096,"IN"
199097,"NN"
199098,","
199099,"JJ"
199100,"RBR"
199101,"NNS"
199102,":"
199103,"CD"
199104,":"
199105,"VBN"
199106,"JJ"
199107,"NNS"
199108,"."
199109,"DT"
199110,"JJ"
199111,"NNP"
199112,"NNP"
199113,"NNP"
199114,"NNP"
199115,","
199116,"WDT"
199117,"IN"
199118,"NNP"
199119,"POS"
199120,"NN"
199121,"VBD"
199122,"IN"
199123,"$"
199124,"CD"
199125,"DT"
199126,"NN"
199127,"IN"
199128,"DT"
199129,"JJ"
199130,"NN"
199131,"IN"
199132,"NNP"
199133,"CD"
199134,"."
199135,"NNP"
199136,"VBD"
199137,"IN"
199138,"$"
199139,"CD"
199140,","
199141,"RB"
199142,"$"
199143,"CD"
199144,"."
199145,"JJ"
199146,"JJ"
199147,"NNS"
199148,"VBD"
199149,"NNP"
199150,"NNP"
199151,"NNP"
199152,","
199153,"NNP"
199154,"NNP"
199155,"NNP"
199156,"CC"
199157,"NNP"
199158,"NNP"
199159,"NNP"
199160,","
199161,"DT"
199162,"IN"
199163,"WDT"
199164,"VBP"
199165,"VBN"
199166,"IN"
199167,"DT"
199168,"JJ"
199169,"NN"
199170,"."
199171,"RB"
199172,","
199173,"CD"
199174,"JJ"
199175,"NN"
199176,"NNS"
199177,"VBD"
199178,"DT"
199179,"JJ"
199180,"NN"
199181,"IN"
199182,"PRP$"
199183,"JJ"
199184,"NN"
199185,"IN"
199186,"JJ"
199187,"JJ"
199188,"NN"
199189,"NNP"
199190,"."
199191,"NNS"
199192,"IN"
199193,"NNP"
199194,"POS"
199195,"NNP"
199196,","
199197,"DT"
199198,"NN"
199199,"IN"
199200,"NN"
199201,"NNS"
199202,","
199203,"VBN"
199204,"IN"
199205,"$"
199206,"CD"
199207,"DT"
199208,","
199209,"RB"
199210,"IN"
199211,"PRP$"
199212,"$"
199213,"CD"
199214,"NN"
199215,"NN"
199216,"CC"
199217,"NNS"
199218,"IN"
199219,"NNP"
199220,"NNP"
199221,"NNPS"
199222,"NNP"
199223,","
199224,"DT"
199225,"NN"
199226,"NN"
199227,","
199228,"VBD"
199229,"IN"
199230,"$"
199231,"CD"
199232,","
199233,"RB"
199234,"IN"
199235,"PRP$"
199236,"$"
199237,"CD"
199238,"VBG"
199239,"NN"
199240,"."
199241,"O"
199242,"NNP"
199243,"NNP"
199244,"NNP"
199245,"VBD"
199246,"PRP"
199247,"VBD"
199248,"CD"
199249,"NN"
199250,"IN"
199251,"DT"
199252,"NNS"
199253,"IN"
199254,"NNP"
199255,"NNP"
199256,"."
199257,"NNP"
199258,","
199259,"DT"
199260,"NNP"
199261,"NNP"
199262,"NNP"
199263,"CC"
199264,"DT"
199265,"NNP"
199266,"NNP"
199267,"CC"
199268,"NNP"
199269,"NNP"
199270,"VBP"
199271,"VBG"
199272,"VBN"
199273,"IN"
199274,"DT"
199275,"NNS"
199276,","
199277,"DT"
199278,"NN"
199279,"VBD"
199280,"."
199281,"DT"
199282,"NNP"
199283,"NNP"
199284,"NNP"
199285,"NNP"
199286,"VBD"
199287,"NNP"
199288,"JJ"
199289,"NN"
199290,"IN"
199291,"PRP"
199292,"MD"
199293,"RB"
199294,"VB"
199295,"DT"
199296,"NN"
199297,"TO"
199298,"DT"
199299,"NN"
199300,"IN"
199301,"RB"
199302,"JJ"
199303,"IN"
199304,"CD"
199305,"NN"
199306,"IN"
199307,"NNP"
199308,"NNS"
199309,"."
199310,"DT"
199311,"NN"
199312,"CD"
199313,"NN"
199314,"NN"
199315,"VBD"
199316,"JJ"
199317,"NN"
199318,"IN"
199319,"PRP"
199320,"VBZ"
199321,"TO"
199322,"VB"
199323,"RB"
199324,"JJ"
199325,"IN"
199326,"CD"
199327,"NN"
199328,"IN"
199329,"DT"
199330,"JJ"
199331,"NN"
199332,"NN"
199333,","
199334,"DT"
199335,"NN"
199336,"VBN"
199337,"IN"
199338,"JJ"
199339,"NNP"
199340,"NNP"
199341,"NN"
199342,"NNS"
199343,"."
199344,"NNP"
199345,"NNP"
199346,"NNP"
199347,"VBD"
199348,"PRP"
199349,"VBD"
199350,"VBN"
199351,"DT"
199352,"NN"
199353,"IN"
199354,"DT"
199355,"JJ"
199356,"NN"
199357,"IN"
199358,"NNP"
199359,"IN"
199360,"NNP"
199361,"VBD"
199362,"NN"
199363,"NNS"
199364,"."
199365,"NNP"
199366,"VBD"
199367,"PRP"
199368,"RB"
199369,"VBZ"
199370,"VBG"
199371,"IN"
199372,"NNP"
199373,"IN"
199374,"VBG"
199375,"DT"
199376,"NN"
199377,"NN"
199378,"."
199379,"O"
199380,"NNP"
199381,"WP"
199382,"VBD"
199383,"NN"
199384,"IN"
199385,"VBN"
199386,"NN"
199387,":"
199388,"WDT"
199389,"VBZ"
199390,","
199391,"``"
199392,"IN"
199393,"NN"
199394,"''"
199395,":"
199396,"MD"
199397,"VB"
199398,"RBR"
199399,"JJ"
199400,"IN"
199401,"RBS"
199402,"VBG"
199403,"NNP"
199404,"POS"
199405,"NN"
199406,"NN"
199407,"."
199408,"DT"
199409,"VBZ"
199410,"IN"
199411,"PRP$"
199412,"NNS"
199413,"MD"
199414,"VB"
199415,"PRP"
199416,"TO"
199417,"VB"
199418,"DT"
199419,"NNS"
199420,"CC"
199421,"VB"
199422,"RP"
199423,"JJR"
199424,"NN"
199425,"TO"
199426,"VB"
199427,"DT"
199428,"NN"
199429,"VBG"
199430,"PRP$"
199431,"NNS"
199432,"."
199433,"IN"
199434,"NNP"
199435,"CD"
199436,","
199437,"DT"
199438,"NN"
199439,"NNS"
199440,"VBD"
199441,"VBN"
199442,"TO"
199443,"VB"
199444,"VBN"
199445,"TO"
199446,"DT"
199447,"JJ"
199448,"NN"
199449,"IN"
199450,"DT"
199451,"NN"
199452,"NN"
199453,"."
199454,"RB"
199455,","
199456,"DT"
199457,"NN"
199458,"NN"
199459,"VBZ"
199460,"WRB"
199461,"DT"
199462,"NN"
199463,"IN"
199464,"DT"
199465,"NN"
199466,"VBZ"
199467,"IN"
199468,"CD"
199469,"NN"
199470,"IN"
199471,"PRP$"
199472,"JJ"
199473,"NN"
199474,"."
199475,"IN"
199476,"DT"
199477,"NN"
199478,"VBZ"
199479,"RB"
199480,"VB"
199481,"RP"
199482,"DT"
199483,"JJ"
199484,"NN"
199485,"TO"
199486,"VB"
199487,"DT"
199488,"NN"
199489,","
199490,"DT"
199491,"NN"
199492,"NN"
199493,"MD"
199494,"VB"
199495,"VBG"
199496,"DT"
199497,"NNS"
199498,"."
199499,"CC"
199500,"DT"
199501,"JJ"
199502,"NN"
199503,"NNS"
199504,"VBD"
199505,"PRP"
199506,"VBP"
199507,"RB"
199508,"VB"
199509,"JJ"
199510,"NNS"
199511,"IN"
199512,"DT"
199513,"NN"
199514,"IN"
199515,"NN"
199516,"NNS"
199517,"."
199518,"JJ"
199519,"NNS"
199520,"IN"
199521,"NNP"
199522,"``"
199523,"VBP"
199524,"VBN"
199525,"JJR"
199526,"IN"
199527,"JJ"
199528,","
199529,"CC"
199530,"JJ"
199531,","
199532,"''"
199533,"DT"
199534,"NN"
199535,"IN"
199536,"NNP"
199537,"NNP"
199538,"NNP"
199539,"NNP"
199540,"VBD"
199541,"."
199542,"NNP"
199543,"NNP"
199544,"CC"
199545,"NNP"
199546,"NNS"
199547,"``"
199548,"VBP"
199549,"RB"
199550,"VB"
199551,"("
199552,"NN"
199553,"NNS"
199554,")"
199555,"TO"
199556,"VB"
199557,"IN"
199558,"JJ"
199559,"DT"
199560,"NN"
199561,"IN"
199562,"IN"
199563,"CD"
199564,"''"
199565,"IN"
199566,"JJR"
199567,"JJ"
199568,"NNS"
199569,"VBP"
199570,"VBG"
199571,"NN"
199572,"IN"
199573,"NN"
199574,","
199575,"DT"
199576,"NN"
199577,"VBD"
199578,"."
199579,"NNP"
199580,"NNP"
199581,","
199582,"JJ"
199583,"NN"
199584,"NN"
199585,"IN"
199586,"NNP"
199587,"NNP"
199588,"NNP"
199589,","
199590,"DT"
199591,"NNP"
199592,"JJ"
199593,"NN"
199594,"NN"
199595,"NN"
199596,","
199597,"VBD"
199598,"PRP"
199599,"VBD"
199600,"RB"
199601,"VB"
199602,"DT"
199603,"JJ"
199604,"NNS"
199605,"IN"
199606,"NN"
199607,"NNS"
199608,"IN"
199609,"NNP"
199610,"NNS"
199611,"."
199612,"PRP"
199613,"VBD"
199614,"NNP"
199615,"VBD"
199616,"JJ"
199617,"NN"
199618,"NNS"
199619,"``"
199620,"RB"
199621,"NNS"
199622,"VBP"
199623,"JJR"
199624,"IN"
199625,"DT"
199626,"NN"
199627,"."
199628,"''"
199629,"PRP"
199630,"VBD"
199631,":"
199632,"``"
199633,"PRP"
199634,"VBD"
199635,"DT"
199636,"NN"
199637,"IN"
199638,"CD"
199639,"IN"
199640,"NN"
199641,"."
199642,"O"
199643,"NNP"
199644,"NNP"
199645,","
199646,"VBG"
199647,"JJ"
199648,"NNP"
199649,"NNP"
199650,"POS"
199651,"NN"
199652,","
199653,"VBD"
199654,"PRP"
199655,"VBZ"
199656,"VBG"
199657,"RP"
199658,"IN"
199659,"JJ"
199660,"NNS"
199661,"IN"
199662,"CD"
199663,"NNS"
199664,"."
199665,"DT"
199666,"NNP"
199667,"NNP"
199668,","
199669,"NNP"
199670,","
199671,"JJ"
199672,"NN"
199673,"VBD"
199674,"PRP"
199675,"MD"
199676,"RB"
199677,"VB"
199678,"NNS"
199679,"IN"
199680,"NNP"
199681,"NNP"
199682,"POS"
199683,"NNP"
199684,"NNP"
199685,"NN"
199686,","
199687,"NNP"
199688,"NNP"
199689,"NNP"
199690,"POS"
199691,"NNP"
199692,"NNP"
199693,"NNP"
199694,"NNP"
199695,"NN"
199696,"CC"
199697,"NN"
199698,"NNS"
199699,"IN"
199700,"DT"
199701,"NN"
199702,"IN"
199703,"DT"
199704,"NN"
199705,"."
199706,"CC"
199707,"PRP"
199708,"VBZ"
199709,"VBN"
199710,"IN"
199711,"NNS"
199712,"IN"
199713,"NNP"
199714,"NNP"
199715,"POS"
199716,"NNP"
199717,"NNP"
199718,"NN"
199719,"CC"
199720,"NNP"
199721,"NNP"
199722,"NNP"
199723,"."
199724,"NNP"
199725,"VBZ"
199726,"VBN"
199727,"FW"
199728,"POS"
199729,"JJ"
199730,"NN"
199731,"IN"
199732,"DT"
199733,"CD"
199734,"NNS"
199735,"IN"
199736,"IN"
199737,"$"
199738,"CD"
199739,"CD"
199740,"CC"
199741,"$"
199742,"CD"
199743,"CD"
199744,"."
199745,"DT"
199746,"NN"
199747,"IN"
199748,"NNP"
199749,"MD"
199750,"RB"
199751,"VB"
199752,"DT"
199753,"NNS"
199754,"CC"
199755,"VBD"
199756,"DT"
199757,"CD"
199758,"NNS"
199759,"VBG"
199760,"VBD"
199761,"NN"
199762,"IN"
199763,"``"
199764,"RB"
199765,"RBR"
199766,"IN"
199767,"PDT"
199768,"''"
199769,"IN"
199770,"DT"
199771,"NN"
199772,"."
199773,"NNP"
199774,"NNP"
199775,"DT"
199776,"NNP"
199777,"NNP"
199778,","
199779,"IN"
199780,"NNP"
199781,","
199782,"CC"
199783,"NNP"
199784,"NNP"
199785,"NNP"
199786,"NNP"
199787,"NNP"
199788,","
199789,"IN"
199790,"NNP"
199791,","
199792,"CC"
199793,"VBD"
199794,"PRP"
199795,"VBD"
199796,"DT"
199797,"NNS"
199798,"TO"
199799,"VB"
199800,"NN"
199801,"."
199802,"IN"
199803,"NN"
199804,","
199805,"NNP"
199806,"VBD"
199807,"PRP"
199808,"VBD"
199809,"DT"
199810,"NN"
199811,"TO"
199812,"VBG"
199813,"VBN"
199814,"IN"
199815,"DT"
199816,"NNS"
199817,","
199818,"IN"
199819,"WDT"
199820,"NNS"
199821,"VBP"
199822,"JJ"
199823,"NNS"
199824,"CC"
199825,"NNS"
199826,"MD"
199827,"VB"
199828,"JJ"
199829,"NNS"
199830,"."
199831,"``"
199832,"PRP"
199833,"MD"
199834,"RB"
199835,"VB"
199836,"WRB"
199837,"DT"
199838,"NN"
199839,"IN"
199840,"NNP"
199841,"CC"
199842,"NNP"
199843,"MD"
199844,"RB"
199845,"VB"
199846,"NNP"
199847,"POS"
199848,"NNS"
199849,","
199850,"''"
199851,"VBD"
199852,"NNP"
199853,"NNP"
199854,","
199855,"NNP"
199856,"POS"
199857,"NN"
199858,"NN"
199859,","
199860,"NN"
199861,"NN"
199862,"."
199863,"NNP"
199864,"CC"
199865,"NNP"
199866,"VBP"
199867,"CD"
199868,"IN"
199869,"DT"
199870,"CD"
199871,"NNS"
199872,"IN"
199873,"WDT"
199874,"NNP"
199875,"VBZ"
199876,"NNS"
199877,"."
199878,"NNP"
199879,"RB"
199880,"VBZ"
199881,"IN"
199882,"DT"
199883,"NN"
199884,"JJ"
199885,"NN"
199886,"IN"
199887,"IN"
199888,"CD"
199889,"JJ"
199890,"NNS"
199891,","
199892,"VBG"
199893,"NNP"
199894,"CC"
199895,"NNP"
199896,"NNP"
199897,"NNP"
199898,"POS"
199899,"NNP"
199900,"NN"
199901,"."
199902,"DT"
199903,"NN"
199904,"RB"
199905,","
199906,"NNP"
199907,","
199908,"IN"
199909,"NNP"
199910,"NNP"
199911,","
199912,"NNP"
199913,","
199914,"VBD"
199915,"IN"
199916,"PRP"
199917,"MD"
199918,"VB"
199919,"PRP$"
199920,"NN"
199921,"NNS"
199922,"IN"
199923,"NN"
199924,"NN"
199925,"IN"
199926,"NNP"
199927,","
199928,"NNP"
199929,"NNP"
199930,"CC"
199931,"NNP"
199932,"NNP"
199933,"NNP"
199934,"POS"
199935,"NNP"
199936,"NNP"
199937,"CC"
199938,"NNP"
199939,"NNP"
199940,","
199941,"CC"
199942,"DT"
199943,"NNS"
199944,"IN"
199945,"NNP"
199946,"NNP"
199947,","
199948,"NNP"
199949,"NNP"
199950,"POS"
199951,"NNP"
199952,"NNP"
199953,"CC"
199954,"NNP"
199955,"RB"
199956,"MD"
199957,"VB"
199958,"VBN"
199959,":"
199960,"RB"
199961,"IN"
199962,"NNP"
199963,"CD"
199964,"."
199965,"IN"
199966,"DT"
199967,"NN"
199968,","
199969,"NNP"
199970,"VBD"
199971,"PRP$"
199972,"JJ"
199973,"NNS"
199974,"TO"
199975,"DT"
199976,"NNS"
199977,"VBD"
199978,"TO"
199979,"$"
199980,"CD"
199981,"CD"
199982,"CC"
199983,"WDT"
199984,"DT"
199985,"NN"
199986,"IN"
199987,"VBN"
199988,"NNS"
199989,"VBD"
199990,"$"
199991,"CD"
199992,"CD"
199993,"."
199994,"NNS"
199995,"CC"
199996,"NNS"
199997,","
199998,"RB"
199999,","
200000,"VBP"
200001,"DT"
200002,"NNS"
200003,"VBD"
200004,"DT"
200005,"JJ"
200006,"."
200007,"NNP"
200008,"VBD"
200009,"PRP$"
200010,"JJ"
200011,"NNS"
200012,"VBP"
200013,"``"
200014,"RB"
200015,"RB"
200016,"''"
200017,"FW"
200018,"POS"
200019,"NN"
200020,"."
200021,"NNP"
200022,"NNP"
200023,"NNP"
200024,","
200025,"NNP"
200026,"NN"
200027,"NN"
200028,"IN"
200029,"NN"
200030,","
200031,"VBD"
200032,","
200033,"``"
200034,"DT"
200035,"NN"
200036,"CC"
200037,"VBZ"
200038,"VBN"
200039,"TO"
200040,"("
200041,"JJ"
200042,"NNS"
200043,")"
200044,"VBP"
200045,"RB"
200046,"VBN"
200047,"PRP$"
200048,"NN"
200049,"."
200050,"''"
200051,"DT"
200052,"NN"
200053,"VBZ"
200054,"VBN"
200055,"JJ"
200056,"IN"
200057,"DT"
200058,"NNP"
200059,"NNP"
200060,"NNP"
200061,","
200062,"VBD"
200063,"NNP"
200064,"NNP"
200065,","
200066,"JJ"
200067,"NN"
200068,"NN"
200069,"IN"
200070,"NNP"
200071,"."
200072,"NNP"
200073,"CC"
200074,"NNP"
200075,"."
200076,"``"
200077,"PRP"
200078,"VBP"
200079,"VBN"
200080,"VBG"
200081,"TO"
200082,"VB"
200083,"PRP$"
200084,"NNS"
200085,"RB"
200086,","
200087,"CC"
200088,"DT"
200089,"VBZ"
200090,"DT"
200091,"RB"
200092,"JJ"
200093,"NN"
200094,"TO"
200095,"VB"
200096,"PRP"
200097,","
200098,"''"
200099,"PRP"
200100,"VBD"
200101,"."
200102,"O"
200103,"NNP"
200104,"NNP"
200105,"VBZ"
200106,"VBG"
200107,"``"
200108,"DT"
200109,"NNP"
200110,"NNP"
200111,"NNP"
200112,"''"
200113,"RB"
200114,"TO"
200115,"CD"
200116,"NN"
200117,"IN"
200118,"PRP$"
200119,"JJ"
200120,"CD"
200121,"NNS"
200122,"."
200123,"NNP"
200124,"VBD"
200125,"DT"
200126,"NN"
200127,"VBD"
200128,"RB"
200129,"DT"
200130,"NN"
200131,"IN"
200132,"DT"
200133,"NN"
200134,","
200135,"WDT"
200136,"VBZ"
200137,"DT"
200138,"NN"
200139,"POS"
200140,"JJ"
200141,"NN"
200142,"IN"
200143,"DT"
200144,"JJ"
200145,"NN"
200146,"NN"
200147,"NN"
200148,"IN"
200149,"CD"
200150,"."
200151,"``"
200152,"PRP"
200153,"VBP"
200154,"DT"
200155,"NN"
200156,"IN"
200157,"VBG"
200158,"DT"
200159,"DT"
200160,"JJS"
200161,"JJ"
200162,"NN"
200163,"CC"
200164,"VBG"
200165,"PRP"
200166,"VB"
200167,"CD"
200168,"NN"
200169,"VBZ"
200170,"DT"
200171,"JJS"
200172,"NN"
200173,"TO"
200174,"PRP"
200175,","
200176,"''"
200177,"VBD"
200178,"NNP"
200179,"NNP"
200180,","
200181,"WP"
200182,"VBD"
200183,"VBN"
200184,"NN"
200185,"NN"
200186,"IN"
200187,"JJ"
200188,"NN"
200189,"NN"
200190,"IN"
200191,"NNP"
200192,"."
200193,"``"
200194,"DT"
200195,"MD"
200196,"VB"
200197,"DT"
200198,"NN"
200199,"NN"
200200,"IN"
200201,"DT"
200202,"NN"
200203,"."
200204,"''"
200205,"NNP"
200206,"MD"
200207,"VB"
200208,"TO"
200209,"VB"
200210,"JJ"
200211,"NNS"
200212,"TO"
200213,"VB"
200214,"DT"
200215,"JJ"
200216,"NN"
200217,"."
200218,"CC"
200219,"NNP"
200220,"NNP"
200221,"MD"
200222,"VB"
200223,"PRP$"
200224,"JJ"
200225,"``"
200226,"NN"
200227,"''"
200228,"IN"
200229,"CD"
200230,"NNS"
200231,"CC"
200232,"VB"
200233,"IN"
200234,"CD"
200235,"RB"
200236,"."
200237,"DT"
200238,"NN"
200239,","
200240,"IN"
200241,"DT"
200242,"JJ"
200243,"NN"
200244,","
200245,"VBZ"
200246,"VBN"
200247,"RB"
200248,"IN"
200249,"DT"
200250,"JJ"
200251,"NNS"
200252,"RB"
200253,"VBN"
200254,"IN"
200255,"NNP"
200256,"NNP"
200257,"NNP"
200258,","
200259,"VBG"
200260,"RB"
200261,"IN"
200262,"``"
200263,"NN"
200264,"''"
200265,"IN"
200266,"NNP"
200267,","
200268,"DT"
200269,"NN"
200270,"IN"
200271,"NNP"
200272,"NNP"
200273,"NNP"
200274,","
200275,"CC"
200276,"``"
200277,"NN"
200278,"''"
200279,"IN"
200280,"NNP"
200281,","
200282,"DT"
200283,"NN"
200284,"IN"
200285,"NNP"
200286,"NNP"
200287,"NNP"
200288,"."
200289,"RB"
200290,"VBG"
200291,"DT"
200292,"JJ"
200293,"NN"
200294,"VBZ"
200295,"DT"
200296,"NN"
200297,"IN"
200298,"DT"
200299,"``"
200300,"NNP"
200301,"NNP"
200302,"NNP"
200303,","
200304,"''"
200305,"VBN"
200306,"IN"
200307,"NNP"
200308,"NNP"
200309,"NNP"
200310,"."
200311,"O"
200312,"NNP"
200313,"NNPS"
200314,"NNP"
200315,","
200316,"VBG"
200317,"TO"
200318,"VB"
200319,"IN"
200320,"NNP"
200321,"NNP"
200322,"NNP"
200323,"NNP"
200324,"IN"
200325,"DT"
200326,"NN"
200327,"IN"
200328,"DT"
200329,"NN"
200330,"NN"
200331,","
200332,"VBD"
200333,"PRP"
200334,"VBZ"
200335,"TO"
200336,"VB"
200337,"JJR"
200338,"NN"
200339,"CC"
200340,"NNS"
200341,"IN"
200342,"PRP$"
200343,"JJ"
200344,"JJ"
200345,"NN"
200346,"VBD"
200347,"NNP"
200348,"CD"
200349,"."
200350,"NNP"
200351,"VBD"
200352,"PRP"
200353,"VBZ"
200354,"TO"
200355,"VB"
200356,"NN"
200357,"IN"
200358,"IN"
200359,"$"
200360,"CD"
200361,"CD"
200362,"CC"
200363,"NNS"
200364,"IN"
200365,"CD"
200366,"NNS"
200367,"TO"
200368,"CD"
200369,"NNS"
200370,"DT"
200371,"NN"
200372,"."
200373,"DT"
200374,"NNS"
200375,","
200376,"WDT"
200377,"VBP"
200378,"IN"
200379,"NN"
200380,"IN"
200381,"NNS"
200382,"POS"
200383,"NNS"
200384,","
200385,"VBP"
200386,"``"
200387,"DT"
200388,"JJ"
200389,"NN"
200390,"IN"
200391,"NNP"
200392,"NNP"
200393,"NN"
200394,","
200395,"''"
200396,"VBD"
200397,"NNP"
200398,"NNP"
200399,","
200400,"NNP"
200401,"POS"
200402,"JJ"
200403,"NN"
200404,"NN"
200405,"."
200406,"IN"
200407,"DT"
200408,"JJ"
200409,"NN"
200410,","
200411,"NNP"
200412,"VBD"
200413,"JJ"
200414,"NN"
200415,"IN"
200416,"$"
200417,"CD"
200418,"CD"
200419,","
200420,"CC"
200421,"CD"
200422,"NNS"
200423,"DT"
200424,"NN"
200425,","
200426,"IN"
200427,"NN"
200428,"IN"
200429,"$"
200430,"CD"
200431,"CD"
200432,"."
200433,"NNP"
200434,"VBZ"
200435,"TO"
200436,"VB"
200437,"DT"
200438,"JJ"
200439,"NNS"
200440,"IN"
200441,"DT"
200442,"NN"
200443,"IN"
200444,"NN"
200445,"."
200446,"NNS"
200447,"VBP"
200448,"VBN"
200449,"IN"
200450,"DT"
200451,"NNP"
200452,","
200453,"NNP"
200454,","
200455,"NN"
200456,"NN"
200457,"NN"
200458,"NN"
200459,"IN"
200460,"$"
200461,"CD"
200462,"CD"
200463,"TO"
200464,"$"
200465,"CD"
200466,"CD"
200467,"CC"
200468,"NNS"
200469,"IN"
200470,"CD"
200471,"NNS"
200472,"TO"
200473,"CD"
200474,"NNS"
200475,"DT"
200476,"NN"
200477,"."
200478,"VBG"
200479,"IN"
200480,"DT"
200481,"NNS"
200482,"IN"
200483,"DT"
200484,"NN"
200485,","
200486,"NNP"
200487,"NNP"
200488,"VBD"
200489,"DT"
200490,"NN"
200491,"IN"
200492,"DT"
200493,"NN"
200494,"POS"
200495,"JJ"
200496,"NN"
200497,"VBD"
200498,"IN"
200499,"``"
200500,"DT"
200501,"NN"
200502,"''"
200503,"TO"
200504,"PRP"
200505,","
200506,"VBG"
200507,"IN"
200508,"NNS"
200509,"``"
200510,"IN"
200511,"DT"
200512,"NN"
200513,"IN"
200514,"DT"
200515,"NNP"
200516,"VBD"
200517,"PRP$"
200518,"NN"
200519,"."
200520,"''"
200521,"DT"
200522,"NN"
200523,"POS"
200524,"JJ"
200525,"NN"
200526,"VBD"
200527,"VBN"
200528,"IN"
200529,"``"
200530,"DT"
200531,"JJ"
200532,"NN"
200533,"IN"
200534,"JJ"
200535,"NNS"
200536,","
200537,"''"
200538,"PRP"
200539,"VBD"
200540,"."
200541,"NNP"
200542,"VBZ"
200543,"``"
200544,"JJ"
200545,"''"
200546,"NNS"
200547,":"
200548,"NNS"
200549,"IN"
200550,"JJ"
200551,"NN"
200552,"NNS"
200553,":"
200554,"WDT"
200555,"VBP"
200556,"NN"
200557,"NNS"
200558,","
200559,"NNS"
200560,"IN"
200561,"JJ"
200562,"NNS"
200563,"CC"
200564,"JJ"
200565,"JJ"
200566,"NN"
200567,"NNS"
200568,"."
200569,"NNP"
200570,"DT"
200571,"NN"
200572,"VBZ"
200573,"VBN"
200574,"TO"
200575,"VB"
200576,"PRP$"
200577,"JJS"
200578,"JJ"
200579,"NN"
200580,"RB"
200581,","
200582,"WDT"
200583,"IN"
200584,"DT"
200585,"JJ"
200586,"NN"
200587,"MD"
200588,"VB"
200589,"PRP"
200590,"IN"
200591,"JJ"
200592,"NN"
200593,"IN"
200594,"NNS"
200595,"IN"
200596,"JJ"
200597,"NNS"
200598,"."
200599,"NNP"
200600,"POS"
200601,"JJ"
200602,"JJ"
200603,"NN"
200604,"VBZ"
200605,"VBN"
200606,"VBN"
200607,"."
200608,"NNS"
200609,"IN"
200610,"DT"
200611,"NN"
200612,","
200613,"WDT"
200614,"MD"
200615,"VB"
200616,"IN"
200617,"JJ"
200618,"NNS"
200619,","
200620,"VBP"
200621,"$"
200622,"CD"
200623,"CD"
200624,"TO"
200625,"$"
200626,"CD"
200627,"CD"
200628,"."
200629,"NNS"
200630,"VBP"
200631,"DT"
200632,"JJ"
200633,"NN"
200634,"TO"
200635,"VB"
200636,"DT"
200637,"JJ"
200638,"NN"
200639,"IN"
200640,"NN"
200641,"RB"
200642,"IN"
200643,"NNP"
200644,","
200645,"DT"
200646,"JJ"
200647,"NN"
200648,"IN"
200649,"NNS"
200650,"."
200651,"``"
200652,"PRP"
200653,"VBP"
200654,"PRP"
200655,"MD"
200656,"NNP"
200657,"RB"
200658,"CD"
200659,"TO"
200660,"CD"
200661,"CD"
200662,"NNS"
200663,"IN"
200664,"NNP"
200665,"''"
200666,"IN"
200667,"DT"
200668,"JJ"
200669,"JJ"
200670,"NNS"
200671,","
200672,"VBD"
200673,"NNP"
200674,"NNP"
200675,","
200676,"DT"
200677,"NN"
200678,"IN"
200679,"DT"
200680,"NN"
200681,"NN"
200682,"."
200683,"DT"
200684,"MD"
200685,"VB"
200686,"NNP"
200687,"POS"
200688,"NN"
200689,"."
200690,"``"
200691,"PRP"
200692,"MD"
200693,"VB"
200694,"VBN"
200695,"IN"
200696,"DT"
200697,"NN"
200698,"VBD"
200699,"IN"
200700,"JJR"
200701,"IN"
200702,"CD"
200703,"NN"
200704,"IN"
200705,"NN"
200706,","
200707,"''"
200708,"VBD"
200709,"NNP"
200710,"NNP"
200711,","
200712,"DT"
200713,"NN"
200714,"IN"
200715,"NNP"
200716,","
200717,"NNP"
200718,"CC"
200719,"NNP"
200720,"."
200721,"NNP"
200722,"VBZ"
200723,"VBN"
200724,"TO"
200725,"VB"
200726,"TO"
200727,"NNP"
200728,"POS"
200729,"CD"
200730,"IN"
200731,"VBG"
200732,"PRP$"
200733,"JJ"
200734,"NNS"
200735,","
200736,"WDT"
200737,"NNS"
200738,"VBP"
200739,"VBP"
200740,"RB"
200741,"CD"
200742,"NNS"
200743,"DT"
200744,"NN"
200745,"IN"
200746,"DT"
200747,"JJ"
200748,"NN"
200749,"IN"
200750,"NNP"
200751,"."
200752,"``"
200753,"RB"
200754,"NNP"
200755,"MD"
200756,"VB"
200757,"JJR"
200758,"NNS"
200759,"TO"
200760,"NNS"
200761,"RB"
200762,","
200763,"''"
200764,"VBD"
200765,"NNP"
200766,"NNP"
200767,"."
200768,"CC"
200769,"NNP"
200770,"NNP"
200771,"NNS"
200772,"IN"
200773,"DT"
200774,"MD"
200775,"VB"
200776,"JJ"
200777,"TO"
200778,"VB"
200779,"NNP"
200780,"POS"
200781,"JJ"
200782,"NN"
200783,"IN"
200784,"NN"
200785,"IN"
200786,"DT"
200787,"IN"
200788,"DT"
200789,"NNS"
200790,"IN"
200791,"JJ"
200792,"NNS"
200793,"RB"
200794,"VBN"
200795,"IN"
200796,"NNP"
200797,"NNP"
200798,"POS"
200799,"NNS"
200800,"."
200801,"``"
200802,"DT"
200803,"NN"
200804,"VBZ"
200805,"RB"
200806,"VB"
200807,"NNS"
200808,","
200809,"CC"
200810,"JJ"
200811,"NNS"
200812,","
200813,"''"
200814,"PRP"
200815,"VBD"
200816,"."
200817,"RB"
200818,","
200819,"NNP"
200820,"VBZ"
200821,"DT"
200822,"NN"
200823,"IN"
200824,"NNS"
200825,","
200826,"DT"
200827,"JJS"
200828,"NN"
200829,"IN"
200830,"NNS"
200831,"RB"
200832,"VBP"
200833,"DT"
200834,"NN"
200835,"POS"
200836,"NNS"
200837,"IN"
200838,"NNP"
200839,"TO"
200840,"NNP"
200841,"POS"
200842,"NNS"
200843,"."
200844,"RB"
200845,"NNP"
200846,"NNP"
200847,"VBZ"
200848,"JJ"
200849,"TO"
200850,"VB"
200851,"DT"
200852,"NN"
200853,","
200854,"VBG"
200855,"DT"
200856,"NN"
200857,"POS"
200858,"JJ"
200859,"NNS"
200860,"VBP"
200861,"RB"
200862,"JJ"
200863,"IN"
200864,"NNP"
200865,"POS"
200866,"NNS"
200867,"."
200868,"``"
200869,"PRP"
200870,"VBP"
200871,"IN"
200872,"DT"
200873,"RB"
200874,"JJR"
200875,"NN"
200876,","
200877,"''"
200878,"PRP"
200879,"VBD"
200880,"."
200881,"O"
200882,"VBP"
200883,"RB"
200884,"VB"
200885,"RB"
200886,"."
200887,"DT"
200888,"NN"
200889,"NN"
200890,"POS"
200891,"NN"
200892,"MD"
200893,"VB"
200894,"RP"
200895,"TO"
200896,"VB"
200897,"JJ"
200898,"NN"
200899,"IN"
200900,"DT"
200901,"NN"
200902,"."
200903,"IN"
200904,"CD"
200905,"JJ"
200906,"NN"
200907,"IN"
200908,"NN"
200909,","
200910,"DT"
200911,"NN"
200912,"VBD"
200913,"TO"
200914,"VB"
200915,"WP"
200916,"DT"
200917,"NNP"
200918,"NN"
200919,"VBZ"
200920,"VBN"
200921,"VBG"
200922,"TO"
200923,"VB"
200924,","
200925,"RB"
200926,","
200927,"IN"
200928,"NNS"
200929,"."
200930,"PRP"
200931,"VBZ"
200932,"VBG"
200933,"DT"
200934,"NNP"
200935,"NNP"
200936,"TO"
200937,"VB"
200938,"PRP$"
200939,"NN"
200940,"IN"
200941,"NN"
200942,"CC"
200943,"PRP"
200944,"VBD"
200945,"DT"
200946,"NN"
200947,"IN"
200948,"IN"
200949,"DT"
200950,"RB"
200951,"JJ"
200952,"NN"
200953,"."
200954,"DT"
200955,"JJ"
200956,"NN"
200957,"IN"
200958,"NN"
200959,"NNS"
200960,"CC"
200961,"DT"
200962,"NN"
200963,"IN"
200964,"DT"
200965,"NN"
200966,"MD"
200967,"VB"
200968,"JJ"
200969,"NN"
200970,":"
200971,"RB"
200972,","
200973,"DT"
200974,"JJ"
200975,"NN"
200976,"."
200977,"DT"
200978,"MD"
200979,"VB"
200980,"RB"
200981,"JJ"
200982,"."
200983,"IN"
200984,"NNP"
200985,","
200986,"IN"
200987,"DT"
200988,"JJ"
200989,"NNS"
200990,"RB"
200991,","
200992,"DT"
200993,"NN"
200994,"NN"
200995,"VBD"
200996,"VBN"
200997,"IN"
200998,"DT"
200999,"NN"
201000,"IN"
201001,"DT"
201002,"JJ"
201003,"NN"
201004,"."
201005,"WRB"
201006,"PRP"
201007,"VBD"
201008,"RB"
201009,","
201010,"IN"
201011,"DT"
201012,"NN"
201013,","
201014,"DT"
201015,"NN"
201016,"VBD"
201017,"."
201018,"DT"
201019,"VBZ"
201020,"VBN"
201021,","
201022,"RB"
201023,"IN"
201024,"DT"
201025,"CD"
201026,"NNS"
201027,"VBG"
201028,"DT"
201029,"JJS"
201030,"NN"
201031,"NN"
201032,"IN"
201033,"NN"
201034,"VBP"
201035,"VBN"
201036,"RB"
201037,"JJ"
201038,"."
201039,"DT"
201040,"CD"
201041,"NN"
201042,"VBD"
201043,"``"
201044,"DT"
201045,"JJ"
201046,"NN"
201047,"RB"
201048,"PRP"
201049,"VBP"
201050,"PRP"
201051,","
201052,"''"
201053,"VBZ"
201054,"NNP"
201055,"IN"
201056,"NNP"
201057,"NN"
201058,"NNP"
201059,"NNP"
201060,"."
201061,"DT"
201062,"NN"
201063,"VBZ"
201064,"RB"
201065,"VBN"
201066,"IN"
201067,"DT"
201068,"NN"
201069,"IN"
201070,"DT"
201071,"NN"
201072,"."
201073,"PRP$"
201074,"NNS"
201075,"MD"
201076,"RB"
201077,"VB"
201078,"VBN"
201079,"TO"
201080,"JJ"
201081,"NN"
201082,"NNS"
201083,","
201084,"CC"
201085,"VB"
201086,"PRP"
201087,"VBP"
201088,"TO"
201089,"VB"
201090,"JJ"
201091,"NNS"
201092,"IN"
201093,"DT"
201094,"NN"
201095,"."
201096,"``"
201097,"DT"
201098,"NN"
201099,"NN"
201100,"VBZ"
201101,"DT"
201102,"NN"
201103,"IN"
201104,"PRP$"
201105,"NN"
201106,","
201107,"''"
201108,"NNP"
201109,"NNP"
201110,","
201111,"NN"
201112,"IN"
201113,"NNP"
201114,"NNP"
201115,"NNP"
201116,"NNP"
201117,","
201118,"VBD"
201119,"NNP"
201120,"."
201121,"``"
201122,"EX"
201123,"VBZ"
201124,"NN"
201125,"JJ"
201126,"IN"
201127,"DT"
201128,"NN"
201129,"IN"
201130,"NN"
201131,"."
201132,"''"
201133,"IN"
201134,"NN"
201135,","
201136,"DT"
201137,"NN"
201138,"IN"
201139,"DT"
201140,"NN"
201141,"MD"
201142,"VB"
201143,"VBN"
201144,"IN"
201145,"DT"
201146,"NN"
201147,"VBZ"
201148,"TO"
201149,"VB"
201150,"DT"
201151,"NN"
201152,"."
201153,"RB"
201154,"VBG"
201155,"NN"
201156,"NNS"
201157,"VBP"
201158,"VB"
201159,"NN"
201160,"NN"
201161,","
201162,"NN"
201163,"NN"
201164,"NN"
201165,"CC"
201166,"VB"
201167,"DT"
201168,"JJ"
201169,"NNS"
201170,"IN"
201171,"WP"
201172,"DT"
201173,"NNP"
201174,"RB"
201175,"VBZ"
201176,"IN"
201177,"JJ"
201178,"NN"
201179,"."
201180,"DT"
201181,"JJ"
201182,"NN"
201183,"VBD"
201184,"VBN"
201185,"IN"
201186,"DT"
201187,"CD"
201188,"NN"
201189,"."
201190,"WP"
201191,"VBZ"
201192,"JJR"
201193,","
201194,"IN"
201195,"DT"
201196,"NN"
201197,"NN"
201198,"VBZ"
201199,"RB"
201200,"JJR"
201201,"FW"
201202,"NN"
201203,"IN"
201204,"CD"
201205,"NNS"
201206,"RB"
201207,","
201208,"DT"
201209,"NNP"
201210,"NN"
201211,"VBZ"
201212,"JJR"
201213,"."
201214,"NNP"
201215,"VBZ"
201216,"JJR"
201217,"."
201218,"NNS"
201219,"VBP"
201220,"JJR"
201221,"."
201222,"NN"
201223,"NNS"
201224,"VBP"
201225,"JJR"
201226,"."
201227,"CC"
201228,"IN"
201229,"DT"
201230,"NN"
201231,"NN"
201232,"VBZ"
201233,"RB"
201234,"VB"
201235,"TO"
201236,"VB"
201237,","
201238,"DT"
201239,"JJ"
201240,"NNS"
201241,"IN"
201242,"JJR"
201243,"NN"
201244,"NNS"
201245,"CC"
201246,"DT"
201247,"JJR"
201248,"NN"
201249,"MD"
201250,"RB"
201251,"VB"
201252,"."
201253,"NNP"
201254,"NNP"
201255,","
201256,"WDT"
201257,"IN"
201258,"NNP"
201259,"VBD"
201260,"VBN"
201261,"VBG"
201262,"NNS"
201263,"TO"
201264,"VB"
201265,"NN"
201266,","
201267,"VBZ"
201268,"RB"
201269,"VBN"
201270,"TO"
201271,"VB"
201272,"NN"
201273,"IN"
201274,"DT"
201275,"NN"
201276,"IN"
201277,"JJ"
201278,"TO"
201279,"DT"
201280,"DT"
201281,"NNS"
201282,"."
201283,"NNP"
201284,"NNS"
201285,"MD"
201286,"VB"
201287,"IN"
201288,"DT"
201289,"VBZ"
201290,"RB"
201291,"RB"
201292,"VB"
201293,"DT"
201294,"JJ"
201295,"NN"
201296,"IN"
201297,"PRP$"
201298,"JJ"
201299,"NNS"
201300,"."
201301,"CC"
201302,"DT"
201303,"NN"
201304,"IN"
201305,"DT"
201306,"CD"
201307,"NN"
201308,"VBZ"
201309,"DT"
201310,"NNP"
201311,"VBZ"
201312,"JJ"
201313,"TO"
201314,"VB"
201315,"RP"
201316,"JJ"
201317,"NN"
201318,"NNS"
201319,"IN"
201320,"PRP$"
201321,"NN"
201322,"TO"
201323,"VB"
201324,"NNS"
201325,"."
201326,"VBG"
201327,"DT"
201328,"NNP"
201329,"POS"
201330,"NN"
201331,","
201332,"NN"
201333,"NNS"
201334,"VBD"
201335,"DT"
201336,"JJ"
201337,"NN"
201338,"NN"
201339,"VBN"
201340,"IN"
201341,"DT"
201342,"JJ"
201343,"NNS"
201344,"NN"
201345,"TO"
201346,"CD"
201347,"NN"
201348,"JJ"
201349,"NNP"
201350,","
201351,"RB"
201352,"IN"
201353,"CD"
201354,"NN"
201355,"DT"
201356,"NN"
201357,"RB"
201358,"."
201359,"JJ"
201360,"NNS"
201361,"IN"
201362,"DT"
201363,"NN"
201364,","
201365,"WDT"
201366,"VBZ"
201367,"WP"
201368,"NNS"
201369,"VBP"
201370,"DT"
201371,"JJ"
201372,"IN"
201373,"JJ"
201374,"NNS"
201375,","
201376,"VBP"
201377,"RB"
201378,"IN"
201379,"DT"
201380,"JJ"
201381,"JJ"
201382,"NNS"
201383,"IN"
201384,"DT"
201385,"NNP"
201386,"VBZ"
201387,"IN"
201388,"DT"
201389,"JJ"
201390,"NNS"
201391,"."
201392,"DT"
201393,"NN"
201394,"RB"
201395,"VBD"
201396,"TO"
201397,"VB"
201398,"NNP"
201399,"IN"
201400,"DT"
201401,"NN"
201402,"NN"
201403,"POS"
201404,"NN"
201405,"VBD"
201406,"DT"
201407,"NNS"
201408,"TO"
201409,"VB"
201410,"PRP$"
201411,"NN"
201412,"TO"
201413,"VB"
201414,"IN"
201415,"DT"
201416,"NNP"
201417,"."
201418,"NNP"
201419,"NNS"
201420,"VBP"
201421,"VBN"
201422,"VBG"
201423,"IN"
201424,"NNS"
201425,"IN"
201426,"DT"
201427,"NN"
201428,"POS"
201429,"NN"
201430,"VBD"
201431,"RP"
201432,"IN"
201433,"VB"
201434,"IN"
201435,"JJ"
201436,"NNS"
201437,","
201438,"VBG"
201439,"TO"
201440,"VB"
201441,"DT"
201442,"NN"
201443,"NN"
201444,"WDT"
201445,"VBZ"
201446,"JJ"
201447,"NNS"
201448,"IN"
201449,"JJ"
201450,"NNS"
201451,"."
201452,"DT"
201453,"NN"
201454,"NN"
201455,"VBZ"
201456,"RB"
201457,"RB"
201458,"VBN"
201459,"JJ"
201460,"NNS"
201461,"IN"
201462,"DT"
201463,"NN"
201464,"VBD"
201465,"RB"
201466,"IN"
201467,"DT"
201468,"VBN"
201469,"NN"
201470,"."
201471,"DT"
201472,"JJ"
201473,"NN"
201474,"IN"
201475,"DT"
201476,"NN"
201477,":"
201478,"RB"
201479,"DT"
201480,"JJ"
201481,"NN"
201482,","
201483,"NN"
201484,"PRP"
201485,":"
201486,"MD"
201487,"VB"
201488,"VBN"
201489,"IN"
201490,"DT"
201491,"NNP"
201492,"."
201493,"DT"
201494,"VBD"
201495,"RB"
201496,"DT"
201497,"NN"
201498,"IN"
201499,"CD"
201500,","
201501,"WRB"
201502,"DT"
201503,"NN"
201504,"VBD"
201505,"RB"
201506,"JJ"
201507,"IN"
201508,"DT"
201509,"NNS"
201510,"CC"
201511,"NN"
201512,"NNS"
201513,"RB"
201514,"VBN"
201515,"IN"
201516,"PRP"
201517,"MD"
201518,"VB"
201519,","
201520,"VBG"
201521,"NN"
201522,"IN"
201523,"JJ"
201524,"NNS"
201525,"CC"
201526,"VBG"
201527,"DT"
201528,"NN"
201529,"IN"
201530,"JJ"
201531,"NN"
201532,"TO"
201533,"DT"
201534,"NNP"
201535,"."
201536,"DT"
201537,"JJ"
201538,"NN"
201539,"IN"
201540,"CD"
201541,"CC"
201542,"CD"
201543,"VBZ"
201544,"RB"
201545,"RB"
201546,"JJ"
201547,"."
201548,"IN"
201549,"DT"
201550,"JJ"
201551,"NN"
201552,"IN"
201553,"CD"
201554,","
201555,"DT"
201556,"NN"
201557,"VBN"
201558,"IN"
201559,"DT"
201560,"JJ"
201561,"JJ"
201562,"NN"
201563,"IN"
201564,"CD"
201565,"NN"
201566,"."
201567,"DT"
201568,"NN"
201569,"IN"
201570,"NNS"
201571,"VBZ"
201572,"IN"
201573,"PRP"
201574,"VBD"
201575,"DT"
201576,"RB"
201577,"RBR"
201578,"JJ"
201579,"CD"
201580,"NN"
201581,"IN"
201582,"DT"
201583,"JJ"
201584,"NN"
201585,"IN"
201586,"CD"
201587,","
201588,"WDT"
201589,"VBD"
201590,"CD"
201591,"NNS"
201592,"RB"
201593,"."
201594,"DT"
201595,"NN"
201596,"IN"
201597,"NN"
201598,"NNS"
201599,"``"
201600,"VBZ"
201601,"VBG"
201602,"IN"
201603,"DT"
201604,"NN"
201605,"WRB"
201606,"DT"
201607,"NN"
201608,"VBZ"
201609,"RB"
201610,"VBN"
201611,"RB"
201612,","
201613,"''"
201614,"VBZ"
201615,"NN"
201616,"NNP"
201617,"NNP"
201618,"IN"
201619,"NNP"
201620,"NNP"
201621,","
201622,"DT"
201623,"NNP"
201624,"NNP"
201625,","
201626,"NNP"
201627,","
201628,"NN"
201629,"NN"
201630,"."
201631,"``"
201632,"DT"
201633,"NN"
201634,"IN"
201635,"JJ"
201636,"NN"
201637,"VBZ"
201638,"VBN"
201639,"."
201640,"''"
201641,"NNP"
201642,"NN"
201643,"VBD"
201644,"NN"
201645,"IN"
201646,"DT"
201647,"NNS"
201648,"VBG"
201649,"NNP"
201650,"NNP"
201651,"CD"
201652,":"
201653,"``"
201654,"CC"
201655,"RB"
201656,"RB"
201657,"CC"
201658,"IN"
201659,"DT"
201660,"JJ"
201661,"NN"
201662,"IN"
201663,"NN"
201664,","
201665,"''"
201666,"VBZ"
201667,"NNP"
201668,"NNP"
201669,","
201670,"DT"
201671,"JJ"
201672,"NN"
201673,"IN"
201674,"NN"
201675,"NNS"
201676,"."
201677,"``"
201678,"DT"
201679,"VBD"
201680,"VBN"
201681,"IN"
201682,"NN"
201683,"RB"
201684,"."
201685,"("
201686,"DT"
201687,"NNS"
201688,")"
201689,"VBD"
201690,"RB"
201691,"RBR"
201692,"JJ"
201693,"CC"
201694,"RBR"
201695,"JJ"
201696,"IN"
201697,"DT"
201698,"VBD"
201699,"VBN"
201700,"CC"
201701,"VBN"
201702,"."
201703,"''"
201704,"NN"
201705,","
201706,"PRP"
201707,"VBZ"
201708,","
201709,"NNS"
201710,"CC"
201711,"NN"
201712,"NN"
201713,"NN"
201714,"MD"
201715,"VB"
201716,"JJ"
201717,"TO"
201718,"VB"
201719,"RP"
201720,"DT"
201721,"NN"
201722,"IN"
201723,"NN"
201724,"NNS"
201725,"VB"
201726,"DT"
201727,"NN"
201728,"CC"
201729,"JJ"
201730,"NNS"
201731,"JJ"
201732,"IN"
201733,"NN"
201734,"."
201735,"WP"
201736,"VBZ"
201737,"JJR"
201738,","
201739,"DT"
201740,"JJ"
201741,"NN"
201742,"NN"
201743,"VBZ"
201744,"RB"
201745,"VBN"
201746,"IN"
201747,"DT"
201748,"JJ"
201749,"CD"
201750,"NNS"
201751,"."
201752,"``"
201753,"PRP"
201754,"VBP"
201755,"VBN"
201756,"CD"
201757,"JJR"
201758,"NNS"
201759,"IN"
201760,"JJ"
201761,"NN"
201762,"IN"
201763,"NN"
201764,":"
201765,"RB"
201766,"IN"
201767,"DT"
201768,"NN"
201769,"WRB"
201770,"NNS"
201771,"VBP"
201772,"VBG"
201773,"VBN"
201774,","
201775,"''"
201776,"NNP"
201777,"NNP"
201778,"VBZ"
201779,"."
201780,"DT"
201781,"RBR"
201782,"DT"
201783,"NN"
201784,"VBZ"
201785,"IN"
201786,"VBN"
201787,"NN"
201788,","
201789,"DT"
201790,"JJR"
201791,"PRP$"
201792,"NN"
201793,"TO"
201794,"DT"
201795,"JJ"
201796,"NN"
201797,"."
201798,"DT"
201799,"NN"
201800,"IN"
201801,"DT"
201802,"JJ"
201803,"NN"
201804,"NN"
201805,"MD"
201806,"VB"
201807,"DT"
201808,"JJ"
201809,"NN"
201810,":"
201811,"DT"
201812,"RB"
201813,"JJ"
201814,"NN"
201815,"MD"
201816,"VB"
201817,"RB"
201818,"IN"
201819,"NN"
201820,"NN"
201821,"."
201822,"NNP"
201823,"NNP"
201824,","
201825,"IN"
201826,"NN"
201827,","
201828,"VBZ"
201829,"IN"
201830,"RB"
201831,"UH"
201832,":"
201833,"RB"
201834,"PRP$"
201835,"NN"
201836,"TO"
201837,"VB"
201838,"NN"
201839,"IN"
201840,"DT"
201841,"NN"
201842,"DT"
201843,"NN"
201844,"."
201845,"CC"
201846,","
201847,"IN"
201848,"DT"
201849,"NN"
201850,","
201851,"DT"
201852,"NNP"
201853,"NNS"
201854,"NN"
201855,"NN"
201856,"."
201857,"RB"
201858,"IN"
201859,"NNP"
201860,"POS"
201861,"NNS"
201862,","
201863,"NNP"
201864,"NNP"
201865,"NN"
201866,"NNP"
201867,"NNP"
201868,"VBD"
201869,"VBG"
201870,"IN"
201871,"DT"
201872,"NNP"
201873,"MD"
201874,"RB"
201875,"VB"
201876,"JJ"
201877,"TO"
201878,"VB"
201879,"RP"
201880,"TO"
201881,"PRP$"
201882,"JJ"
201883,"NNS"
201884,"IN"
201885,"VBG"
201886,"NN"
201887,"IN"
201888,"IN"
201889,"PRP$"
201890,"NN"
201891,"TO"
201892,"VB"
201893,"JJ"
201894,"JJ"
201895,"NNS"
201896,","
201897,"NNS"
201898,"CC"
201899,"RB"
201900,"JJ"
201901,"NNS"
201902,"."
201903,"DT"
201904,"JJS"
201905,"NN"
201906,"IN"
201907,"DT"
201908,"JJ"
201909,"NN"
201910,"NN"
201911,"RB"
201912,"VBZ"
201913,"RB"
201914,"NN"
201915,","
201916,"PRP"
201917,"VBZ"
201918,":"
201919,"PRP"
201920,"VBZ"
201921,"DT"
201922,"NN"
201923,"IN"
201924,"JJ"
201925,"NN"
201926,"."
201927,"IN"
201928,"DT"
201929,"NN"
201930,","
201931,"DT"
201932,"CD"
201933,"NN"
201934,"JJ"
201935,","
201936,"DT"
201937,"NN"
201938,"VBZ"
201939,"RB"
201940,"VB"
201941,"IN"
201942,"VB"
201943,"IN"
201944,"NN"
201945,"NNS"
201946,"."
201947,"DT"
201948,"NN"
201949,"VBZ"
201950,","
201951,"RB"
201952,","
201953,"VBP"
201954,"IN"
201955,"DT"
201956,"NN"
201957,"IN"
201958,"NNS"
201959,","
201960,"NNS"
201961,"CC"
201962,"JJ"
201963,"NNS"
201964,"."
201965,"DT"
201966,"NN"
201967,"IN"
201968,"NNP"
201969,"NNP"
201970,"VBZ"
201971,"RB"
201972,"RB"
201973,"VB"
201974,"NN"
201975,"."
201976,"NNP"
201977,"VBD"
201978,"DT"
201979,"NN"
201980,"NN"
201981,"VBD"
201982,"JJ"
201983,"IN"
201984,"NNP"
201985,"."
201986,"DT"
201987,"JJ"
201988,"NN"
201989,"VBZ"
201990,"RB"
201991,"JJ"
201992,"TO"
201993,"VB"
201994,"RB"
201995,"IN"
201996,"DT"
201997,"NN"
201998,":"
201999,"RB"
202000,"IN"
202001,"DT"
202002,"JJ"
202003,"NNS"
202004,"IN"
202005,","
202006,"IN"
202007,","
202008,"CC"
202009,"PRP"
202010,"MD"
202011,"."
202012,"IN"
202013,"DT"
202014,"NNS"
202015,"IN"
202016,"NNS"
202017,"VBD"
202018,"NNP"
202019,"IN"
202020,"NNP"
202021,"NNP"
202022,","
202023,"NNP"
202024,","
202025,"IN"
202026,"DT"
202027,"NNP"
202028,"NNP"
202029,"NNS"
202030,"VBP"
202031,"JJ"
202032,","
202033,"NN"
202034,"NNS"
202035,"VBD"
202036,"RB"
202037,"RB"
202038,"VBN"
202039,"IN"
202040,"NNP"
202041,"POS"
202042,"NN"
202043,"."
202044,"CC"
202045,"IN"
202046,"JJ"
202047,"NNS"
202048,"VBP"
202049,"DT"
202050,"NN"
202051,"RBR"
202052,"JJ"
202053,":"
202054,"RB"
202055,","
202056,"DT"
202057,"NN"
202058,"POS"
202059,"JJ"
202060,"NN"
202061,"VBZ"
202062,"IN"
202063,"DT"
202064,"NNP"
202065,"MD"
202066,"VB"
202067,"PRP"
202068,"."
202069,"IN"
202070,"DT"
202071,"JJ"
202072,"NN"
202073,","
202074,"DT"
202075,"RBS"
202076,"JJ"
202077,"NN"
202078,"IN"
202079,"DT"
202080,"JJ"
202081,"NN"
202082,"VBZ"
202083,"IN"
202084,"PRP"
202085,"VBP"
202086,"VBN"
202087,"IN"
202088,"DT"
202089,"IN"
202090,"."
202091,"CD"
202092,"NNS"
202093,"RB"
202094,","
202095,"IN"
202096,"DT"
202097,"JJ"
202098,"NN"
202099,"IN"
202100,"NN"
202101,"VBD"
202102,"DT"
202103,"CD"
202104,"NN"
202105,"CC"
202106,"DT"
202107,"JJ"
202108,"NN"
202109,"."
202110,"DT"
202111,"NNS"
202112,"VBD"
202113,"DT"
202114,"JJ"
202115,"NN"
202116,"."
202117,"DT"
202118,"NN"
202119,"IN"
202120,"JJ"
202121,"NNP"
202122,"NNP"
202123,"VBZ"
202124,"DT"
202125,"RBR"
202126,"JJ"
202127,"NN"
202128,"NN"
202129,"."
202130,"IN"
202131,"DT"
202132,"RB"
202133,"JJS"
202134,","
202135,"DT"
202136,"NN"
202137,"RB"
202138,"VBZ"
202139,"VBG"
202140,"NN"
202141,"IN"
202142,"DT"
202143,"NN"
202144,"POS"
202145,"NN"
202146,"IN"
202147,"VBG"
202148,"DT"
202149,"JJ"
202150,"NN"
202151,"."
202152,"IN"
202153,"NNP"
202154,"NNP"
202155,"NNP"
202156,"("
202157,"NNP"
202158,","
202159,"NNP"
202160,")"
202161,"VBD"
202162,"NN"
202163,","
202164,"``"
202165,"DT"
202166,"NNP"
202167,"VBD"
202168,"DT"
202169,"JJ"
202170,"JJ"
202171,"NN"
202172,"."
202173,"PRP"
202174,"VBP"
202175,"RBR"
202176,"JJ"
202177,"DT"
202178,"NN"
202179,"."
202180,"O"
202181,"DT"
202182,"JJ"
202183,"NN"
202184,"VBZ"
202185,"VBN"
202186,"TO"
202187,"VB"
202188,"DT"
202189,"NNS"
202190,"VBN"
202191,"IN"
202192,"DT"
202193,"JJ"
202194,"NN"
202195,"IN"
202196,"IN"
202197,"VBG"
202198,"NNS"
202199,"IN"
202200,"DT"
202201,"NN"
202202,"NN"
202203,"IN"
202204,"DT"
202205,"NN"
202206,"."
202207,"NNS"
202208,"IN"
202209,"NN"
202210,"NNS"
202211,","
202212,"DT"
202213,"JJ"
202214,"NNS"
202215,"VBN"
202216,"IN"
202217,"JJ"
202218,"NNS"
202219,"IN"
202220,"JJ"
202221,"NNS"
202222,","
202223,"VBP"
202224,"VBN"
202225,"JJ"
202226,"NN"
202227,"NN"
202228,"IN"
202229,"NNS"
202230,"."
202231,"IN"
202232,"DT"
202233,"JJ"
202234,"NNS"
202235,"IN"
202236,"DT"
202237,"NN"
202238,"VBZ"
202239,"RB"
202240,"JJ"
202241,"NN"
202242,","
202243,"DT"
202244,"NNS"
202245,"RB"
202246,"MD"
202247,"VB"
202248,"NN"
202249,"IN"
202250,"RB"
202251,"JJ"
202252,"NNS"
202253,"IN"
202254,"DT"
202255,"CD"
202256,"JJ"
202257,"NN"
202258,"."
202259,"``"
202260,"IN"
202261,"DT"
202262,"IN"
202263,"DT"
202264,"NNS"
202265,","
202266,"DT"
202267,"MD"
202268,"VB"
202269,"DT"
202270,"JJ"
202271,"NN"
202272,"IN"
202273,"JJ"
202274,"JJ"
202275,"NNS"
202276,","
202277,"''"
202278,"VBZ"
202279,"NNP"
202280,"NNP"
202281,","
202282,"DT"
202283,"JJ"
202284,"NN"
202285,"NN"
202286,"IN"
202287,"NNP"
202288,"NNP"
202289,"NNP"
202290,"."
202291,"``"
202292,"DT"
202293,"MD"
202294,"VB"
202295,"DT"
202296,"JJ"
202297,"IN"
202298,"CD"
202299,"CC"
202300,"CD"
202301,"IN"
202302,"NNS"
202303,"."
202304,"''"
202305,"RB"
202306,"RBS"
202307,"JJ"
202308,","
202309,"NNP"
202310,"NNP"
202311,"NNP"
202312,","
202313,"WDT"
202314,"RB"
202315,"IN"
202316,"NN"
202317,"VBD"
202318,"VBN"
202319,"RB"
202320,"CD"
202321,"JJ"
202322,"NN"
202323,"NNS"
202324,","
202325,"VBZ"
202326,"VBN"
202327,"TO"
202328,"VB"
202329,"DT"
202330,"NN"
202331,"VBN"
202332,"IN"
202333,"DT"
202334,"JJ"
202335,"NN"
202336,"IN"
202337,"DT"
202338,"NN"
202339,"RB"
202340,","
202341,"IN"
202342,"JJ"
202343,"IN"
202344,"DT"
202345,"NN"
202346,"."
202347,"NNP"
202348,"NNP"
202349,"VBZ"
202350,"RB"
202351,"VBN"
202352,"IN"
202353,"NN"
202354,"NNS"
202355,"CC"
202356,"NNS"
202357,","
202358,"DT"
202359,"NN"
202360,"RB"
202361,"VBZ"
202362,"DT"
202363,"JJ"
202364,"NN"
202365,"IN"
202366,"NN"
202367,","
202368,"WDT"
202369,"VBZ"
202370,"VBN"
202371,"IN"
202372,"NN"
202373,"CC"
202374,"NNS"
202375,"."
202376,"NNS"
202377,"POS"
202378,"JJ"
202379,"NNS"
202380,"IN"
202381,"DT"
202382,"NNP"
202383,","
202384,"NNP"
202385,","
202386,"NN"
202387,"NN"
202388,"IN"
202389,"$"
202390,"CD"
202391,"DT"
202392,"NN"
202393,"IN"
202394,"$"
202395,"CD"
202396,"DT"
202397,"NN"
202398,","
202399,"VBN"
202400,"IN"
202401,"$"
202402,"CD"
202403,"DT"
202404,"NN"
202405,"RB"
202406,","
202407,"WRB"
202408,"NN"
202409,"VBD"
202410,"$"
202411,"CD"
202412,"CD"
202413,"IN"
202414,"NNS"
202415,"IN"
202416,"$"
202417,"CD"
202418,"CD"
202419,"."
202420,"DT"
202421,"NNP"
202422,"NN"
202423,"VBD"
202424,"TO"
202425,"VB"
202426,"IN"
202427,"DT"
202428,"NNS"
202429,"."
202430,"IN"
202431,"DT"
202432,"NN"
202433,"NN"
202434,"IN"
202435,"NNP"
202436,"NNP"
202437,","
202438,"NNP"
202439,"NNP"
202440,"CC"
202441,"NNP"
202442,","
202443,"DT"
202444,"JJ"
202445,"NN"
202446,"VBZ"
202447,"VBN"
202448,"VBG"
202449,"IN"
202450,"JJ"
202451,"NN"
202452,"IN"
202453,"CD"
202454,"NNS"
202455,"JJ"
202456,"IN"
202457,"DT"
202458,"JJ"
202459,"NN"
202460,"IN"
202461,"CD"
202462,"NN"
202463,"TO"
202464,"CD"
202465,"NN"
202466,"."
202467,"``"
202468,"PRP"
202469,"MD"
202470,"VB"
202471,"DT"
202472,"NNS"
202473,"IN"
202474,"JJR"
202475,"IN"
202476,"DT"
202477,"NNS"
202478,"CC"
202479,"DT"
202480,"JJ"
202481,"NNS"
202482,"IN"
202483,"JJ"
202484,"CC"
202485,"RB"
202486,"JJR"
202487,","
202488,"''"
202489,"VBZ"
202490,"NNP"
202491,"NNP"
202492,","
202493,"DT"
202494,"NNP"
202495,"NNP"
202496,"NN"
202497,"."
202498,"NNP"
202499,"NNP"
202500,"NNP"
202501,"NNS"
202502,"IN"
202503,"CD"
202504,"IN"
202505,"DT"
202506,"CD"
202507,"NNS"
202508,"PRP"
202509,"VBZ"
202510,"MD"
202511,"VB"
202512,"JJR"
202513,"NN"
202514,"."
202515,"JJS"
202516,"IN"
202517,"DT"
202518,"CD"
202519,"VBP"
202520,"JJ"
202521,"JJ"
202522,"NNS"
202523,"."
202524,"RB"
202525,","
202526,"DT"
202527,"NN"
202528,"NNS"
202529,"VBP"
202530,"VBN"
202531,"TO"
202532,"VB"
202533,"JJ"
202534,"NNS"
202535,","
202536,"RB"
202537,"IN"
202538,"RB"
202539,"JJ"
202540,"IN"
202541,"PRP$"
202542,"NN"
202543,"VBZ"
202544,"IN"
202545,"NN"
202546,"NNS"
202547,"."
202548,"NNP"
202549,"NNP"
202550,"NNP"
202551,"VBZ"
202552,"VBN"
202553,"TO"
202554,"VB"
202555,"VBN"
202556,"JJ"
202557,"NN"
202558,"NN"
202559,"IN"
202560,"JJ"
202561,"NNS"
202562,","
202563,"NNS"
202564,"CC"
202565,"NNS"
202566,"."
202567,"RB"
202568,","
202569,"DT"
202570,"NNP"
202571,","
202572,"NNP"
202573,","
202574,"NN"
202575,"VBZ"
202576,"VBN"
202577,"WRB"
202578,"NNS"
202579,"VBP"
202580,"IN"
202581,"DT"
202582,"NN"
202583,"NNS"
202584,"PRP"
202585,"VBZ"
202586,"IN"
202587,"PRP$"
202588,"JJ"
202589,"NN"
202590,"NNS"
202591,","
202592,"JJ"
202593,"IN"
202594,"NNP"
202595,"."
202596,"NNS"
202597,"VBP"
202598,"VBN"
202599,"IN"
202600,"IN"
202601,"NNP"
202602,"NNP"
202603,"MD"
202604,"VB"
202605,"JJ"
202606,"IN"
202607,"DT"
202608,"NN"
202609,"IN"
202610,"DT"
202611,"JJS"
202612,"NN"
202613,"IN"
202614,"PRP$"
202615,"JJ"
202616,"NNP"
202617,"NN"
202618,"NN"
202619,"."
202620,"DT"
202621,"NNS"
202622,"IN"
202623,"NNP"
202624,"NNP"
202625,"NN"
202626,"IN"
202627,"$"
202628,"CD"
202629,"TO"
202630,"$"
202631,"CD"
202632,"DT"
202633,"NN"
202634,"."
202635,"IN"
202636,"DT"
202637,"CD"
202638,"JJ"
202639,"NN"
202640,","
202641,"DT"
202642,"NN"
202643,"VBD"
202644,"$"
202645,"CD"
202646,"CD"
202647,","
202648,"CC"
202649,"$"
202650,"CD"
202651,"DT"
202652,"NN"
202653,","
202654,"IN"
202655,"NNS"
202656,"IN"
202657,"$"
202658,"CD"
202659,"CD"
202660,"."
202661,"NNP"
202662,"NNP"
202663,"VBD"
202664,"TO"
202665,"VB"
202666,"."
202667,"NNP"
202668,"NNP"
202669,","
202670,"RB"
202671,","
202672,"VBZ"
202673,"VBN"
202674,"TO"
202675,"VB"
202676,"VBG"
202677,"JJR"
202678,"NN"
202679,","
202680,"RB"
202681,"IN"
202682,"PRP$"
202683,"NNS"
202684,"IN"
202685,"NN"
202686,"NNS"
202687,"VBD"
202688,"VBN"
202689,"IN"
202690,"DT"
202691,"JJ"
202692,"NN"
202693,"IN"
202694,"NN"
202695,"IN"
202696,"JJ"
202697,"NNP"
202698,"CC"
202699,"DT"
202700,"JJ"
202701,"NNP"
202702,"."
202703,"DT"
202704,"NNP"
202705,"JJ"
202706,"NN"
202707,"VBZ"
202708,"VBN"
202709,"TO"
202710,"VB"
202711,"RB"
202712,"IN"
202713,"NNS"
202714,"IN"
202715,"PRP$"
202716,"NNP"
202717,"NNP"
202718,"CC"
202719,"NNP"
202720,"JJ"
202721,"NN"
202722,"VBP"
202723,"VBG"
202724,"."
202725,"NNP"
202726,"VBD"
202727,"TO"
202728,"VB"
202729,"IN"
202730,"DT"
202731,"NN"
202732,"IN"
202733,"DT"
202734,"JJ"
202735,"NN"
202736,"IN"
202737,"DT"
202738,"NN"
202739,","
202740,"CC"
202741,"NNP"
202742,"VBZ"
202743,"VBD"
202744,"PRP"
202745,"VBZ"
202746,"NNP"
202747,"TO"
202748,"VB"
202749,"DT"
202750,"NN"
202751,"IN"
202752,"DT"
202753,"IN"
202754,"CD"
202755,"."
202756,"NNP"
202757,"VBZ"
202758,"IN"
202759,"NNP"
202760,"VBN"
202761,"IN"
202762,"$"
202763,"CD"
202764,"CC"
202765,"$"
202766,"CD"
202767,"DT"
202768,"NN"
202769,"."
202770,"DT"
202771,"NN"
202772,"RB"
202773,","
202774,"DT"
202775,"NN"
202776,"VBD"
202777,"JJ"
202778,"NN"
202779,"IN"
202780,"$"
202781,"CD"
202782,"CD"
202783,","
202784,"CC"
202785,"$"
202786,"CD"
202787,"DT"
202788,"NN"
202789,","
202790,"IN"
202791,"NNS"
202792,"IN"
202793,"$"
202794,"CD"
202795,"CD"
202796,"."
202797,"NNP"
202798,"VBD"
202799,"TO"
202800,"VB"
202801,"."
202802,"CC"
202803,"DT"
202804,"JJ"
202805,"NNS"
202806,"VBP"
202807,"VBN"
202808,"IN"
202809,"DT"
202810,"NN"
202811,"IN"
202812,"DT"
202813,"NN"
202814,"NN"
202815,"."
202816,"IN"
202817,"DT"
202818,"NNS"
202819,"IN"
202820,"NNP"
202821,"NNP"
202822,"NNP"
202823,"IN"
202824,"DT"
202825,"NN"
202826,","
202827,"DT"
202828,"NN"
202829,"NNS"
202830,"VBP"
202831,"IN"
202832,"DT"
202833,"NN"
202834,","
202835,"WDT"
202836,"MD"
202837,"VB"
202838,"JJR"
202839,"NN"
202840,"."
202841,"CC"
202842,"NNS"
202843,"VBP"
202844,"VBG"
202845,"NN"
202846,"NN"
202847,"MD"
202848,"VB"
202849,"NN"
202850,"IN"
202851,"NNS"
202852,"IN"
202853,"DT"
202854,"JJ"
202855,"NNS"
202856,"."
202857,"IN"
202858,"DT"
202859,"JJ"
202860,"NN"
202861,","
202862,"IN"
202863,"JJS"
202864,","
202865,"NN"
202866,"VBZ"
202867,"VBN"
202868,"TO"
202869,"VB"
202870,"RB"
202871,"."
202872,"IN"
202873,"NNP"
202874,"NNP"
202875,","
202876,"``"
202877,"WRB"
202878,"RB"
202879,"RP"
202880,"PRP"
202881,"VBZ"
202882,","
202883,"PRP"
202884,"VBP"
202885,"RB"
202886,"VB"
202887,","
202888,"''"
202889,"VBZ"
202890,"NNP"
202891,"NNP"
202892,"IN"
202893,"NNP"
202894,"NNP"
202895,"."
202896,"DT"
202897,"NNS"
202898,"VBP"
202899,"IN"
202900,"DT"
202901,"NN"
202902,"IN"
202903,"CD"
202904,"NNS"
202905,"DT"
202906,"NN"
202907,"TO"
202908,"CD"
202909,"NNS"
202910,","
202911,"VBN"
202912,"IN"
202913,"DT"
202914,"JJ"
202915,"$"
202916,"CD"
202917,"DT"
202918,"NN"
202919,"DT"
202920,"NN"
202921,"RB"
202922,","
202923,"WRB"
202924,"NN"
202925,"VBD"
202926,"$"
202927,"CD"
202928,"CD"
202929,"IN"
202930,"NNS"
202931,"IN"
202932,"$"
202933,"CD"
202934,"CD"
202935,"."
202936,"NNP"
202937,"VBZ"
202938,"JJR"
202939,"NNS"
202940,"IN"
202941,"PRP$"
202942,"NN"
202943,"NN"
202944,","
202945,"NN"
202946,","
202947,"IN"
202948,"PRP"
202949,"VBZ"
202950,"RB"
202951,"IN"
202952,"DT"
202953,"JJ"
202954,"NN"
202955,"NN"
202956,"NN"
202957,"TO"
202958,"VB"
202959,"PRP$"
202960,"JJ"
202961,"NN"
202962,"NN"
202963,"CC"
202964,"VB"
202965,"JJ"
202966,"NNS"
202967,"IN"
202968,"NN"
202969,","
202970,"WP$"
202971,"NNS"
202972,"VBP"
202973,"DT"
202974,"NN"
202975,"CC"
202976,"NN"
202977,"NNS"
202978,"."
202979,"DT"
202980,"NN"
202981,","
202982,"VBN"
202983,"IN"
202984,"NNP"
202985,","
202986,"NNP"
202987,","
202988,"VBZ"
202989,"VBN"
202990,"IN"
202991,"NNP"
202992,"NNP"
202993,"."
202994,"NNP"
202995,","
202996,"NNP"
202997,","
202998,"WDT"
202999,"VBZ"
203000,"DT"
203001,"NN"
203002,"JJ"
203003,"IN"
203004,"DT"
203005,"JJ"
203006,"NNS"
203007,"PRP"
203008,"VBZ"
203009,"RB"
203010,"RB"
203011,"JJ"
203012,"."
203013,"IN"
203014,"NNP"
203015,"NNP"
203016,"NNP"
203017,","
203018,"NNP"
203019,"NNP"
203020,","
203021,"DT"
203022,"NN"
203023,"VBZ"
203024,"JJR"
203025,"NNS"
203026,"IN"
203027,"NN"
203028,","
203029,"JJR"
203030,"NN"
203031,"NNS"
203032,"CC"
203033,"DT"
203034,"NN"
203035,"IN"
203036,"DT"
203037,"JJ"
203038,"NN"
203039,"NN"
203040,"TO"
203041,"DT"
203042,"NN"
203043,"."
203044,"DT"
203045,"NNS"
203046,"VB"
203047,"PRP$"
203048,"NNS"
203049,"IN"
203050,"NNP"
203051,","
203052,"IN"
203053,"PRP"
203054,"VBZ"
203055,"RB"
203056,"VBN"
203057,"WRB"
203058,"DT"
203059,"NN"
203060,"MD"
203061,"VB"
203062,"JJ"
203063,"JJ"
203064,"NNS"
203065,"."
203066,"CC"
203067,"DT"
203068,"NNS"
203069,"VBP"
203070,"IN"
203071,"JJ"
203072,"TO"
203073,"CD"
203074,"NNS"
203075,"DT"
203076,"NN"
203077,"."
203078,"IN"
203079,"DT"
203080,"CD"
203081,"JJ"
203082,"NN"
203083,","
203084,"NNP"
203085,"VBD"
203086,"$"
203087,"CD"
203088,"CD"
203089,","
203090,"CC"
203091,"$"
203092,"CD"
203093,"DT"
203094,"NN"
203095,","
203096,"IN"
203097,"NNS"
203098,"IN"
203099,"$"
203100,"CD"
203101,"CD"
203102,"."
203103,"DT"
203104,"JJ"
203105,"NN"
203106,"NN"
203107,","
203108,"NNP"
203109,"NNP"
203110,"NNP"
203111,","
203112,"VBZ"
203113,"VBN"
203114,"TO"
203115,"VB"
203116,"NN"
203117,"IN"
203118,"IN"
203119,"$"
203120,"CD"
203121,"DT"
203122,"NN"
203123,"IN"
203124,"$"
203125,"CD"
203126,","
203127,"VBN"
203128,"IN"
203129,"$"
203130,"CD"
203131,"DT"
203132,"NN"
203133,"DT"
203134,"NN"
203135,"RB"
203136,","
203137,"WRB"
203138,"DT"
203139,"NN"
203140,"VBD"
203141,"$"
203142,"CD"
203143,"CD"
203144,"IN"
203145,"NNS"
203146,"IN"
203147,"$"
203148,"CD"
203149,"CD"
203150,"."
203151,"NNP"
203152,","
203153,"NNP"
203154,"CC"
203155,"NNP"
203156,"NNP"
203157,"NNP"
203158,"VBD"
203159,"TO"
203160,"VB"
203161,"."
203162,"O"
203163,"DT"
203164,"NN"
203165,"VBD"
203166,"IN"
203167,"NNP"
203168,"POS"
203169,"NNS"
203170,"CC"
203171,"NNS"
203172,"IN"
203173,"DT"
203174,"NNP"
203175,"CC"
203176,"JJ"
203177,"NN"
203178,"NNS"
203179,","
203180,"IN"
203181,"NNS"
203182,"CC"
203183,"NN"
203184,"NN"
203185,","
203186,"RB"
203187,"VBN"
203188,"IN"
203189,"NNP"
203190,"NNP"
203191,"NNP"
203192,"NNP"
203193,"NNP"
203194,":"
203195,"NNP"
203196,"NNP"
203197,"NNP"
203198,":"
203199,"$"
203200,"CD"
203201,"CD"
203202,"IN"
203203,"CD"
203204,"NN"
203205,"JJ"
203206,"NNS"
203207,"JJ"
203208,"NNP"
203209,"CD"
203210,","
203211,"CD"
203212,","
203213,"VBN"
203214,"IN"
203215,"NN"
203216,"."
203217,"DT"
203218,"NN"
203219,","
203220,"WDT"
203221,"VBZ"
203222,"JJ"
203223,"NN"
203224,"TO"
203225,"DT"
203226,"NN"
203227,"IN"
203228,"NN"
203229,"IN"
203230,"NNP"
203231,"CD"
203232,","
203233,"CD"
203234,","
203235,"VBD"
203236,"VBN"
203237,"IN"
203238,"DT"
203239,"NN"
203240,"IN"
203241,"CD"
203242,"NN"
203243,"NNS"
203244,"IN"
203245,"DT"
203246,"NN"
203247,"POS"
203248,"JJ"
203249,"NN"
203250,"."
203251,"VBN"
203252,"JJ"
203253,"IN"
203254,"NNP"
203255,"POS"
203256,"NNP"
203257,"NNP"
203258,"NNP"
203259,"NNP"
203260,"NNP"
203261,"IN"
203262,"NNP"
203263,"CC"
203264,"NNP"
203265,"POS"
203266,"NNP"
203267,","
203268,"DT"
203269,"JJ"
203270,"NN"
203271,"MD"
203272,"VB"
203273,"VBN"
203274,"IN"
203275,"NNS"
203276,"VBN"
203277,"IN"
203278,"NNP"
203279,"NNP"
203280,"NNP"
203281,"NNP"
203282,"."
203283,"NNP"
203284,"NNP"
203285,"NNP"
203286,":"
203287,"$"
203288,"CD"
203289,"CD"
203290,"IN"
203291,"CD"
203292,"NN"
203293,"NNS"
203294,"JJ"
203295,"NNP"
203296,"CD"
203297,","
203298,"CD"
203299,","
203300,"VBN"
203301,"IN"
203302,"CD"
203303,"TO"
203304,"VB"
203305,"CD"
203306,"NN"
203307,"."
203308,"DT"
203309,"JJ"
203310,"NN"
203311,","
203312,"WDT"
203313,"MD"
203314,"VB"
203315,"VBN"
203316,"RB"
203317,"TO"
203318,"DT"
203319,"NN"
203320,"IN"
203321,"CD"
203322,","
203323,"VBD"
203324,"VBN"
203325,"IN"
203326,"CD"
203327,"NN"
203328,"NNS"
203329,"IN"
203330,"DT"
203331,"NN"
203332,"POS"
203333,"JJ"
203334,"NN"
203335,"."
203336,"VBN"
203337,"JJ"
203338,"IN"
203339,"NNP"
203340,"POS"
203341,"CC"
203342,"JJ"
203343,"IN"
203344,"NNP"
203345,","
203346,"DT"
203347,"NN"
203348,"MD"
203349,"VB"
203350,"VBN"
203351,"IN"
203352,"NNS"
203353,"VBN"
203354,"IN"
203355,"NNP"
203356,"NNP"
203357,"CC"
203358,"NNP"
203359,"."
203360,"NNP"
203361,"NNP"
203362,"NNP"
203363,"NNP"
203364,"NNP"
203365,":"
203366,"$"
203367,"CD"
203368,"CD"
203369,"IN"
203370,"JJ"
203371,"NN"
203372,"NNS"
203373,"VBN"
203374,"IN"
203375,"CD"
203376,"NNS"
203377,"IN"
203378,"NNP"
203379,"NNP"
203380,"NNP"
203381,"."
203382,"DT"
203383,"NN"
203384,","
203385,"NNP"
203386,"CD"
203387,","
203388,"VBN"
203389,"IN"
203390,"NNP"
203391,"NNP"
203392,"CD"
203393,"CD"
203394,"NN"
203395,"NNS"
203396,"IN"
203397,"DT"
203398,"JJ"
203399,"NN"
203400,"VBG"
203401,"NN"
203402,"TO"
203403,"NN"
203404,"IN"
203405,"CD"
203406,"NNS"
203407,","
203408,"VBD"
203409,"VBN"
203410,"IN"
203411,"DT"
203412,"NN"
203413,"POS"
203414,"NN"
203415,"NN"
203416,"."
203417,"IN"
203418,"NNS"
203419,"IN"
203420,"WDT"
203421,"NNS"
203422,"VBD"
203423,"JJ"
203424,","
203425,"NNS"
203426,"VBD"
203427,"IN"
203428,"CD"
203429,"NN"
203430,","
203431,"CC"
203432,"CD"
203433,"NN"
203434,"NNS"
203435,"IN"
203436,"JJ"
203437,"NN"
203438,"NNS"
203439,","
203440,"TO"
203441,"CD"
203442,"NN"
203443,","
203444,"CC"
203445,"CD"
203446,"NN"
203447,"NNS"
203448,"IN"
203449,"JJ"
203450,"NNS"
203451,"."
203452,"NNP"
203453,"NNP"
203454,"NNP"
203455,"NNP"
203456,"NNP"
203457,":"
203458,"$"
203459,"CD"
203460,"CD"
203461,"IN"
203462,"JJ"
203463,"NN"
203464,"NNS"
203465,"VBN"
203466,"IN"
203467,"NNP"
203468,"NNP"
203469,"NNP"
203470,"NNP"
203471,"."
203472,"DT"
203473,"NN"
203474,","
203475,"NNP"
203476,"CD"
203477,","
203478,"VBZ"
203479,"VBN"
203480,"IN"
203481,"NNP"
203482,"NNP"
203483,"CD"
203484,"CD"
203485,"NN"
203486,"NNS"
203487,"."
203488,"JJ"
203489,"NNS"
203490,"VBD"
203491,"RB"
203492,"RB"
203493,"JJ"
203494,"."
203495,"NNP"
203496,"NNP"
203497,"NNP"
203498,"NNP"
203499,"NNP"
203500,":"
203501,"$"
203502,"CD"
203503,"CD"
203504,"IN"
203505,"VBN"
203506,"NN"
203507,"NNS"
203508,"VBN"
203509,"IN"
203510,"NNP"
203511,"NNP"
203512,"NNP"
203513,"."
203514,"DT"
203515,"NN"
203516,"POS"
203517,"JJ"
203518,"NNS"
203519,"NN"
203520,","
203521,"VBN"
203522,"IN"
203523,"NNP"
203524,"NNP"
203525,"CD"
203526,"NN"
203527,"NNS"
203528,"VBN"
203529,"IN"
203530,"DT"
203531,"JJ"
203532,"NN"
203533,"VBD"
203534,"DT"
203535,"NN"
203536,","
203537,"MD"
203538,"VB"
203539,"VBN"
203540,"IN"
203541,"JJ"
203542,"CC"
203543,"JJ"
203544,"NNS"
203545,"."
203546,"DT"
203547,"NN"
203548,"VBZ"
203549,"VBG"
203550,"VBN"
203551,"IN"
203552,"DT"
203553,"NN"
203554,"NN"
203555,"."
203556,"DT"
203557,"JJ"
203558,"NNS"
203559,"MD"
203560,"VB"
203561,"VBN"
203562,"IN"
203563,"NNP"
203564,"NNP"
203565,"IN"
203566,"DT"
203567,"NNP"
203568,"NNP"
203569,"NNP"
203570,","
203571,"NNP"
203572,"CD"
203573,","
203574,"WDT"
203575,"MD"
203576,"VB"
203577,"CD"
203578,"NNS"
203579,"."
203580,"DT"
203581,"JJ"
203582,"NNS"
203583,"MD"
203584,"VB"
203585,"VBN"
203586,"RB"
203587,"IN"
203588,"NNP"
203589,"NNP"
203590,"."
203591,"DT"
203592,"JJ"
203593,"NNS"
203594,"VBP"
203595,"DT"
203596,"NN"
203597,"IN"
203598,"DT"
203599,"JJ"
203600,"NNP"
203601,"NNP"
203602,"CD"
203603,"NN"
203604,"NNS"
203605,","
203606,"IN"
203607,"DT"
203608,"JJ"
203609,"NNS"
203610,"VBP"
203611,"JJ"
203612,"NN"
203613,"."
203614,"NNP"
203615,"NNP"
203616,"VBD"
203617,"DT"
203618,"JJ"
203619,"NNS"
203620,"VBD"
203621,"VBN"
203622,"IN"
203623,"CD"
203624,"CD"
203625,"TO"
203626,"VB"
203627,"CD"
203628,"NN"
203629,","
203630,"VBG"
203631,"DT"
203632,"JJ"
203633,"NN"
203634,"IN"
203635,"CD"
203636,"NNS"
203637,"CC"
203638,"DT"
203639,"NN"
203640,"IN"
203641,"CD"
203642,"NN"
203643,"IN"
203644,"DT"
203645,"JJ"
203646,"NN"
203647,"."
203648,"DT"
203649,"JJ"
203650,"NNS"
203651,"VBD"
203652,"VBN"
203653,"IN"
203654,"CD"
203655,"CD"
203656,"TO"
203657,"VB"
203658,"CD"
203659,"NN"
203660,"."
203661,"EX"
203662,"VBD"
203663,"DT"
203664,"JJ"
203665,"NN"
203666,"CC"
203667,"JJ"
203668,"NN"
203669,"NNS"
203670,"IN"
203671,"NNP"
203672,"NNP"
203673,"."
203674,"O"
203675,"DT"
203676,"NN"
203677,"POS"
203678,"NN"
203679,"MD"
203680,"VB"
203681,"VBN"
203682,"IN"
203683,"JJ"
203684,"NN"
203685,"NNS"
203686,"DT"
203687,"NN"
203688,","
203689,"IN"
203690,"NNS"
203691,"IN"
203692,"NN"
203693,","
203694,"NN"
203695,","
203696,"NN"
203697,"CC"
203698,"NN"
203699,"."
203700,"DT"
203701,"RBS"
203702,"JJ"
203703,"NN"
203704,"MD"
203705,"VB"
203706,"DT"
203707,"NNP"
203708,"NN"
203709,"NN"
203710,"NN"
203711,"JJ"
203712,"IN"
203713,"NN"
203714,"."
203715,"DT"
203716,"NN"
203717,"NN"
203718,"VBZ"
203719,"VBN"
203720,"TO"
203721,"VB"
203722,"TO"
203723,"IN"
203724,"$"
203725,"CD"
203726,"CD"
203727,"IN"
203728,"NNP"
203729,"POS"
203730,"$"
203731,"CD"
203732,"CD"
203733,","
203734,"VBG"
203735,"TO"
203736,"DT"
203737,"NN"
203738,"IN"
203739,"NNP"
203740,"NNP"
203741,","
203742,"DT"
203743,"NN"
203744,"IN"
203745,"NNP"
203746,"NNP"
203747,","
203748,"NNP"
203749,"NNP"
203750,"."
203751,"NNP"
203752,"POS"
203753,"NN"
203754,"IN"
203755,"DT"
203756,"NNP"
203757,"NN"
203758,"NN"
203759,"NN"
203760,"VBZ"
203761,"VBN"
203762,"TO"
203763,"VB"
203764,","
203765,"IN"
203766,"RB"
203767,"RB"
203768,"RB"
203769,"IN"
203770,"DT"
203771,"CD"
203772,"NN"
203773,"NN"
203774,"VBD"
203775,"NNP"
203776,"IN"
203777,"DT"
203778,"NN"
203779,"NN"
203780,"NN"
203781,"."
203782,"DT"
203783,"NN"
203784,"VBD"
203785,"VBG"
203786,"VBN"
203787,"IN"
203788,"DT"
203789,"NN"
203790,"DT"
203791,"NN"
203792,"NN"
203793,"VBD"
203794,"RB"
203795,"JJ"
203796,"IN"
203797,"NNP"
203798,"POS"
203799,"NN"
203800,","
203801,"IN"
203802,"PRP"
203803,"VBD"
203804,"VBN"
203805,"IN"
203806,"PRP$"
203807,"JJ"
203808,"JJ"
203809,"NN"
203810,"."
203811,"NNS"
203812,"VBP"
203813,"VBN"
203814,"RB"
203815,"TO"
203816,"WRB"
203817,"RB"
203818,"VBG"
203819,"NN"
203820,"PRP"
203821,"VBP"
203822,"TO"
203823,"VB"
203824,"IN"
203825,"NNP"
203826,"NNS"
203827,"IN"
203828,"JJ"
203829,"NN"
203830,"CC"
203831,"NN"
203832,"NN"
203833,","
203834,"RB"
203835,"JJ"
203836,"NN"
203837,"."
203838,"RB"
203839,","
203840,"NNP"
203841,"NN"
203842,"NNS"
203843,","
203844,"JJ"
203845,"NNP"
203846,","
203847,"VBP"
203848,"VBN"
203849,"TO"
203850,"VB"
203851,"VBD"
203852,"RB"
203853,"."
203854,"``"
203855,"EX"
203856,"VBZ"
203857,"DT"
203858,"NN"
203859,"IN"
203860,"DT"
203861,"NN"
203862,"''"
203863,"IN"
203864,"DT"
203865,"NN"
203866,"NN"
203867,","
203868,"VBD"
203869,"NNP"
203870,"NNP"
203871,","
203872,"NN"
203873,"IN"
203874,"NN"
203875,"IN"
203876,"NNP"
203877,"."
203878,"DT"
203879,"NN"
203880,"IN"
203881,"DT"
203882,"NN"
203883,","
203884,"IN"
203885,"PRP"
203886,"VBD"
203887,"VBN"
203888,"IN"
203889,"DT"
203890,"JJ"
203891,"JJ"
203892,"NN"
203893,","
203894,"MD"
203895,"VB"
203896,"NN"
203897,"NNS"
203898,":"
203899,"CC"
203900,"DT"
203901,"NN"
203902,"VBD"
203903,"NNP"
203904,"IN"
203905,"NNS"
203906,"VBD"
203907,"."
203908,"IN"
203909,"DT"
203910,"NN"
203911,","
203912,"NNP"
203913,"NNP"
203914,"CC"
203915,"JJ"
203916,"NNS"
203917,"VBP"
203918,"IN"
203919,"DT"
203920,"JJ"
203921,"NNS"
203922,"IN"
203923,"VBG"
203924,"DT"
203925,"NN"
203926,"NN"
203927,"VBP"
203928,"RB"
203929,"VBN"
203930,"VBN"
203931,"."
203932,"``"
203933,"NNP"
203934,"VBZ"
203935,"RB"
203936,"VBG"
203937,"TO"
203938,"VB"
203939,"RBR"
203940,"RB"
203941,"JJ"
203942,"IN"
203943,"DT"
203944,"JJ"
203945,"CD"
203946,"CC"
203947,"CD"
203948,"NNS"
203949,"IN"
203950,"NN"
203951,"VBZ"
203952,"TO"
203953,"VB"
203954,","
203955,"''"
203956,"PRP"
203957,"VBD"
203958,"."
203959,"NNS"
203960,"VBP"
203961,"VBN"
203962,"TO"
203963,"VB"
203964,"VBN"
203965,"RB"
203966,"IN"
203967,"NNP"
203968,","
203969,"CC"
203970,"RB"
203971,"RB"
203972,"JJ"
203973,"TO"
203974,"VB"
203975,"DT"
203976,"NN"
203977,"IN"
203978,"NNS"
203979,","
203980,"NNS"
203981,"VBD"
203982,"."
203983,"NNS"
203984,"IN"
203985,"NN"
203986,"NN"
203987,"VBP"
203988,"VBN"
203989,"IN"
203990,"NNS"
203991,"WP"
203992,"VBP"
203993,"NNP"
203994,"POS"
203995,"JJ"
203996,"NN"
203997,"IN"
203998,"NN"
203999,"NN"
204000,"NN"
204001,"IN"
204002,"DT"
204003,"NN"
204004,"IN"
204005,"DT"
204006,"NN"
204007,"CC"
204008,"DT"
204009,"WP"
204010,"VBP"
204011,"DT"
204012,"RB"
204013,"JJR"
204014,"NN"
204015,"JJ"
204016,"NN"
204017,"NNS"
204018,"IN"
204019,"PRP$"
204020,"NNS"
204021,"."
204022,"DT"
204023,"JJ"
204024,"NN"
204025,"IN"
204026,"NNS"
204027,"IN"
204028,"DT"
204029,"JJ"
204030,"NN"
204031,"NN"
204032,"VBZ"
204033,"DT"
204034,"NNS"
204035,":"
204036,"DT"
204037,"NNS"
204038,"VBN"
204039,"IN"
204040,"DT"
204041,"NN"
204042,"IN"
204043,"CD"
204044,"NN"
204045,"TO"
204046,"DT"
204047,"NN"
204048,"IN"
204049,"CD"
204050,"NN"
204051,","
204052,"VBG"
204053,"TO"
204054,"NNP"
204055,"."
204056,"DT"
204057,"NN"
204058,"IN"
204059,"NN"
204060,"NNS"
204061,","
204062,"WDT"
204063,"VBD"
204064,"VB"
204065,"RP"
204066,"DT"
204067,"NN"
204068,"NN"
204069,"NN"
204070,","
204071,"VBZ"
204072,"VBN"
204073,"TO"
204074,"VB"
204075,"DT"
204076,"JJ"
204077,"IN"
204078,"DT"
204079,"NN"
204080,"NN"
204081,"NN"
204082,"."
204083,"DT"
204084,"NN"
204085,"NN"
204086,"VBZ"
204087,"DT"
204088,"CD"
204089,"NN"
204090,"NN"
204091,"IN"
204092,"DT"
204093,"NNP"
204094,"NNP"
204095,"IN"
204096,"DT"
204097,"JJ"
204098,"NN"
204099,"IN"
204100,"NNP"
204101,"."
204102,"NNP"
204103,"NNP"
204104,"NNP"
204105,","
204106,"DT"
204107,"NN"
204108,"IN"
204109,"NNP"
204110,"POS"
204111,"NNP"
204112,"IN"
204113,"NNP"
204114,"NNP"
204115,","
204116,"VBZ"
204117,"IN"
204118,"DT"
204119,"VBG"
204120,"DT"
204121,"RBR"
204122,"JJ"
204123,"NN"
204124,"IN"
204125,"DT"
204126,"NN"
204127,"IN"
204128,"IN"
204129,"NNS"
204130,"IN"
204131,"DT"
204132,"NN"
204133,"NN"
204134,"."
204135,"``"
204136,"NN"
204137,"NNS"
204138,"VBD"
204139,"DT"
204140,"JJ"
204141,"NN"
204142,"IN"
204143,"DT"
204144,"NN"
204145,","
204146,"CC"
204147,"IN"
204148,"DT"
204149,"JJ"
204150,"NN"
204151,"PRP"
204152,"MD"
204153,"RB"
204154,","
204155,"''"
204156,"PRP"
204157,"VBD"
204158,"."
204159,"NNP"
204160,"NNS"
204161,"VBP"
204162,"VBN"
204163,"TO"
204164,"VB"
204165,"JJ"
204166,","
204167,"CC"
204168,"NN"
204169,"NNS"
204170,"VBD"
204171,"RB"
204172,"JJ"
204173,"IN"
204174,"CD"
204175,"NN"
204176,","
204177,"VBD"
204178,"NNP"
204179,"NNP"
204180,","
204181,"NN"
204182,"IN"
204183,"NNP"
204184,"NNP"
204185,"NNP"
204186,"."
204187,"PRP"
204188,"RB"
204189,"VBZ"
204190,"PRP"
204191,"VBZ"
204192,"``"
204193,"JJ"
204194,"NN"
204195,","
204196,"''"
204197,"WDT"
204198,"VBZ"
204199,"DT"
204200,"JJ"
204201,"NN"
204202,"CC"
204203,"NN"
204204,"NNS"
204205,","
204206,"VBD"
204207,"JJ"
204208,"JJ"
204209,"NN"
204210,"."
204211,"PRP"
204212,"VBZ"
204213,"DT"
204214,"NN"
204215,"IN"
204216,"RB"
204217,"JJ"
204218,"IN"
204219,"CD"
204220,"NN"
204221,"IN"
204222,"JJ"
204223,"NN"
204224,"IN"
204225,"DT"
204226,"NN"
204227,"IN"
204228,"RB"
204229,"JJR"
204230,"NNS"
204231,"."
204232,"NNP"
204233,"NNS"
204234,"VBP"
204235,"VBN"
204236,"TO"
204237,"JJ"
204238,"DT"
204239,"NN"
204240,"IN"
204241,"NNP"
204242,"POS"
204243,"JJ"
204244,"NN"
204245,"IN"
204246,"CD"
204247,"NNS"
204248,"."
204249,"NNS"
204250,"VBP"
204251,"DT"
204252,"NNP"
204253,"NN"
204254,"IN"
204255,"NNS"
204256,"IN"
204257,"JJ"
204258,"NNS"
204259,"VBD"
204260,"DT"
204261,"NN"
204262,"IN"
204263,"NNP"
204264,"NNS"
204265,","
204266,"IN"
204267,"NN"
204268,"VBZ"
204269,"RB"
204270,"JJ"
204271,"IN"
204272,"JJ"
204273,"NNS"
204274,"."
204275,"O"
204276,"NNP"
204277,"NNP"
204278,"IN"
204279,"DT"
204280,"JJ"
204281,"NN"
204282,"NN"
204283,"VBZ"
204284,"JJ"
204285,","
204286,"WRB"
204287,"MD"
204288,"PRP"
204289,"RB"
204290,"RB"
204291,"VB"
204292,"DT"
204293,"NN"
204294,"TO"
204295,"VB"
204296,"IN"
204297,"DT"
204298,"NNS"
204299,"VBP"
204300,"JJ"
204301,"NN"
204302,"IN"
204303,"PRP"
204304,"VBD"
204305,"."
204306,":"
204307,"NNP"
204308,"NNP"
204309,"NNP"
204310,"."
204311,"NNP"
204312,"NNP"
204313,"WRB"
204314,"NN"
204315,"NNS"
204316,"VBP"
204317,"VBN"
204318,"JJ"
204319,"TO"
204320,"NN"
204321,"NN"
204322,"NNS"
204323,","
204324,"VBP"
204325,"PRP"
204326,"``"
204327,"VBN"
204328,"IN"
204329,"PRP$"
204330,"NNS"
204331,"RB"
204332,"''"
204333,"."
204334,":"
204335,"NNP"
204336,"NNP"
204337,"."
204338,"O"
204339,"VBG"
204340,"DT"
204341,"NN"
204342,"NN"
204343,"VBZ"
204344,"RB"
204345,"VB"
204346,"RB"
204347,"CC"
204348,"RB"
204349,"JJ"
204350,"NNS"
204351,"CC"
204352,"NN"
204353,"NNS"
204354,","
204355,"JJ"
204356,"NN"
204357,"NNS"
204358,"IN"
204359,"DT"
204360,"JJ"
204361,"NNS"
204362,"MD"
204363,"VB"
204364,"VBG"
204365,"NNP"
204366,"POS"
204367,"NN"
204368,"IN"
204369,"DT"
204370,"."
204371,"``"
204372,"NNP"
204373,"NNP"
204374,"''"
204375,"VBZ"
204376,"DT"
204377,"JJ"
204378,"NN"
204379,"IN"
204380,"NNP"
204381,"RB"
204382,"CD"
204383,"NNS"
204384,"RB"
204385,"IN"
204386,"JJ"
204387,"NN"
204388,"IN"
204389,"PRP$"
204390,"NN"
204391,","
204392,"NNP"
204393,"NNP"
204394,"."
204395,"DT"
204396,"JJ"
204397,"NNS"
204398,"VBP"
204399,"PRP"
204400,"RB"
204401,"IN"
204402,"DT"
204403,"NN"
204404,"IN"
204405,"DT"
204406,"NN"
204407,"IN"
204408,"CD"
204409,"."
204410,"NNP"
204411,"POS"
204412,"VB"
204413,"IN"
204414,"CD"
204415,","
204416,"RB"
204417,"TO"
204418,"VB"
204419,"JJ"
204420,"."
204421,"VBG"
204422,"TO"
204423,"DT"
204424,"NN"
204425,"POS"
204426,"NN"
204427,"NN"
204428,","
204429,"``"
204430,"NNP"
204431,"NNP"
204432,","
204433,"''"
204434,"VBN"
204435,"IN"
204436,"NNP"
204437,"NNP"
204438,","
204439,"DT"
204440,"JJ"
204441,"JJ"
204442,"NNS"
204443,"NN"
204444,"IN"
204445,"#"
204446,"CD"
204447,"CD"
204448,"NN"
204449,","
204450,"``"
204451,"VBZ"
204452,"DT"
204453,"NNS"
204454,"IN"
204455,"DT"
204456,"JJ"
204457,"NN"
204458,"IN"
204459,"JJ"
204460,","
204461,"JJ"
204462,"NNS"
204463,","
204464,"VBN"
204465,"IN"
204466,"PRP$"
204467,"JJ"
204468,"NN"
204469,"IN"
204470,"NN"
204471,","
204472,"NN"
204473,"CC"
204474,"NN"
204475,"."
204476,"CC"
204477,"IN"
204478,"DT"
204479,"DT"
204480,"NN"
204481,"CC"
204482,"NN"
204483,"IN"
204484,"JJ"
204485,"NN"
204486,"VBP"
204487,"DT"
204488,"JJ"
204489,"NNS"
204490,"TO"
204491,"VB"
204492,"RB"
204493,":"
204494,"NN"
204495,"TO"
204496,"VB"
204497,"IN"
204498,"DT"
204499,"CD"
204500,"IN"
204501,"NN"
204502,":"
204503,"NN"
204504,"TO"
204505,"VB"
204506,"DT"
204507,"NN"
204508,"IN"
204509,"DT"
204510,"NN"
204511,"IN"
204512,"DT"
204513,"JJ"
204514,":"
204515,"''"
204516,"PRP"
204517,"VBP"
204518,"RB"
204519,"VB"
204520,"DT"
204521,"JJ"
204522,"NNS"
204523,"NN"
204524,"TO"
204525,"VB"
204526,"DT"
204527,"NN"
204528,"VBZ"
204529,"JJ"
204530,"IN"
204531,"JJR"
204532,"IN"
204533,"JJ"
204534,"NN"
204535,"."
204536,"DT"
204537,"RB"
204538,"VBN"
204539,"NN"
204540,"VBZ"
204541,"VBN"
204542,"VBN"
204543,"IN"
204544,"NNP"
204545,"POS"
204546,"JJ"
204547,"NNS"
204548,"IN"
204549,"JJ"
204550,"IN"
204551,"NN"
204552,","
204553,"CC"
204554,"PRP$"
204555,"JJ"
204556,"NN"
204557,"VBZ"
204558,"PRP$"
204559,"JJ"
204560,"NN"
204561,"IN"
204562,"DT"
204563,"NNS"
204564,"POS"
204565,"NN"
204566,"CC"
204567,"JJ"
204568,"NNS"
204569,"."
204570,"VBN"
204571,"JJ"
204572,"IN"
204573,"NNP"
204574,"NNP"
204575,"POS"
204576,"NN"
204577,"NN"
204578,","
204579,"DT"
204580,"NN"
204581,"NNS"
204582,"VBP"
204583,"JJ"
204584,"NN"
204585,"."
204586,"VBG"
204587,"IN"
204588,"DT"
204589,"NN"
204590,"VBD"
204591,"CC"
204592,"NNS"
204593,"VBN"
204594,"IN"
204595,"DT"
204596,"JJ"
204597,"NNS"
204598,","
204599,"NNP"
204600,"NNP"
204601,"POS"
204602,"NN"
204603,"MD"
204604,"VB"
204605,"RB"
204606,"RB"
204607,"VBN"
204608,"IN"
204609,"DT"
204610,"JJ"
204611,"NN"
204612,"NN"
204613,"."
204614,"IN"
204615,"DT"
204616,"JJ"
204617,"NN"
204618,"PRP"
204619,"VBP"
204620,"IN"
204621,"NNP"
204622,","
204623,"DT"
204624,"JJ"
204625,"NN"
204626,"NN"
204627,","
204628,"VBZ"
204629,"RB"
204630,"VBN"
204631,"IN"
204632,"DT"
204633,"CD"
204634,"IN"
204635,"NN"
204636,"."
204637,"NNP"
204638,"VBZ"
204639,","
204640,"PRP"
204641,"VBZ"
204642,"VBN"
204643,"PRP"
204644,"RB"
204645,"RB"
204646,"RB"
204647,"."
204648,"RB"
204649,"IN"
204650,"VB"
204651,"DT"
204652,"NN"
204653,"DT"
204654,"NN"
204655,"IN"
204656,"DT"
204657,"JJ"
204658,"NN"
204659,","
204660,"NNP"
204661,"NNP"
204662,"IN"
204663,"PRP"
204664,"TO"
204665,"DT"
204666,"NN"
204667,"NN"
204668,"IN"
204669,"VBG"
204670,"NN"
204671,"IN"
204672,"DT"
204673,"NN"
204674,"."
204675,"JJ"
204676,"NN"
204677,"IN"
204678,"NNP"
204679,"NNP"
204680,"VBZ"
204681,"VBG"
204682,"TO"
204683,"VB"
204684,"NN"
204685,"."
204686,"NNS"
204687,"VBP"
204688,"DT"
204689,"NN"
204690,"RB"
204691,"JJ"
204692,"NNS"
204693,","
204694,"IN"
204695,"DT"
204696,"NN"
204697,"IN"
204698,"DT"
204699,"NNP"
204700,"JJ"
204701,"NN"
204702,"NNS"
204703,"MD"
204704,"VB"
204705,"JJ"
204706,"."
204707,"NNP"
204708,","
204709,"NNP"
204710,"NNP"
204711,"."
204712,"DT"
204713,"NN"
204714,"NNS"
204715,"VBP"
204716,"RB"
204717,"RB"
204718,","
204719,"CC"
204720,"RB"
204721,"DT"
204722,"RB"
204723,"JJ"
204724,"NNS"
204725,"NN"
204726,"IN"
204727,"NN"
204728,"."
204729,"RB"
204730,"RB"
204731,"IN"
204732,"VBG"
204733,"DT"
204734,"NN"
204735,"IN"
204736,"DT"
204737,"NN"
204738,"IN"
204739,"DT"
204740,"NN"
204741,"."
204742,"CC"
204743,"DT"
204744,"JJ"
204745,"NN"
204746,"IN"
204747,"DT"
204748,"JJ"
204749,"NN"
204750,"VBZ"
204751,"VBN"
204752,"TO"
204753,"NNS"
204754,"TO"
204755,"VB"
204756,"VBN"
204757,"IN"
204758,"DT"
204759,"RB"
204760,"JJ"
204761,"JJ"
204762,"NNS"
204763,"("
204764,"IN"
204765,"WRB"
204766,"VBZ"
204767,"NN"
204768,"NNPS"
204769,"RB"
204770,"JJ"
204771,"NNPS"
204772,"."
204773,")"
204774,"."
204775,"RB"
204776,","
204777,"NNP"
204778,"NNP"
204779,"VBZ"
204780,"DT"
204781,"NN"
204782,","
204783,"RB"
204784,"TO"
204785,"VB"
204786,"DT"
204787,"JJ"
204788,"NN"
204789,"RB"
204790,"JJ"
204791,"PRP$"
204792,"NN"
204793,"IN"
204794,"VBG"
204795,"DT"
204796,"NN"
204797,"IN"
204798,"DT"
204799,"JJ"
204800,"NN"
204801,"NN"
204802,"NN"
204803,"."
204804,"RB"
204805,"IN"
204806,"NN"
204807,"NNS"
204808,"TO"
204809,"VB"
204810,"DT"
204811,"NN"
204812,"POS"
204813,"NN"
204814,","
204815,"DT"
204816,"NN"
204817,"POS"
204818,"JJ"
204819,"NNS"
204820,","
204821,"VBN"
204822,"IN"
204823,"DT"
204824,"JJ"
204825,"JJ"
204826,","
204827,"NN"
204828,"PRP$"
204829,"NN"
204830,"."
204831,"DT"
204832,"NN"
204833,"VBZ"
204834,"VBN"
204835,"WRB"
204836,"DT"
204837,"NN"
204838,"POS"
204839,"JJ"
204840,"NN"
204841,","
204842,"NNP"
204843,"NNP"
204844,"IN"
204845,"DT"
204846,"JJ"
204847,"NN"
204848,"IN"
204849,"DT"
204850,"NN"
204851,","
204852,"NNS"
204853,"NN"
204854,"TO"
204855,"VB"
204856,"DT"
204857,"NN"
204858,"."
204859,"CC"
204860,"DT"
204861,"NN"
204862,"VBZ"
204863,"."
204864,"IN"
204865,"PRP"
204866,"MD"
204867,"VB"
204868,"DT"
204869,"NN"
204870,"IN"
204871,"DT"
204872,"NNS"
204873,"IN"
204874,"JJ"
204875,"NN"
204876,"VBP"
204877,"JJ"
204878,"NNS"
204879,","
204880,"PRP"
204881,"RB"
204882,"VBP"
204883,"VBN"
204884,"VBN"
204885,","
204886,"IN"
204887,"JJ"
204888,"IN"
204889,"DT"
204890,"NNS"
204891,"VBP"
204892,"RB"
204893,"RB"
204894,"."
204895,"IN"
204896,"NN"
204897,","
204898,"JJ"
204899,"VBP"
204900,"RB"
204901,"IN"
204902,"NN"
204903,"."
204904,"CD"
204905,"NN"
204906,"DT"
204907,"NN"
204908,"RB"
204909,"VBZ"
204910,"IN"
204911,"NN"
204912,"."
204913,"NNP"
204914,"VBZ"
204915,"IN"
204916,"DT"
204917,"NN"
204918,"NN"
204919,","
204920,"CC"
204921,"IN"
204922,"PRP"
204923,"VBZ"
204924,"DT"
204925,"JJ"
204926,"NN"
204927,","
204928,"PRP"
204929,"VBZ"
204930,"RB"
204931,"VB"
204932,"TO"
204933,"VB"
204934,"CC"
204935,"VB"
204936,"PRP"
204937,":"
204938,"DT"
204939,"JJ"
204940,"NN"
204941,"MD"
204942,"VB"
204943,"VBN"
204944,"RB"
204945,"IN"
204946,"DT"
204947,"JJ"
204948,"NN"
204949,"IN"
204950,"NNS"
204951,"IN"
204952,"DT"
204953,"JJ"
204954,"NN"
204955,"VBZ"
204956,"VBN"
204957,"RP"
204958,"IN"
204959,"DT"
204960,"NN"
204961,"."
204962,"CC"
204963,"PRP"
204964,"VBZ"
204965,"JJ"
204966,","
204967,"DT"
204968,"JJ"
204969,"NNS"
204970,"POS"
204971,"NN"
204972,"IN"
204973,"DT"
204974,"NN"
204975,","
204976,"IN"
204977,"DT"
204978,"JJ"
204979,"NN"
204980,"TO"
204981,"VB"
204982,"JJ"
204983,"JJ"
204984,"NN"
204985,"IN"
204986,"DT"
204987,"IN"
204988,"PRP$"
204989,"NN"
204990,"."
204991,"RB"
204992,"DT"
204993,"NN"
204994,"IN"
204995,"DT"
204996,"NN"
204997,"VBZ"
204998,"DT"
204999,"JJ"
205000,"NNP"
205001,"VBZ"
205002,"RB"
205003,"JJ"
205004,"TO"
205005,"VB"
205006,"TO"
205007,"NNS"
205008,"IN"
205009,"DT"
205010,"NN"
205011,"VBN"
205012,"IN"
205013,"DT"
205014,"JJ"
205015,"NN"
205016,"NN"
205017,"."
205018,"IN"
205019,"NNP"
205020,","
205021,"DT"
205022,"VBZ"
205023,"RB"
205024,"JJ"
205025,"NN"
205026,","
205027,"CC"
205028,"JJ"
205029,"NN"
205030,","
205031,"CC"
205032,"IN"
205033,"JJ"
205034,"NNS"
205035,","
205036,"JJ"
205037,"NN"
205038,"."
205039,"DT"
205040,"NN"
205041,"VBZ"
205042,"RB"
205043,"VBN"
205044,"IN"
205045,"DT"
205046,"NN"
205047,"IN"
205048,"NNP"
205049,","
205050,"DT"
205051,"NN"
205052,"NN"
205053,"POS"
205054,"JJS"
205055,"NN"
205056,"NN"
205057,"."
205058,"RB"
205059,"RB"
205060,","
205061,"PRP"
205062,"VBZ"
205063,"IN"
205064,"DT"
205065,"NN"
205066,"VBD"
205067,"JJ"
205068,"NN"
205069,","
205070,"VBZ"
205071,"NN"
205072,"NNS"
205073,"CC"
205074,"VBZ"
205075,"DT"
205076,"JJ"
205077,"NN"
205078,"."
205079,"CC"
205080,"RB"
205081,"TO"
205082,"VB"
205083,"PRP"
205084,"JJ"
205085,","
205086,"RB"
205087,"JJ"
205088,","
205089,"TO"
205090,"DT"
205091,"NNS"
205092,","
205093,"DT"
205094,"NN"
205095,"VBZ"
205096,"VBN"
205097,"NNP"
205098,"IN"
205099,"DT"
205100,"NNP"
205101,"NNP"
205102,","
205103,"NN"
205104,"IN"
205105,"CD"
205106,"JJ"
205107,"NNS"
205108,"."
205109,"PRP"
205110,"VBZ"
205111,"PRP$"
205112,"NN"
205113,"TO"
205114,"DT"
205115,"NN"
205116,","
205117,"WRB"
205118,"PRP"
205119,"VBZ"
205120,"DT"
205121,"JJ"
205122,"JJ"
205123,"NN"
205124,"WP"
205125,"VBZ"
205126,"PRP"
205127,"IN"
205128,"VBG"
205129,"DT"
205130,"NN"
205131,"IN"
205132,"PRP$"
205133,"JJ"
205134,"NN"
205135,"CC"
205136,"RB"
205137,"RB"
205138,"VBZ"
205139,"PRP$"
205140,"NN"
205141,"CC"
205142,"NNS"
205143,"PRP"
205144,"IN"
205145,"NNP"
205146,"."
205147,"IN"
205148,"VBG"
205149,"CC"
205150,"VBG"
205151,"``"
205152,"NNP"
205153,"NNP"
205154,","
205155,"''"
205156,"NNP"
205157,"VBZ"
205158,"VBN"
205159,"IN"
205160,"RB"
205161,"JJ"
205162,"IN"
205163,"NNP"
205164,"NNP"
205165,"VBZ"
205166,"IN"
205167,"DT"
205168,"JJ"
205169,"NN"
205170,"."
205171,"DT"
205172,"NN"
205173,"NNS"
205174,"VBP"
205175,"DT"
205176,"RB"
205177,"JJ"
205178,"#"
205179,"CD"
205180,"CD"
205181,"("
205182,"$"
205183,"CD"
205184,"CD"
205185,")"
205186,","
205187,"CC"
205188,"MD"
205189,"VB"
205190,"VBN"
205191,"RB"
205192,"JJR"
205193,"VBD"
205194,"RB"
205195,"DT"
205196,"NN"
205197,"IN"
205198,"DT"
205199,"NN"
205200,"NN"
205201,"VBD"
205202,"VBN"
205203,"VBN"
205204,"IN"
205205,"DT"
205206,"NN"
205207,"IN"
205208,"``"
205209,"NNS"
205210,","
205211,"''"
205212,"DT"
205213,"JJR"
205214,"NNP"
205215,"NN"
205216,"."
205217,"DT"
205218,"JJ"
205219,"CD"
205220,"NNS"
205221,"VBD"
205222,"IN"
205223,"DT"
205224,"NN"
205225,"IN"
205226,"JJ"
205227,"NNS"
205228,"IN"
205229,"CD"
205230,"JJ"
205231,"JJ"
205232,"NNS"
205233,"CC"
205234,"IN"
205235,"JJ"
205236,"NNS"
205237,"IN"
205238,"DT"
205239,"NNP"
205240,"NN"
205241,"."
205242,"DT"
205243,"NNS"
205244,"VBP"
205245,"DT"
205246,"JJ"
205247,"NN"
205248,"IN"
205249,"``"
205250,"NNP"
205251,"NNP"
205252,"POS"
205253,"''"
205254,"NNS"
205255,"TO"
205256,"VB"
205257,"PRP"
205258,","
205259,"CC"
205260,"DT"
205261,"JJ"
205262,"NN"
205263,"IN"
205264,"PRP"
205265,","
205266,"IN"
205267,"NNP"
205268,"."
205269,"NNP"
205270,"POS"
205271,"NNP"
205272,"NN"
205273,"NN"
205274,","
205275,"NNP"
205276,"NNP"
205277,","
205278,"VBZ"
205279,"VBG"
205280,"TO"
205281,"VB"
205282,"RB"
205283,"IN"
205284,"."
205285,"PRP"
205286,"VBZ"
205287,"RB"
205288,"JJ"
205289,","
205290,"VBG"
205291,"CD"
205292,"NNP"
205293,"NN"
205294,"NN"
205295,":"
205296,"``"
205297,"NNP"
205298,"POS"
205299,"NNP"
205300,","
205301,"''"
205302,"``"
205303,"NNP"
205304,"NNP"
205305,"IN"
205306,"NNP"
205307,"''"
205308,"CC"
205309,"``"
205310,"NNP"
205311,"PRP"
205312,"IN"
205313,"''"
205314,":"
205315,"WDT"
205316,"VBD"
205317,"JJ"
205318,"NNS"
205319,"."
205320,"RB"
205321,"IN"
205322,"VBG"
205323,"PRP"
205324,","
205325,"NNP"
205326,"NNP"
205327,"RB"
205328,"VBZ"
205329,"VBN"
205330,"PRP$"
205331,"NN"
205332,"IN"
205333,"DT"
205334,"NN"
205335,"CC"
205336,"DT"
205337,"JJ"
205338,"NN"
205339,":"
205340,"``"
205341,"NNP"
205342,"NNP"
205343,"''"
205344,"MD"
205345,"VB"
205346,"VBN"
205347,"DT"
205348,"NN"
205349,","
205350,"DT"
205351,"JJ"
205352,"NN"
205353,"TO"
205354,"DT"
205355,"PDT"
205356,"JJ"
205357,"``"
205358,"VB"
205359,"IN"
205360,"''"
205361,"NNS"
205362,"IN"
205363,"DT"
205364,"NNS"
205365,"."
205366,"DT"
205367,"NNS"
205368,"RB"
205369,"VBP"
205370,"IN"
205371,"DT"
205372,"NN"
205373,"."
205374,"DT"
205375,"JJ"
205376,"NN"
205377,"VBN"
205378,"IN"
205379,"DT"
205380,"RB"
205381,"JJ"
205382,"NN"
205383,"IN"
205384,"WDT"
205385,"DT"
205386,"NN"
205387,"NN"
205388,"VBD"
205389,"DT"
205390,"NN"
205391,","
205392,"DT"
205393,"NN"
205394,"IN"
205395,"DT"
205396,"JJ"
205397,"NN"
205398,"IN"
205399,"DT"
205400,"NN"
205401,"."
205402,"CC"
205403,"JJ"
205404,"IN"
205405,"DT"
205406,"JJ"
205407,"NN"
205408,"NN"
205409,"JJ"
205410,"NNS"
205411,"TO"
205412,"JJ"
205413,"NN"
205414,"CC"
205415,"NN"
205416,"NNS"
205417,"VBN"
205418,"IN"
205419,"JJ"
205420,"NNS"
205421,"."
205422,"NNP"
205423,"NNP"
205424,"VBZ"
205425,"IN"
205426,"DT"
205427,"JJ"
205428,"NNP"
205429,"NNP"
205430,"NNP"
205431,":"
205432,"NNP"
205433,"NNP"
205434,","
205435,"WP"
205436,"VBZ"
205437,"NNP"
205438,","
205439,"MD"
205440,"VB"
205441,"IN"
205442,"NNP"
205443,"NNP"
205444,","
205445,"CC"
205446,"NNP"
205447,"NNP"
205448,"("
205449,"NNP"
205450,")"
205451,"IN"
205452,"NNP"
205453,"NNP"
205454,":"
205455,"NNP"
205456,"NNP"
205457,"VBZ"
205458,"DT"
205459,"JJ"
205460,"NN"
205461,"NNP"
205462,"CC"
205463,"NNP"
205464,"NNP"
205465,"MD"
205466,"RB"
205467,"VB"
205468,"IN"
205469,"NNP"
205470,"NNP"
205471,","
205472,"DT"
205473,"JJ"
205474,"NN"
205475,"IN"
205476,"DT"
205477,"NN"
205478,"NNS"
205479,"NNS"
205480,"."
205481,"RB"
205482,","
205483,"JJ"
205484,"NNS"
205485,","
205486,"NN"
205487,"IN"
205488,"NN"
205489,"IN"
205490,"``"
205491,"NNP"
205492,"NNP"
205493,"NNP"
205494,"''"
205495,":"
205496,"DT"
205497,"NN"
205498,"VBZ"
205499,"RB"
205500,"VBG"
205501,"DT"
205502,"NN"
205503,"IN"
205504,"JJ"
205505,"JJ"
205506,"NNS"
205507,"WDT"
205508,"RB"
205509,"VBP"
205510,"VBN"
205511,"IN"
205512,"NN"
205513,"IN"
205514,"NNP"
205515,"NNP"
205516,"NNP"
205517,"VBZ"
205518,"RB"
205519,"VBN"
205520,"DT"
205521,"NNP"
205522,"NNP"
205523,"."
205524,"DT"
205525,"NN"
205526,"VBZ"
205527,"RB"
205528,"JJ"
205529,"IN"
205530,"NNP"
205531,"NNP"
205532,","
205533,"WP"
205534,"VBZ"
205535,"DT"
205536,"NN"
205537,"NN"
205538,"."
205539,"PRP"
205540,"VBZ"
205541,"IN"
205542,"DT"
205543,"NN"
205544,"NN"
205545,"NN"
205546,","
205547,"WDT"
205548,"VBZ"
205549,","
205550,"VBG"
205551,"CD"
205552,"NNP"
205553,"POS"
205554,"VB"
205555,"IN"
205556,"VBZ"
205557,"."
205558,"CC"
205559,"RB"
205560,"DT"
205561,"NN"
205562,","
205563,"DT"
205564,"NNS"
205565,"VBP"
205566,"IN"
205567,"DT"
205568,"NN"
205569,"POS"
205570,"NN"
205571,"."
205572,"PRP"
205573,"MD"
205574,"VB"
205575,"RB"
205576,"."
205577,"NNP"
205578,"NNP"
205579,"VBZ"
205580,"JJ"
205581,"NN"
205582,"IN"
205583,"DT"
205584,"NN"
205585,"POS"
205586,"JJ"
205587,"NN"
205588,"."
205589,"O"
205590,"NNP"
205591,"NNP"
205592,"IN"
205593,"NNP"
205594,"VBD"
205595,"NNS"
205596,"IN"
205597,"PRP$"
205598,"NN"
205599,"NNS"
205600,"IN"
205601,"PRP$"
205602,"JJ"
205603,"$"
205604,"CD"
205605,"CD"
205606,"NN"
205607,"IN"
205608,"NNP"
205609,"NNP"
205610,"NNP"
205611,","
205612,"IN"
205613,"VBN"
205614,"NNS"
205615,"IN"
205616,"NN"
205617,"NNS"
205618,"IN"
205619,"DT"
205620,"CD"
205621,"NNP"
205622,"NNS"
205623,"WRB"
205624,"NNP"
205625,"VBZ"
205626,"."
205627,"DT"
205628,"JJ"
205629,"NN"
205630,"VBZ"
205631,"NN"
205632,"IN"
205633,"NNP"
205634,"NNP"
205635,"NNP"
205636,"POS"
205637,"JJ"
205638,"NN"
205639,"NN"
205640,"IN"
205641,"NNP"
205642,"NNP"
205643,"NNP"
205644,","
205645,"DT"
205646,"JJ"
205647,"NN"
205648,","
205649,"NN"
205650,","
205651,"NN"
205652,"CC"
205653,"JJ"
205654,"NNS"
205655,"NN"
205656,"WDT"
205657,"VBZ"
205658,"NN"
205659,"IN"
205660,"NNP"
205661,"JJ"
205662,"NNS"
205663,"."
205664,"IN"
205665,"DT"
205666,"NN"
205667,"TO"
205668,"VB"
205669,"JJ"
205670,"NNS"
205671,"POS"
205672,"NN"
205673,"IN"
205674,"DT"
205675,"NNP"
205676,"NN"
205677,"IN"
205678,"NNP"
205679,","
205680,"NNP"
205681,"NNP"
205682,"IN"
205683,"NNP"
205684,"VBD"
205685,"TO"
205686,"VB"
205687,"NNS"
205688,"TO"
205689,"NNP"
205690,"IN"
205691,"PRP"
205692,"VBZ"
205693,"JJ"
205694,"IN"
205695,"VBG"
205696,"NNP"
205697,"."
205698,"IN"
205699,"NN"
205700,"IN"
205701,"DT"
205702,"NN"
205703,","
205704,"NNP"
205705,"VBD"
205706,"TO"
205707,"VB"
205708,"$"
205709,"CD"
205710,"CD"
205711,"IN"
205712,"NNP"
205713,"NNP"
205714,"NNP"
205715,","
205716,"NNP"
205717,"NNP"
205718,"POS"
205719,"NN"
205720,"NN"
205721,"."
205722,"IN"
205723,"DT"
205724,"JJ"
205725,"$"
205726,"CD"
205727,"CD"
205728,"TO"
205729,"VB"
205730,"VBN"
205731,"TO"
205732,"NNP"
205733,"IN"
205734,"NNP"
205735,","
205736,"IN"
205737,"$"
205738,"CD"
205739,"CD"
205740,"MD"
205741,"VB"
205742,"IN"
205743,"JJ"
205744,"NNS"
205745,"IN"
205746,"NNP"
205747,"POS"
205748,"NN"
205749,","
205750,"NNP"
205751,"NNP"
205752,","
205753,"$"
205754,"CD"
205755,"CD"
205756,"MD"
205757,"VB"
205758,"IN"
205759,"DT"
205760,"NN"
205761,"IN"
205762,"NNS"
205763,"VBN"
205764,"IN"
205765,"NNP"
205766,","
205767,"CC"
205768,"DT"
205769,"JJ"
205770,"$"
205771,"CD"
205772,"CD"
205773,"MD"
205774,"VB"
205775,"IN"
205776,"JJ"
205777,"NN"
205778,"NNS"
205779,"."
205780,"IN"
205781,"DT"
205782,"NN"
205783,"NNP"
205784,","
205785,"NNP"
205786,"NNP"
205787,","
205788,"NN"
205789,"CC"
205790,"JJ"
205791,"NN"
205792,"NN"
205793,"IN"
205794,"NNP"
205795,","
205796,"VBD"
205797,"PRP$"
205798,"NN"
205799,"VBZ"
205800,"RB"
205801,"VBN"
205802,"NNS"
205803,"IN"
205804,"DT"
205805,"NN"
205806,"IN"
205807,"NNS"
205808,"VBN"
205809,"IN"
205810,"NNP"
205811,"."
205812,"NNP"
205813,"NNP"
205814,"NNP"
205815,"IN"
205816,"PRP"
205817,"MD"
205818,"VB"
205819,"DT"
205820,"NN"
205821,"NN"
205822,"IN"
205823,"DT"
205824,"NN"
205825,"."
205826,"DT"
205827,"JJ"
205828,"NN"
205829,"NNS"
205830,"IN"
205831,"DT"
205832,"NN"
205833,"NN"
205834,"NNP"
205835,"NNP"
205836,","
205837,"NNP"
205838,"NNP"
205839,","
205840,"NNP"
205841,"NNP"
205842,"CC"
205843,"NNP"
205844,","
205845,"PRP"
205846,"VBD"
205847,"."
205848,"NNP"
205849,"NNP"
205850,"VBD"
205851,"NNP"
205852,"NNP"
205853,"VBZ"
205854,"``"
205855,"JJR"
205856,"IN"
205857,"$"
205858,"CD"
205859,"CD"
205860,"IN"
205861,"JJ"
205862,"NNS"
205863,"IN"
205864,"PRP"
205865,"MD"
205866,"CC"
205867,"MD"
205868,"VB"
205869,"''"
205870,"TO"
205871,"VB"
205872,"NN"
205873,"IN"
205874,"NN"
205875,"IN"
205876,"DT"
205877,"NN"
205878,"."
205879,"PRP"
205880,"VBD"
205881,"DT"
205882,"NNS"
205883,"TO"
205884,"VB"
205885,"VBN"
205886,"MD"
205887,"VB"
205888,"``"
205889,"JJ"
205890,"''"
205891,"NNS"
205892,","
205893,"VBG"
205894,"DT"
205895,"NN"
205896,"NN"
205897,"CC"
205898,"DT"
205899,"JJ"
205900,"NN"
205901,"NN"
205902,","
205903,"CC"
205904,"MD"
205905,"RB"
205906,"VB"
205907,"DT"
205908,"NNS"
205909,"IN"
205910,"NNP"
205911,"."
205912,"``"
205913,"PRP"
205914,"MD"
205915,"RB"
205916,"VB"
205917,"DT"
205918,"NN"
205919,"IN"
205920,"NNP"
205921,","
205922,"''"
205923,"PRP"
205924,"VBD"
205925,"."
205926,"DT"
205927,"VBN"
205928,"NNS"
205929,"RB"
205930,"VBP"
205931,"RP"
205932,"IN"
205933,"IN"
205934,"DT"
205935,"JJ"
205936,"NN"
205937,","
205938,"NNP"
205939,"VBZ"
205940,"DT"
205941,"JJ"
205942,"NN"
205943,"TO"
205944,"VB"
205945,"NNS"
205946,"TO"
205947,"NNP"
205948,"IN"
205949,"DT"
205950,"NN"
205951,"IN"
205952,"NNP"
205953,"."
205954,"``"
205955,"PRP"
205956,"VBP"
205957,"IN"
205958,"IN"
205959,"WP"
205960,"PRP"
205961,"VBD"
205962,","
205963,"DT"
205964,"NNS"
205965,"MD"
205966,"RB"
205967,"VB"
205968,"TO"
205969,"VB"
205970,"NNP"
205971,","
205972,"CC"
205973,"PRP"
205974,"MD"
205975,"RB"
205976,"VB"
205977,"IN"
205978,"DT"
205979,"NN"
205980,"IN"
205981,"PRP"
205982,","
205983,"IN"
205984,"NNP"
205985,"MD"
205986,"RB"
205987,"VB"
205988,"DT"
205989,"NN"
205990,"IN"
205991,"NNS"
205992,"IN"
205993,"RB"
205994,","
205995,"''"
205996,"NNP"
205997,"NNP"
205998,"VBD"
205999,"."
206000,"DT"
206001,"NN"
206002,"IN"
206003,"NN"
206004,"IN"
206005,"NNP"
206006,"VBZ"
206007,"NN"
206008,"IN"
206009,"DT"
206010,"NN"
206011,"NNS"
206012,"IN"
206013,"DT"
206014,"CD"
206015,"NNS"
206016,"WRB"
206017,"NNP"
206018,"CC"
206019,"PRP$"
206020,"JJ"
206021,"NNS"
206022,"VBP"
206023,"VBN"
206024,"."
206025,"DT"
206026,"VBN"
206027,"NNS"
206028,"VBD"
206029,"VBN"
206030,"IN"
206031,"IN"
206032,"DT"
206033,"JJ"
206034,"NN"
206035,"IN"
206036,"NNP"
206037,"CC"
206038,"NNP"
206039,","
206040,"CC"
206041,"TO"
206042,"VB"
206043,"DT"
206044,"NN"
206045,"IN"
206046,"NNP"
206047,"NNP"
206048,"VBD"
206049,"JJ"
206050,"NN"
206051,"IN"
206052,"JJ"
206053,"NN"
206054,"NNS"
206055,"TO"
206056,"VB"
206057,"PRP$"
206058,"JJ"
206059,"NN"
206060,"."
206061,"NNP"
206062,"VBD"
206063,"PRP$"
206064,"JJ"
206065,"#"
206066,"CD"
206067,"CD"
206068,"("
206069,"$"
206070,"CD"
206071,"CD"
206072,")"
206073,"NN"
206074,"NN"
206075,"IN"
206076,"PRP"
206077,"VBD"
206078,"DT"
206079,"NN"
206080,","
206081,"CC"
206082,"VBD"
206083,"PRP"
206084,"MD"
206085,"VB"
206086,"DT"
206087,"JJ"
206088,"NN"
206089,"IN"
206090,"NNP"
206091,"WRB"
206092,"DT"
206093,"JJ"
206094,"NN"
206095,"IN"
206096,"NNP"
206097,"TO"
206098,"NNP"
206099,"VBZ"
206100,"JJ"
206101,"NN"
206102,"."
206103,"DT"
206104,"NN"
206105,"IN"
206106,"NNP"
206107,"VBD"
206108,"IN"
206109,"DT"
206110,"VBN"
206111,"NNS"
206112,"IN"
206113,","
206114,"``"
206115,"PRP"
206116,"MD"
206117,"VB"
206118,"DT"
206119,"NN"
206120,"JJ"
206121,"VBZ"
206122,"VBN"
206123,"."
206124,"DT"
206125,"JJ"
206126,"NN"
206127,"NN"
206128,"VBZ"
206129,"RB"
206130,"DT"
206131,"JJ"
206132,"JJ"
206133,"NN"
206134,","
206135,"NNP"
206136,"NNP"
206137,"RB"
206138,"VBZ"
206139,"TO"
206140,"VB"
206141,"RP"
206142,"CD"
206143,"NN"
206144,"IN"
206145,"NNP"
206146,"POS"
206147,"NNS"
206148,"IN"
206149,"NNS"
206150,"TO"
206151,"VB"
206152,"PRP$"
206153,"NN"
206154,"."
206155,"''"
206156,"DT"
206157,"NN"
206158,"VBZ"
206159,"RB"
206160,"VB"
206161,"DT"
206162,"CD"
206163,"NN"
206164,"RB"
206165,"VBN"
206166,"RP"
206167,"IN"
206168,"NNS"
206169,"IN"
206170,"NNP"
206171,","
206172,"DT"
206173,"NN"
206174,"VBD"
206175,"."
206176,"``"
206177,"PRP"
206178,"MD"
206179,"VB"
206180,"JJ"
206181,"NNS"
206182,"IN"
206183,"NNP"
206184,"POS"
206185,"NN"
206186,"NNS"
206187,"."
206188,"''"
206189,"TO"
206190,"VB"
206191,"IN"
206192,"NNP"
206193,"NNP"
206194,"POS"
206195,"NNS"
206196,","
206197,"NNP"
206198,"VBZ"
206199,"VBN"
206200,"DT"
206201,"JJ"
206202,"NN"
206203,"WDT"
206204,"MD"
206205,"VB"
206206,"PRP"
206207,"TO"
206208,"DT"
206209,"NN"
206210,"CC"
206211,"JJ"
206212,"NNS"
206213,"NN"
206214,"."
206215,"O"
206216,"JJ"
206217,"NNS"
206218,"IN"
206219,"NNP"
206220,"NNP"
206221,"NNP"
206222,"VBD"
206223,"DT"
206224,"JJ"
206225,"NN"
206226,"CC"
206227,"NN"
206228,"NN"
206229,"IN"
206230,"IN"
206231,"JJ"
206232,"NNS"
206233,"IN"
206234,"JJ"
206235,"NNP"
206236,","
206237,"DT"
206238,"JJ"
206239,"JJ"
206240,"NN"
206241,"IN"
206242,"DT"
206243,"CD"
206244,"NN"
206245,"NN"
206246,"."
206247,"DT"
206248,"CD"
206249,"JJ"
206250,"JJ"
206251,"NN"
206252,"NNS"
206253,"VBD"
206254,"CD"
206255,"JJ"
206256,"JJ"
206257,"NNS"
206258,"IN"
206259,"DT"
206260,"JJ"
206261,"CD"
206262,"NNS"
206263,"IN"
206264,"NNP"
206265,","
206266,"DT"
206267,"CD"
206268,"NN"
206269,"NN"
206270,"IN"
206271,"DT"
206272,"NN"
206273,"RBR"
206274,"."
206275,"NNP"
206276,"VBD"
206277,"NN"
206278,"NNS"
206279,"VBD"
206280,"RB"
206281,"CD"
206282,"NN"
206283,"TO"
206284,"CD"
206285,"NNS"
206286,","
206287,"NNS"
206288,"CC"
206289,"NN"
206290,"NN"
206291,"NNS"
206292,"."
206293,"DT"
206294,"JJ"
206295,"NN"
206296,"IN"
206297,"NNS"
206298,"TO"
206299,"VB"
206300,"IN"
206301,"CD"
206302,"NNS"
206303,"VBZ"
206304,"TO"
206305,"VB"
206306,"VBN"
206307,"DT"
206308,"NN"
206309,","
206310,"IN"
206311,"JJS"
206312,"RB"
206313,","
206314,"IN"
206315,"IN"
206316,"CD"
206317,"NN"
206318,"NNS"
206319,","
206320,"WDT"
206321,"VBD"
206322,"RB"
206323,"NNP"
206324,"CD"
206325,"."
206326,"DT"
206327,"VBZ"
206328,"RB"
206329,"JJ"
206330,"IN"
206331,"NNP"
206332,","
206333,"WDT"
206334,"VBD"
206335,"JJ"
206336,"NNS"
206337,"IN"
206338,"NNP"
206339,"CC"
206340,"NNP"
206341,"CC"
206342,"VBD"
206343,"PRP$"
206344,"JJ"
206345,"NNP"
206346,"NN"
206347,"CC"
206348,"NN"
206349,"NNS"
206350,"VBP"
206351,"CD"
206352,"NN"
206353,"IN"
206354,"JJ"
206355,"NN"
206356,"VBZ"
206357,"RB"
206358,"JJ"
206359,"NN"
206360,"."
206361,"RB"
206362,","
206363,"NNS"
206364,"IN"
206365,"DT"
206366,"JJ"
206367,"NNS"
206368,"VBD"
206369,"CD"
206370,"NN"
206371,"IN"
206372,"DT"
206373,"NN"
206374,"RB"
206375,"."
206376,"IN"
206377,"NNP"
206378,","
206379,"JJ"
206380,"NNS"
206381,"IN"
206382,"DT"
206383,"JJ"
206384,"NNP"
206385,"NNS"
206386,"VBD"
206387,"RB"
206388,"JJ"
206389,"IN"
206390,"CD"
206391,"NNS"
206392,"."
206393,"DT"
206394,"IN"
206395,"DT"
206396,"JJ"
206397,"NN"
206398,"NNS"
206399,"VBP"
206400,"RB"
206401,"VBN"
206402,"NNS"
206403,"IN"
206404,"JJ"
206405,"CD"
206406,"NNS"
206407,","
206408,"CC"
206409,"PRP"
206410,"MD"
206411,"VB"
206412,"TO"
206413,"VB"
206414,"PRP$"
206415,"NNS"
206416,"TO"
206417,"VB"
206418,"NNS"
206419,"IN"
206420,"."
206421,"``"
206422,"PRP"
206423,"VBP"
206424,"VBN"
206425,"DT"
206426,"NN"
206427,"WRB"
206428,","
206429,"IN"
206430,"NNS"
206431,","
206432,"PRP"
206433,"VBZ"
206434,"DT"
206435,"JJ"
206436,"NN"
206437,","
206438,"''"
206439,"VBD"
206440,"NNP"
206441,"NNP"
206442,","
206443,"JJ"
206444,"NN"
206445,"IN"
206446,"NNP"
206447,"NNP"
206448,"NNP"
206449,"IN"
206450,"NNP"
206451,","
206452,"NNP"
206453,"."
206454,"NN"
206455,"NNS"
206456,"VBD"
206457,"TO"
206458,"DT"
206459,"RB"
206460,"VBN"
206461,"JJ"
206462,"NN"
206463,"NN"
206464,"IN"
206465,"CD"
206466,"CD"
206467,"NNS"
206468,","
206469,"DT"
206470,"JJS"
206471,"IN"
206472,"NNP"
206473,"CD"
206474,"."
206475,"DT"
206476,"JJ"
206477,"NN"
206478,"NNS"
206479,"IN"
206480,"DT"
206481,"JJ"
206482,"NN"
206483,"NN"
206484,"IN"
206485,"RB"
206486,"CD"
206487,"CD"
206488,"JJ"
206489,"NN"
206490,"."
206491,"RB"
206492,","
206493,"NNS"
206494,"VBD"
206495,"JJ"
206496,"JJ"
206497,"NN"
206498,"VBD"
206499,"PRP"
206500,"MD"
206501,"RB"
206502,"VB"
206503,"DT"
206504,"JJ"
206505,"NN"
206506,"IN"
206507,"NNS"
206508,"IN"
206509,"NNP"
206510,"POS"
206511,"JJ"
206512,"NN"
206513,"NN"
206514,"."
206515,"NNP"
206516,"POS"
206517,"JJ"
206518,"NN"
206519,"NNS"
206520,"VBD"
206521,"CD"
206522,"NN"
206523,"IN"
206524,"PRP$"
206525,"JJ"
206526,"NNS"
206527,"VBD"
206528,"RP"
206529,"DT"
206530,"RB"
206531,"FW"
206532,"CD"
206533,"NN"
206534,"IN"
206535,"DT"
206536,"JJ"
206537,"NN"
206538,"DT"
206539,"NN"
206540,"RB"
206541,"."
206542,"DT"
206543,"IN"
206544,"DT"
206545,"NNP"
206546,"NNS"
206547,"IN"
206548,"NNP"
206549,"VBD"
206550,"JJ"
206551,"NNS"
206552,"."
206553,"NNP"
206554,"VBD"
206555,"DT"
206556,"CD"
206557,"NN"
206558,"NN"
206559,"IN"
206560,"JJ"
206561,"NN"
206562,"IN"
206563,"NNP"
206564,","
206565,"DT"
206566,"JJ"
206567,"NN"
206568,"NN"
206569,"IN"
206570,"NNP"
206571,"NNP"
206572,"NNP"
206573,"."
206574,"NNP"
206575,"NNS"
206576,"VBD"
206577,"RB"
206578,"JJ"
206579,":"
206580,"DT"
206581,"NNS"
206582,"VBP"
206583,"VBN"
206584,"CC"
206585,"NNP"
206586,"VBZ"
206587,"PRP$"
206588,"NNS"
206589,"RB"
206590,"IN"
206591,"NN"
206592,"."
206593,"DT"
206594,"JJ"
206595,"NN"
206596,"IN"
206597,"DT"
206598,"JJ"
206599,"CD"
206600,"NN"
206601,"NN"
206602,"MD"
206603,"VB"
206604,"VBN"
206605,"VBN"
206606,"IN"
206607,"NN"
206608,"IN"
206609,"DT"
206610,"NN"
206611,"IN"
206612,"NNP"
206613,"IN"
206614,"NN"
206615,"NNS"
206616,"IN"
206617,"NNP"
206618,"VBD"
206619,"IN"
206620,"NN"
206621,"TO"
206622,"NN"
206623,"NNS"
206624,"CC"
206625,"JJ"
206626,"NN"
206627,","
206628,"DT"
206629,"NN"
206630,"NN"
206631,"VBD"
206632,"."
206633,"JJ"
206634,"NN"
206635,","
206636,"NNP"
206637,"VBD"
206638,"DT"
206639,"JJ"
206640,"NN"
206641,"IN"
206642,"NN"
206643,"IN"
206644,"JJ"
206645,"JJ"
206646,"NNS"
206647,"IN"
206648,"DT"
206649,"JJ"
206650,"CD"
206651,"NNS"
206652,"VBD"
206653,"VBN"
206654,"VBN"
206655,"."
206656,"RB"
206657,"IN"
206658,"NNP"
206659,","
206660,"JJ"
206661,"NN"
206662,"NNS"
206663,"VBD"
206664,"RB"
206665,"JJ"
206666,"NNS"
206667,"."
206668,"NNP"
206669,"NNP"
206670,"NNP"
206671,"VBD"
206672,"DT"
206673,"CD"
206674,"NN"
206675,"NN"
206676,"IN"
206677,"JJ"
206678,"NN"
206679,"NNS"
206680,"IN"
206681,"DT"
206682,"CD"
206683,"NN"
206684,"NN"
206685,"IN"
206686,"JJ"
206687,"NN"
206688,"NNS"
206689,"."
206690,"NNP"
206691,"NNP"
206692,"VBD"
206693,"DT"
206694,"CD"
206695,"NN"
206696,"NN"
206697,"IN"
206698,"NN"
206699,"NNS"
206700,","
206701,"VBG"
206702,"PRP$"
206703,"RB"
206704,"JJ"
206705,"NN"
206706,"DT"
206707,"NN"
206708,"."
206709,"RB"
206710,","
206711,"NNS"
206712,"IN"
206713,"NNS"
206714,","
206715,"VBG"
206716,"DT"
206717,"NN"
206718,"POS"
206719,"JJ"
206720,"NNS"
206721,","
206722,"VBD"
206723,"CD"
206724,"NN"
206725,"."
206726,"NNP"
206727,"NNP"
206728,"NNP"
206729,"POS"
206730,"NNS"
206731,"IN"
206732,"RB"
206733,"VBN"
206734,"NNS"
206735,"VBD"
206736,"CD"
206737,"NN"
206738,"IN"
206739,"DT"
206740,"NN"
206741,"RBR"
206742,"."
206743,"NNP"
206744,"POS"
206745,"NN"
206746,"IN"
206747,"NNP"
206748,","
206749,"NNP"
206750,","
206751,"VBD"
206752,"VBG"
206753,"RP"
206754,"TO"
206755,"VB"
206756,"CD"
206757,"NN"
206758,"NNS"
206759,","
206760,"DT"
206761,"NNP"
206762,"NN"
206763,"VBD"
206764,"."
206765,"``"
206766,"PRP"
206767,"VBP"
206768,"RB"
206769,"JJ"
206770,"NN"
206771,"MD"
206772,"VB"
206773,"RB"
206774,"TO"
206775,"JJ"
206776,","
206777,"''"
206778,"PRP"
206779,"VBD"
206780,"."
206781,"RB"
206782,","
206783,"NNP"
206784,"VBD"
206785,"JJ"
206786,"NNS"
206787,"IN"
206788,"PRP$"
206789,"JJ"
206790,"JJ"
206791,"NNS"
206792,"CC"
206793,"NNS"
206794,"MD"
206795,"VB"
206796,"DT"
206797,"NN"
206798,"IN"
206799,"CD"
206800,"NN"
206801,"IN"
206802,"JJ"
206803,"JJ"
206804,"CD"
206805,"NNS"
206806,"."
206807,"NN"
206808,"NNS"
206809,"VBD"
206810,"RB"
206811,"IN"
206812,"NN"
206813,"IN"
206814,"DT"
206815,"JJ"
206816,"NNS"
206817,"VBD"
206818,"RBR"
206819,"DT"
206820,"NN"
206821,"."
206822,"IN"
206823,"DT"
206824,"NN"
206825,","
206826,"NNP"
206827,"VBD"
206828,"JJ"
206829,"NNS"
206830,","
206831,"WDT"
206832,"VBP"
206833,"RB"
206834,"VBN"
206835,"IN"
206836,"NN"
206837,"NNS"
206838,","
206839,"MD"
206840,"VB"
206841,"IN"
206842,"CD"
206843,"NN"
206844,"CC"
206845,"CD"
206846,"NN"
206847,"IN"
206848,"JJS"
206849,"NN"
206850,"."
206851,"DT"
206852,":"
206853,"NNS"
206854,"VBP"
206855,"RB"
206856,"NN"
206857,"NNS"
206858,"VBN"
206859,"IN"
206860,"NN"
206861,"."
206862,"SYM"
206863,":"
206864,"JJ"
206865,"NN"
206866,"SYM"
206867,":"
206868,"JJ"
206869,"NN"
206870,"VBZ"
206871,"JJR"
206872,"IN"
206873,"CD"
206874,"NN"
206875,"."
206876,"SYM"
206877,":"
206878,"EX"
206879,"VBD"
206880,"CD"
206881,"NN"
206882,"NNS"
206883,"IN"
206884,"DT"
206885,"RBS"
206886,"JJ"
206887,"NN"
206888,"CC"
206889,"CD"
206890,"DT"
206891,"NN"
206892,"RBR"
206893,"."
206894,"JJ"
206895,"NNS"
206896,"VBN"
206897,"IN"
206898,"JJ"
206899,"NNS"
206900,"VBP"
206901,"RB"
206902,"IN"
206903,"NNS"
206904,"NN"
206905,"."
206906,"O"
206907,"NNP"
206908,"NNP"
206909,"NNP"
206910,","
206911,"CD"
206912,"NNS"
206913,"JJ"
206914,","
206915,"VBD"
206916,"VBN"
206917,"NN"
206918,"CC"
206919,"JJ"
206920,"NN"
206921,"NN"
206922,"IN"
206923,"DT"
206924,"NNP"
206925,"NNP"
206926,"NNP"
206927,"NN"
206928,"."
206929,"NNP"
206930,"NNP"
206931,"VBD"
206932,"VBN"
206933,"DT"
206934,"NN"
206935,"TO"
206936,"DT"
206937,"NN"
206938,"POS"
206939,"JJ"
206940,"NNS"
206941,"."
206942,"NNP"
206943,"NNP"
206944,"VBZ"
206945,"NNP"
206946,"NNP"
206947,"NNP"
206948,","
206949,"WP"
206950,"VBD"
206951,"TO"
206952,"VB"
206953,"JJ"
206954,"NNS"
206955,"."
206956,"NNP"
206957,"NNS"
206958,"CC"
206959,"NNS"
206960,"NN"
206961,"NNS"
206962,"."
206963,"PRP"
206964,"RB"
206965,"VBZ"
206966,"NNS"
206967,"IN"
206968,"JJ"
206969,"NNS"
206970,"CC"
206971,"NNS"
206972,","
206973,"JJ"
206974,"NN"
206975,"CC"
206976,"NN"
206977,"VBN"
206978,"TO"
206979,"VB"
206980,"NN"
206981,"CC"
206982,"NN"
206983,"NNS"
206984,"."
206985,"O"
206986,"PRP"
206987,"VBD"
206988,"RB"
206989,"RB"
206990,"RB"
206991,"RB"
206992,"IN"
206993,"DT"
206994,"NN"
206995,"NN"
206996,"VBN"
206997,"IN"
206998,"DT"
206999,"NNP"
207000,"NNP"
207001,":"
207002,"CC"
207003,"RB"
207004,"IN"
207005,"DT"
207006,"NNP"
207007,"NNP"
207008,"NNP"
207009,":"
207010,"VBD"
207011,"VBN"
207012,"IN"
207013,"NNS"
207014,"RB"
207015,"IN"
207016,"VBG"
207017,"NNS"
207018,","
207019,"NNS"
207020,"CC"
207021,"NNS"
207022,"."
207023,"RB"
207024,","
207025,"DT"
207026,"NN"
207027,"VBZ"
207028,"VBN"
207029,"DT"
207030,"NN"
207031,"NN"
207032,"IN"
207033,"DT"
207034,"JJ"
207035,"NN"
207036,"."
207037,"NNP"
207038,"VBD"
207039,"DT"
207040,"JJ"
207041,"NN"
207042,"TO"
207043,"VB"
207044,"CC"
207045,"RB"
207046,"VBD"
207047,"RP"
207048,"DT"
207049,"NN"
207050,":"
207051,"``"
207052,"NNP"
207053,"NNP"
207054,"NNP"
207055,"''"
207056,":"
207057,"NNP"
207058,"NNP"
207059,"NNP"
207060,"."
207061,"``"
207062,"PRP"
207063,"VBP"
207064,"DT"
207065,"VBZ"
207066,"DT"
207067,"NN"
207068,"IN"
207069,"DT"
207070,"NN"
207071,","
207072,"''"
207073,"VBZ"
207074,"NNP"
207075,"NNP"
207076,"NNP"
207077,","
207078,"DT"
207079,"JJ"
207080,"JJ"
207081,"NN"
207082,"NN"
207083,"WP"
207084,"VBZ"
207085,"IN"
207086,"DT"
207087,"NNP"
207088,","
207089,"NNP"
207090,"NNP"
207091,","
207092,"NN"
207093,"IN"
207094,"JJ"
207095,"NN"
207096,"IN"
207097,"DT"
207098,"JJ"
207099,"NN"
207100,"."
207101,"IN"
207102,"NN"
207103,","
207104,"DT"
207105,"NN"
207106,"VBZ"
207107,"TO"
207108,"VB"
207109,"IN"
207110,"NNS"
207111,"IN"
207112,"NNP"
207113,"CC"
207114,"RB"
207115,"RB"
207116,"IN"
207117,"DT"
207118,"NNP"
207119,"NNP"
207120,"WDT"
207121,"MD"
207122,"VB"
207123,"PRP"
207124,"."
207125,"CC"
207126,"DT"
207127,"JJ"
207128,"NNS"
207129,"VBD"
207130,"IN"
207131,"IN"
207132,"FW"
207133,"CC"
207134,"JJ"
207135,"NNS"
207136,"VBP"
207137,"VBG"
207138,"DT"
207139,"NN"
207140,"POS"
207141,"NN"
207142,"IN"
207143,"JJ"
207144,"NNS"
207145,"IN"
207146,"CD"
207147,"."
207148,"IN"
207149,"NN"
207150,","
207151,"NNP"
207152,"NNP"
207153,"NNP"
207154,"VBZ"
207155,"IN"
207156,"NN"
207157,"IN"
207158,"NN"
207159,"IN"
207160,"PRP$"
207161,"NN"
207162,"."
207163,"IN"
207164,"DT"
207165,"NN"
207166,"RB"
207167,"MD"
207168,"VB"
207169,"RB"
207170,"IN"
207171,"NNP"
207172,","
207173,"RB"
207174,"MD"
207175,"NNS"
207176,"."
207177,"IN"
207178,"NN"
207179,","
207180,"NN"
207181,"IN"
207182,"NNS"
207183,"VBZ"
207184,"VBG"
207185,"JJR"
207186,"IN"
207187,"JJ"
207188,"NNS"
207189,"IN"
207190,"WRB"
207191,"NN"
207192,"RB"
207193,"VBD"
207194,"RB"
207195,"VBN"
207196,"."
207197,"RB"
207198,"IN"
207199,"VBG"
207200,"VBN"
207201,"IN"
207202,"DT"
207203,"JJ"
207204,"NN"
207205,"IN"
207206,"NNP"
207207,","
207208,"NNP"
207209,"NNP"
207210,"NNP"
207211,"VBZ"
207212,"RBR"
207213,"JJ"
207214,"TO"
207215,"VB"
207216,"DT"
207217,"NN"
207218,"IN"
207219,"PRP$"
207220,"NNS"
207221,"VBP"
207222,"RB"
207223,"JJ"
207224,","
207225,"RB"
207226,"JJ"
207227,"."
207228,"``"
207229,"PRP"
207230,"VBP"
207231,"DT"
207232,"NN"
207233,"TO"
207234,"VB"
207235,"DT"
207236,"NNS"
207237,"TO"
207238,"VB"
207239,"IN"
207240,"JJ"
207241,"NN"
207242,","
207243,"''"
207244,"VBZ"
207245,"NNP"
207246,"NNP"
207247,","
207248,"DT"
207249,"NN"
207250,"NN"
207251,"IN"
207252,"DT"
207253,"NNP"
207254,"NNP"
207255,"IN"
207256,"NNP"
207257,"."
207258,"``"
207259,"DT"
207260,"NN"
207261,"("
207262,"NN"
207263,")"
207264,"NNS"
207265,"VBP"
207266,"RBR"
207267,"JJ"
207268,"CC"
207269,"RBR"
207270,"JJ"
207271,"IN"
207272,"IN"
207273,"WP"
207274,"POS"
207275,"VBG"
207276,"IN"
207277,"RB"
207278,"."
207279,"''"
207280,"RB"
207281,","
207282,"NNP"
207283,"VBZ"
207284,"IN"
207285,"DT"
207286,"NN"
207287,"IN"
207288,"DT"
207289,"NN"
207290,"NN"
207291,"."
207292,"NNS"
207293,"IN"
207294,"JJ"
207295,"NN"
207296,"NNS"
207297,"VBD"
207298,"NNS"
207299,"IN"
207300,"DT"
207301,"JJ"
207302,"NN"
207303,"."
207304,"NNS"
207305,"VBP"
207306,"VBN"
207307,"IN"
207308,"DT"
207309,"JJ"
207310,"NN"
207311,"IN"
207312,"NNS"
207313,"."
207314,"NNP"
207315,"NNP"
207316,"NN"
207317,"VBP"
207318,"VBG"
207319,"JJR"
207320,"CC"
207321,"JJR"
207322,"."
207323,"DT"
207324,"NNP"
207325,"NNP"
207326,"NNP"
207327,"CC"
207328,"DT"
207329,"NNP"
207330,"NNP"
207331,"NNP"
207332,"POS"
207333,"NNP"
207334,"IN"
207335,"NNP"
207336,"NN"
207337,"IN"
207338,"JJ"
207339,"NNS"
207340,","
207341,"RB"
207342,"RB"
207343,"DT"
207344,"JJ"
207345,"NNS"
207346,"DT"
207347,"NN"
207348,"DT"
207349,"IN"
207350,"NNP"
207351,"."
207352,"JJ"
207353,"NN"
207354,"NN"
207355,"NNP"
207356,"NNP"
207357,"VBZ"
207358,"VBN"
207359,"CD"
207360,"NN"
207361,"NNS"
207362,"IN"
207363,"CD"
207364,"JJ"
207365,"CC"
207366,"JJ"
207367,"NN"
207368,"NNS"
207369,","
207370,"IN"
207371,"NNP"
207372,"POS"
207373,"NNP"
207374,"NNP"
207375,"VBZ"
207376,"VBN"
207377,"PRP"
207378,"VB"
207379,"VBN"
207380,"RB"
207381,"IN"
207382,"PRP"
207383,"VBZ"
207384,"VBG"
207385,"IN"
207386,"JJ"
207387,"NNS"
207388,"."
207389,"CC"
207390,"NNP"
207391,"NNP"
207392,"NNP"
207393,"VBZ"
207394,"RB"
207395,"VB"
207396,"TO"
207397,"VB"
207398,"RB"
207399,"."
207400,"IN"
207401,"PRP$"
207402,"NN"
207403,"IN"
207404,"JJ"
207405,"NN"
207406,"CC"
207407,"DT"
207408,"JJ"
207409,"NN"
207410,","
207411,"DT"
207412,"NN"
207413,"POS"
207414,"NN"
207415,"VBZ"
207416,"PRP"
207417,"RB"
207418,"VBZ"
207419,"RB"
207420,"TO"
207421,"VB"
207422,":"
207423,"IN"
207424,"NNP"
207425,"CC"
207426,"IN"
207427,"DT"
207428,"``"
207429,"NNP"
207430,"NNP"
207431,"NNP"
207432,"."
207433,"''"
207434,"NNP"
207435,"NNP"
207436,"NNP"
207437,"CC"
207438,"PRP$"
207439,"JJ"
207440,"NN"
207441,"IN"
207442,"DT"
207443,"NNP"
207444,"NNP"
207445,","
207446,"NNP"
207447,"NNP"
207448,","
207449,"VBP"
207450,"PRP"
207451,"MD"
207452,"RB"
207453,"VB"
207454,"RP"
207455,"PRP$"
207456,"JJR"
207457,"IN"
207458,"CD"
207459,"NNS"
207460,"IN"
207461,"JJ"
207462,"NNS"
207463,"."
207464,"PRP"
207465,"VBP"
207466,"RB"
207467,"DT"
207468,"JJ"
207469,"NN"
207470,"IN"
207471,"NN"
207472,"IN"
207473,"CD"
207474,"CD"
207475,"NNS"
207476,"IN"
207477,"CD"
207478,"JJ"
207479,"NNS"
207480,":"
207481,"IN"
207482,"JJ"
207483,"CC"
207484,"JJ"
207485,"TO"
207486,"FW"
207487,"CC"
207488,"FW"
207489,"."
207490,"DT"
207491,"NN"
207492,"IN"
207493,"PRP$"
207494,"JJ"
207495,"NN"
207496,"IN"
207497,"NNP"
207498,"NNP"
207499,"NN"
207500,"VBZ"
207501,"DT"
207502,"NN"
207503,"IN"
207504,"DT"
207505,"IN"
207506,"DT"
207507,"NNS"
207508,"IN"
207509,"NNP"
207510,"NNP"
207511,"."
207512,"NNS"
207513,"IN"
207514,"DT"
207515,"NN"
207516,"IN"
207517,"DT"
207518,"NNP"
207519,"NNP"
207520,"NNP"
207521,"TO"
207522,"VB"
207523,"PRP"
207524,"JJ"
207525,"CC"
207526,"VB"
207527,"TO"
207528,"VB"
207529,"JJR"
207530,"VBG"
207531,"TO"
207532,"NNS"
207533,","
207534,"DT"
207535,"NN"
207536,"POS"
207537,"NNS"
207538,"VBD"
207539,"VBG"
207540,"TO"
207541,"VB"
207542,"JJR"
207543,"JJ"
207544,"."
207545,"PRP"
207546,"VBD"
207547,"DT"
207548,"JJ"
207549,"NN"
207550,"IN"
207551,"NNP"
207552,"NNP"
207553,"NNP"
207554,"TO"
207555,"VB"
207556,"IN"
207557,"NN"
207558,"TO"
207559,"VB"
207560,"IN"
207561,"NN"
207562,"."
207563,"RB"
207564,"RB"
207565,"VBD"
207566,"DT"
207567,"NNP"
207568,"NNP"
207569,"IN"
207570,"NNP"
207571,"NNP"
207572,"VBP"
207573,"NNP"
207574,"NNP"
207575,"NNP"
207576,"POS"
207577,"JJ"
207578,"NN"
207579,","
207580,"CC"
207581,"DT"
207582,"NNP"
207583,"IN"
207584,"NNP"
207585,"VBD"
207586,"NN"
207587,"RB"
207588,"RBR"
207589,"JJ"
207590,":"
207591,"``"
207592,"PRP"
207593,"VBD"
207594,"PRP"
207595,"CD"
207596,"NN"
207597,"NNS"
207598,"IN"
207599,"JJ"
207600,"NN"
207601,","
207602,"''"
207603,"VBZ"
207604,"NNP"
207605,"NNP"
207606,","
207607,"DT"
207608,"NNP"
207609,"NNP"
207610,"NNP"
207611,"NN"
207612,"WP"
207613,"VBD"
207614,"VB"
207615,"DT"
207616,"JJ"
207617,"NN"
207618,"."
207619,"``"
207620,"DT"
207621,"VBZ"
207622,"DT"
207623,"NN"
207624,"."
207625,"''"
207626,"PRP"
207627,"VBZ"
207628,"DT"
207629,"JJ"
207630,"NN"
207631,"IN"
207632,"DT"
207633,"JJ"
207634,"NN"
207635,"IN"
207636,"DT"
207637,"NN"
207638,","
207639,"WDT"
207640,"VBD"
207641,"TO"
207642,"VB"
207643,"NN"
207644,"IN"
207645,"PRP$"
207646,"NNS"
207647,"CC"
207648,"NN"
207649,"IN"
207650,"JJ"
207651,"NNS"
207652,"("
207653,"WP"
207654,"VBN"
207655,"NNS"
207656,"TO"
207657,"DT"
207658,"NN"
207659,"IN"
207660,"NN"
207661,","
207662,"JJ"
207663,"NNS"
207664,"CC"
207665,"NNS"
207666,")"
207667,"."
207668,"IN"
207669,"NN"
207670,","
207671,"RB"
207672,"IN"
207673,"DT"
207674,"NN"
207675,"POS"
207676,"JJ"
207677,"NNS"
207678,"VBP"
207679,"PRP"
207680,"VBP"
207681,"NNP"
207682,"NNP"
207683,"NNP"
207684,"NN"
207685,"IN"
207686,"PRP"
207687,"VBD"
207688,"JJ"
207689,"IN"
207690,"JJ"
207691,"NNS"
207692,"IN"
207693,"VBG"
207694,"NN"
207695,"JJ"
207696,"IN"
207697,"WP"
207698,"CD"
207699,"NN"
207700,"RB"
207701,"VBZ"
207702,"DT"
207703,"``"
207704,"JJ"
207705,"NNS"
207706,"IN"
207707,"DT"
207708,"JJ"
207709,"NN"
207710,"."
207711,"''"
207712,"``"
207713,"IN"
207714,"DT"
207715,"JJ"
207716,"CD"
207717,"NNS"
207718,","
207719,"JJ"
207720,"IN"
207721,"PRP"
207722,"VBP"
207723,"VBN"
207724,"RB"
207725,"IN"
207726,"JJ"
207727,"IN"
207728,"NN"
207729,"NN"
207730,"TO"
207731,"PRP$"
207732,"NNS"
207733,","
207734,"''"
207735,"VBZ"
207736,"DT"
207737,"NN"
207738,"."
207739,"``"
207740,"EX"
207741,"VBD"
207742,"DT"
207743,"JJ"
207744,"NN"
207745,"NNS"
207746,"."
207747,"''"
207748,"DT"
207749,"NNS"
207750,","
207751,"RB"
207752,","
207753,"VBD"
207754,"TO"
207755,"VB"
207756,"JJ"
207757,"."
207758,"IN"
207759,"JJ"
207760,"IN"
207761,"DT"
207762,"NNP"
207763,"NNP"
207764,"NNP"
207765,"NN"
207766,","
207767,"VBG"
207768,"TO"
207769,"JJ"
207770,"NNS"
207771,"VBD"
207772,"DT"
207773,"NN"
207774,"IN"
207775,"NNP"
207776,"."
207777,"``"
207778,"WRB"
207779,"PRP"
207780,"VBP"
207781,"TO"
207782,"DT"
207783,"NNP"
207784,"NN"
207785,","
207786,"PRP$"
207787,"NN"
207788,"RB"
207789,"VBZ"
207790,"JJ"
207791,","
207792,"''"
207793,"VBZ"
207794,"DT"
207795,"JJ"
207796,"NN"
207797,"."
207798,"``"
207799,"PRP"
207800,"VBZ"
207801,"TO"
207802,"VB"
207803,"IN"
207804,"DT"
207805,"NN"
207806,"CC"
207807,"VB"
207808,"DT"
207809,"NNS"
207810,"."
207811,"''"
207812,"RB"
207813,","
207814,"DT"
207815,"JJ"
207816,"NN"
207817,"IN"
207818,"NNP"
207819,"NNP"
207820,"NNP"
207821,"VBZ"
207822,"IN"
207823,"DT"
207824,"JJ"
207825,"NN"
207826,"."
207827,"JJ"
207828,"NN"
207829,"RB"
207830,"VBZ"
207831,"PRP$"
207832,"RBS"
207833,"RB"
207834,"JJ"
207835,"NNS"
207836,"IN"
207837,"IN"
207838,"NN"
207839,"."
207840,"NNP"
207841,","
207842,"WDT"
207843,"JJS"
207844,"IN"
207845,"DT"
207846,"NN"
207847,"VBZ"
207848,"VBN"
207849,"RB"
207850,"JJ"
207851,","
207852,"VBZ"
207853,"VBN"
207854,"DT"
207855,"JJ"
207856,"IN"
207857,"DT"
207858,"JJ"
207859,"NN"
207860,","
207861,"``"
207862,"DT"
207863,"NN"
207864,"IN"
207865,"DT"
207866,"NNP"
207867,","
207868,"''"
207869,"WDT"
207870,"VBZ"
207871,"IN"
207872,"IN"
207873,"CD"
207874,"NN"
207875,"."
207876,"PRP"
207877,"VBZ"
207878,"DT"
207879,"NN"
207880,"NN"
207881,"IN"
207882,"NN"
207883,"NNS"
207884,"CC"
207885,"JJ"
207886,"NNS"
207887,"WP"
207888,"VB"
207889,"NNP"
207890,"POS"
207891,"JJ"
207892,"NNS"
207893,"RB"
207894,"RB"
207895,"IN"
207896,"JJ"
207897,"NNS"
207898,"."
207899,"DT"
207900,"WP"
207901,"VBP"
207902,"TO"
207903,"VB"
207904,"RB"
207905,"RBR"
207906,"JJ"
207907,"NNS"
207908,"VBP"
207909,"TO"
207910,"VB"
207911,"RB"
207912,"IN"
207913,"CD"
207914,"IN"
207915,"NNP"
207916,"NN"
207917,"IN"
207918,"``"
207919,"NNP"
207920,"NNP"
207921,","
207922,"''"
207923,"IN"
207924,"NNP"
207925,"NNP"
207926,"."
207927,"DT"
207928,"JJ"
207929,"NN"
207930,"VBZ"
207931,"RB"
207932,"JJ"
207933,"NNP"
207934,"NNP"
207935,"NNP"
207936,","
207937,"WDT"
207938,"VBZ"
207939,"VBG"
207940,"TO"
207941,"VB"
207942,"RP"
207943,"NNS"
207944,"."
207945,"DT"
207946,"JJ"
207947,"NN"
207948,"VBZ"
207949,"TO"
207950,"VB"
207951,"JJ"
207952,"NNS"
207953,"TO"
207954,"VB"
207955,"DT"
207956,"JJS"
207957,"NNS"
207958,"IN"
207959,"JJ"
207960,"NN"
207961,"NNS"
207962,"IN"
207963,"CD"
207964,"IN"
207965,"DT"
207966,"JJS"
207967,"TO"
207968,"FW"
207969,"IN"
207970,"DT"
207971,"JJ"
207972,"."
207973,"DT"
207974,"JJ"
207975,"NN"
207976,"VBZ"
207977,"DT"
207978,"JJ"
207979,"JJ"
207980,"NN"
207981,"NN"
207982,"VBD"
207983,"NN"
207984,","
207985,"IN"
207986,"JJ"
207987,"CC"
207988,"JJ"
207989,"NN"
207990,","
207991,"CC"
207992,"DT"
207993,"JJ"
207994,"NN"
207995,"NN"
207996,"IN"
207997,"NNS"
207998,"IN"
207999,"IN"
208000,"DT"
208001,"NN"
208002,"."
208003,"EX"
208004,"VBZ"
208005,"RB"
208006,"DT"
208007,"NN"
208008,"IN"
208009,"JJ"
208010,"NNS"
208011,","
208012,"VBG"
208013,"TO"
208014,"VB"
208015,"RP"
208016,"IN"
208017,"DT"
208018,"JJ"
208019,"NN"
208020,"IN"
208021,"NNS"
208022,"."
208023,"DT"
208024,"JJ"
208025,"NN"
208026,"NN"
208027,"VBN"
208028,"``"
208029,"DT"
208030,"NNP"
208031,"IN"
208032,"NNP"
208033,"''"
208034,"VBZ"
208035,"TO"
208036,"VB"
208037,"JJ"
208038,"PRP$"
208039,"IN"
208040,"VBN"
208041,"NN"
208042,"CC"
208043,"NN"
208044,"IN"
208045,"RP"
208046,"DT"
208047,"NN"
208048,"."
208049,"EX"
208050,"VBZ"
208051,"DT"
208052,"NN"
208053,"IN"
208054,"NNS"
208055,"CC"
208056,"DT"
208057,"NN"
208058,"NN"
208059,"."
208060,"CC"
208061,"TO"
208062,"VB"
208063,"JJR"
208064,"NNS"
208065,","
208066,"NNP"
208067,"NNP"
208068,"NNP"
208069,"VBZ"
208070,"DT"
208071,"JJS"
208072,"IN"
208073,"JJ"
208074,"NN"
208075,"NNS"
208076,"."
208077,"DT"
208078,"NNP"
208079,"NNP"
208080,"NNS"
208081,"VBP"
208082,"JJ"
208083,"DT"
208084,"NN"
208085,"IN"
208086,"NNP"
208087,"."
208088,"``"
208089,"PRP"
208090,"VBP"
208091,"VBG"
208092,"IN"
208093,"DT"
208094,"JJ"
208095,"NN"
208096,","
208097,"''"
208098,"VBZ"
208099,"NNP"
208100,"NNP"
208101,","
208102,"DT"
208103,"NN"
208104,"."
208105,"``"
208106,"DT"
208107,"NN"
208108,"PRP"
208109,"VBP"
208110,"TO"
208111,"VB"
208112,"NN"
208113,"IN"
208114,"DT"
208115,"NN"
208116,"."
208117,"O"
208118,"NNS"
208119,"IN"
208120,"JJ"
208121,"``"
208122,"JJ"
208123,"NN"
208124,","
208125,"''"
208126,"IN"
208127,"NN"
208128,","
208129,"VBP"
208130,"RB"
208131,"IN"
208132,"NN"
208133,"TO"
208134,"NN"
208135,","
208136,"VB"
208137,"DT"
208138,"NN"
208139,"IN"
208140,"DT"
208141,"NN"
208142,"NN"
208143,","
208144,"VB"
208145,"PRP$"
208146,"NN"
208147,","
208148,"CC"
208149,"VBP"
208150,"TO"
208151,"VB"
208152,","
208153,"RB"
208154,"TO"
208155,"VB"
208156,"CC"
208157,"VB"
208158,"JJ"
208159,"NN"
208160,"NNS"
208161,"."
208162,"DT"
208163,"NN"
208164,"NN"
208165,"VBZ"
208166,"TO"
208167,"VB"
208168,","
208169,"IN"
208170,"NN"
208171,","
208172,"RB"
208173,"IN"
208174,"DT"
208175,"NN"
208176,"IN"
208177,"DT"
208178,"NNS"
208179,"IN"
208180,"JJ"
208181,"NN"
208182,"."
208183,"RB"
208184,","
208185,"PRP"
208186,"VBZ"
208187,"VBN"
208188,"IN"
208189,"NN"
208190,"IN"
208191,"VBG"
208192,"TO"
208193,"VB"
208194,"RB"
208195,"VBG"
208196,"NNS"
208197,"IN"
208198,"DT"
208199,"JJ"
208200,"NN"
208201,"IN"
208202,"CD"
208203,"NN"
208204,"VBD"
208205,"VBN"
208206,"VBN"
208207,"IN"
208208,"DT"
208209,"JJ"
208210,"NNS"
208211,","
208212,"RB"
208213,"IN"
208214,"NNP"
208215,"."
208216,"PRP"
208217,"VBZ"
208218,"RB"
208219,"IN"
208220,"PRP"
208221,"RB"
208222,","
208223,"IN"
208224,"DT"
208225,"NN"
208226,"IN"
208227,"NN"
208228,"TO"
208229,"VB"
208230,"NNS"
208231,"IN"
208232,"DT"
208233,"``"
208234,"NNP"
208235,"CC"
208236,"NNP"
208237,"NNP"
208238,"NNP"
208239,","
208240,"''"
208241,"DT"
208242,"NN"
208243,"IN"
208244,"DT"
208245,"JJ"
208246,"NN"
208247,"IN"
208248,"JJ"
208249,"NN"
208250,"DT"
208251,"NN"
208252,"."
208253,"WRB"
208254,"VBZ"
208255,"DT"
208256,"JJ"
208257,"NN"
208258,"VBP"
208259,"VBG"
208260,"RB"
208261,"."
208262,"RB"
208263,"PRP"
208264,"VBZ"
208265,"IN"
208266,"NNP"
208267,"NNP"
208268,"VBZ"
208269,"DT"
208270,"JJ"
208271,"NN"
208272,"CC"
208273,"DT"
208274,"JJ"
208275,"NN"
208276,"."
208277,"IN"
208278,"RB"
208279,"PRP"
208280,"MD"
208281,"VB"
208282,"NNP"
208283,"POS"
208284,"NN"
208285,"NN"
208286,"IN"
208287,"IN"
208288,"JJS"
208289,"DT"
208290,"JJ"
208291,"NN"
208292,"PRP"
208293,"MD"
208294,"VB"
208295,"JJ"
208296,"TO"
208297,"VB"
208298,"NN"
208299,"RB"
208300,"CC"
208301,"VB"
208302,"DT"
208303,"NN"
208304,"IN"
208305,"VBG"
208306,"."
208307,"DT"
208308,"NN"
208309,"IN"
208310,"DT"
208311,"NN"
208312,"IN"
208313,"JJ"
208314,"NN"
208315,"VBD"
208316,"VBN"
208317,"IN"
208318,"DT"
208319,"NN"
208320,"IN"
208321,"VBG"
208322,"DT"
208323,"JJ"
208324,"NN"
208325,"IN"
208326,"DT"
208327,"NN"
208328,":"
208329,"IN"
208330,","
208331,"IN"
208332,"DT"
208333,"NNS"
208334,","
208335,"VBG"
208336,"DT"
208337,"NN"
208338,"."
208339,"DT"
208340,"IN"
208341,"PRP"
208342,"WP"
208343,"VBD"
208344,"DT"
208345,"NN"
208346,"IN"
208347,"JJ"
208348,"NN"
208349,"IN"
208350,"DT"
208351,"NN"
208352,"IN"
208353,"NN"
208354,"NN"
208355,"IN"
208356,"DT"
208357,"JJ"
208358,"NNS"
208359,"VBZ"
208360,"RB"
208361,"DT"
208362,"JJ"
208363,"JJ"
208364,"NN"
208365,"IN"
208366,"JJ"
208367,"NN"
208368,"NNS"
208369,","
208370,"IN"
208371,"PRP$"
208372,"NNS"
208373,"IN"
208374,"JJ"
208375,"NNS"
208376,"VBP"
208377,"DT"
208378,"NN"
208379,"."
208380,"NN"
208381,"IN"
208382,"DT"
208383,"NN"
208384,"NN"
208385,"IN"
208386,"DT"
208387,"NNS"
208388,"VBD"
208389,"TO"
208390,"VB"
208391,"JJ"
208392,"NN"
208393,"IN"
208394,"JJ"
208395,"IN"
208396,"DT"
208397,"NN"
208398,"."
208399,"CC"
208400,"DT"
208401,"NN"
208402,"VBD"
208403,"VBN"
208404,"RB"
208405,"IN"
208406,"NN"
208407,"NNS"
208408,"IN"
208409,"DT"
208410,"NN"
208411,"IN"
208412,"NNS"
208413,"RB"
208414,","
208415,"WRB"
208416,"PRP"
208417,"RB"
208418,"VBD"
208419,"VBN"
208420,"RB"
208421,"."
208422,"DT"
208423,"NN"
208424,"PRP"
208425,"VBD"
208426,"TO"
208427,"VB"
208428,"CD"
208429,"JJ"
208430,"NNS"
208431,","
208432,"DT"
208433,"JJ"
208434,"NN"
208435,"IN"
208436,"JJR"
208437,"NN"
208438,"CC"
208439,"DT"
208440,"JJ"
208441,"NN"
208442,"TO"
208443,"DT"
208444,"JJ"
208445,"NN"
208446,"IN"
208447,"JJ"
208448,"NNS"
208449,"CC"
208450,"NNS"
208451,"."
208452,"WRB"
208453,"RB"
208454,"VB"
208455,"CC"
208456,"RB"
208457,"VB"
208458,"DT"
208459,"NNS"
208460,"CC"
208461,"NNS"
208462,","
208463,"DT"
208464,"NNS"
208465,"VBD"
208466,","
208467,"CC"
208468,"VB"
208469,"DT"
208470,"NN"
208471,"IN"
208472,"NN"
208473,"IN"
208474,"DT"
208475,"NN"
208476,"."
208477,"JJ"
208478,"NN"
208479,","
208480,"RB"
208481,","
208482,"MD"
208483,"VB"
208484,"DT"
208485,"JJ"
208486,"NN"
208487,"."
208488,"RB"
208489,","
208490,"RB"
208491,"PRP"
208492,"VBD"
208493,"VBN"
208494,"IN"
208495,"DT"
208496,"JJ"
208497,"NN"
208498,"IN"
208499,"JJ"
208500,"NN"
208501,"MD"
208502,"VB"
208503,"JJ"
208504,","
208505,"JJ"
208506,"JJ"
208507,"NNS"
208508,","
208509,"NNP"
208510,"NNP"
208511,","
208512,"CC"
208513,"JJ"
208514,"NNS"
208515,"."
208516,"DT"
208517,"JJ"
208518,"NN"
208519,"NN"
208520,","
208521,"DT"
208522,"JJ"
208523,"NN"
208524,"VBG"
208525,"DT"
208526,"NN"
208527,","
208528,"RB"
208529,"VBD"
208530,"PRP"
208531,"MD"
208532,"VB"
208533,"DT"
208534,"NN"
208535,"TO"
208536,"VB"
208537,"NN"
208538,","
208539,"RB"
208540,"IN"
208541,"NN"
208542,"NNS"
208543,"CC"
208544,"PRP$"
208545,"NNS"
208546,"."
208547,"DT"
208548,"NN"
208549,"VBG"
208550,"NNS"
208551,"TO"
208552,"VB"
208553,"VBN"
208554,"TO"
208555,"JJ"
208556,"NNS"
208557,"VBD"
208558,"VBN"
208559,"TO"
208560,"VB"
208561,"TO"
208562,"DT"
208563,"WP"
208564,"VBD"
208565,"VBD"
208566,"JJ"
208567,"IN"
208568,"VBG"
208569,"."
208570,"DT"
208571,"JJ"
208572,"NN"
208573,"VBN"
208574,"``"
208575,"NNS"
208576,"''"
208577,"NN"
208578,"NNS"
208579,","
208580,"JJ"
208581,"NNS"
208582,","
208583,"JJ"
208584,"NNS"
208585,","
208586,"CC"
208587,"JJ"
208588,"NNS"
208589,"IN"
208590,"$"
208591,"CD"
208592,"DT"
208593,"NN"
208594,","
208595,"NN"
208596,"JJ"
208597,","
208598,"CC"
208599,"JJ"
208600,"NN"
208601,"."
208602,"IN"
208603,"DT"
208604,"JJ"
208605,"$"
208606,"CD"
208607,"PRP$"
208608,"NN"
208609,"IN"
208610,"DT"
208611,"NN"
208612,"IN"
208613,"DT"
208614,"NN"
208615,","
208616,"DT"
208617,"NNS"
208618,"MD"
208619,"VB"
208620,"VBG"
208621,"DT"
208622,"NN"
208623,"JJ"
208624,"TO"
208625,"$"
208626,"CD"
208627,"DT"
208628,"NN"
208629,"."
208630,"NNP"
208631,"PRP"
208632,","
208633,"RBS"
208634,"IN"
208635,"``"
208636,"DT"
208637,"NNS"
208638,"''"
208639,"MD"
208640,"VB"
208641,"VBN"
208642,"CD"
208643,":"
208644,"TO"
208645,"NNS"
208646,","
208647,"DT"
208648,"RB"
208649,"JJ"
208650,"JJ"
208651,"NN"
208652,"NNS"
208653,","
208654,"CC"
208655,"JJ"
208656,"NN"
208657,"NN"
208658,"IN"
208659,"NN"
208660,"IN"
208661,"NN"
208662,"."
208663,"PRP"
208664,"MD"
208665,"VB"
208666,"VBG"
208667,"RB"
208668,"RB"
208669,"IN"
208670,"JJ"
208671,"NN"
208672,"IN"
208673,"JJ"
208674,"NNS"
208675,"VBG"
208676,"IN"
208677,"DT"
208678,"JJ"
208679,"NNS"
208680,"IN"
208681,"NNS"
208682,"CC"
208683,"RB"
208684,"VBG"
208685,"NNS"
208686,"."
208687,"IN"
208688,"PRP"
208689,"VBD"
208690,","
208691,"JJ"
208692,"NN"
208693,"VBN"
208694,"IN"
208695,"JJ"
208696,"CC"
208697,"NN"
208698,"NNS"
208699,"IN"
208700,"NN"
208701,"IN"
208702,"DT"
208703,"JJ"
208704,"NN"
208705,"NN"
208706,"NN"
208707,","
208708,"IN"
208709,"DT"
208710,"NN"
208711,"VBZ"
208712,"VBN"
208713,"TO"
208714,"VB"
208715,"DT"
208716,"RB"
208717,"JJ"
208718,"NN"
208719,"IN"
208720,"``"
208721,"VB"
208722,"IN"
208723,"NN"
208724,"TO"
208725,"VB"
208726,"."
208727,"''"
208728,"NN"
208729,"TO"
208730,"JJ"
208731,"NN"
208732,"IN"
208733,"DT"
208734,"NNP"
208735,","
208736,"WDT"
208737,"VBZ"
208738,"TO"
208739,"VB"
208740,"PRP$"
208741,"JJ"
208742,"NN"
208743,"NN"
208744,","
208745,"RB"
208746,"VBN"
208747,"TO"
208748,"DT"
208749,"JJ"
208750,"NN"
208751,"VBG"
208752,"VBN"
208753,"."
208754,"RB"
208755,","
208756,"DT"
208757,"JJ"
208758,"NN"
208759,"IN"
208760,"JJ"
208761,"NN"
208762,"VBD"
208763,"TO"
208764,"VB"
208765,"VBN"
208766,"RP"
208767,"."
208768,"WP"
208769,"JJR"
208770,"NN"
208771,"TO"
208772,"VB"
208773,"IN"
208774,"NNP"
208775,"NNP"
208776,"NNP"
208777,"POS"
208778,"NNP"
208779,"NNP"
208780,","
208781,"DT"
208782,"JJ"
208783,"NN"
208784,"IN"
208785,"NN"
208786,"NN"
208787,","
208788,"WRB"
208789,"JJ"
208790,"DT"
208791,"JJ"
208792,"NN"
208793,"IN"
208794,"NNP"
208795,"VBZ"
208796,"VBN"
208797,"IN"
208798,"DT"
208799,"JJ"
208800,"NN"
208801,"IN"
208802,"PRP"
208803,"MD"
208804,"VB"
208805,"VBN"
208806,"RB"
208807,"CC"
208808,"VBN"
208809,"IN"
208810,"NNP"
208811,"NNP"
208812,"."
208813,"IN"
208814,"DT"
208815,"NN"
208816,","
208817,"DT"
208818,"JJ"
208819,"NN"
208820,"IN"
208821,"JJ"
208822,"NN"
208823,"VBN"
208824,"IN"
208825,"VBG"
208826,"DT"
208827,"JJ"
208828,"JJ"
208829,"NNS"
208830,"IN"
208831,"CD"
208832,"NN"
208833,":"
208834,"DT"
208835,"NN"
208836,"NN"
208837,"IN"
208838,"JJ"
208839,"NN"
208840,"("
208841,"RB"
208842,"VBG"
208843,"TO"
208844,"DT"
208845,"NNP"
208846,"CC"
208847,"NNP"
208848,"NNP"
208849,"NNP"
208850,")"
208851,","
208852,"DT"
208853,"JJ"
208854,"NN"
208855,"NN"
208856,"IN"
208857,"NN"
208858,"NN"
208859,"("
208860,"FW"
208861,"FW"
208862,"NNP"
208863,"NNP"
208864,"FW"
208865,")"
208866,","
208867,"DT"
208868,"JJ"
208869,"NNS"
208870,"NN"
208871,"TO"
208872,"NNS"
208873,"TO"
208874,"VB"
208875,"NN"
208876,"CC"
208877,"JJ"
208878,"NN"
208879,"NN"
208880,"NNS"
208881,"("
208882,"DT"
208883,"NNP"
208884,"NN"
208885,")"
208886,","
208887,"DT"
208888,"NN"
208889,"NN"
208890,"NNP"
208891,"NN"
208892,"IN"
208893,"NNS"
208894,"("
208895,"VBG"
208896,"TO"
208897,"DT"
208898,"NN"
208899,"IN"
208900,"NNP"
208901,"NNP"
208902,"NNP"
208903,","
208904,"IN"
208905,"NNS"
208906,")"
208907,","
208908,"CC"
208909,"NN"
208910,"IN"
208911,"DT"
208912,"JJ"
208913,"NN"
208914,"NN"
208915,"CC"
208916,"DT"
208917,"JJ"
208918,"JJ"
208919,"NN"
208920,","
208921,"NNP"
208922,"NNP"
208923,","
208924,"CC"
208925,"JJ"
208926,"NN"
208927,"NNS"
208928,"."
208929,"IN"
208930,"DT"
208931,"NN"
208932,"VBZ"
208933,"VBN"
208934,","
208935,"DT"
208936,"NN"
208937,"MD"
208938,"VB"
208939,"JJR"
208940,"NNS"
208941,","
208942,"RB"
208943,"VBG"
208944,"DT"
208945,"JJ"
208946,"NN"
208947,","
208948,"RB"
208949,"VBN"
208950,"IN"
208951,"DT"
208952,"$"
208953,"CD"
208954,"CD"
208955,"."
208956,"PRP"
208957,"VBZ"
208958,"RB"
208959,"VBN"
208960,"IN"
208961,"``"
208962,"RB"
208963,"JJ"
208964,"NNS"
208965,"VBP"
208966,"DT"
208967,"NN"
208968,","
208969,"''"
208970,"CC"
208971,"DT"
208972,"NN"
208973,"VBZ"
208974,"RB"
208975,"RB"
208976,"VB"
208977,"DT"
208978,"NN"
208979,"IN"
208980,"DT"
208981,"NNS"
208982,","
208983,"RB"
208984,"IN"
208985,"PRP"
208986,"VBP"
208987,"NNS"
208988,"."
208989,"DT"
208990,"``"
208991,"JJ"
208992,"''"
208993,"NN"
208994,"VBG"
208995,"RP"
208996,"IN"
208997,"NNP"
208998,"MD"
208999,"VB"
209000,"JJ"
209001,"NN"
209002,","
209003,"CC"
209004,"DT"
209005,"JJ"
209006,"NNS"
209007,"VBP"
209008,"JJ"
209009,"CC"
209010,"DT"
209011,"NN"
209012,"VBZ"
209013,"VBG"
209014,"DT"
209015,"NN"
209016,"RB"
209017,"RB"
209018,"."
209019,"DT"
209020,"NN"
209021,"IN"
209022,"NN"
209023,"VBZ"
209024,"IN"
209025,"DT"
209026,"NN"
209027,"."
209028,"VBZ"
209029,"DT"
209030,"JJ"
209031,"NN"
209032,"IN"
209033,"JJ"
209034,"IN"
209035,"PRP"
209036,"VBZ"
209037,"JJ"
209038,"JJ"
209039,"NN"
209040,"."
209041,"IN"
209042,"DT"
209043,"NN"
209044,","
209045,"PRP"
209046,"VBZ"
209047,"RB"
209048,"JJ"
209049,"IN"
209050,"RB"
209051,"."
209052,"VBG"
209053,"TO"
209054,"DT"
209055,"NNP"
209056,"NNP"
209057,","
209058,"JJ"
209059,"NNS"
209060,"VBP"
209061,"DT"
209062,"NN"
209063,"IN"
209064,"CD"
209065,"NNS"
209066,"DT"
209067,"NN"
209068,"IN"
209069,"NN"
209070,","
209071,"IN"
209072,"JJ"
209073,"NNS"
209074,"IN"
209075,"NN"
209076,"IN"
209077,"DT"
209078,"NNS"
209079,"VBP"
209080,"VBN"
209081,"CD"
209082,"NN"
209083,"("
209084,"VBN"
209085,"IN"
209086,"NN"
209087,")"
209088,"."
209089,"RB"
209090,"IN"
209091,"NN"
209092,"VBZ"
209093,"VB"
209094,"JJ"
209095,"``"
209096,"FW"
209097,"VBZ"
209098,","
209099,"''"
209100,"JJ"
209101,"NN"
209102,"VBZ"
209103,"RB"
209104,"DT"
209105,"NN"
209106,"TO"
209107,"VB"
209108,"PRP"
209109,"."
209110,"IN"
209111,"PRP"
209112,"VBP"
209113,"TO"
209114,"VB"
209115,"NNS"
209116,","
209117,"PRP"
209118,"MD"
209119,"VB"
209120,"DT"
209121,"NN"
209122,"VBN"
209123,"IN"
209124,"JJ"
209125,"NNS"
209126,"IN"
209127,"VBG"
209128,"JJR"
209129,"NNS"
209130,"VBN"
209131,"IN"
209132,"NN"
209133,"VBN"
209134,"``"
209135,"NN"
209136,","
209137,"''"
209138,"RB"
209139,"IN"
209140,"IN"
209141,"DT"
209142,"NN"
209143,"POS"
209144,"NN"
209145,"IN"
209146,"``"
209147,"NN"
209148,"."
209149,"''"
209150,"CC"
209151,"PRP"
209152,"MD"
209153,"VB"
209154,"DT"
209155,"NN"
209156,"NN"
209157,"IN"
209158,"JJ"
209159,"NNS"
209160,"."
209161,"WP"
209162,"PRP"
209163,"VBP"
209164,"RB"
209165,"VB"
209166,"TO"
209167,"VB"
209168,"VBZ"
209169,"VB"
209170,"DT"
209171,"NN"
209172,","
209173,"CC"
209174,"RB"
209175,"VB"
209176,"TO"
209177,"VB"
209178,"PRP"
209179,"IN"
209180,"VBG"
209181,"DT"
209182,"JJ"
209183,"NN"
209184,"."
209185,"TO"
209186,"DT"
209187,"NN"
209188,"PRP"
209189,"VBP"
209190,"JJ"
209191,"TO"
209192,"NN"
209193,"NN"
209194,"NNS"
209195,"IN"
209196,"NNS"
209197,","
209198,"IN"
209199,"NN"
209200,","
209201,"PRP"
209202,"MD"
209203,"VB"
209204,"NN"
209205,","
209206,"VB"
209207,"JJ"
209208,"NN"
209209,","
209210,"CC"
209211,"VB"
209212,"JJR"
209213,"JJ"
209214,"NN"
209215,","
209216,"RB"
209217,"IN"
209218,"CD"
209219,"JJ"
209220,"NN"
209221,"NNS"
209222,"IN"
209223,"JJ"
209224,"NNS"
209225,"CC"
209226,"NN"
209227,"NN"
209228,"IN"
209229,"JJ"
209230,"NNS"
209231,"VBD"
209232,"JJR"
209233,"NNS"
209234,"TO"
209235,"VB"
209236,"DT"
209237,"JJ"
209238,"NNS"
209239,"."
209240,"NNP"
209241,"JJ"
209242,"NN"
209243,","
209244,"IN"
209245,"DT"
209246,"NN"
209247,"RB"
209248,"VBN"
209249,"CC"
209250,"JJ"
209251,"NN"
209252,"NN"
209253,"JJ"
209254,"NN"
209255,"TO"
209256,"VB"
209257,"VBN"
209258,"."
209259,"RB"
209260,"RB"
209261,"."
209262,"NNS"
209263,"VBP"
209264,"JJ"
209265,","
209266,"JJ"
209267,"NN"
209268,"IN"
209269,"DT"
209270,"JJ"
209271,"NN"
209272,"IN"
209273,"NN"
209274,","
209275,"CC"
209276,"DT"
209277,"NN"
209278,"RB"
209279,"IN"
209280,"NN"
209281,"VBZ"
209282,"DT"
209283,"JJ"
209284,"NN"
209285,"NN"
209286,"."
209287,"RB"
209288,","
209289,"NNP"
209290,"NNS"
209291,"VBP"
209292,"VBG"
209293,"DT"
209294,"NN"
209295,"IN"
209296,"VBG"
209297,"``"
209298,"NNS"
209299,","
209300,"''"
209301,"``"
209302,"NNS"
209303,"''"
209304,"CC"
209305,"``"
209306,"NNS"
209307,","
209308,"''"
209309,"DT"
209310,"IN"
209311,"WDT"
209312,"MD"
209313,"VB"
209314,"TO"
209315,"VB"
209316,"DT"
209317,"VBN"
209318,"``"
209319,"NNS"
209320,"."
209321,"''"
209322,"IN"
209323,"RB"
209324,","
209325,"DT"
209326,"NN"
209327,"VBZ"
209328,"VBN"
209329,"TO"
209330,"VB"
209331,"DT"
209332,"IN"
209333,"DT"
209334,"NN"
209335,"IN"
209336,"PRP$"
209337,"JJ"
209338,"JJ"
209339,"NN"
209340,"TO"
209341,"VB"
209342,"DT"
209343,"``"
209344,"NNS"
209345,"IN"
209346,"NN"
209347,"''"
209348,"NN"
209349,"IN"
209350,"$"
209351,"CD"
209352,"CD"
209353,"TO"
209354,"VB"
209355,"NNS"
209356,"IN"
209357,"DT"
209358,"NNS"
209359,"CC"
209360,"VB"
209361,"PRP"
209362,"TO"
209363,"JJ"
209364,"NN"
209365,"."
209366,"RB"
209367,","
209368,"RB"
209369,"DT"
209370,"JJ"
209371,"NN"
209372,"MD"
209373,"VB"
209374,"JJ"
209375,"IN"
209376,"DT"
209377,"NNP"
209378,"NNP"
209379,"VBZ"
209380,"IN"
209381,"TO"
209382,"JJ"
209383,"JJ"
209384,"NN"
209385,"TO"
209386,"VB"
209387,"TO"
209388,"DT"
209389,"NN"
209390,"IN"
209391,"DT"
209392,"NN"
209393,"POS"
209394,"NN"
209395,"CC"
209396,"TO"
209397,"VB"
209398,"DT"
209399,"JJ"
209400,"NN"
209401,"IN"
209402,"``"
209403,"JJ"
209404,"''"
209405,"JJ"
209406,"NNS"
209407,"IN"
209408,"NN"
209409,"NNS"
209410,"."
209411,"EX"
209412,"VBZ"
209413,"DT"
209414,"NN"
209415,"IN"
209416,"JJ"
209417,"NNS"
209418,"."
209419,"DT"
209420,"NN"
209421,"MD"
209422,"VB"
209423,"VBN"
209424,","
209425,"DT"
209426,"NN"
209427,"VBD"
209428,","
209429,"CC"
209430,"JJ"
209431,"NN"
209432,"VBD"
209433,"."
209434,"JJ"
209435,"NN"
209436,","
209437,"DT"
209438,"JJ"
209439,"NN"
209440,","
209441,"RB"
209442,"MD"
209443,"RB"
209444,"VB"
209445,"RB"
209446,"RB"
209447,","
209448,"IN"
209449,"NN"
209450,","
209451,"CC"
209452,"DT"
209453,"NNS"
209454,"IN"
209455,"JJ"
209456,"NN"
209457,"VBG"
209458,"NNS"
209459,"IN"
209460,"``"
209461,"JJ"
209462,"NN"
209463,"''"
209464,"MD"
209465,"VB"
209466,"VBN"
209467,"RB"
209468,"IN"
209469,"DT"
209470,"NN"
209471,"IN"
209472,"PRP$"
209473,"NNS"
209474,"."
209475,"NNP"
209476,"NNP"
209477,"VBZ"
209478,"DT"
209479,"NN"
209480,"IN"
209481,"DT"
209482,"NNP"
209483,"NNP"
209484,"NNP"
209485,"."
209486,"DT"
209487,"NN"
209488,"VBZ"
209489,"VBN"
209490,"IN"
209491,"NNS"
209492,"IN"
209493,"DT"
209494,"NNP"
209495,"NNP"
209496,"NN"
209497,"IN"
209498,"JJ"
209499,"NN"
209500,","
209501,"IN"
209502,"WDT"
209503,"NNP"
209504,"NNP"
209505,"RB"
209506,"VBD"
209507,"."
209508,"O"
209509,"NNP"
209510,"NNP"
209511,"NNP"
209512,"VBD"
209513,"NNP"
209514,"NNP"
209515,","
209516,"CD"
209517,"NNS"
209518,"JJ"
209519,","
209520,"WP"
209521,"VBD"
209522,"VBN"
209523,"NN"
209524,"CC"
209525,"JJ"
209526,"NN"
209527,"NN"
209528,"IN"
209529,"DT"
209530,"JJ"
209531,"NN"
209532,","
209533,"VBD"
209534,"VBN"
209535,"JJ"
209536,"NN"
209537,"NN"
209538,"IN"
209539,"DT"
209540,"NN"
209541,"NN"
209542,"."
209543,"PRP"
209544,"VBZ"
209545,"PRP$"
209546,"NN"
209547,","
209548,"NNP"
209549,"NNP"
209550,"NNP"
209551,","
209552,"WP"
209553,"VBD"
209554,"DT"
209555,"NN"
209556,"CC"
209557,"NNS"
209558,"NN"
209559,"."
209560,"NNP"
209561,"NNP"
209562,"NNPS"
209563,"NNP"
209564,","
209565,"CD"
209566,","
209567,"WP"
209568,"VBD"
209569,"DT"
209570,"NN"
209571,"POS"
209572,"NNP"
209573,"NN"
209574,","
209575,"VBD"
209576,"VBN"
209577,"NN"
209578,"CC"
209579,"JJ"
209580,"NN"
209581,"NN"
209582,","
209583,"VBG"
209584,"NNP"
209585,"NNP"
209586,"."
209587,"O"
209588,"NNP"
209589,"NNP"
209590,"NNP"
209591,"NNP"
209592,"NNP"
209593,"VBD"
209594,"PRP"
209595,"VBD"
209596,"IN"
209597,"CD"
209598,"NN"
209599,"IN"
209600,"NNP"
209601,"NNP"
209602,"NNP"
209603,"NNP"
209604,"IN"
209605,"IN"
209606,"$"
209607,"CD"
209608,"CD"
209609,"IN"
209610,"NNP"
209611,"NNP"
209612,"NNP"
209613,"NNP"
209614,"."
209615,"NNP"
209616,"NNP"
209617,"VBD"
209618,"PRP"
209619,"RB"
209620,"VBD"
209621,"CD"
209622,"NNP"
209623,"NNP"
209624,"NNS"
209625,"IN"
209626,"NNP"
209627,"POS"
209628,"JJ"
209629,"NN"
209630,"."
209631,"NNP"
209632,"VBZ"
209633,"DT"
209634,"NN"
209635,"IN"
209636,"JJ"
209637,"NNS"
209638,"TO"
209639,"NNS"
209640,"CC"
209641,"NNS"
209642,"."
209643,"NNP"
209644,","
209645,"VBN"
209646,"IN"
209647,"NNP"
209648,","
209649,"NNP"
209650,","
209651,"VBZ"
209652,"NN"
209653,"NNS"
209654,"TO"
209655,"JJ"
209656,"NN"
209657,"NNS"
209658,"CC"
209659,"JJ"
209660,"NN"
209661,"NNS"
209662,"."
209663,"IN"
209664,"DT"
209665,"NN"
209666,"VBD"
209667,"NNP"
209668,"CD"
209669,","
209670,"NNP"
209671,"VBD"
209672,"DT"
209673,"JJ"
209674,"NN"
209675,"IN"
209676,"$"
209677,"CD"
209678,"CD"
209679,"IN"
209680,"NNS"
209681,"IN"
209682,"$"
209683,"CD"
209684,"CD"
209685,"."
209686,"O"
209687,"DT"
209688,"JJ"
209689,"NN"
209690,"NN"
209691,"IN"
209692,"NNP"
209693,"POS"
209694,"JJ"
209695,"JJ"
209696,"NN"
209697,"IN"
209698,"DT"
209699,"JJ"
209700,"NN"
209701,"VBD"
209702,"VBN"
209703,"RB"
209704,"TO"
209705,"CD"
209706,"NN"
209707,"IN"
209708,"DT"
209709,"JJ"
209710,"CD"
209711,"NNS"
209712,"IN"
209713,"DT"
209714,"JJ"
209715,"NN"
209716,"IN"
209717,"CD"
209718,"NN"
209719,","
209720,"DT"
209721,"NNP"
209722,"NNP"
209723,"NNP"
209724,"VBD"
209725,"."
209726,"DT"
209727,"NN"
209728,"NN"
209729,"VBD"
209730,"DT"
209731,"JJ"
209732,"NN"
209733,"VBD"
209734,"DT"
209735,"NN"
209736,"NN"
209737,"IN"
209738,"DT"
209739,"JJ"
209740,"VBN"
209741,"IN"
209742,"DT"
209743,"JJ"
209744,"CD"
209745,"NNS"
209746,"JJ"
209747,"IN"
209748,"CD"
209749,"NN"
209750,"."
209751,"IN"
209752,"DT"
209753,"NN"
209754,"VBZ"
209755,"TO"
209756,"VB"
209757,"IN"
209758,"CD"
209759,"NN"
209760,"DT"
209761,"NN"
209762,"IN"
209763,"DT"
209764,"NN"
209765,"IN"
209766,"DT"
209767,"NN"
209768,","
209769,"PRP"
209770,"MD"
209771,"VB"
209772,"NNP"
209773,"NN"
209774,"IN"
209775,"NNP"
209776,"IN"
209777,"CD"
209778,"IN"
209779,"CD"
209780,"NN"
209781,","
209782,"DT"
209783,"NN"
209784,"VBD"
209785,"."
209786,"DT"
209787,"MD"
209788,"VB"
209789,"RB"
209790,"IN"
209791,"DT"
209792,"CD"
209793,"NN"
209794,"NN"
209795,"VBD"
209796,"IN"
209797,"CD"
209798,"."
209799,"O"
209800,"DT"
209801,"JJ"
209802,"NN"
209803,"VBD"
209804,"DT"
209805,"JJ"
209806,","
209807,"JJ"
209808,"NNP"
209809,"NNP"
209810,"NNP"
209811,"NN"
209812,"WDT"
209813,"MD"
209814,"VB"
209815,"NNS"
209816,"CD"
209817,"NN"
209818,"IN"
209819,"DT"
209820,"JJ"
209821,"NN"
209822,"."
209823,"DT"
209824,"JJ"
209825,"NN"
209826,"NN"
209827,"IN"
209828,"DT"
209829,"IN"
209830,"DT"
209831,"JJ"
209832,"CD"
209833,"NNS"
209834,"MD"
209835,"VB"
209836,"VBN"
209837,"DT"
209838,"NN"
209839,","
209840,"WRB"
209841,"NNS"
209842,"IN"
209843,"DT"
209844,"JJ"
209845,"NNS"
209846,"VBP"
209847,"VBN"
209848,"."
209849,"NNP"
209850,"NNP"
209851,"NNS"
209852,"VBP"
209853,"JJ"
209854,"NN"
209855,"NNS"
209856,"IN"
209857,"VBG"
209858,"PRP$"
209859,"JJ"
209860,"NNS"
209861,"."
209862,"DT"
209863,"NN"
209864,"VBZ"
209865,"IN"
209866,"CD"
209867,"CD"
209868,"JJ"
209869,"NNS"
209870,"("
209871,"$"
209872,"CD"
209873,"CD"
209874,")"
209875,"IN"
209876,"JJ"
209877,"NNS"
209878,"RB"
209879,"JJ"
209880,"."
209881,"JJ"
209882,"JJ"
209883,"NNS"
209884,"VBP"
209885,"VBN"
209886,"TO"
209887,"VB"
209888,"NNP"
209889,"NNP"
209890,"NNP"
209891,","
209892,"WDT"
209893,"MD"
209894,"VB"
209895,"VBN"
209896,"DT"
209897,"NN"
209898,"IN"
209899,"NN"
209900,"NN"
209901,"."
209902,"DT"
209903,"NNS"
209904,"VBP"
209905,"IN"
209906,"NN"
209907,"NNP"
209908,"CD"
209909,"."
209910,"O"
209911,"DT"
209912,"NN"
209913,"IN"
209914,"NNP"
209915,"NNP"
209916,"VBZ"
209917,"VBN"
209918,"RB"
209919,"."
209920,"IN"
209921,"DT"
209922,"NN"
209923,"IN"
209924,"WDT"
209925,"JJR"
209926,"IN"
209927,"CD"
209928,"NNS"
209929,"VBD"
209930,"PRP$"
209931,"JJ"
209932,"NN"
209933,"CC"
209934,"NN"
209935,"NN"
209936,"CC"
209937,"NNS"
209938,"IN"
209939,"NN"
209940,"NNS"
209941,"VBD"
209942,"NN"
209943,"NN"
209944,"DT"
209945,"NN"
209946,"TO"
209947,"JJ"
209948,"NN"
209949,","
209950,"DT"
209951,"NN"
209952,"VBZ"
209953,"JJ"
209954,"TO"
209955,"NNP"
209956,"."
209957,"IN"
209958,"JJS"
209959,"CD"
209960,"NNS"
209961,"VBG"
209962,"NN"
209963,"CC"
209964,"DT"
209965,"JJ"
209966,"NN"
209967,"VBD"
209968,"VBN"
209969,"IN"
209970,"NNP"
209971,"DT"
209972,"NN"
209973,"."
209974,"NNP"
209975,","
209976,"VBN"
209977,"IN"
209978,"NNP"
209979,"NNP"
209980,"NNP"
209981,"("
209982,"NNP"
209983,","
209984,"NNP"
209985,"."
209986,")"
209987,"CC"
209988,"NNP"
209989,"NNP"
209990,"NNP"
209991,"("
209992,"NNP"
209993,","
209994,"NNP"
209995,")"
209996,","
209997,"MD"
209998,"VB"
209999,"JJ"
210000,"JJ"
210001,"NN"
210002,"NNS"
210003,"TO"
210004,"NNS"
210005,"WP"
210006,"VBD"
210007,"VBN"
210008,"."
210009,"DT"
210010,"JJ"
210011,"NN"
210012,"VBN"
210013,"IN"
210014,"NNP"
210015,"NNP"
210016,"NNP"
210017,"("
210018,"NNP"
210019,","
210020,"NNP"
210021,")"
210022,","
210023,"CC"
210024,"VBG"
210025,"DT"
210026,"JJ"
210027,"JJ"
210028,"NNS"
210029,"IN"
210030,"IN"
210031,"NNS"
210032,"IN"
210033,"JJ"
210034,"NNP"
210035,"NNP"
210036,"NNP"
210037,"NNP"
210038,","
210039,"NNP"
210040,"NNP"
210041,"CC"
210042,"NNP"
210043,"NNP"
210044,","
210045,"VBZ"
210046,"VBN"
210047,"VBN"
210048,"RP"
210049,"IN"
210050,"DT"
210051,"NNP"
210052,"NNP"
210053,"NNP"
210054,"."
210055,"PRP"
210056,"MD"
210057,"RB"
210058,"VB"
210059,"NNP"
210060,"NN"
210061,"."
210062,"NNP"
210063,"NNP"
210064,"VBZ"
210065,"VBN"
210066,"PRP$"
210067,"JJ"
210068,"NN"
210069,"VBG"
210070,"NNP"
210071,"("
210072,"FW"
210073,")"
210074,"NN"
210075,","
210076,"IN"
210077,"PRP$"
210078,"NNS"
210079,"VBP"
210080,"TO"
210081,"VB"
210082,"VBN"
210083,"."
210084,"WP"
210085,"VBZ"
210086,"NN"
210087,"TO"
210088,"VB"
210089,"IN"
210090,"PDT"
210091,"DT"
210092,"."
210093,"NNP"
210094,"CC"
210095,"JJ"
210096,"NNS"
210097,"VBP"
210098,"DT"
210099,"NNS"
210100,"."
210101,"NNS"
210102,"JJ"
210103,"TO"
210104,"VB"
210105,"NN"
210106,"``"
210107,"VB"
210108,"PRP$"
210109,"NNS"
210110,"TO"
210111,"NN"
210112,"''"
210113,"NN"
210114,"NN"
210115,"NNS"
210116,":"
210117,"RB"
210118,"JJ"
210119,"NNS"
210120,"."
210121,"RB"
210122,"VBP"
210123,"DT"
210124,"WP"
210125,"VB"
210126,"DT"
210127,"``"
210128,"JJ"
210129,"NN"
210130,"IN"
210131,"NN"
210132,","
210133,"''"
210134,"DT"
210135,"NN"
210136,"VBG"
210137,"JJ"
210138,"NNS"
210139,"IN"
210140,"RB"
210141,"IN"
210142,"JJ"
210143,"NNS"
210144,"."
210145,"RB"
210146,"EX"
210147,"VBP"
210148,"JJ"
210149,"NNS"
210150,"."
210151,"TO"
210152,"NNS"
210153,","
210154,"JJ"
210155,"NN"
210156,"VBZ"
210157,"DT"
210158,"NN"
210159,"CC"
210160,"JJ"
210161,"NNS"
210162,"VBP"
210163,"JJ"
210164,"NNS"
210165,"IN"
210166,"NN"
210167,"NN"
210168,"."
210169,"NNS"
210170,"IN"
210171,"DT"
210172,"NN"
210173,"NN"
210174,"DT"
210175,"NN"
210176,"IN"
210177,"DT"
210178,"NN"
210179,"JJ"
210180,"NN"
210181,"MD"
210182,"VB"
210183,":"
210184,"IN"
210185,"DT"
210186,"NN"
210187,"MD"
210188,"RB"
210189,"VB"
210190,"IN"
210191,"PRP"
210192,","
210193,"PRP"
210194,"VBP"
210195,","
210196,"PRP"
210197,"MD"
210198,"RB"
210199,"VB"
210200,"IN"
210201,"PRP$"
210202,"NN"
210203,"."
210204,"NNS"
210205,"IN"
210206,"DT"
210207,"NN"
210208,"VBP"
210209,"RB"
210210,"RB"
210211,"VBN"
210212,":"
210213,"PRP"
210214,"VB"
210215,"NN"
210216,"IN"
210217,"DT"
210218,"NN"
210219,"IN"
210220,"DT"
210221,"NN"
210222,","
210223,"CC"
210224,"VBP"
210225,"DT"
210226,"NN"
210227,"IN"
210228,"NN"
210229,","
210230,"CC"
210231,"VBP"
210232,"TO"
210233,"VB"
210234,"NNS"
210235,"VBN"
210236,","
210237,"RB"
210238,"NNS"
210239,"."
210240,"CC"
210241,"WP"
210242,"IN"
210243,"DT"
210244,"IN"
210245,"PRP"
210246,"WP$"
210247,"NNS"
210248,"VBP"
210249,"RB"
210250,"VBN"
210251,"IN"
210252,"NN"
210253,"CC"
210254,"NN"
210255,"."
210256,"WRB"
210257,"MD"
210258,"PRP"
210259,"VB"
210260,"IN"
210261,"JJ"
210262,"NN"
210263,"."
210264,"NNP"
210265,"POS"
210266,"VB"
210267,"IN"
210268,"VBG"
210269,"DT"
210270,"JJ"
210271,"NN"
210272,"IN"
210273,"NN"
210274,":"
210275,"``"
210276,"JJ"
210277,"NN"
210278,"''"
210279,"VBZ"
210280,"UH"
210281,"VBD"
210282,"VBG"
210283,"."
210284,"MD"
210285,"NN"
210286,"VB"
210287,"JJ"
210288,"CC"
210289,"JJ"
210290,"."
210291,"JJ"
210292,"CC"
210293,"JJ"
210294,"."
210295,"JJ"
210296,"CC"
210297,"JJ"
210298,"."
210299,"JJ"
210300,"CC"
210301,"JJ"
210302,"."
210303,"MD"
210304,"NNS"
210305,"VBP"
210306,"IN"
210307,"NN"
210308,"CC"
210309,"NN"
210310,"JJ"
210311,"CC"
210312,"VB"
210313,"IN"
210314,"NNS"
210315,"CC"
210316,"NN"
210317,"IN"
210318,"JJ"
210319,"NNS"
210320,"."
210321,"WP"
210322,"NNS"
210323,"IN"
210324,"NN"
210325,"MD"
210326,"PRP"
210327,"VBP"
210328,"."
210329,"WP"
210330,"VBZ"
210331,"``"
210332,"JJ"
210333,"''"
210334,"NN"
210335,"."
210336,"MD"
210337,"DT"
210338,"NN"
210339,"VB"
210340,"VBN"
210341,"IN"
210342,"DT"
210343,"JJ"
210344,"NN"
210345,","
210346,"IN"
210347,"JJ"
210348,"NNS"
210349,","
210350,"CC"
210351,"IN"
210352,"JJ"
210353,"JJ"
210354,"NNS"
210355,"."
210356,"CC"
210357,"WP"
210358,"MD"
210359,"VB"
210360,"."
210361,"JJ"
210362,"NNS"
210363,","
210364,"RB"
210365,"IN"
210366,"DT"
210367,"NN"
210368,","
210369,"CC"
210370,"DT"
210371,"NNS"
210372,"."
210373,"NNP"
210374,"RB"
210375,"CC"
210376,"DT"
210377,"NNS"
210378,"."
210379,"JJ"
210380,"NNS"
210381,","
210382,"CC"
210383,"JJ"
210384,"NNS"
210385,","
210386,"CC"
210387,"DT"
210388,"JJ"
210389,"NN"
210390,"."
210391,"JJ"
210392,"CC"
210393,"JJ"
210394,"."
210395,"DT"
210396,"VBP"
210397,"RB"
210398,"JJ"
210399,"NNS"
210400,","
210401,"CC"
210402,"DT"
210403,"NN"
210404,"``"
210405,"JJ"
210406,"NN"
210407,"''"
210408,"NNS"
210409,"NN"
210410,"IN"
210411,"PRP"
210412,"."
210413,"RB"
210414,"WRB"
210415,"MD"
210416,"PRP"
210417,"VB"
210418,"IN"
210419,"JJ"
210420,"NN"
210421,"."
210422,"IN"
210423,"DT"
210424,"JJ"
210425,"NN"
210426,","
210427,"RB"
210428,"VBP"
210429,"CD"
210430,"NNS"
210431,":"
210432,"CD"
210433,"."
210434,"VB"
210435,"DT"
210436,"NNS"
210437,","
210438,"RB"
210439,"DT"
210440,"NN"
210441,"."
210442,"NNP"
210443,"``"
210444,"JJ"
210445,"NN"
210446,"''"
210447,"IN"
210448,"DT"
210449,"JJ"
210450,":"
210451,"VB"
210452,"JJ"
210453,"NNS"
210454,"."
210455,"PRP"
210456,"MD"
210457,"VB"
210458,"IN"
210459,"JJ"
210460,"NNS"
210461,"."
210462,"LS"
210463,"."
210464,"``"
210465,"NNP"
210466,"''"
210467,"MD"
210468,"VB"
210469,"NN"
210470,"."
210471,"IN"
210472,"RB"
210473,"VBN"
210474,","
210475,"NN"
210476,"VBZ"
210477,"NN"
210478,"."
210479,"PRP"
210480,"VBZ"
210481,"VBG"
210482,"NN"
210483,","
210484,"CC"
210485,"VBG"
210486,"IN"
210487,"NN"
210488,","
210489,"CC"
210490,"VBG"
210491,"DT"
210492,"NN"
210493,"."
210494,"PRP"
210495,"VBZ"
210496,"DT"
210497,"NNS"
210498,"IN"
210499,"NNP"
210500,","
210501,"WP$"
210502,"NNS"
210503,"TO"
210504,"NNS"
210505,"VBP"
210506,"JJ"
210507,"DT"
210508,"$"
210509,"CD"
210510,"DT"
210511,"NN"
210512,","
210513,"VBP"
210514,"RB"
210515,"VB"
210516,"."
210517,"EX"
210518,"VBZ"
210519,"DT"
210520,"NN"
210521,"IN"
210522,"JJ"
210523,"NNS"
210524,":"
210525,"JJ"
210526,"NNS"
210527,"TO"
210528,"NN"
210529,"NNS"
210530,"NN"
210531,"TO"
210532,"``"
210533,"DT"
210534,"FW"
210535,"NNP"
210536,"IN"
210537,"DT"
210538,"NNP"
210539,"''"
210540,":"
210541,"RB"
210542,"DT"
210543,"NNS"
210544,"MD"
210545,"VB"
210546,"VBN"
210547,","
210548,"RB"
210549,"VBN"
210550,"."
210551,"CC"
210552,"DT"
210553,"NNS"
210554,"VBP"
210555,"IN"
210556,"CD"
210557,"NN"
210558,"DT"
210559,"JJ"
210560,"NN"
210561,"IN"
210562,"JJ"
210563,"NN"
210564,"NNS"
210565,"IN"
210566,"JJ"
210567,"NNS"
210568,"."
210569,"WRB"
210570,"VBP"
210571,"WDT"
210572,"NN"
210573,"."
210574,"LS"
210575,"."
210576,"NNP"
210577,"VBZ"
210578,"JJ"
210579,":"
210580,"NN"
210581,"VBZ"
210582,"RB"
210583,"."
210584,"JJ"
210585,"NN"
210586,"VBZ"
210587,"JJ"
210588,"."
210589,"PRP"
210590,"VBZ"
210591,"RB"
210592,"JJ"
210593,"CC"
210594,"JJ"
210595,"."
210596,"("
210597,"WP"
210598,"MD"
210599,"VB"
210600,"JJ"
210601,"CD"
210602,"CD"
210603,"NNS"
210604,"IN"
210605,"NN"
210606,"DT"
210607,"NN"
210608,"."
210609,")"
210610,"CC"
210611,"IN"
210612,"NN"
210613,"NN"
210614,"CC"
210615,"IN"
210616,"JJ"
210617,"NNS"
210618,"DT"
210619,"JJ"
210620,"NN"
210621,"VBZ"
210622,"JJ"
210623,"NNS"
210624,"IN"
210625,"NN"
210626,"."
210627,"PRP"
210628,"MD"
210629,"RB"
210630,"VB"
210631,"NN"
210632,":"
210633,"RB"
210634,"IN"
210635,"DT"
210636,"NNS"
210637,"CC"
210638,"DT"
210639,"NNS"
210640,"."
210641,"PRP$"
210642,"NN"
210643,"MD"
210644,"VB"
210645,"CC"
210646,"RB"
210647,"VB"
210648,"DT"
210649,"JJ"
210650,"NN"
210651,"IN"
210652,"NN"
210653,"IN"
210654,"DT"
210655,"NNP"
210656,","
210657,"MD"
210658,"VB"
210659,"IN"
210660,"DT"
210661,"NN"
210662,"NNS"
210663,"RB"
210664,"IN"
210665,"NN"
210666,","
210667,"CC"
210668,"MD"
210669,"VB"
210670,"JJ"
210671,"NNS"
210672,"IN"
210673,"WDT"
210674,"NNS"
210675,"RBS"
210676,"VBP"
210677,"VBG"
210678,"."
210679,"LS"
210680,"."
210681,"JJ"
210682,"NNS"
210683,"VBP"
210684,"RB"
210685,"JJ"
210686,"."
210687,"NNS"
210688,"VBP"
210689,"DT"
210690,"JJ"
210691,"NN"
210692,"MD"
210693,"VB"
210694,"JJ"
210695,"NN"
210696,"VBN"
210697,"RB"
210698,":"
210699,"NN"
210700,"VBZ"
210701,"VBN"
210702,","
210703,"NN"
210704,"VBD"
210705,","
210706,"NNS"
210707,"VBD"
210708,","
210709,"VBP"
210710,"NNS"
210711,"VBD"
210712,"."
210713,"EX"
210714,"VBZ"
210715,"JJ"
210716,"NN"
210717,"TO"
210718,"VB"
210719,"VBN"
210720,","
210721,"CC"
210722,"JJ"
210723,"NN"
210724,"CC"
210725,"NN"
210726,"NN"
210727,"VBP"
210728,"VBN"
210729,"IN"
210730,"JJ"
210731,"NNS"
210732,"WP"
210733,"VBP"
210734,"IN"
210735,"JJ"
210736,"NNS"
210737,"MD"
210738,"VB"
210739,"JJ"
210740,"IN"
210741,"PRP"
210742,"RB"
210743,":"
210744,"CC"
210745,"RB"
210746,"RB"
210747,"."
210748,"JJ"
210749,"NN"
210750,"NNS"
210751,"VBP"
210752,"JJ"
210753,","
210754,"NN"
210755,","
210756,"NN"
210757,"CC"
210758,"NN"
210759,":"
210760,"RB"
210761,"IN"
210762,"JJ"
210763,"NN"
210764,"."
210765,"PRP"
210766,"VBP"
210767,"NNS"
210768,"TO"
210769,"NNS"
210770,"."
210771,"JJ"
210772,"JJ"
210773,"NNS"
210774,"RB"
210775,"VB"
210776,"NN"
210777,"CC"
210778,"JJ"
210779,"NN"
210780,":"
210781,"PRP"
210782,"VBP"
210783,"RB"
210784,"JJ"
210785,":"
210786,"JJR"
210787,"FW"
210788,"NN"
210789,"IN"
210790,"DT"
210791,"NN"
210792,"IN"
210793,"NNP"
210794,"CC"
210795,"NNP"
210796,"."
210797,"JJ"
210798,"NNS"
210799,"VBP"
210800,"JJR"
210801,","
210802,"CC"
210803,"JJ"
210804,"NNS"
210805,"RB"
210806,"VBN"
210807,"TO"
210808,"DT"
210809,"$"
210810,"CD"
210811,"DT"
210812,"NN"
210813,"."
210814,"VBP"
210815,"PRP"
210816,"JJ"
210817,"IN"
210818,"."
210819,"NNS"
210820,"VBP"
210821,"DT"
210822,"JJ"
210823,"NNS"
210824,"VBP"
210825,":"
210826,"RB"
210827,"RB"
210828,"IN"
210829,"DT"
210830,"NNS"
210831,"IN"
210832,"NNS"
210833,"VBP"
210834,"VBN"
210835,"."
210836,"CC"
210837,"DT"
210838,"NNS"
210839,"VBP"
210840,"JJ"
210841,"."
210842,"LS"
210843,"."
210844,"JJ"
210845,"NN"
210846,"VBP"
210847,"DT"
210848,"JJ"
210849,"NN"
210850,"."
210851,"VBP"
210852,"PDT"
210853,"NNS"
210854,"JJ"
210855,","
210856,"RB"
210857,"."
210858,"NNP"
210859,","
210860,"IN"
210861,"VBN"
210862,"."
210863,"NNS"
210864,"IN"
210865,"DT"
210866,"NNS"
210867,"CC"
210868,"DT"
210869,"NNS"
210870,"MD"
210871,"VB"
210872,"VBN"
210873,"TO"
210874,"VB"
210875,","
210876,"CC"
210877,"EX"
210878,"VBP"
210879,"JJ"
210880,"NNS"
210881,"IN"
210882,"JJ"
210883,"NNS"
210884,","
210885,"CC"
210886,"PRP$"
210887,"NNS"
210888,","
210889,"TO"
210890,"VB"
210891,"IN"
210892,"JJ"
210893,"JJ"
210894,"NN"
210895,"."
210896,"PRP"
210897,"MD"
210898,"VB"
210899,"IN"
210900,"NN"
210901,"IN"
210902,"NNS"
210903,"IN"
210904,"JJ"
210905,"NNS"
210906,","
210907,"CC"
210908,"VB"
210909,"IN"
210910,"NN"
210911,"NNS"
210912,"VBN"
210913,"IN"
210914,"JJ"
210915,"NNS"
210916,"CC"
210917,"VBN"
210918,"IN"
210919,"NNS"
210920,"CC"
210921,"NNS"
210922,"."
210923,"JJ"
210924,"NN"
210925,"VBP"
210926,"RB"
210927,"VB"
210928,"DT"
210929,"NNS"
210930,"."
210931,"PRP"
210932,"VBP"
210933,"RB"
210934,"VBN"
210935,"IN"
210936,"JJ"
210937,"NN"
210938,"CC"
210939,"NN"
210940,"."
210941,"PRP"
210942,"VBP"
210943,"JJ"
210944,"TO"
210945,"VB"
210946,"VBN"
210947,"."
210948,"CC"
210949,"PRP"
210950,"VBP"
210951,"VBN"
210952,"RP"
210953,"IN"
210954,"JJ"
210955,"JJ"
210956,"NNS"
210957,","
210958,"IN"
210959,"NN"
210960,"NNS"
210961,"VBG"
210962,"RB"
210963,","
210964,"VBN"
210965,"IN"
210966,"JJ"
210967,"NNS"
210968,"CC"
210969,"JJ"
210970,"NNS"
210971,"."
210972,"CC"
210973,"JJ"
210974,"IN"
210975,"PRP"
210976,"MD"
210977,"VB"
210978,"RB"
210979,"RB"
210980,"JJ"
210981,"IN"
210982,"JJ"
210983,"CC"
210984,"JJ"
210985,"NN"
210986,"."
210987,"DT"
210988,"MD"
210989,"RB"
210990,"VB"
210991,"DT"
210992,"NN"
210993,":"
210994,"NNS"
210995,"VBP"
210996,"RP"
210997,"IN"
210998,"JJ"
210999,"NNS"
211000,"."
211001,"CC"
211002,"DT"
211003,"WP"
211004,"NN"
211005,"RB"
211006,"VBZ"
211007,"VBG"
211008,"VBP"
211009,"VBN"
211010,"."
211011,"NNP"
211012,"NNS"
211013,","
211014,"VBG"
211015,"NN"
211016,"RB"
211017,","
211018,"VBG"
211019,"JJ"
211020,","
211021,"PRP"
211022,"VBP"
211023,"RB"
211024,"RB"
211025,"JJ"
211026,":"
211027,"NNS"
211028,"RB"
211029,"VB"
211030,"IN"
211031,"PRP"
211032,"."
211033,"RB"
211034,"IN"
211035,"PRP"
211036,"VBZ"
211037,"JJR"
211038,"TO"
211039,"VB"
211040,"NNS"
211041,"CC"
211042,"NN"
211043,"NNS"
211044,"CC"
211045,"NN"
211046,"NN"
211047,"IN"
211048,"VBN"
211049,"NNS"
211050,","
211051,"DT"
211052,"NNS"
211053,"IN"
211054,"DT"
211055,"JJ"
211056,"NNS"
211057,"VBG"
211058,"DT"
211059,"NNS"
211060,"VB"
211061,"DT"
211062,"NN"
211063,"."
211064,"JJ"
211065,"NN"
211066,","
211067,"DT"
211068,"NN"
211069,"VBP"
211070,"RB"
211071,"VBG"
211072,"NN"
211073,"."
211074,"PRP"
211075,"VBP"
211076,"VBG"
211077,"IN"
211078,"DT"
211079,"NN"
211080,","
211081,"VBG"
211082,"DT"
211083,"NNS"
211084,","
211085,"VBG"
211086,"DT"
211087,"NN"
211088,"."
211089,"CC"
211090,"PRP"
211091,"VBP"
211092,"PRP"
211093,"TO"
211094,"VB"
211095,"VBG"
211096,","
211097,"CC"
211098,"PRP"
211099,"VBP"
211100,"TO"
211101,"VB"
211102,"PRP"
211103,"("
211104,"CC"
211105,"NNS"
211106,")"
211107,","
211108,"TO"
211109,"VB"
211110,"NN"
211111,"IN"
211112,"PRP$"
211113,"NNS"
211114,","
211115,"TO"
211116,"VB"
211117,"IN"
211118,"DT"
211119,"NN"
211120,"."
211121,"DT"
211122,"VBZ"
211123,"DT"
211124,"NN"
211125,"TO"
211126,"DT"
211127,"NN"
211128,"."
211129,"PRP"
211130,"VBZ"
211131,"WP"
211132,"JJ"
211133,"NN"
211134,"MD"
211135,"VB"
211136,"RBS"
211137,"TO"
211138,"VB"
211139,"."
211140,"NNP"
211141,"NNP"
211142,","
211143,"DT"
211144,"NNP"
211145,"NN"
211146,"NN"
211147,"NN"
211148,","
211149,"VBZ"
211150,"PRP$"
211151,"JJ"
211152,"JJ"
211153,"JJ"
211154,"NN"
211155,"NN"
211156,"."
211157,"PRP"
211158,"VBZ"
211159,"DT"
211160,"NN"
211161,"IN"
211162,"``"
211163,"NNP"
211164,"NNP"
211165,":"
211166,"WP"
211167,"MD"
211168,"PRP"
211169,"JJ"
211170,"."
211171,"''"
211172,"("
211173,"NNP"
211174,"NNPS"
211175,","
211176,"CD"
211177,")"
211178,"."
211179,"O"
211180,"NNP"
211181,"NNS"
211182,"RB"
211183,"CC"
211184,"IN"
211185,"JJ"
211186,"NNS"
211187,"VBD"
211188,"NNS"
211189,"IN"
211190,"DT"
211191,"NN"
211192,"TO"
211193,"VB"
211194,"IN"
211195,"DT"
211196,"NNP"
211197,"NN"
211198,"NN"
211199,":"
211200,"CC"
211201,"VBD"
211202,"RP"
211203,"IN"
211204,"PRP$"
211205,"NN"
211206,"TO"
211207,"VB"
211208,"PRP$"
211209,"NNS"
211210,"JJ"
211211,"."
211212,"NNP"
211213,"NNP"
211214,"NNP"
211215,"NNP"
211216,"NNP"
211217,"VBD"
211218,"IN"
211219,"DT"
211220,"NNS"
211221,","
211222,"VBG"
211223,"PRP"
211224,"JJ"
211225,"TO"
211226,"NNS"
211227,"IN"
211228,"DT"
211229,"NNP"
211230,"CC"
211231,"RB"
211232,"IN"
211233,"DT"
211234,"NNP"
211235,"VBD"
211236,"VBN"
211237,"TO"
211238,"VB"
211239,"JJ"
211240,"NNS"
211241,"IN"
211242,"NN"
211243,"IN"
211244,"DT"
211245,"NN"
211246,"NN"
211247,","
211248,"IN"
211249,"PRP"
211250,"VBD"
211251,"IN"
211252,"NNP"
211253,"CD"
211254,","
211255,"IN"
211256,"DT"
211257,"NN"
211258,"VBD"
211259,"VBN"
211260,"TO"
211261,"VB"
211262,"DT"
211263,"JJ"
211264,"NN"
211265,"."
211266,"CC"
211267,"IN"
211268,"DT"
211269,"NN"
211270,","
211271,"NNP"
211272,"NNP"
211273,"NNP"
211274,"VBD"
211275,"IN"
211276,"NNS"
211277,"CC"
211278,"NNS"
211279,"IN"
211280,"NNP"
211281,"NNP"
211282,"IN"
211283,"NNP"
211284,"NNP"
211285,"NNP"
211286,"NNP"
211287,"RB"
211288,"VBD"
211289,"NNS"
211290,"IN"
211291,"DT"
211292,"NNP"
211293,"NN"
211294,"NN"
211295,"."
211296,"CC"
211297,"DT"
211298,"NNS"
211299,"VBD"
211300,"IN"
211301,"DT"
211302,"JJ"
211303,"NNS"
211304,"MD"
211305,"RB"
211306,"VB"
211307,"NN"
211308,"NNS"
211309,"."
211310,"IN"
211311,"NN"
211312,","
211313,"NNS"
211314,"IN"
211315,"DT"
211316,"NNP"
211317,"NNP"
211318,"IN"
211319,"DT"
211320,"NNP"
211321,"NN"
211322,"VBD"
211323,"IN"
211324,"VBG"
211325,"NN"
211326,"NNS"
211327,"CC"
211328,"NNS"
211329,"IN"
211330,"DT"
211331,"NN"
211332,"MD"
211333,"VB"
211334,"PRP"
211335,"JJR"
211336,"NN"
211337,"CC"
211338,"NN"
211339,"MD"
211340,"NNP"
211341,"POS"
211342,"NN"
211343,"NN"
211344,"NN"
211345,"IN"
211346,"DT"
211347,"NN"
211348,"POS"
211349,"NN"
211350,"."
211351,"``"
211352,"DT"
211353,"NN"
211354,"IN"
211355,"DT"
211356,"NN"
211357,"VBZ"
211358,"DT"
211359,"NN"
211360,"PRP"
211361,"VBP"
211362,"DT"
211363,"VBZ"
211364,"IN"
211365,"PRP"
211366,"VBP"
211367,"VBG"
211368,"RB"
211369,"RB"
211370,"VBZ"
211371,"TO"
211372,"VB"
211373,"DT"
211374,"NN"
211375,"IN"
211376,"NN"
211377,","
211378,"''"
211379,"VBD"
211380,"CD"
211381,"NN"
211382,"NN"
211383,","
211384,"VBG"
211385,"IN"
211386,"NN"
211387,"."
211388,"DT"
211389,"NNP"
211390,"POS"
211391,"NNS"
211392,"IN"
211393,"NNP"
211394,"VBD"
211395,"RB"
211396,"VBN"
211397,"NNP"
211398,"NN"
211399,","
211400,"WRB"
211401,"DT"
211402,"DT"
211403,"NNP"
211404,"NNP"
211405,"NNP"
211406,"CC"
211407,"DT"
211408,"NNP"
211409,"NNP"
211410,"VBD"
211411,"NNS"
211412,"VBG"
211413,"DT"
211414,"JJ"
211415,"NNP"
211416,"NN"
211417,"VBG"
211418,"DT"
211419,"JJ"
211420,"NN"
211421,"VBD"
211422,"VBN"
211423,"TO"
211424,"VB"
211425,"NN"
211426,"IN"
211427,"DT"
211428,"NN"
211429,"NN"
211430,"NNP"
211431,"NN"
211432,"."
211433,"NNP"
211434,"NNP"
211435,"NNP"
211436,"VBD"
211437,"VBN"
211438,"IN"
211439,"DT"
211440,"NNS"
211441,","
211442,"VBG"
211443,"TO"
211444,"JJ"
211445,"NNS"
211446,","
211447,"CC"
211448,"VBD"
211449,"PRP"
211450,"VBD"
211451,"RB"
211452,"VBN"
211453,"DT"
211454,"JJ"
211455,"NN"
211456,"."
211457,"RB"
211458,","
211459,"NNP"
211460,"NNS"
211461,"VBD"
211462,"DT"
211463,"NNS"
211464,"VBD"
211465,"RB"
211466,"JJ"
211467,"NNS"
211468,"IN"
211469,"DT"
211470,"JJ"
211471,"NN"
211472,"POS"
211473,"NN"
211474,"NN"
211475,"."
211476,"PRP"
211477,"VBZ"
211478,"VBN"
211479,"TO"
211480,"VB"
211481,"DT"
211482,"JJ"
211483,"NN"
211484,"PRP"
211485,"VBD"
211486,"IN"
211487,"NNP"
211488,"CD"
211489,","
211490,"VBG"
211491,"NN"
211492,"TO"
211493,"DT"
211494,"NNS"
211495,"IN"
211496,"JJ"
211497,"TO"
211498,"VB"
211499,"DT"
211500,"JJ"
211501,"NN"
211502,"NN"
211503,"."
211504,"DT"
211505,"NNP"
211506,"VBZ"
211507,"NN"
211508,"IN"
211509,"DT"
211510,"NN"
211511,"NN"
211512,"IN"
211513,"VBG"
211514,"NN"
211515,"NNS"
211516,"IN"
211517,"JJ"
211518,"NNS"
211519,"."
211520,"DT"
211521,"NN"
211522,"IN"
211523,"JJ"
211524,"NNS"
211525,"VBD"
211526,"JJ"
211527,"IN"
211528,"DT"
211529,"NN"
211530,"NNP"
211531,"IN"
211532,"NNP"
211533,"NNP"
211534,"NNP"
211535,"NNP"
211536,"IN"
211537,"NNP"
211538,"POS"
211539,"``"
211540,"DT"
211541,"NN"
211542,"."
211543,"''"
211544,"``"
211545,"NNP"
211546,"IN"
211547,"DT"
211548,"NNP"
211549,"NNP"
211550,"CC"
211551,"NNP"
211552,"NNP"
211553,"CC"
211554,"DT"
211555,"NN"
211556,"IN"
211557,"DT"
211558,"NNP"
211559,"NNP"
211560,"NNS"
211561,"VBP"
211562,"VBN"
211563,"IN"
211564,"JJ"
211565,"NN"
211566,"."
211567,"PRP"
211568,"VBP"
211569,"JJ"
211570,"PRP"
211571,"MD"
211572,"VB"
211573,"WP"
211574,"POS"
211575,"NN"
211576,","
211577,"WP"
211578,"VBZ"
211579,"JJ"
211580,","
211581,"WP"
211582,"VBZ"
211583,"JJ"
211584,","
211585,"''"
211586,"PRP"
211587,"VBD"
211588,"."
211589,"WRB"
211590,"PRP"
211591,"VBD"
211592,"VBN"
211593,"PRP$"
211594,"NN"
211595,"VBD"
211596,"DT"
211597,"``"
211598,"NN"
211599,","
211600,"''"
211601,"NNP"
211602,"NNP"
211603,"VBD"
211604,":"
211605,"``"
211606,"PRP"
211607,"VBZ"
211608,"DT"
211609,"NN"
211610,"."
211611,"CC"
211612,","
211613,"IN"
211614,"DT"
211615,"NN"
211616,","
211617,"WDT"
211618,"VBZ"
211619,"DT"
211620,"JJ"
211621,"NN"
211622,"TO"
211623,"VB"
211624,"."
211625,"''"
211626,"IN"
211627,"DT"
211628,"NNP"
211629,","
211630,"NNP"
211631,"NNP"
211632,"VBD"
211633,"DT"
211634,"NN"
211635,"VBG"
211636,"DT"
211637,"NN"
211638,"NN"
211639,"POS"
211640,"NN"
211641,"."
211642,"``"
211643,"NN"
211644,"POS"
211645,"NN"
211646,"NN"
211647,"NN"
211648,"VBZ"
211649,"RB"
211650,"VB"
211651,"DT"
211652,"JJ"
211653,"NN"
211654,"IN"
211655,"DT"
211656,"NN"
211657,"IN"
211658,"DT"
211659,"NN"
211660,","
211661,"''"
211662,"PRP"
211663,"VBD"
211664,"."
211665,"``"
211666,"DT"
211667,"NN"
211668,"VBZ"
211669,"JJ"
211670,","
211671,"CC"
211672,"DT"
211673,"NN"
211674,"VBZ"
211675,"IN"
211676,"JJ"
211677,"JJ"
211678,"NN"
211679,"."
211680,"''"
211681,"CC"
211682,"NN"
211683,"NNS"
211684,"VBD"
211685,"IN"
211686,"NNP"
211687,"POS"
211688,"NN"
211689,"VBD"
211690,"DT"
211691,"NN"
211692,"IN"
211693,"JJ"
211694,"NNS"
211695,"DT"
211696,"NN"
211697,"."
211698,"``"
211699,"CD"
211700,"NN"
211701,"VBZ"
211702,"IN"
211703,"DT"
211704,"VBZ"
211705,"DT"
211706,"JJ"
211707,"NN"
211708,","
211709,"RB"
211710,"VBN"
211711,"IN"
211712,"PRP$"
211713,"NN"
211714,","
211715,"CC"
211716,"RB"
211717,"DT"
211718,"JJ"
211719,"NN"
211720,","
211721,"''"
211722,"VBD"
211723,"CD"
211724,"JJ"
211725,"NN"
211726,"NN"
211727,","
211728,"WP"
211729,"RB"
211730,"VBD"
211731,"IN"
211732,"PRP"
211733,"RB"
211734,"VB"
211735,"VBN"
211736,"."
211737,"``"
211738,"DT"
211739,"JJ"
211740,"VBZ"
211741,"IN"
211742,"PRP"
211743,"VBP"
211744,"DT"
211745,"JJ"
211746,"NN"
211747,","
211748,"IN"
211749,"CD"
211750,"NNS"
211751,"RB"
211752,"."
211753,"PRP"
211754,"VBP"
211755,"IN"
211756,"POS"
211757,"RBR"
211758,"JJ"
211759,"."
211760,"''"
211761,"RB"
211762,","
211763,"NNP"
211764,"NNP"
211765,"NNP"
211766,"CC"
211767,"NNP"
211768,"NNP"
211769,"NNP"
211770,"NNP"
211771,"VBD"
211772,"IN"
211773,"PRP$"
211774,"NNS"
211775,"NNP"
211776,"NN"
211777,","
211778,"VBG"
211779,"NNS"
211780,"IN"
211781,"PRP"
211782,"VBD"
211783,"IN"
211784,"NNS"
211785,"IN"
211786,"DT"
211787,"NN"
211788,"."
211789,"DT"
211790,"NN"
211791,"VBD"
211792,"VBN"
211793,"TO"
211794,"VB"
211795,"IN"
211796,"DT"
211797,"NN"
211798,"IN"
211799,"DT"
211800,"NNP"
211801,"NNP"
211802,"JJ"
211803,"NN"
211804,"NNS"
211805,"IN"
211806,"CD"
211807,"NN"
211808,"NN"
211809,":"
211810,"WRB"
211811,"NNS"
211812,"EX"
211813,"VBD"
211814,":"
211815,"CC"
211816,"TO"
211817,"VB"
211818,"IN"
211819,"DT"
211820,"NN"
211821,"NN"
211822,"VBD"
211823,"RB"
211824,"IN"
211825,"DT"
211826,"NN"
211827,"IN"
211828,"NNP"
211829,"NNP"
211830,"IN"
211831,"RB"
211832,"DT"
211833,"NN"
211834,"IN"
211835,"NNP"
211836,"."
211837,"CC"
211838,"DT"
211839,"NNP"
211840,"CC"
211841,"DT"
211842,"NNP"
211843,"VBD"
211844,"TO"
211845,"VB"
211846,"NN"
211847,"NNS"
211848,"VBG"
211849,"IN"
211850,"DT"
211851,"NN"
211852,"TO"
211853,"VB"
211854,"DT"
211855,"NNS"
211856,"."
211857,"NNP"
211858,"NNP"
211859,","
211860,"NN"
211861,"NNS"
211862,"VBD"
211863,"RB"
211864,"IN"
211865,"CD"
211866,"NN"
211867,"IN"
211868,"JJ"
211869,"NNP"
211870,"NN"
211871,"NN"
211872,"."
211873,"IN"
211874,"DT"
211875,"JJ"
211876,"NN"
211877,","
211878,"DT"
211879,"NN"
211880,"VBD"
211881,"TO"
211882,"VB"
211883,"VBG"
211884,"IN"
211885,"CC"
211886,"IN"
211887,"JJ"
211888,"NN"
211889,"VBD"
211890,"VBN"
211891,"JJR"
211892,"."
211893,"IN"
211894,"DT"
211895,"NNP"
211896,"NN"
211897,","
211898,"DT"
211899,"NN"
211900,"VBZ"
211901,"VBG"
211902,"VBN"
211903,"IN"
211904,"NNP"
211905,"NNP"
211906,"NNP"
211907,","
211908,"NNP"
211909,"NNP"
211910,"NNP"
211911,"CC"
211912,"NNP"
211913,"NNP"
211914,"NNP"
211915,"."
211916,"DT"
211917,"CD"
211918,"NNS"
211919,"VBD"
211920,"RB"
211921,"IN"
211922,"DT"
211923,"JJ"
211924,"NNP"
211925,"NNP"
211926,","
211927,"VBN"
211928,"IN"
211929,"NNP"
211930,"NNP"
211931,","
211932,"WDT"
211933,"VBD"
211934,"VBN"
211935,"IN"
211936,"DT"
211937,"CD"
211938,"NN"
211939,"TO"
211940,"VB"
211941,"DT"
211942,"NN"
211943,"POS"
211944,"NN"
211945,"."
211946,"IN"
211947,"DT"
211948,"NN"
211949,"PRP"
211950,"VBP"
211951,"JJ"
211952,"NN"
211953,"IN"
211954,"JJ"
211955,"NNS"
211956,","
211957,"CC"
211958,"JJ"
211959,"NN"
211960,"NNS"
211961,"."
211962,"NNP"
211963,"NNP"
211964,"VBD"
211965,"IN"
211966,"DT"
211967,"NNP"
211968,"NNP"
211969,"NNP"
211970,"NN"
211971,"WRB"
211972,"DT"
211973,"NN"
211974,"NN"
211975,"POS"
211976,"NN"
211977,"VBD"
211978,"."
211979,"PRP"
211980,"VBD"
211981,"RB"
211982,"IN"
211983,"DT"
211984,"NN"
211985,"IN"
211986,"NNP"
211987,"NNP"
211988,","
211989,"WP"
211990,"IN"
211991,"NN"
211992,"VBD"
211993,"VBG"
211994,"IN"
211995,"DT"
211996,"NNS"
211997,"IN"
211998,"DT"
211999,"NNP"
212000,"NNP"
212001,"CC"
212002,"NNP"
212003,"NNS"
212004,"."
212005,"RB"
212006,","
212007,"NNP"
212008,"NNP"
212009,"NNP"
212010,"NNP"
212011,"NNP"
212012,","
212013,"NNP"
212014,"NNP"
212015,"NNP"
212016,"NNP"
212017,"CC"
212018,"JJ"
212019,"NNS"
212020,"IN"
212021,"NNP"
212022,"NNP"
212023,"CC"
212024,"JJ"
212025,"."
212026,"NNS"
212027,"VBP"
212028,"PRP"
212029,"VBD"
212030,"TO"
212031,"VB"
212032,"DT"
212033,"NNS"
212034,"IN"
212035,"DT"
212036,"NN"
212037,"."
212038,"NNP"
212039,"NNS"
212040,"VBP"
212041,"NNP"
212042,"NNP"
212043,"VBD"
212044,"VBN"
212045,"IN"
212046,"NNP"
212047,"NN"
212048,"CC"
212049,"NN"
212050,","
212051,"RB"
212052,"IN"
212053,"NN"
212054,"IN"
212055,"NNP"
212056,"NNP"
212057,"."
212058,"PRP"
212059,"VBD"
212060,"JJ"
212061,"NN"
212062,"NNS"
212063,"IN"
212064,"NNP"
212065,"NNP"
212066,"CC"
212067,"NNP"
212068,"NNP"
212069,","
212070,"NN"
212071,"IN"
212072,"DT"
212073,"NN"
212074,"IN"
212075,"JJ"
212076,"NNS"
212077,"."
212078,"NNP"
212079,"NNS"
212080,"VBD"
212081,"IN"
212082,"DT"
212083,"NN"
212084,"TO"
212085,"VB"
212086,"DT"
212087,"JJ"
212088,"NN"
212089,"IN"
212090,"NN"
212091,"TO"
212092,"VB"
212093,"DT"
212094,"NN"
212095,"IN"
212096,"NN"
212097,"."
212098,"NNP"
212099,"NNP"
212100,"NNP"
212101,"NNP"
212102,","
212103,"IN"
212104,"NN"
212105,","
212106,"VBD"
212107,"IN"
212108,"DT"
212109,"NN"
212110,"IN"
212111,"DT"
212112,"NNP"
212113,"NNP"
212114,"IN"
212115,"NNP"
212116,"NNP"
212117,","
212118,"NNP"
212119,","
212120,"WRB"
212121,"DT"
212122,"NN"
212123,"NN"
212124,"VBD"
212125,","
212126,"CC"
212127,"VBD"
212128,"RB"
212129,"IN"
212130,"DT"
212131,"JJ"
212132,"NN"
212133,"."
212134,"CC"
212135,"RB"
212136,"IN"
212137,"JJ"
212138,"NN"
212139,","
212140,"NNP"
212141,"NNP"
212142,"NNP"
212143,"VBD"
212144,"RB"
212145,"VBN"
212146,"PRP$"
212147,"NNS"
212148,"TO"
212149,"VB"
212150,"DT"
212151,"JJ"
212152,"NNP"
212153,"NNP"
212154,"NN"
212155,"IN"
212156,"NNP"
212157,"IN"
212158,"CD"
212159,"NN"
212160,"DT"
212161,"NN"
212162,"."
212163,"RB"
212164,","
212165,"NNP"
212166,"NNP"
212167,"VBD"
212168,"VBN"
212169,"TO"
212170,"VB"
212171,"DT"
212172,"JJ"
212173,"NN"
212174,"IN"
212175,"NNP"
212176,"IN"
212177,"NNP"
212178,"CD"
212179,","
212180,"CD"
212181,"."
212182,"PRP"
212183,"VBD"
212184,"TO"
212185,"NNP"
212186,"IN"
212187,"NNP"
212188,"CD"
212189,","
212190,"WRB"
212191,"DT"
212192,"NN"
212193,"VBD"
212194,"CD"
212195,"NNS"
212196,","
212197,"CC"
212198,"RB"
212199,"VBD"
212200,"IN"
212201,"DT"
212202,"JJ"
212203,"NN"
212204,"CC"
212205,"VBD"
212206,"TO"
212207,"NNP"
212208,"IN"
212209,"VBG"
212210,"PRP$"
212211,"NN"
212212,"."
212213,"O"
212214,"VBG"
212215,"VBZ"
212216,"DT"
212217,"JJ"
212218,"NN"
212219,"IN"
212220,"JJ"
212221,"JJ"
212222,"NN"
212223,"NNS"
212224,"IN"
212225,"RB"
212226,"VBN"
212227,"NN"
212228,"NN"
212229,"NNS"
212230,","
212231,"VBN"
212232,"IN"
212233,"DT"
212234,"NNS"
212235,"IN"
212236,"IN"
212237,"NNP"
212238,"POS"
212239,"NN"
212240,"."
212241,"RB"
212242,"VBN"
212243,"VBZ"
212244,"DT"
212245,"NN"
212246,"JJ"
212247,"NN"
212248,"NN"
212249,"CC"
212250,"DT"
212251,"NN"
212252,"VBD"
212253,"NN"
212254,"IN"
212255,"DT"
212256,"NN"
212257,"POS"
212258,"NNS"
212259,","
212260,"IN"
212261,"DT"
212262,"NN"
212263,"IN"
212264,"NN"
212265,"."
212266,"SYM"
212267,":"
212268,"IN"
212269,"IN"
212270,"NNP"
212271,"POS"
212272,"NN"
212273,"."
212274,"SYM"
212275,":"
212276,"VBN"
212277,"IN"
212278,"NNP"
212279,"NNP"
212280,"NN"
212281,"NN"
212282,"."
212283,"SYM"
212284,":"
212285,"IN"
212286,"JJ"
212287,"NNS"
212288,"."
212289,"SYM"
212290,":"
212291,"IN"
212292,"IN"
212293,"NNP"
212294,"POS"
212295,"NN"
212296,"."
212297,"NNP"
212298,":"
212299,"FW"
212300,"CD"
212301,"."
212302,"NNP"
212303,":"
212304,"RB"
212305,"JJ"
212306,"."
212307,"O"
212308,"VB"
212309,"RP"
212310,"WDT"
212311,"NN"
212312,"."
212313,"NN"
212314,"IN"
212315,"DT"
212316,"NN"
212317,":"
212318,"VB"
212319,"CD"
212320,"JJ"
212321,"NNS"
212322,"."
212323,"NNP"
212324,"DT"
212325,"VBP"
212326,"TO"
212327,"VB"
212328,"PRP$"
212329,"NN"
212330,"CC"
212331,"VB"
212332,"PDT"
212333,"PRP$"
212334,"NNS"
212335,"."
212336,"DT"
212337,"VBZ"
212338,"DT"
212339,"NN"
212340,"IN"
212341,"JJS"
212342,"NN"
212343,"NNS"
212344,"IN"
212345,"NNP"
212346,"POS"
212347,"JJ"
212348,"NN"
212349,"IN"
212350,"DT"
212351,"NNP"
212352,"NNP"
212353,"NNP"
212354,"NNP"
212355,"."
212356,"DT"
212357,"NN"
212358,"MD"
212359,"VB"
212360,"IN"
212361,"JJ"
212362,"WP"
212363,"MD"
212364,"VB"
212365,"NN"
212366,"."
212367,"CC"
212368,"NN"
212369,"NNS"
212370,"VBP"
212371,"VBN"
212372,"IN"
212373,"IN"
212374,"NNS"
212375,"MD"
212376,"VB"
212377,"RB"
212378,"CC"
212379,"RB"
212380,"IN"
212381,"DT"
212382,"JJ"
212383,"CD"
212384,"NNS"
212385,"."
212386,"CC"
212387,"PRP"
212388,"VBP"
212389,"RB"
212390,"JJ"
212391,"IN"
212392,"CD"
212393,"NN"
212394,":"
212395,"VBP"
212396,"RB"
212397,"VB"
212398,"IN"
212399,"DT"
212400,"NN"
212401,"."
212402,"NNS"
212403,"WP"
212404,"VBD"
212405,"NN"
212406,"IN"
212407,"DT"
212408,"NN"
212409,"IN"
212410,"CD"
212411,"VBD"
212412,"TO"
212413,"VB"
212414,"PRP"
212415,"."
212416,"RB"
212417,"IN"
212418,"NNP"
212419,"POS"
212420,"NN"
212421,","
212422,"DT"
212423,"NNP"
212424,"NNP"
212425,"NNP"
212426,"NNP"
212427,"VBD"
212428,"CD"
212429,"NN"
212430,"IN"
212431,"WRB"
212432,"PRP"
212433,"VBD"
212434,"IN"
212435,"NNP"
212436,"CD"
212437,"CD"
212438,"NNS"
212439,"RB"
212440,"."
212441,"JJ"
212442,"NN"
212443,"RB"
212444,"VBD"
212445,"JJ"
212446,"IN"
212447,"JJ"
212448,"JJ"
212449,"NNS"
212450,"IN"
212451,"DT"
212452,"NN"
212453,"."
212454,"DT"
212455,"NN"
212456,"IN"
212457,"CD"
212458,"VBD"
212459,"VBN"
212460,"IN"
212461,"DT"
212462,"JJ"
212463,"NN"
212464,"IN"
212465,"DT"
212466,"JJ"
212467,"NN"
212468,"CC"
212469,"JJ"
212470,"NN"
212471,"NN"
212472,"IN"
212473,"DT"
212474,"NNS"
212475,"VBD"
212476,"."
212477,"DT"
212478,"``"
212479,"NNP"
212480,"NNP"
212481,"''"
212482,"IN"
212483,"CD"
212484,"CC"
212485,"CD"
212486,"VBD"
212487,"JJ"
212488,","
212489,"CC"
212490,"VBD"
212491,"RB"
212492,"VB"
212493,"TO"
212494,"JJ"
212495,"CC"
212496,"JJ"
212497,"NNS"
212498,"."
212499,"RB"
212500,","
212501,"DT"
212502,"NNS"
212503,"VBP"
212504,"NNP"
212505,"POS"
212506,"NN"
212507,","
212508,"IN"
212509,"DT"
212510,"JJ"
212511,"NN"
212512,"WDT"
212513,"MD"
212514,"VB"
212515,"RB"
212516,"DT"
212517,"NN"
212518,","
212519,"IN"
212520,"DT"
212521,"NN"
212522,"IN"
212523,"NN"
212524,"NN"
212525,"."
212526,"``"
212527,"EX"
212528,"VBZ"
212529,"VBN"
212530,"DT"
212531,"NN"
212532,"IN"
212533,"JJ"
212534,"NN"
212535,"WDT"
212536,"VBZ"
212537,"DT"
212538,"JJ"
212539,"NN"
212540,"NN"
212541,"IN"
212542,"PRP"
212543,"VBP"
212544,"VBN"
212545,"DT"
212546,"NN"
212547,","
212548,"''"
212549,"VBZ"
212550,"NNP"
212551,"NNP"
212552,"NNP"
212553,","
212554,"JJ"
212555,"NN"
212556,"NN"
212557,"IN"
212558,"JJ"
212559,"NNP"
212560,"NNP"
212561,"NNP"
212562,"NNP"
212563,"."
212564,"CC"
212565,"JJS"
212566,"NNS"
212567,"VBP"
212568,"DT"
212569,"JJ"
212570,"NN"
212571,"IN"
212572,"JJ"
212573,"NNS"
212574,"MD"
212575,"VB"
212576,"TO"
212577,"VB"
212578,"JJ"
212579,"."
212580,"``"
212581,"WRB"
212582,"PRP"
212583,"VBP"
212584,"DT"
212585,"JJ"
212586,"NN"
212587,","
212588,"''"
212589,"VBZ"
212590,"NNP"
212591,"NNP"
212592,","
212593,"NN"
212594,"IN"
212595,"DT"
212596,"NNP"
212597,"NNP"
212598,"NN"
212599,"NN"
212600,"NN"
212601,"NNP"
212602,"CC"
212603,"NNP"
212604,","
212605,"``"
212606,"PRP"
212607,"VBP"
212608,"IN"
212609,"DT"
212610,"NN"
212611,"TO"
212612,"VB"
212613,"."
212614,"''"
212615,"RB"
212616,"IN"
212617,"NNS"
212618,"WP"
212619,"VBP"
212620,"DT"
212621,"NN"
212622,"NN"
212623,"IN"
212624,"JJ"
212625,"NNS"
212626,":"
212627,"CC"
212628,"DT"
212629,"JJ"
212630,"NN"
212631,"IN"
212632,"NN"
212633,"NNS"
212634,"CC"
212635,"NN"
212636,"NNS"
212637,"VBP"
212638,":"
212639,"DT"
212640,"NN"
212641,"VBZ"
212642,":"
212643,"NN"
212644,"IN"
212645,"DT"
212646,"NN"
212647,"TO"
212648,"VB"
212649,"RB"
212650,","
212651,"CC"
212652,"VB"
212653,"NNS"
212654,"RB"
212655,"IN"
212656,"NNS"
212657,"."
212658,"DT"
212659,"JJS"
212660,"NN"
212661,"NN"
212662,"NNS"
212663,"MD"
212664,"VB"
212665,"VBZ"
212666,"``"
212667,"RB"
212668,"VB"
212669,"JJ"
212670,","
212671,"''"
212672,"VBZ"
212673,"NNP"
212674,"NNP"
212675,"NNP"
212676,","
212677,"JJ"
212678,"NN"
212679,"NN"
212680,"CC"
212681,"NN"
212682,"IN"
212683,"NN"
212684,"NN"
212685,"IN"
212686,"NNP"
212687,"NNP"
212688,"CC"
212689,"NNP"
212690,"NNP"
212691,","
212692,"DT"
212693,"JJ"
212694,"NN"
212695,"NN"
212696,"NN"
212697,"WDT"
212698,"VBZ"
212699,"IN"
212700,"$"
212701,"CD"
212702,"CD"
212703,"."
212704,"IN"
212705,"DT"
212706,"NN"
212707,"NN"
212708,","
212709,"NNP"
212710,"NNP"
212711,"VBZ"
212712,","
212713,"PRP"
212714,"MD"
212715,"VB"
212716,"VBN"
212717,"TO"
212718,"VB"
212719,"IN"
212720,"``"
212721,"DT"
212722,"JJ"
212723,"NN"
212724,"."
212725,"''"
212726,"IN"
212727,"DT"
212728,"JJ"
212729,"NN"
212730,","
212731,"PRP"
212732,"VBZ"
212733,"RB"
212734,"RB"
212735,"DT"
212736,"JJ"
212737,"NN"
212738,"TO"
212739,"VB"
212740,"IN"
212741,"CC"
212742,"VB"
212743,"."
212744,"``"
212745,"DT"
212746,"VBZ"
212747,"DT"
212748,"NN"
212749,"NN"
212750,"RB"
212751,","
212752,"CC"
212753,"WRB"
212754,"NN"
212755,"VBZ"
212756,"TO"
212757,"VB"
212758,","
212759,"PRP"
212760,"MD"
212761,"VB"
212762,"JJ"
212763,"IN"
212764,"NN"
212765,"VBZ"
212766,","
212767,"''"
212768,"PRP"
212769,"VBD"
212770,"."
212771,"``"
212772,"IN"
212773,"PRP"
212774,"VBZ"
212775,"RBR"
212776,"JJ"
212777,"TO"
212778,"VB"
212779,"CC"
212780,"VB"
212781,"WRB"
212782,"NNS"
212783,"VB"
212784,"."
212785,"''"
212786,"NNP"
212787,"NNP"
212788,","
212789,"NN"
212790,"IN"
212791,"NN"
212792,"IN"
212793,"NNP"
212794,"NNP"
212795,"CC"
212796,"NN"
212797,"IN"
212798,"DT"
212799,"NN"
212800,"NN"
212801,"NN"
212802,"NNP"
212803,"NNP"
212804,"NNP"
212805,","
212806,"VBZ"
212807,","
212808,"``"
212809,"PRP$"
212810,"JJ"
212811,"NN"
212812,"MD"
212813,"VB"
212814,"TO"
212815,"RB"
212816,"VB"
212817,"IN"
212818,"PRP"
212819,"."
212820,"RB"
212821,","
212822,"PRP"
212823,"VBZ"
212824,"RB"
212825,"JJ"
212826,"TO"
212827,"VB"
212828,"IN"
212829,"CC"
212830,"RP"
212831,"''"
212832,"IN"
212833,"DT"
212834,"NN"
212835,"NN"
212836,"."
212837,"NNP"
212838,"NNP"
212839,"VBZ"
212840,"IN"
212841,"DT"
212842,"NN"
212843,"VBZ"
212844,"``"
212845,"VBG"
212846,"TO"
212847,"VB"
212848,"DT"
212849,"NN"
212850,"NN"
212851,"."
212852,"''"
212853,"CC"
212854,"PRP"
212855,"RB"
212856,"VBZ"
212857,"PRP"
212858,"VBZ"
212859,"``"
212860,"DT"
212861,"JJ"
212862,"NN"
212863,"TO"
212864,"VB"
212865,"NN"
212866,"."
212867,"''"
212868,"NNP"
212869,"NNP"
212870,","
212871,"JJ"
212872,"NN"
212873,"IN"
212874,"DT"
212875,"NNP"
212876,"NNP"
212877,"NN"
212878,"IN"
212879,"DT"
212880,"NNP"
212881,"NNP"
212882,"IN"
212883,"NNP"
212884,"NNP"
212885,","
212886,"DT"
212887,"NN"
212888,"IN"
212889,"NN"
212890,"NNS"
212891,"CC"
212892,"JJ"
212893,"NNS"
212894,","
212895,"VBZ"
212896,"PRP$"
212897,"JJ"
212898,"NN"
212899,"NNS"
212900,"VBD"
212901,"RB"
212902,"VB"
212903,"IN"
212904,"DT"
212905,"NN"
212906,"IN"
212907,"CD"
212908,","
212909,"CC"
212910,"VB"
212911,"DT"
212912,"NN"
212913,"TO"
212914,"VB"
212915,"RB"
212916,"."
212917,"``"
212918,"PRP"
212919,"VBP"
212920,"VBN"
212921,"JJ"
212922,"NNS"
212923,","
212924,"RB"
212925,"NNS"
212926,","
212927,"''"
212928,"PRP"
212929,"VBZ"
212930,"."
212931,"``"
212932,"PRP"
212933,"VBP"
212934,"NNS"
212935,"CC"
212936,"NN"
212937,"."
212938,"CC"
212939,"PRP"
212940,"VBP"
212941,"TO"
212942,"VB"
212943,"NN"
212944,"IN"
212945,"NNS"
212946,"CC"
212947,"NN"
212948,"NNS"
212949,"WRB"
212950,"PRP"
212951,"NN"
212952,"."
212953,"''"
212954,"CD"
212955,"NN"
212956,"IN"
212957,"NN"
212958,"NNS"
212959,"VBZ"
212960,"WP"
212961,"VBD"
212962,"NNP"
212963,"IN"
212964,"DT"
212965,"NN"
212966,"."
212967,"IN"
212968,"DT"
212969,"JJ"
212970,"NNS"
212971,"CC"
212972,"NNS"
212973,","
212974,"PRP"
212975,"VBP"
212976,","
212977,"NNS"
212978,"MD"
212979,"VB"
212980,"IN"
212981,"NNS"
212982,"TO"
212983,"VB"
212984,"."
212985,"NNP"
212986,"POS"
212987,"NN"
212988,"``"
212989,"VBD"
212990,"DT"
212991,"JJ"
212992,"NN"
212993,","
212994,"''"
212995,"VBZ"
212996,"NNP"
212997,"NNP"
212998,","
212999,"NN"
213000,"IN"
213001,"JJ"
213002,"NN"
213003,"NN"
213004,"IN"
213005,"NNP"
213006,"NNP"
213007,"CC"
213008,"NNP"
213009,"IN"
213010,"NNP"
213011,"NNP"
213012,"."
213013,"``"
213014,"NNS"
213015,"VBD"
213016,"VBG"
213017,"VBN"
213018,"RP"
213019,"IN"
213020,"NNS"
213021,"IN"
213022,"DT"
213023,"NN"
213024,"."
213025,"''"
213026,"PRP$"
213027,"NN"
213028,":"
213029,"``"
213030,"PRP"
213031,"MD"
213032,"TO"
213033,"VB"
213034,"RB"
213035,"IN"
213036,"DT"
213037,"NN"
213038,"VBG"
213039,"PRP"
213040,"."
213041,"''"
213042,"NNP"
213043,"NNP"
213044,","
213045,"NN"
213046,"NN"
213047,"IN"
213048,"DT"
213049,"JJ"
213050,"NN"
213051,"NN"
213052,","
213053,"WDT"
213054,"VBZ"
213055,"NN"
213056,"IN"
213057,"DT"
213058,"NN"
213059,"POS"
213060,"JJR"
213061,"NN"
213062,"NNS"
213063,","
213064,"VBD"
213065,"PRP$"
213066,"NN"
213067,"IN"
213068,"NNP"
213069,"POS"
213070,"NN"
213071,"."
213072,"NNS"
213073,"JJ"
213074,"IN"
213075,"NNP"
213076,"NNP"
213077,"NNP"
213078,","
213079,"NNP"
213080,"NNP"
213081,"NNP"
213082,","
213083,"NNP"
213084,"NNP"
213085,"NNP"
213086,"NNP"
213087,"CC"
213088,"NNP"
213089,"NNP"
213090,"NNP"
213091,"NNP"
213092,"VBD"
213093,"JJ"
213094,"NNS"
213095,"IN"
213096,"PRP"
213097,"MD"
213098,"RB"
213099,"VB"
213100,"PRP"
213101,","
213102,"PRP"
213103,"VBZ"
213104,"."
213105,"CC"
213106,"NNP"
213107,"NNP"
213108,"VBZ"
213109,"TO"
213110,"VB"
213111,"RP"
213112,"JJR"
213113,"NNS"
213114,"NN"
213115,"."
213116,"``"
213117,"PRP"
213118,"MD"
213119,"VB"
213120,"JJ"
213121,"IN"
213122,"JJ"
213123,","
213124,"CC"
213125,"PRP"
213126,"MD"
213127,"RB"
213128,"VB"
213129,"NN"
213130,"IN"
213131,"PRP"
213132,"VBD"
213133,"PRP"
213134,"VBD"
213135,"VBN"
213136,"IN"
213137,"JJ"
213138,"NN"
213139,","
213140,"''"
213141,"PRP"
213142,"VBZ"
213143,"."
213144,"PRP"
213145,"VBZ"
213146,"DT"
213147,"NNS"
213148,"VBP"
213149,"RB"
213150,"VBN"
213151,"RB"
213152,","
213153,"CC"
213154,"IN"
213155,"NN"
213156,"NNS"
213157,"VBP"
213158,"JJR"
213159,"RB"
213160,"IN"
213161,"IN"
213162,"DT"
213163,"NN"
213164,"IN"
213165,"CD"
213166,"."
213167,"NNP"
213168,"NNP"
213169,"IN"
213170,"NNP"
213171,"NNP"
213172,"VBZ"
213173,"IN"
213174,"DT"
213175,"NN"
213176,"MD"
213177,"``"
213178,"VB"
213179,"IN"
213180,"NNS"
213181,"WDT"
213182,"VBP"
213183,"VBN"
213184,"DT"
213185,"NN"
213186,"IN"
213187,"DT"
213188,"RB"
213189,"JJ"
213190,","
213191,"CC"
213192,"NNS"
213193,"WDT"
213194,"VBP"
213195,"VBN"
213196,"VBN"
213197,"IN"
213198,"DT"
213199,"NN"
213200,"JJR"
213201,"IN"
213202,"DT"
213203,"NN"
213204,"IN"
213205,"DT"
213206,"NN"
213207,"."
213208,"''"
213209,"PRP$"
213210,"NN"
213211,"VBZ"
213212,"JJ"
213213,"NN"
213214,","
213215,"NN"
213216,"CC"
213217,"JJ"
213218,"NNS"
213219,"."
213220,"JJ"
213221,"NN"
213222,"NNS"
213223,"VBP"
213224,"RBR"
213225,"JJ"
213226,"."
213227,"PRP"
213228,"VBP"
213229,"NNS"
213230,"MD"
213231,"VB"
213232,"NNS"
213233,":"
213234,"CC"
213235,"RB"
213236,"RB"
213237,"RB"
213238,"RB"
213239,"."
213240,"JJ"
213241,"IN"
213242,"PRP"
213243,"VBP"
213244,"IN"
213245,"DT"
213246,"NN"
213247,"MD"
213248,"VB"
213249,"JJ"
213250,","
213251,"JJ"
213252,","
213253,"CC"
213254,"VBN"
213255,"WRB"
213256,"NN"
213257,"NNS"
213258,"VBP"
213259,"JJ"
213260,"."
213261,"IN"
213262,"NNP"
213263,","
213264,"NNP"
213265,"NNP"
213266,","
213267,"DT"
213268,"NNP"
213269,"NN"
213270,"NN"
213271,","
213272,"VBD"
213273,"NNS"
213274,"NNS"
213275,"IN"
213276,"PRP$"
213277,"JJ"
213278,"NN"
213279,"TO"
213280,"VB"
213281,"DT"
213282,"NN"
213283,"IN"
213284,"DT"
213285,"JJ"
213286,"NN"
213287,"NNS"
213288,"MD"
213289,"VB"
213290,"."
213291,"PRP"
213292,"VBZ"
213293,"DT"
213294,"JJ"
213295,"NN"
213296,"NN"
213297,"VBZ"
213298,"IN"
213299,"CD"
213300,"NN"
213301,"TO"
213302,"CD"
213303,"NN"
213304,","
213305,"RB"
213306,"JJR"
213307,"IN"
213308,"JJS"
213309,"NNS"
213310,"VBP"
213311,"."
213312,"IN"
213313,"DT"
213314,"NN"
213315,"VBZ"
213316,"PRP"
213317,"VBZ"
213318,","
213319,"NNP"
213320,"NNP"
213321,"VBZ"
213322,"VBN"
213323,"NN"
213324,"NNS"
213325,"CC"
213326,"VBN"
213327,"IN"
213328,"NN"
213329,"CC"
213330,"JJ"
213331,"NN"
213332,"NNS"
213333,","
213334,"RB"
213335,"IN"
213336,"DT"
213337,"NN"
213338,"NN"
213339,"."
213340,"PRP"
213341,"VBZ"
213342,"NN"
213343,"NNS"
213344,"VBP"
213345,"VBN"
213346,"TO"
213347,"VB"
213348,"DT"
213349,"NN"
213350,"NN"
213351,"WRB"
213352,"NN"
213353,","
213354,"JJ"
213355,"CC"
213356,"JJ"
213357,"NN"
213358,"NNS"
213359,"VBP"
213360,"RB"
213361,"JJ"
213362,"."
213363,"IN"
213364,"PRP"
213365,"VBZ"
213366,"DT"
213367,"NN"
213368,"MD"
213369,"VB"
213370,"IN"
213371,"DT"
213372,"NN"
213373,"IN"
213374,"JJ"
213375,"NN"
213376,"."
213377,"IN"
213378,"DT"
213379,"NN"
213380,","
213381,"NNP"
213382,"NNP"
213383,"VBZ"
213384,","
213385,"``"
213386,"PRP"
213387,"VBP"
213388,"DT"
213389,"NN"
213390,"NN"
213391,"VBZ"
213392,"IN"
213393,","
213394,"''"
213395,"CC"
213396,"NNS"
213397,"VBP"
213398,"RB"
213399,"TO"
213400,"VB"
213401,"DT"
213402,"NN"
213403,"NN"
213404,"."
213405,"NNP"
213406,"NNP"
213407,"NNP"
213408,","
213409,"NN"
213410,"NN"
213411,"IN"
213412,"NNP"
213413,"NNP"
213414,"NNP"
213415,"CC"
213416,"NNP"
213417,","
213418,"VBZ"
213419,"NNP"
213420,"NNS"
213421,"("
213422,"IN"
213423,"RB"
213424,"TO"
213425,"CD"
213426,"NNS"
213427,"POS"
213428,"NN"
213429,")"
213430,"."
213431,"PRP"
213432,"VBZ"
213433,"DT"
213434,"NNP"
213435,"CD"
213436,"NN"
213437,"NN"
213438,","
213439,"VBG"
213440,"JJR"
213441,"JJ"
213442,"NN"
213443,"CC"
213444,"DT"
213445,"JJ"
213446,"NN"
213447,"IN"
213448,"DT"
213449,"NN"
213450,"NN"
213451,","
213452,"VBZ"
213453,"DT"
213454,"NN"
213455,"NN"
213456,"TO"
213457,"NNS"
213458,"."
213459,"CD"
213460,"NN"
213461,"IN"
213462,"NNS"
213463,"WP"
213464,"VBP"
213465,"TO"
213466,"VB"
213467,"IN"
213468,"CC"
213469,"VB"
213470,"PRP$"
213471,"NNS"
213472,"VBZ"
213473,"TO"
213474,"VB"
213475,"``"
213476,"VBN"
213477,"''"
213478,"NNS"
213479,","
213480,"RB"
213481,"IN"
213482,"DT"
213483,"JJ"
213484,"NNS"
213485,"PRP"
213486,"JJ"
213487,"CC"
213488,"IN"
213489,"DT"
213490,"JJ"
213491,"NN"
213492,"NN"
213493,"."
213494,"DT"
213495,"NN"
213496,"NN"
213497,"VBZ"
213498,"PRP$"
213499,"NN"
213500,"DT"
213501,"NN"
213502,"("
213503,"CC"
213504,"RB"
213505,"DT"
213506,"NN"
213507,")"
213508,"TO"
213509,"VB"
213510,"DT"
213511,"NN"
213512,"("
213513,"CC"
213514,"NN"
213515,"NN"
213516,")"
213517,"IN"
213518,"DT"
213519,"JJ"
213520,"NN"
213521,"("
213522,"DT"
213523,"NN"
213524,"NN"
213525,")"
213526,"IN"
213527,"DT"
213528,"NN"
213529,"VBZ"
213530,"."
213531,"IN"
213532,"DT"
213533,"NN"
213534,"VBZ"
213535,"JJ"
213536,"VBZ"
213537,"IN"
213538,"DT"
213539,"NN"
213540,"IN"
213541,"DT"
213542,"NN"
213543,"."
213544,"DT"
213545,"NN"
213546,","
213547,"CC"
213548,"NN"
213549,","
213550,"VBZ"
213551,"TO"
213552,"VB"
213553,"NN"
213554,"IN"
213555,"NNS"
213556,"IN"
213557,"NN"
213558,"."
213559,"RB"
213560,","
213561,"NN"
213562,"VBZ"
213563,"IN"
213564,"DT"
213565,"JJ"
213566,"NN"
213567,"NN"
213568,"MD"
213569,"VB"
213570,"DT"
213571,"JJ"
213572,"NN"
213573,"TO"
213574,"VB"
213575,"IN"
213576,"NN"
213577,"."
213578,"DT"
213579,"NNS"
213580,"IN"
213581,"VBZ"
213582,"RB"
213583,"VBD"
213584,"RB"
213585,"VB"
213586,"NNP"
213587,"."
213588,"IN"
213589,"NN"
213590,","
213591,"DT"
213592,"NN"
213593,"IN"
213594,"DT"
213595,"NN"
213596,"IN"
213597,"DT"
213598,"NN"
213599,"NN"
213600,"IN"
213601,"JJ"
213602,"VBZ"
213603,"IN"
213604,"NNP"
213605,"NNP"
213606,"CC"
213607,"NNP"
213608,"VBD"
213609,"RP"
213610,"IN"
213611,"CD"
213612,"NN"
213613,"IN"
213614,"NNP"
213615,"POS"
213616,"NN"
213617,"TO"
213618,"RB"
213619,"CD"
213620,"NN"
213621,"IN"
213622,"NNP"
213623,"POS"
213624,"NN"
213625,","
213626,"RB"
213627,"IN"
213628,"DT"
213629,"NNS"
213630,"VBD"
213631,"JJR"
213632,"IN"
213633,"$"
213634,"CD"
213635,"."
213636,"CC"
213637,"JJ"
213638,"NNS"
213639,"MD"
213640,"VB"
213641,"WRB"
213642,"NN"
213643,"NNS"
213644,"NN"
213645,"."
213646,"PRP"
213647,"VBZ"
213648,"JJ"
213649,"TO"
213650,"VB"
213651,"IN"
213652,"DT"
213653,"JJ"
213654,"NN"
213655,"IN"
213656,"VBZ"
213657,"."
213658,"CC"
213659,"NNS"
213660,"MD"
213661,"VB"
213662,"IN"
213663,"NN"
213664,","
213665,"IN"
213666,"VBG"
213667,"RB"
213668,"RB"
213669,","
213670,"IN"
213671,"DT"
213672,"JJ"
213673,"JJ"
213674,"NN"
213675,"IN"
213676,"NN"
213677,"NNS"
213678,","
213679,"RB"
213680,","
213681,"VBZ"
213682,"CD"
213683,"NN"
213684,"TO"
213685,"CD"
213686,"NN"
213687,"DT"
213688,"NN"
213689,":"
213690,"DT"
213691,"NN"
213692,"IN"
213693,"CD"
213694,"NN"
213695,"VBZ"
213696,"VBN"
213697,"JJ"
213698,"."
213699,"NNP"
213700,","
213701,"VBP"
213702,","
213703,"CD"
213704,"NN"
213705,"IN"
213706,"NN"
213707,"IN"
213708,"NNS"
213709,"VBZ"
213710,"DT"
213711,"JJ"
213712,"NN"
213713,"IN"
213714,"IN"
213715,"DT"
213716,"NN"
213717,"."
213718,"NNP"
213719,"NNP"
213720,"NNP"
213721,"CC"
213722,"NNP"
213723,"NNP"
213724,"VBD"
213725,"TO"
213726,"DT"
213727,"NN"
213728,"."
213729,"O"
213730,"NNP"
213731,"NNP"
213732,"NNP"
213733,"NNP"
213734,"VBD"
213735,"PRP"
213736,"VBD"
213737,"$"
213738,"CD"
213739,"CD"
213740,"IN"
213741,"JJ"
213742,"NN"
213743,"TO"
213744,"PRP$"
213745,"NNS"
213746,"IN"
213747,"$"
213748,"CD"
213749,"DT"
213750,"NN"
213751,","
213752,"VBG"
213753,"PRP"
213754,"DT"
213755,"JJ"
213756,"NN"
213757,"IN"
213758,"JJR"
213759,"IN"
213760,"CD"
213761,"NN"
213762,"IN"
213763,"DT"
213764,"JJ"
213765,"JJ"
213766,"NN"
213767,"NN"
213768,"NN"
213769,"."
213770,"DT"
213771,"NN"
213772,","
213773,"WDT"
213774,"VBD"
213775,"VBN"
213776,"IN"
213777,"NNP"
213778,"IN"
213779,"NNP"
213780,","
213781,"NNP"
213782,"CC"
213783,"NNP"
213784,"IN"
213785,"DT"
213786,"JJ"
213787,"NN"
213788,","
213789,"VBD"
213790,"VBN"
213791,"TO"
213792,"VB"
213793,"RB"
213794,"TO"
213795,"$"
213796,"CD"
213797,"CD"
213798,"IN"
213799,"NN"
213800,","
213801,"CC"
213802,"DT"
213803,"CD"
213804,"NN"
213805,"NN"
213806,"IN"
213807,"DT"
213808,"NN"
213809,","
213810,"TO"
213811,"PRP$"
213812,"CD"
213813,"NNS"
213814,"."
213815,"IN"
213816,"DT"
213817,"NN"
213818,"VBD"
213819,"RB"
213820,"VB"
213821,"RB"
213822,","
213823,"NNP"
213824,"NNP"
213825,"NNP"
213826,","
213827,"NN"
213828,"CC"
213829,"JJ"
213830,"NN"
213831,"NN"
213832,","
213833,"VBD"
213834,","
213835,"``"
213836,"PRP"
213837,"VBP"
213838,"RB"
213839,"JJ"
213840,"IN"
213841,"DT"
213842,"NNS"
213843,"POS"
213844,"NN"
213845,"."
213846,"''"
213847,"PRP"
213848,"VBD"
213849,"IN"
213850,"IN"
213851,"DT"
213852,"NN"
213853,"NN"
213854,"NN"
213855,"NN"
213856,","
213857,"WRB"
213858,"DT"
213859,"NN"
213860,"RB"
213861,"VBZ"
213862,"NN"
213863,"IN"
213864,"JJ"
213865,"NN"
213866,"NNS"
213867,"TO"
213868,"VB"
213869,"NN"
213870,"IN"
213871,"PRP"
213872,"VBZ"
213873,"RB"
213874,"TO"
213875,"NN"
213876,"NNS"
213877,"IN"
213878,"NN"
213879,","
213880,"RB"
213881,"NNS"
213882,"VBD"
213883,"TO"
213884,"VB"
213885,"IN"
213886,"PRP$"
213887,"JJ"
213888,"NN"
213889,"IN"
213890,"DT"
213891,"NN"
213892,"."
213893,"``"
213894,"PRP"
213895,"VBD"
213896,"RB"
213897,"IN"
213898,"PRP$"
213899,"JJ"
213900,"NN"
213901,"RB"
213902,"IN"
213903,"VBN"
213904,"NN"
213905,","
213906,"''"
213907,"NNP"
213908,"NNP"
213909,"VBD"
213910,"."
213911,"``"
213912,"PRP"
213913,"VBZ"
213914,"RB"
213915,"JJ"
213916,"."
213917,"''"
213918,"PRP"
213919,"VBD"
213920,"DT"
213921,"NN"
213922,"VBD"
213923,"VBN"
213924,"TO"
213925,"VB"
213926,"JJ"
213927,"NNS"
213928,"IN"
213929,"NNS"
213930,"."
213931,"``"
213932,"PRP"
213933,"VBP"
213934,"IN"
213935,"DT"
213936,"NN"
213937,"NN"
213938,","
213939,"CC"
213940,"IN"
213941,"DT"
213942,"NN"
213943,","
213944,"PRP"
213945,"VBZ"
213946,"JJ"
213947,"TO"
213948,"VB"
213949,"PRP$"
213950,"NNS"
213951,"VBN"
213952,"IN"
213953,"DT"
213954,"NN"
213955,"IN"
213956,"PRP"
213957,"VBP"
213958,"DT"
213959,"NN"
213960,"IN"
213961,"DT"
213962,"NN"
213963,"."
213964,"''"
213965,"DT"
213966,"NN"
213967,"NN"
213968,"MD"
213969,"RB"
213970,"VB"
213971,"DT"
213972,"NN"
213973,"IN"
213974,"DT"
213975,"NN"
213976,"."
213977,"NNS"
213978,"VBP"
213979,"DT"
213980,"NN"
213981,"TO"
213982,"VB"
213983,"NN"
213984,"IN"
213985,"PRP"
213986,","
213987,"CC"
213988,"DT"
213989,"NN"
213990,"MD"
213991,"VB"
213992,"DT"
213993,"JJ"
213994,"NN"
213995,"NN"
213996,"IN"
213997,"DT"
213998,"NNS"
213999,"."
214000,"PRP"
214001,"MD"
214002,"RB"
214003,"RB"
214004,"VB"
214005,"DT"
214006,"NNS"
214007,"TO"
214008,"JJ"
214009,"NNS"
214010,","
214011,"CC"
214012,"DT"
214013,"JJ"
214014,"NNS"
214015,"WP"
214016,"VBP"
214017,"DT"
214018,"JJ"
214019,"CD"
214020,"NN"
214021,"IN"
214022,"NNP"
214023,"NNP"
214024,"VBP"
214025,"DT"
214026,"NN"
214027,"TO"
214028,"JJ"
214029,"NN"
214030,"."
214031,"DT"
214032,"JJ"
214033,"NNS"
214034,"IN"
214035,"NNP"
214036,"NNP"
214037,"VBP"
214038,"NNP"
214039,"NNP"
214040,","
214041,"DT"
214042,"RB"
214043,"VBN"
214044,"NNP"
214045,","
214046,"NNP"
214047,","
214048,"NN"
214049,"NN"
214050,"NN"
214051,"WP$"
214052,"NN"
214053,"VBZ"
214054,"NNP"
214055,"NNP"
214056,","
214057,"JJ"
214058,"NN"
214059,"IN"
214060,"NN"
214061,":"
214062,"NNP"
214063,"NNP"
214064,"NNP"
214065,","
214066,"JJ"
214067,"NN"
214068,"TO"
214069,"NNP"
214070,"NNP"
214071,":"
214072,"NNP"
214073,"NNP"
214074,"NNP"
214075,"IN"
214076,"NNP"
214077,":"
214078,"NNP"
214079,"NNP"
214080,"NNP"
214081,","
214082,"DT"
214083,"JJ"
214084,"NNS"
214085,"NN"
214086,"IN"
214087,"NNP"
214088,"NNP"
214089,"NNP"
214090,":"
214091,"NNP"
214092,"NNP"
214093,"NNP"
214094,","
214095,"DT"
214096,"NN"
214097,"IN"
214098,"NNP"
214099,"NNP"
214100,"NNP"
214101,"NNP"
214102,"NNP"
214103,":"
214104,"CC"
214105,"DT"
214106,"NN"
214107,"IN"
214108,"JJ"
214109,"NNS"
214110,"VBN"
214111,"IN"
214112,"DT"
214113,"NN"
214114,"NN"
214115,"NN"
214116,"IN"
214117,"JJ"
214118,"NNP"
214119,"NNP"
214120,"."
214121,"NNP"
214122,"NNP"
214123,"CC"
214124,"NNP"
214125,"VBN"
214126,"DT"
214127,"$"
214128,"CD"
214129,"CD"
214130,"NN"
214131,"IN"
214132,"NNP"
214133,"NNP"
214134,"."
214135,"NNP"
214136,"NNP"
214137,"RB"
214138,"VBD"
214139,"CD"
214140,"JJ"
214141,"NN"
214142,"NNS"
214143,"IN"
214144,"PRP$"
214145,"CD"
214146,"NN"
214147,"NN"
214148,"."
214149,"DT"
214150,"NNS"
214151,"VBP"
214152,"NNP"
214153,"NNP"
214154,","
214155,"JJ"
214156,"JJ"
214157,"NN"
214158,"IN"
214159,"NNP"
214160,"NNP"
214161,"NNP"
214162,":"
214163,"NNP"
214164,"NNP"
214165,","
214166,"JJ"
214167,"NN"
214168,"NN"
214169,"IN"
214170,"NNP"
214171,"NNP"
214172,"NNP"
214173,"NNP"
214174,":"
214175,"CC"
214176,"NNP"
214177,"NNP"
214178,","
214179,"JJ"
214180,"NN"
214181,"IN"
214182,"NN"
214183,"CC"
214184,"RB"
214185,"DT"
214186,"JJ"
214187,"NN"
214188,"."
214189,"O"
214190,"DT"
214191,"JJ"
214192,"JJ"
214193,"NN"
214194,"DT"
214195,"NN"
214196,"IN"
214197,"NNP"
214198,"NN"
214199,"CC"
214200,"NNS"
214201,"NN"
214202,"MD"
214203,"VB"
214204,"DT"
214205,"NN"
214206,"IN"
214207,"DT"
214208,"NNP"
214209,"NNP"
214210,"NNP"
214211,"."
214212,"IN"
214213,"DT"
214214,"NN"
214215,"VBG"
214216,"IN"
214217,"DT"
214218,"CD"
214219,"NN"
214220,","
214221,"NN"
214222,"IN"
214223,"DT"
214224,"NNP"
214225,"POS"
214226,"NN"
214227,"NNS"
214228,"MD"
214229,"VB"
214230,"IN"
214231,"CD"
214232,"NNS"
214233,"IN"
214234,"DT"
214235,"NN"
214236,"VBZ"
214237,"CC"
214238,"VBZ"
214239,"CD"
214240,"NNS"
214241,"IN"
214242,"NNP"
214243,"POS"
214244,"NN"
214245,","
214246,"DT"
214247,"NN"
214248,"JJ"
214249,"TO"
214250,"CD"
214251,"NNS"
214252,"IN"
214253,"DT"
214254,"NNP"
214255,"NNP"
214256,"NNP"
214257,"NNP"
214258,"."
214259,"DT"
214260,"NN"
214261,"IN"
214262,"DT"
214263,"NN"
214264,"MD"
214265,"VB"
214266,"TO"
214267,"VB"
214268,"DT"
214269,"NN"
214270,"IN"
214271,"DT"
214272,"NNP"
214273,"NNP"
214274,"NNP"
214275,"NNP"
214276,","
214277,"WDT"
214278,"MD"
214279,"VB"
214280,"VBN"
214281,"IN"
214282,"PDT"
214283,"DT"
214284,"JJ"
214285,"NN"
214286,"IN"
214287,"DT"
214288,"NNP"
214289,"."
214290,"DT"
214291,"JJ"
214292,"NN"
214293,"VBZ"
214294,"RB"
214295,"VBN"
214296,"IN"
214297,"DT"
214298,"NN"
214299,"IN"
214300,"NNS"
214301,"VBN"
214302,"IN"
214303,"DT"
214304,"CD"
214305,"NN"
214306,"."
214307,"DT"
214308,"NNP"
214309,"NNP"
214310,"RB"
214311,"VBD"
214312,"NN"
214313,"NN"
214314,"TO"
214315,"VB"
214316,"JJ"
214317,"NNS"
214318,"IN"
214319,"NN"
214320,"NN"
214321,"."
214322,"JJ"
214323,"IN"
214324,"DT"
214325,"JJ"
214326,"NNS"
214327,"VBD"
214328,"IN"
214329,"IN"
214330,"NNP"
214331,"POS"
214332,"JJ"
214333,"NN"
214334,"CC"
214335,"VBD"
214336,"RB"
214337,"VBN"
214338,","
214339,"RB"
214340,"IN"
214341,"PRP"
214342,"VBD"
214343,"RB"
214344,"VB"
214345,"DT"
214346,"JJ"
214347,"NN"
214348,"."
214349,"CC"
214350,"DT"
214351,"JJ"
214352,"``"
214353,"NN"
214354,"NNS"
214355,"''"
214356,"VBP"
214357,"RB"
214358,"TO"
214359,"VB"
214360,"VBN"
214361,"."
214362,"DT"
214363,"JJR"
214364,"NN"
214365,"NN"
214366,"NN"
214367,"MD"
214368,"VB"
214369,"PRP"
214370,"PRP$"
214371,"JJ"
214372,"NN"
214373,"."
214374,"DT"
214375,"JJ"
214376,"NN"
214377,"RB"
214378,"MD"
214379,"VB"
214380,"NN"
214381,"IN"
214382,"DT"
214383,"NN"
214384,"IN"
214385,"JJ"
214386,","
214387,"RBR"
214388,"JJ"
214389,"NNS"
214390,"VBN"
214391,":"
214392,"CC"
214393,"RB"
214394,"VBN"
214395,":"
214396,"IN"
214397,"DT"
214398,"JJ"
214399,"NN"
214400,"."
214401,"RBS"
214402,"RB"
214403,","
214404,"JJ"
214405,"IN"
214406,"DT"
214407,"JJ"
214408,"NNS"
214409,"VBN"
214410,"IN"
214411,"DT"
214412,"NNP"
214413,"NNP"
214414,"NNP"
214415,","
214416,"WDT"
214417,"VBD"
214418,"DT"
214419,"CD"
214420,"NN"
214421,","
214422,"MD"
214423,"VB"
214424,"VBN"
214425,":"
214426,"RB"
214427,"IN"
214428,"DT"
214429,"NN"
214430,"POS"
214431,"NN"
214432,"VBZ"
214433,"RB"
214434,"DT"
214435,"NN"
214436,"NN"
214437,"."
214438,"DT"
214439,"RBS"
214440,"JJ"
214441,"IN"
214442,"DT"
214443,"NNP"
214444,"NNS"
214445,"VBD"
214446,"VBG"
214447,"DT"
214448,"JJ"
214449,"NN"
214450,"NN"
214451,"TO"
214452,"VB"
214453,"JJ"
214454,"NN"
214455,"NNS"
214456,","
214457,"JJ"
214458,"IN"
214459,"VBG"
214460,"JJ"
214461,"NN"
214462,"NNS"
214463,"IN"
214464,"DT"
214465,"NN"
214466,"CC"
214467,"NNS"
214468,"NNS"
214469,"."
214470,"CC"
214471,"IN"
214472,"DT"
214473,"NN"
214474,","
214475,"NN"
214476,"VBZ"
214477,"IN"
214478,"DT"
214479,"NNS"
214480,"WDT"
214481,"VBD"
214482,"VBN"
214483,"IN"
214484,"NN"
214485,","
214486,"CC"
214487,"NN"
214488,"NNS"
214489,"CC"
214490,"NNS"
214491,"VBD"
214492,"DT"
214493,"NN"
214494,"NNS"
214495,"VBD"
214496,"RB"
214497,"VBN"
214498,"."
214499,"NNP"
214500,"NNP"
214501,"CC"
214502,"NNP"
214503,"NNS"
214504,"VBD"
214505,"NN"
214506,"IN"
214507,"DT"
214508,"NNS"
214509,"IN"
214510,"CD"
214511,"NNS"
214512,"VBD"
214513,"IN"
214514,"IN"
214515,"DT"
214516,"NNP"
214517,"POS"
214518,"NNP"
214519,"CC"
214520,"NNP"
214521,"POS"
214522,"CD"
214523,"NN"
214524,","
214525,"RB"
214526,"RB"
214527,"IN"
214528,"``"
214529,"JJ"
214530,"''"
214531,"NNS"
214532,"IN"
214533,"NNS"
214534,"."
214535,"DT"
214536,"NNS"
214537,":"
214538,"IN"
214539,"CD"
214540,"NN"
214541,"TO"
214542,"CD"
214543,"NN"
214544,"FW"
214545,"CC"
214546,"IN"
214547,"FW"
214548,"NN"
214549,"IN"
214550,"DT"
214551,"NN"
214552,"IN"
214553,"VBG"
214554,"DT"
214555,"NN"
214556,"RB"
214557,":"
214558,"VBD"
214559,"NNS"
214560,"TO"
214561,"VB"
214562,"CC"
214563,"VB"
214564,"NNS"
214565,"IN"
214566,"NNS"
214567,"IN"
214568,"CC"
214569,"JJR"
214570,"IN"
214571,"PRP$"
214572,"JJ"
214573,"NNS"
214574,"."
214575,"IN"
214576,"DT"
214577,"JJ"
214578,"NN"
214579,","
214580,"IN"
214581,"DT"
214582,"NNP"
214583,"NN"
214584,"VBD"
214585,"VBN"
214586,"CD"
214587,"NNS"
214588,","
214589,"DT"
214590,"NNP"
214591,"NNP"
214592,"POS"
214593,"``"
214594,"NN"
214595,"''"
214596,"NN"
214597,"NN"
214598,"RB"
214599,"VBD"
214600,"VBN"
214601,"."
214602,"DT"
214603,"NN"
214604,"VBZ"
214605,"VBN"
214606,"TO"
214607,"VB"
214608,"JJ"
214609,"NN"
214610,"NNS"
214611,"IN"
214612,"DT"
214613,"JJ"
214614,"NNS"
214615,"TO"
214616,"VB"
214617,"NN"
214618,"NNS"
214619,"VB"
214620,"NN"
214621,"NNS"
214622,"IN"
214623,"JJ"
214624,"NNS"
214625,"."
214626,"NNP"
214627,"NNP"
214628,"NN"
214629,"VBD"
214630,"DT"
214631,"NN"
214632,"IN"
214633,"DT"
214634,"NN"
214635,"NN"
214636,"IN"
214637,"DT"
214638,"CD"
214639,"NNS"
214640,"TO"
214641,"DT"
214642,"NN"
214643,"IN"
214644,"DT"
214645,"JJ"
214646,"NN"
214647,"."
214648,"``"
214649,"PRP"
214650,"VBP"
214651,"RB"
214652,"VB"
214653,"DT"
214654,"NN"
214655,"CC"
214656,"PRP"
214657,"VBP"
214658,"WP"
214659,"TO"
214660,"VB"
214661,","
214662,"''"
214663,"VBD"
214664,"NNP"
214665,"NNP"
214666,","
214667,"DT"
214668,"JJ"
214669,"NN"
214670,"NN"
214671,"CC"
214672,"DT"
214673,"NNP"
214674,"NN"
214675,"."
214676,"``"
214677,"EX"
214678,"VBD"
214679,"DT"
214680,"NN"
214681,"."
214682,"DT"
214683,"NN"
214684,"VBD"
214685,"DT"
214686,"NN"
214687,"PRP"
214688,"VBD"
214689,"PRP"
214690,"TO"
214691,"VB"
214692,"."
214693,"''"
214694,"IN"
214695,"NN"
214696,"IN"
214697,"IN"
214698,"CD"
214699,"NNS"
214700,","
214701,"DT"
214702,"NNP"
214703,"NN"
214704,"VBD"
214705,"TO"
214706,"PRP$"
214707,"JJ"
214708,"NN"
214709,"CC"
214710,"DT"
214711,"JJ"
214712,"NN"
214713,"VBD"
214714,"IN"
214715,"NN"
214716,"."
214717,"NNS"
214718,"RB"
214719,"VBD"
214720,"DT"
214721,"JJ"
214722,"NN"
214723,"``"
214724,"VBG"
214725,"TO"
214726,"VB"
214727,"IN"
214728,"DT"
214729,"NNP"
214730,"MD"
214731,"VB"
214732,"CD"
214733,"NNS"
214734,","
214735,"''"
214736,"NNP"
214737,"NNP"
214738,"VBD"
214739,","
214740,"VBG"
214741,"TO"
214742,"DT"
214743,"NN"
214744,"IN"
214745,"WDT"
214746,"DT"
214747,"NN"
214748,"NN"
214749,"PRP"
214750,"MD"
214751,"VB"
214752,"VBN"
214753,"IN"
214754,"DT"
214755,"NN"
214756,"."
214757,"NNP"
214758,"NNP"
214759,"VBD"
214760,"IN"
214761,"CD"
214762,"NN"
214763,"TO"
214764,"CD"
214765,"NN"
214766,"IN"
214767,"DT"
214768,"NNP"
214769,"NNS"
214770,"``"
214771,"VBD"
214772,"RB"
214773,"VBG"
214774,"RP"
214775,"VBG"
214776,"."
214777,"''"
214778,"CC"
214779,"DT"
214780,"JJ"
214781,"NN"
214782,"NN"
214783,"RB"
214784,"VBD"
214785,"TO"
214786,"VB"
214787,"IN"
214788,","
214789,"CC"
214790,"NNS"
214791,"IN"
214792,"DT"
214793,"NNP"
214794,"NNP"
214795,"IN"
214796,"NNP"
214797,"POS"
214798,"NNP"
214799,"NNP"
214800,"NNP"
214801,"RB"
214802,"VBD"
214803,"RB"
214804,"VBN"
214805,"."
214806,"DT"
214807,"NNP"
214808,"CC"
214809,"DT"
214810,"NNP"
214811,"CD"
214812,"VBP"
214813,"DT"
214814,"CD"
214815,"JJ"
214816,"NNS"
214817,"VBN"
214818,"IN"
214819,"NN"
214820,"NNS"
214821,"TO"
214822,"VB"
214823,"PRP$"
214824,"JJ"
214825,"NN"
214826,"NNS"
214827,"."
214828,"DT"
214829,"NNS"
214830,"VBP"
214831,"VBN"
214832,"IN"
214833,"JJ"
214834,"TO"
214835,"VB"
214836,"DT"
214837,"JJ"
214838,"NN"
214839,"IN"
214840,"DT"
214841,"CD"
214842,"NN"
214843,"."
214844,"DT"
214845,"NN"
214846,"IN"
214847,"JJ"
214848,"NNS"
214849,"VBD"
214850,"IN"
214851,"NNS"
214852,"TO"
214853,"VB"
214854,"DT"
214855,"NNS"
214856,"CC"
214857,"VBD"
214858,"RP"
214859,"DT"
214860,"NN"
214861,"RB"
214862,"IN"
214863,"DT"
214864,"NN"
214865,"IN"
214866,"RB"
214867,"JJ"
214868,"NNS"
214869,"."
214870,"IN"
214871,"NNP"
214872,"CD"
214873,","
214874,"RB"
214875,"IN"
214876,"DT"
214877,"NN"
214878,"NN"
214879,","
214880,"NNP"
214881,"VBD"
214882,"NN"
214883,"IN"
214884,"NN"
214885,"IN"
214886,"JJ"
214887,"NNS"
214888,"IN"
214889,"DT"
214890,"NN"
214891,"DT"
214892,"JJ"
214893,"NNS"
214894,"VBP"
214895,"VBN"
214896,"CC"
214897,"VBN"
214898,"."
214899,"IN"
214900,"DT"
214901,"JJ"
214902,"NN"
214903,"IN"
214904,"JJ"
214905,"NN"
214906,"VBD"
214907,"VBN"
214908,"RB"
214909,"TO"
214910,"DT"
214911,"NN"
214912,"IN"
214913,"NNS"
214914,"TO"
214915,"VB"
214916,"JJ"
214917,"NN"
214918,"NNS"
214919,"IN"
214920,"JJ"
214921,"NN"
214922,"TO"
214923,"VB"
214924,"NN"
214925,"NNS"
214926,"NN"
214927,"TO"
214928,"VB"
214929,"CC"
214930,"VB"
214931,"NNS"
214932,"."
214933,"IN"
214934,"NN"
214935,","
214936,"NNS"
214937,"VBD"
214938,"VBN"
214939,"IN"
214940,"JJ"
214941,"NN"
214942,","
214943,"CC"
214944,"NNS"
214945,"VBD"
214946,"VBN"
214947,"TO"
214948,"RBR"
214949,"VB"
214950,"DT"
214951,"NN"
214952,"CC"
214953,"NNS"
214954,"NNS"
214955,"."
214956,"JJ"
214957,"NNS"
214958,"VBD"
214959,"VBN"
214960,"IN"
214961,"DT"
214962,"NN"
214963,"DT"
214964,"NNS"
214965,"VBP"
214966,"VBN"
214967,"."
214968,"IN"
214969,"DT"
214970,"NN"
214971,"DT"
214972,"JJ"
214973,"NN"
214974,"VBD"
214975,"NN"
214976,"NN"
214977,","
214978,"WDT"
214979,"VBD"
214980,"RB"
214981,"VBN"
214982,"CC"
214983,"RB"
214984,"VBN"
214985,"IN"
214986,"NNP"
214987,"NNP"
214988,"."
214989,"EX"
214990,"VBD"
214991,"RB"
214992,"VBZ"
214993,"TO"
214994,"VB"
214995,"DT"
214996,"NN"
214997,"NNS"
214998,"IN"
214999,"``"
215000,"JJ"
215001,"''"
215002,"NNS"
215003,","
215004,"JJ"
215005,"IN"
215006,"JJ"
215007,"NNS"
215008,"CC"
215009,"NNS"
215010,","
215011,"WDT"
215012,"NNP"
215013,"NNP"
215014,"NNP"
215015,"NNP"
215016,","
215017,"IN"
215018,"NN"
215019,","
215020,"VBD"
215021,"TO"
215022,"``"
215023,"FW"
215024,"VBN"
215025,"TO"
215026,"DT"
215027,"JJ"
215028,"NN"
215029,"."
215030,"''"
215031,"CC"
215032,"EX"
215033,"VBD"
215034,"JJ"
215035,"NN"
215036,"IN"
215037,"DT"
215038,"NNP"
215039,"NNP"
215040,"NNP"
215041,"NNP"
215042,"POS"
215043,"NN"
215044,"IN"
215045,"VBG"
215046,"NN"
215047,"NNS"
215048,"VBP"
215049,"IN"
215050,"NNS"
215051,","
215052,"CC"
215053,"NN"
215054,"NNS"
215055,"."
215056,"WRB"
215057,"DT"
215058,"NNP"
215059,"NNP"
215060,"NNP"
215061,"POS"
215062,"JJ"
215063,"NN"
215064,"IN"
215065,"DT"
215066,"NN"
215067,"VBD"
215068,"VBN"
215069,"IN"
215070,"NNP"
215071,"CD"
215072,","
215073,"PRP"
215074,"RB"
215075,"VBD"
215076,"DT"
215077,"NNS"
215078,"POS"
215079,"NN"
215080,"."
215081,"VBG"
215082,"IN"
215083,"DT"
215084,"JJ"
215085,"JJ"
215086,"NNS"
215087,"VBN"
215088,"IN"
215089,"CD"
215090,","
215091,"CC"
215092,"VBG"
215093,"IN"
215094,"DT"
215095,"NN"
215096,"VBD"
215097,"``"
215098,"VBD"
215099,"DT"
215100,"NN"
215101,"IN"
215102,"DT"
215103,"JJ"
215104,"JJ"
215105,"NN"
215106,"NN"
215107,","
215108,"''"
215109,"DT"
215110,"JJ"
215111,"NN"
215112,"NN"
215113,"VBN"
215114,"IN"
215115,"VBG"
215116,"DT"
215117,"NN"
215118,"TO"
215119,"VB"
215120,"DT"
215121,"NNS"
215122,","
215123,"TO"
215124,"VB"
215125,"NNS"
215126,"JJ"
215127,"IN"
215128,"NNS"
215129,","
215130,"TO"
215131,"VB"
215132,"NN"
215133,"NNS"
215134,"CC"
215135,"TO"
215136,"VB"
215137,"NN"
215138,"NNS"
215139,"."
215140,"RB"
215141,"DT"
215142,"NN"
215143,"IN"
215144,"DT"
215145,"NNS"
215146,"RB"
215147,"VBD"
215148,"VBN"
215149,"."
215150,"DT"
215151,"NNP"
215152,"NNP"
215153,"NNP"
215154,"VBD"
215155,"DT"
215156,"NNP"
215157,"NNS"
215158,"IN"
215159,"NN"
215160,"POS"
215161,"NN"
215162,"CC"
215163,"VBD"
215164,"DT"
215165,"JJ"
215166,"NN"
215167,":"
215168,"DT"
215169,"NNP"
215170,"NNP"
215171,"IN"
215172,"DT"
215173,"NNP"
215174,"NNP"
215175,":"
215176,"TO"
215177,"VB"
215178,"PRP$"
215179,"NN"
215180,"CC"
215181,"DT"
215182,"IN"
215183,"JJ"
215184,"NN"
215185,"NNS"
215186,"."
215187,"IN"
215188,"NNP"
215189,"CD"
215190,","
215191,"DT"
215192,"NNP"
215193,"NNP"
215194,","
215195,"VBD"
215196,"RB"
215197,"IN"
215198,"NNS"
215199,"IN"
215200,"DT"
215201,"NNP"
215202,"NNP"
215203,","
215204,"DT"
215205,"NNP"
215206,","
215207,"DT"
215208,"NNP"
215209,"CC"
215210,"NNP"
215211,"NNP"
215212,","
215213,"CC"
215214,"DT"
215215,"NNP"
215216,"NNP"
215217,"NNP"
215218,"NNP"
215219,","
215220,"RB"
215221,"VBN"
215222,"JJ"
215223,"NN"
215224,"NNS"
215225,"."
215226,"IN"
215227,"JJ"
215228,"JJ"
215229,"NNS"
215230,"IN"
215231,"NNS"
215232,"IN"
215233,"JJ"
215234,"NN"
215235,"NNS"
215236,"CC"
215237,"NNS"
215238,"NNS"
215239,","
215240,"NN"
215241,"NNS"
215242,"VBD"
215243,"VBN"
215244,"IN"
215245,"NN"
215246,","
215247,"IN"
215248,"DT"
215249,"RBS"
215250,"JJ"
215251,"VBG"
215252,"NN"
215253,"IN"
215254,"CD"
215255,"CC"
215256,"CD"
215257,"NN"
215258,"NNS"
215259,"IN"
215260,"DT"
215261,"NNP"
215262,"NNP"
215263,"NNP"
215264,"NNP"
215265,"."
215266,"RB"
215267,","
215268,"DT"
215269,"JJ"
215270,"NNS"
215271,"VBD"
215272,"JJ"
215273,"NNS"
215274,"IN"
215275,"NNS"
215276,"TO"
215277,"NNS"
215278,"."
215279,"IN"
215280,"NNP"
215281,","
215282,"DT"
215283,"JJ"
215284,"NN"
215285,"VBD"
215286,","
215287,"DT"
215288,"NNP"
215289,"RB"
215290,"VBD"
215291,"JJR"
215292,"IN"
215293,"CD"
215294,"NNS"
215295,"IN"
215296,"DT"
215297,"NN"
215298,"."
215299,"``"
215300,"NN"
215301,"NNS"
215302,"''"
215303,"VBN"
215304,"TO"
215305,"VB"
215306,"JJ"
215307,"NNS"
215308,":"
215309,":"
215310,"IN"
215311,"NNP"
215312,"NNS"
215313,"VBP"
215314,"CD"
215315,"NNS"
215316,"IN"
215317,"NN"
215318,","
215319,"NN"
215320,"NN"
215321,"NNS"
215322,"IN"
215323,"CD"
215324,"NNS"
215325,"."
215326,":"
215327,"IN"
215328,"NNP"
215329,"NNS"
215330,"VBP"
215331,"CD"
215332,"NNS"
215333,"IN"
215334,"NN"
215335,","
215336,"NN"
215337,"NN"
215338,"NNS"
215339,"IN"
215340,"CD"
215341,"NNS"
215342,"."
215343,":"
215344,"IN"
215345,"NNP"
215346,"NNS"
215347,"VBP"
215348,"CD"
215349,"NNS"
215350,"("
215351,"NN"
215352,"TO"
215353,"IN"
215354,"CD"
215355,"NNS"
215356,"IN"
215357,"NNP"
215358,")"
215359,","
215360,"NN"
215361,"VBZ"
215362,"VBN"
215363,"IN"
215364,"DT"
215365,"NN"
215366,"TO"
215367,"DT"
215368,"NN"
215369,"CC"
215370,"JJR"
215371,"."
215372,"IN"
215373,"NNP"
215374,"NN"
215375,"NNS"
215376,"VBP"
215377,"VBN"
215378,"IN"
215379,"DT"
215380,"JJ"
215381,"NN"
215382,"NN"
215383,"TO"
215384,"VB"
215385,"NN"
215386,"CC"
215387,"NN"
215388,"NNS"
215389,"."
215390,":"
215391,"IN"
215392,"NNP"
215393,"NNS"
215394,"VBP"
215395,"CD"
215396,"NNS"
215397,","
215398,"NN"
215399,"VBZ"
215400,"VBN"
215401,"IN"
215402,"DT"
215403,"NN"
215404,"TO"
215405,"DT"
215406,"NN"
215407,"CC"
215408,"JJR"
215409,"."
215410,":"
215411,"IN"
215412,"NNP"
215413,"NNS"
215414,"VBP"
215415,"CD"
215416,"NNS"
215417,","
215418,"VBG"
215419,"IN"
215420,"DT"
215421,"NNP"
215422,"NNP"
215423,"NNS"
215424,"IN"
215425,"DT"
215426,"NN"
215427,"."
215428,"NNP"
215429,"CC"
215430,"NNP"
215431,"VBZ"
215432,"RB"
215433,"VB"
215434,"."
215435,":"
215436,"IN"
215437,"NNP"
215438,"VBZ"
215439,"CD"
215440,"NNS"
215441,","
215442,"NNP"
215443,"NNP"
215444,"NNS"
215445,"NN"
215446,"IN"
215447,"CD"
215448,"NNS"
215449,"."
215450,"NNP"
215451,"IN"
215452,"NNP"
215453,"CC"
215454,"NNP"
215455,"NNS"
215456,"RB"
215457,"VBN"
215458,"."
215459,"NNP"
215460,"NNP"
215461,"NNP"
215462,"NNS"
215463,"("
215464,"NNP"
215465,"CD"
215466,")"
215467,":"
215468,":"
215469,"VB"
215470,"DT"
215471,"JJ"
215472,"NN"
215473,"IN"
215474,"JJ"
215475,"NNS"
215476,":"
215477,"VB"
215478,"JJ"
215479,"NNS"
215480,":"
215481,"VB"
215482,"NNS"
215483,"JJ"
215484,"IN"
215485,"NN"
215486,"CC"
215487,"NNS"
215488,"NNS"
215489,"NNP"
215490,"NNS"
215491,"("
215492,"NNP"
215493,"CD"
215494,")"
215495,":"
215496,":"
215497,"VBP"
215498,"VB"
215499,"NNS"
215500,"IN"
215501,"JJ"
215502,"NNS"
215503,"NNS"
215504,"."
215505,":"
215506,"VB"
215507,"NNP"
215508,"NN"
215509,"TO"
215510,"VB"
215511,"NN"
215512,"IN"
215513,"NNS"
215514,"IN"
215515,"NN"
215516,"NNS"
215517,"."
215518,":"
215519,"NN"
215520,"NN"
215521,"IN"
215522,"JJ"
215523,"NNS"
215524,"TO"
215525,"NNP"
215526,"IN"
215527,"NNP"
215528,"."
215529,"("
215530,"JJ"
215531,"IN"
215532,"JJ"
215533,"NNP"
215534,"NN"
215535,")"
215536,":"
215537,"VB"
215538,"NNP"
215539,"NN"
215540,"TO"
215541,"VB"
215542,"NNS"
215543,"NN"
215544,","
215545,"("
215546,"RB"
215547,"VBN"
215548,"IN"
215549,"JJ"
215550,"NNP"
215551,"NN"
215552,")"
215553,"."
215554,"JJ"
215555,"NN"
215556,":"
215557,":"
215558,"VB"
215559,"DT"
215560,"NN"
215561,"NN"
215562,"TO"
215563,"VB"
215564,"JJ"
215565,"NN"
215566,"IN"
215567,"DT"
215568,"NNS"
215569,"NNS"
215570,"CC"
215571,"NNS"
215572,"NNS"
215573,"."
215574,"VBG"
215575,"DT"
215576,"JJ"
215577,"NN"
215578,"POS"
215579,"NN"
215580,"NN"
215581,","
215582,"DT"
215583,"JJ"
215584,"NN"
215585,"VBZ"
215586,"VBN"
215587,"NNS"
215588,"TO"
215589,"VB"
215590,"NN"
215591,"NN"
215592,","
215593,"VBG"
215594,"JJ"
215595,"NNS"
215596,"."
215597,"``"
215598,"EX"
215599,"MD"
215600,"RB"
215601,"VB"
215602,"DT"
215603,"NN"
215604,","
215605,"RB"
215606,"MD"
215607,"VB"
215608,"NN"
215609,"IN"
215610,"NN"
215611,"IN"
215612,"DT"
215613,"NNS"
215614,"CC"
215615,"NNS"
215616,","
215617,"''"
215618,"NNP"
215619,"NNP"
215620,"NN"
215621,","
215622,"DT"
215623,"NN"
215624,"IN"
215625,"DT"
215626,"NN"
215627,"NN"
215628,"NN"
215629,","
215630,"VBD"
215631,"DT"
215632,"JJ"
215633,"NN"
215634,"NN"
215635,"."
215636,"DT"
215637,"NN"
215638,"VBZ"
215639,"RB"
215640,"VBG"
215641,"IN"
215642,"PRP$"
215643,"JJ"
215644,"NN"
215645,"IN"
215646,"JJ"
215647,"JJ"
215648,"NNS"
215649,"CC"
215650,"NNS"
215651,"TO"
215652,"VB"
215653,"IN"
215654,"DT"
215655,"NN"
215656,"RB"
215657,"IN"
215658,"IN"
215659,"DT"
215660,"NN"
215661,","
215662,"DT"
215663,"NN"
215664,"VBD"
215665,"."
215666,"NNP"
215667,"NN"
215668,"VBD"
215669,"CD"
215670,"IN"
215671,"PRP"
215672,"RB"
215673,"VBD"
215674,"VBN"
215675,"TO"
215676,"DT"
215677,"NNP"
215678,"TO"
215679,"VB"
215680,"RP"
215681,"DT"
215682,"NNS"
215683,"TO"
215684,"VB"
215685,"CD"
215686,"NNP"
215687,"NNS"
215688,"IN"
215689,"DT"
215690,"JJ"
215691,"NNP"
215692,"."
215693,"NNP"
215694,"POS"
215695,"NN"
215696,"VBD"
215697,"VBN"
215698,"IN"
215699,"DT"
215700,"NN"
215701,"IN"
215702,"NNP"
215703,"NN"
215704,"NN"
215705,"NN"
215706,"NNP"
215707,"NNP"
215708,"IN"
215709,"NNP"
215710,"."
215711,"RB"
215712,"IN"
215713,"PRP"
215714,"MD"
215715,"VB"
215716,"JJ"
215717,"IN"
215718,"JJ"
215719,"NN"
215720,","
215721,"NNP"
215722,"MD"
215723,"VB"
215724,"DT"
215725,"NN"
215726,"NN"
215727,"WDT"
215728,"MD"
215729,"VB"
215730,"NNS"
215731,"IN"
215732,"DT"
215733,"JJ"
215734,"NN"
215735,"NN"
215736,"."
215737,"NNP"
215738,"NNP"
215739,"POS"
215740,"NNP"
215741,"NNP"
215742,"IN"
215743,"NNP"
215744,"VBD"
215745,"IN"
215746,"IN"
215747,"CD"
215748,"NN"
215749,"NNS"
215750,"VBN"
215751,"IN"
215752,"JJR"
215753,"NNS"
215754,"IN"
215755,"NNP"
215756,"NNP"
215757,"NNP"
215758,"NNP"
215759,"NNP"
215760,"NNP"
215761,"NNP"
215762,"VBD"
215763,"DT"
215764,"NNS"
215765,"IN"
215766,"CD"
215767,"IN"
215768,"DT"
215769,"NN"
215770,"POS"
215771,"NNS"
215772,"VBD"
215773,"IN"
215774,"NN"
215775,","
215776,"WDT"
215777,"PRP"
215778,"VBD"
215779,"VBD"
215780,"JJ"
215781,","
215782,"IN"
215783,"JJ"
215784,"JJ"
215785,"VBG"
215786,"IN"
215787,"CD"
215788,"IN"
215789,"DT"
215790,"NNS"
215791,"."
215792,"DT"
215793,"NN"
215794,"IN"
215795,"NNS"
215796,"VBN"
215797,"IN"
215798,"NNP"
215799,"NNP"
215800,"VBG"
215801,"DT"
215802,"CD"
215803,"NN"
215804,"NN"
215805,"IN"
215806,"DT"
215807,"NN"
215808,"NN"
215809,"IN"
215810,"DT"
215811,"NN"
215812,"VBD"
215813,"DT"
215814,"CD"
215815,"NN"
215816,"NN"
215817,"IN"
215818,"DT"
215819,"JJ"
215820,"NN"
215821,"."
215822,"NNP"
215823,"POS"
215824,"NN"
215825,"NNP"
215826,"NNP"
215827,"VBD"
215828,"IN"
215829,"PRP$"
215830,"NNS"
215831,"VBD"
215832,"VBN"
215833,"VBN"
215834,"IN"
215835,"JJ"
215836,"NNS"
215837,"."
215838,"DT"
215839,"NN"
215840,"VBD"
215841,"VBN"
215842,"VBN"
215843,"IN"
215844,"NNP"
215845,"IN"
215846,"DT"
215847,"NN"
215848,"NNP"
215849,"NNP"
215850,"NNP"
215851,"JJ"
215852,"NN"
215853,"VBZ"
215854,"VBG"
215855,"DT"
215856,"NN"
215857,"IN"
215858,"NNP"
215859,"NNP"
215860,","
215861,"VBD"
215862,"NN"
215863,","
215864,"VBD"
215865,"JJ"
215866,"NNS"
215867,"."
215868,"NNP"
215869,"NNP"
215870,","
215871,"NN"
215872,"NN"
215873,"IN"
215874,"DT"
215875,"NNP"
215876,"NNP"
215877,","
215878,"VBD"
215879,"IN"
215880,"CD"
215881,"NN"
215882,"NNS"
215883,"VBD"
215884,"VBN"
215885,"NNS"
215886,"IN"
215887,"DT"
215888,"NN"
215889,"NN"
215890,"VBG"
215891,"CD"
215892,"CD"
215893,"NNS"
215894,"("
215895,"RB"
215896,"$"
215897,"CD"
215898,")"
215899,"CC"
215900,"VBD"
215901,"DT"
215902,"NNS"
215903,"VBD"
215904,"JJ"
215905,"NN"
215906,"NN"
215907,"IN"
215908,"PRP$"
215909,"NNS"
215910,"VBD"
215911,"TO"
215912,"VB"
215913,"DT"
215914,"NN"
215915,"."
215916,"DT"
215917,"NNP"
215918,"NNP"
215919,"NNP"
215920,"IN"
215921,"NNP"
215922,"VBD"
215923,"IN"
215924,"NNP"
215925,","
215926,"NNP"
215927,","
215928,"NNP"
215929,"CC"
215930,"NNP"
215931,"VBD"
215932,"VBG"
215933,"RB"
215934,"JJ"
215935,"TO"
215936,"VB"
215937,"JJ"
215938,"NN"
215939,"IN"
215940,"JJ"
215941,"NN"
215942,"IN"
215943,"PRP$"
215944,"NNS"
215945,"."
215946,"DT"
215947,"NN"
215948,"IN"
215949,"DT"
215950,"NN"
215951,"NN"
215952,"VBN"
215953,"IN"
215954,"DT"
215955,"JJ"
215956,"NNP"
215957,"IN"
215958,"NNP"
215959,"NNP"
215960,"IN"
215961,"JJ"
215962,"NNS"
215963,"IN"
215964,"NNP"
215965,"VBD"
215966,"DT"
215967,"CD"
215968,"IN"
215969,"NN"
215970,"VBN"
215971,"NNS"
215972,"VBG"
215973,"IN"
215974,"NNS"
215975,"TO"
215976,"NNS"
215977,"."
215978,"NNP"
215979,"NN"
215980,"NNP"
215981,"NNP"
215982,"VBD"
215983,"NN"
215984,"NN"
215985,"IN"
215986,"NN"
215987,"VBD"
215988,"VBN"
215989,"TO"
215990,"VB"
215991,"$"
215992,"CD"
215993,"CD"
215994,"IN"
215995,"NN"
215996,"RB"
215997,"."
215998,"DT"
215999,"NNP"
216000,"NN"
216001,"TO"
216002,"VB"
216003,"DT"
216004,"NN"
216005,"IN"
216006,"DT"
216007,"NNS"
216008,"VBD"
216009,"JJ"
216010,"IN"
216011,"DT"
216012,"NN"
216013,"IN"
216014,"CD"
216015,"IN"
216016,"PRP$"
216017,"CD"
216018,"VBG"
216019,"NNS"
216020,"."
216021,"NNP"
216022,","
216023,"NNP"
216024,"CC"
216025,"NNP"
216026,"VBD"
216027,"JJ"
216028,"NNS"
216029,"IN"
216030,"JJ"
216031,","
216032,"CC"
216033,"DT"
216034,"NNS"
216035,"VBD"
216036,"TO"
216037,"VBG"
216038,"NN"
216039,"IN"
216040,"DT"
216041,"NNS"
216042,"TO"
216043,"VB"
216044,"PRP"
216045,"TO"
216046,"JJ"
216047,"NN"
216048,"NN"
216049,"IN"
216050,"JJ"
216051,"NN"
216052,"NNS"
216053,"VBP"
216054,"NNS"
216055,"IN"
216056,"NN"
216057,"."
216058,"JJ"
216059,"NN"
216060,"IN"
216061,"NNP"
216062,"POS"
216063,"NNP"
216064,"NNP"
216065,"VBZ"
216066,"NN"
216067,"NNS"
216068,"."
216069,"DT"
216070,"JJ"
216071,"NNS"
216072,"IN"
216073,"DT"
216074,"NN"
216075,"VBD"
216076,"PRP$"
216077,"JJ"
216078,"NN"
216079,"NN"
216080,"NN"
216081,"RBR"
216082,"DT"
216083,"NN"
216084,","
216085,"DT"
216086,"NNS"
216087,"VBD"
216088,"DT"
216089,"NN"
216090,"POS"
216091,"JJ"
216092,"NN"
216093,"NN"
216094,"."
216095,"NNP"
216096,"POS"
216097,"NNP"
216098,"NN"
216099,"VBZ"
216100,"VBN"
216101,"TO"
216102,"VB"
216103,"DT"
216104,"RB"
216105,"VBN"
216106,"TO"
216107,"DT"
216108,"JJ"
216109,"JJ"
216110,"NN"
216111,"."
216112,"NNP"
216113,"VBZ"
216114,"CD"
216115,"NN"
216116,"("
216117,"CD"
216118,"NNS"
216119,")"
216120,"IN"
216121,"DT"
216122,"CD"
216123,"("
216124,"RB"
216125,"$"
216126,"CD"
216127,")"
216128,"IN"
216129,"DT"
216130,"NN"
216131,"NNS"
216132,"TO"
216133,"DT"
216134,"NN"
216135,"."
216136,"IN"
216137,"IN"
216138,"JJ"
216139,"NN"
216140,"IN"
216141,"NNP"
216142,"POS"
216143,"JJ"
216144,"NN"
216145,","
216146,"DT"
216147,"NN"
216148,"NN"
216149,","
216150,"VBN"
216151,"IN"
216152,"NNP"
216153,"NNP"
216154,","
216155,"VBZ"
216156,"DT"
216157,"JJ"
216158,"("
216159,"IN"
216160,"DT"
216161,"NN"
216162,","
216163,"CD"
216164,"NN"
216165,")"
216166,"JJ"
216167,"NN"
216168,"IN"
216169,"DT"
216170,"JJ"
216171,"NN"
216172,"."
216173,"NNP"
216174,"POS"
216175,"JJ"
216176,"NN"
216177,"NN"
216178,"VBZ"
216179,"VBN"
216180,"DT"
216181,"NNS"
216182,"IN"
216183,"JJ"
216184,"JJ"
216185,"JJ"
216186,"NN"
216187,"CC"
216188,"VBG"
216189,"NNS"
216190,"CC"
216191,"VBZ"
216192,"VBN"
216193,"TO"
216194,"VB"
216195,"JJ"
216196,"NNS"
216197,"IN"
216198,"NN"
216199,"NN"
216200,"CC"
216201,"DT"
216202,"JJ"
216203,"NN"
216204,"IN"
216205,"NN"
216206,"NNS"
216207,"."
216208,"DT"
216209,"JJ"
216210,"NNP"
216211,"NNP"
216212,"VBD"
216213,"JJ"
216214,"NNS"
216215,"IN"
216216,"JJ"
216217,"NNS"
216218,"VBP"
216219,"RB"
216220,"VBN"
216221,"IN"
216222,"JJ"
216223,"NNP"
216224,"CC"
216225,"VBD"
216226,"IN"
216227,"JJ"
216228,"NN"
216229,"NNS"
216230,"VBD"
216231,"DT"
216232,"JJ"
216233,"NN"
216234,"IN"
216235,"VBG"
216236,"NNS"
216237,"RB"
216238,"."
216239,"DT"
216240,"NNP"
216241,"NNP"
216242,"NNP"
216243,"VBD"
216244,"IN"
216245,"JJR"
216246,"IN"
216247,"CD"
216248,"CD"
216249,"NNS"
216250,"("
216251,"$"
216252,"CD"
216253,"CD"
216254,")"
216255,"VBD"
216256,"VBN"
216257,"IN"
216258,"DT"
216259,"JJ"
216260,"NN"
216261,"IN"
216262,"DT"
216263,"NN"
216264,"IN"
216265,"NN"
216266,"NNS"
216267,"."
216268,"DT"
216269,"NN"
216270,"VBD"
216271,"NNS"
216272,"IN"
216273,"VBG"
216274,"DT"
216275,"NNS"
216276,"MD"
216277,"VB"
216278,"DT"
216279,"NN"
216280,"IN"
216281,"NNS"
216282,"CC"
216283,"JJ"
216284,"NNS"
216285,"IN"
216286,"NNS"
216287,"TO"
216288,"``"
216289,"VB"
216290,"RB"
216291,"JJ"
216292,"''"
216293,"CC"
216294,"VB"
216295,"VBN"
216296,"NNS"
216297,"IN"
216298,"NN"
216299,"IN"
216300,"DT"
216301,"``"
216302,"RB"
216303,"JJ"
216304,"NN"
216305,"NN"
216306,"."
216307,"''"
216308,"DT"
216309,"NN"
216310,"IN"
216311,"DT"
216312,"NN"
216313,"NNS"
216314,"VBD"
216315,"TO"
216316,"JJ"
216317,"JJ"
216318,"NN"
216319,","
216320,"WDT"
216321,"VBD"
216322,"TO"
216323,"CD"
216324,"NN"
216325,"JJ"
216326,"NN"
216327,","
216328,"TO"
216329,"CD"
216330,"NN"
216331,"IN"
216332,"CD"
216333,"."
216334,"NNS"
216335,"RB"
216336,"VBP"
216337,"DT"
216338,"NN"
216339,"NN"
216340,"MD"
216341,"VB"
216342,"IN"
216343,"CD"
216344,"NN"
216345,"IN"
216346,"DT"
216347,"NN"
216348,"."
216349,"IN"
216350,"DT"
216351,"NN"
216352,"IN"
216353,"JJ"
216354,"NN"
216355,"NN"
216356,"IN"
216357,"NN"
216358,","
216359,"NNP"
216360,"NNP"
216361,"NNS"
216362,"VBD"
216363,"VBN"
216364,"TO"
216365,"VB"
216366,"DT"
216367,"JJ"
216368,"NN"
216369,"IN"
216370,"DT"
216371,"NNP"
216372,"NN"
216373,"IN"
216374,"DT"
216375,"NNP"
216376,"POS"
216377,"NNP"
216378,"NNP"
216379,"NNP"
216380,","
216381,"WRB"
216382,"NNS"
216383,"VBD"
216384,"VBN"
216385,":"
216386,"."
216387,"DT"
216388,"NN"
216389,","
216390,"$"
216391,"CD"
216392,"CD"
216393,"NN"
216394,"IN"
216395,"NNP"
216396,"VBD"
216397,"VBN"
216398,"IN"
216399,"DT"
216400,"NN"
216401,"IN"
216402,"NNP"
216403,"NNP"
216404,","
216405,"VBG"
216406,"NNP"
216407,"."
216408,"DT"
216409,"NN"
216410,"VBZ"
216411,"DT"
216412,"NN"
216413,"IN"
216414,"NNP"
216415,"NNP"
216416,"NNP"
216417,","
216418,"NN"
216419,"IN"
216420,"DT"
216421,"NNP"
216422,"NNP"
216423,"NNP"
216424,","
216425,"WP"
216426,"VBD"
216427,":"
216428,"``"
216429,"NNP"
216430,"NNP"
216431,"VBZ"
216432,"JJ"
216433,"DT"
216434,"JJ"
216435,"NN"
216436,","
216437,"PRP"
216438,"RB"
216439,"VBP"
216440,"DT"
216441,"NN"
216442,"IN"
216443,"JJ"
216444,"NN"
216445,"."
216446,"O"
216447,"PRP"
216448,"PDT"
216449,"VBD"
216450,"JJ"
216451,"RB"
216452,":"
216453,"JJ"
216454,"NNP"
216455,","
216456,"CD"
216457,"NNP"
216458,"NNP"
216459,"NNP"
216460,"VBD"
216461,"NNP"
216462,"NNP"
216463,"NNP"
216464,"RB"
216465,","
216466,"VBD"
216467,"PRP"
216468,"IN"
216469,"DT"
216470,"JJ"
216471,"NN"
216472,"CC"
216473,"VBD"
216474,"DT"
216475,"NN"
216476,"IN"
216477,"DT"
216478,"JJ"
216479,"NN"
216480,"POS"
216481,"JJ"
216482,"NN"
216483,"NNS"
216484,"IN"
216485,"NNS"
216486,"."
216487,"``"
216488,"PRP"
216489,"VBZ"
216490,"RB"
216491,"JJ"
216492,"TO"
216493,"DT"
216494,"NNP"
216495,"NN"
216496,","
216497,"''"
216498,"NNP"
216499,"NNP"
216500,"VBD"
216501,","
216502,"IN"
216503,"VBG"
216504,"NNS"
216505,"CC"
216506,"NNS"
216507,"."
216508,"VBN"
216509,"DT"
216510,"NN"
216511,"NN"
216512,":"
216513,"``"
216514,"RB"
216515,"."
216516,"''"
216517,"DT"
216518,"NN"
216519,"NN"
216520,"VBD"
216521,"JJ"
216522,"NNS"
216523,"DT"
216524,"CD"
216525,"NN"
216526,"IN"
216527,"DT"
216528,"IN"
216529,"NNP"
216530,"NNP"
216531,"IN"
216532,"NNP"
216533,"POS"
216534,"``"
216535,"PRP$"
216536,"LS"
216537,"NNP"
216538,"''"
216539,"NN"
216540,"."
216541,"DT"
216542,"NN"
216543,"VBZ"
216544,"JJ"
216545,"CC"
216546,"JJ"
216547,"TO"
216548,"VB"
216549,"."
216550,"CC"
216551,"RB"
216552,"IN"
216553,"DT"
216554,"JJ"
216555,"NN"
216556,":"
216557,"NN"
216558,"IN"
216559,"DT"
216560,"JJ"
216561,"NN"
216562,"IN"
216563,"JJ"
216564,"NNP"
216565,":"
216566,"NNP"
216567,"VBD"
216568,"DT"
216569,"JJ"
216570,"JJ"
216571,"NN"
216572,"."
216573,"NNP"
216574,"NNP"
216575,","
216576,"PRP"
216577,"VBD"
216578,"RB"
216579,","
216580,"VBD"
216581,"DT"
216582,"JJ"
216583,"NN"
216584,"VBG"
216585,"DT"
216586,"JJ"
216587,"NN"
216588,"NN"
216589,"TO"
216590,"VB"
216591,"NN"
216592,"IN"
216593,"NNP"
216594,"."
216595,"PRP$"
216596,"NN"
216597,"RB"
216598,"VBD"
216599,"RB"
216600,"IN"
216601,"DT"
216602,"NN"
216603,"NN"
216604,"."
216605,"VBG"
216606,"TO"
216607,"VB"
216608,"NNP"
216609,"POS"
216610,"``"
216611,"PRP$"
216612,"FW"
216613,"''"
216614,"NN"
216615,"NN"
216616,"RP"
216617,"DT"
216618,"NNP"
216619,"NN"
216620,","
216621,"NNP"
216622,"JJ"
216623,"NNP"
216624,"VBD"
216625,"DT"
216626,"NN"
216627,"IN"
216628,"NNP"
216629,"JJ"
216630,"NN"
216631,"VBG"
216632,"DT"
216633,"NN"
216634,"IN"
216635,"NN"
216636,"NN"
216637,","
216638,"JJ"
216639,"NN"
216640,"CC"
216641,"JJ"
216642,"NNS"
216643,"IN"
216644,"NN"
216645,"NN"
216646,"."
216647,"IN"
216648,"RB"
216649,","
216650,"NN"
216651,"VBZ"
216652,"VBN"
216653,"DT"
216654,"NN"
216655,"IN"
216656,"NNP"
216657,"NNP"
216658,"NNP"
216659,","
216660,"NNP"
216661,"POS"
216662,"NN"
216663,"."
216664,"``"
216665,"PRP"
216666,"VBP"
216667,"RB"
216668,"VBN"
216669,"JJ"
216670,"TO"
216671,"VB"
216672,"DT"
216673,"JJ"
216674,"NN"
216675,"POS"
216676,"NN"
216677,"IN"
216678,"DT"
216679,"VBZ"
216680,"VBN"
216681,"VBG"
216682,"IN"
216683,","
216684,"''"
216685,"PRP"
216686,"VBZ"
216687,"."
216688,"``"
216689,"PRP"
216690,"VBZ"
216691,"DT"
216692,"RBS"
216693,"JJ"
216694,"NN"
216695,"IN"
216696,"PRP$"
216697,"NN"
216698,":"
216699,"PRP"
216700,"MD"
216701,"RB"
216702,"RB"
216703,"VB"
216704,"TO"
216705,"PRP$"
216706,"NN"
216707,"."
216708,"''"
216709,"PRP$"
216710,"NN"
216711,"("
216712,"JJ"
216713,"NNS"
216714,":"
216715,"IN"
216716,"$"
216717,"CD"
216718,"CD"
216719,")"
216720,"MD"
216721,"VB"
216722,"DT"
216723,"JJ"
216724,"NN"
216725,":"
216726,"VBG"
216727,"DT"
216728,"JJ"
216729,"CD"
216730,"NN"
216731,"IN"
216732,"JJ"
216733,"NNS"
216734,":"
216735,"IN"
216736,"NNP"
216737,"("
216738,"JJ"
216739,"NNS"
216740,":"
216741,"IN"
216742,"$"
216743,"CD"
216744,"CD"
216745,")"
216746,"VBZ"
216747,"."
216748,"NNP"
216749,"POS"
216750,"NN"
216751,"NNS"
216752,"WP"
216753,"MD"
216754,"VB"
216755,"WRB"
216756,"DT"
216757,"JJ"
216758,"NN"
216759,"RB"
216760,"VBZ"
216761,"DT"
216762,"JJ"
216763,"JJ"
216764,"NN"
216765,"IN"
216766,"DT"
216767,"JJ"
216768,"JJ"
216769,"."
216770,"IN"
216771,"JJ"
216772,"NN"
216773,","
216774,"DT"
216775,"NN"
216776,"RB"
216777,"VBZ"
216778,"WRB"
216779,"RB"
216780,"NNP"
216781,"VBZ"
216782,"VBN"
216783,"DT"
216784,"NNS"
216785,"IN"
216786,"NNP"
216787,"NN"
216788,"."
216789,"NNP"
216790,"VBD"
216791,"TO"
216792,"VB"
216793,"RB"
216794,"IN"
216795,"VBG"
216796,"JJ"
216797,"IN"
216798,"JJ"
216799,"NNS"
216800,"IN"
216801,"NNP"
216802,"."
216803,"NNP"
216804,"NNP"
216805,","
216806,"WP$"
216807,"JJ"
216808,","
216809,"JJ"
216810,"NNS"
216811,"VBP"
216812,"IN"
216813,"DT"
216814,"RBS"
216815,"JJ"
216816,"IN"
216817,"NN"
216818,"NNS"
216819,","
216820,"VBZ"
216821,"RB"
216822,"VBG"
216823,"IN"
216824,"DT"
216825,"JJ"
216826,"JJ"
216827,"NN"
216828,"IN"
216829,"DT"
216830,"JJ"
216831,"JJ"
216832,"VBN"
216833,"IN"
216834,"NNP"
216835,"."
216836,"``"
216837,"DT"
216838,"NN"
216839,"IN"
216840,"DT"
216841,"NNS"
216842,"IN"
216843,"NNP"
216844,"VBD"
216845,"IN"
216846,"DT"
216847,"NNP"
216848,"NN"
216849,"CC"
216850,"NNP"
216851,"VBZ"
216852,"TO"
216853,"VB"
216854,"PRP"
216855,","
216856,"''"
216857,"VBZ"
216858,"NNP"
216859,"NNP"
216860,"NNP"
216861,","
216862,"NNP"
216863,"POS"
216864,"NN"
216865,","
216866,"WP"
216867,"RB"
216868,"VBD"
216869,"FW"
216870,"POS"
216871,"FW"
216872,"."
216873,"("
216874,"NNP"
216875,"PRP"
216876,"VBZ"
216877,"TO"
216878,"VB"
216879,"."
216880,")"
216881,"IN"
216882,"NNP"
216883,"NNS"
216884,","
216885,"NNP"
216886,"NNP"
216887,"VBZ"
216888,","
216889,"PRP$"
216890,"JJ"
216891,"NN"
216892,"MD"
216893,"VB"
216894,"TO"
216895,"VB"
216896,"TO"
216897,"VB"
216898,"DT"
216899,"NNS"
216900,"RB"
216901,"."
216902,"IN"
216903,"JJS"
216904,","
216905,"PRP"
216906,"VBZ"
216907,","
216908,"``"
216909,"PRP"
216910,"MD"
216911,"VB"
216912,"TO"
216913,"VB"
216914,"PRP"
216915,"PDT"
216916,"RP"
216917,"CC"
216918,"VB"
216919,"PRP"
216920,"RP"
216921,"."
216922,"''"
216923,"NNP"
216924,"NNP"
216925,"VBZ"
216926,"DT"
216927,"NN"
216928,"POS"
216929,"NNS"
216930,"CC"
216931,"VBZ"
216932,"PRP$"
216933,"JJ"
216934,"NN"
216935,"VBD"
216936,"VBG"
216937,"IN"
216938,"NNP"
216939,"IN"
216940,"DT"
216941,"NN"
216942,"."
216943,"``"
216944,"PRP"
216945,"VBD"
216946,"DT"
216947,"JJ"
216948,"NN"
216949,"CC"
216950,"PRP"
216951,"VBD"
216952,"PRP"
216953,"JJR"
216954,","
216955,"''"
216956,"PRP"
216957,"VBZ"
216958,"."
216959,"NNP"
216960,","
216961,"NNP"
216962,"NNP"
216963,"NNP"
216964,"NNP"
216965,"NNP"
216966,"VBZ"
216967,"VBN"
216968,"TO"
216969,"VB"
216970,"IN"
216971,"NNP"
216972,"POS"
216973,"JJ"
216974,"NN"
216975,"IN"
216976,"DT"
216977,"JJ"
216978,"NN"
216979,"VBG"
216980,"NN"
216981,"IN"
216982,"DT"
216983,"JJ"
216984,"NNS"
216985,","
216986,"IN"
216987,"WDT"
216988,"NNS"
216989,"VBD"
216990,"IN"
216991,"NNP"
216992,"."
216993,"DT"
216994,"NN"
216995,"VBD"
216996,"IN"
216997,"DT"
216998,"JJR"
216999,"NNP"
217000,"NN"
217001,"IN"
217002,"PDT"
217003,"DT"
217004,"NN"
217005,":"
217006,"DT"
217007,"NN"
217008,"VBD"
217009,"IN"
217010,"NN"
217011,":"
217012,"CC"
217013,"NNP"
217014,"VBD"
217015,"IN"
217016,"JJ"
217017,"NN"
217018,"CC"
217019,"NNS"
217020,"."
217021,"IN"
217022,"VBG"
217023,"TO"
217024,"VB"
217025,"DT"
217026,"NN"
217027,","
217028,"NNP"
217029,"VBZ"
217030,"TO"
217031,"VB"
217032,"IN"
217033,","
217034,"IN"
217035,"JJ"
217036,"."
217037,"CC"
217038,"DT"
217039,"NN"
217040,"VBZ"
217041,"JJR"
217042,"IN"
217043,"NNP"
217044,"VBD"
217045,"IN"
217046,"."
217047,"``"
217048,"PRP"
217049,"VBD"
217050,"DT"
217051,"NN"
217052,"PRP"
217053,"VBD"
217054,"VBG"
217055,"IN"
217056,"RB"
217057,"JJ"
217058,","
217059,"''"
217060,"VBZ"
217061,"NNP"
217062,"NNP"
217063,","
217064,"WP"
217065,"VBD"
217066,"NN"
217067,"IN"
217068,"CD"
217069,"."
217070,"NNP"
217071,"NNP"
217072,"VBD"
217073,"VBN"
217074,"NNP"
217075,"NNP"
217076,","
217077,"DT"
217078,"NNP"
217079,"NN"
217080,"NN"
217081,","
217082,"CC"
217083,"VBD"
217084,","
217085,"RB"
217086,"TO"
217087,"VB"
217088,"PRP"
217089,"VBD"
217090,"VBN"
217091,"."
217092,"IN"
217093,"NN"
217094,","
217095,"PRP"
217096,"VBD"
217097,"VBG"
217098,"NNS"
217099,"CC"
217100,"NNS"
217101,"VBD"
217102,"RB"
217103,"IN"
217104,"NNP"
217105,"NNP"
217106,","
217107,"NN"
217108,"IN"
217109,"NNP"
217110,"NNP"
217111,"NNP"
217112,"."
217113,"DT"
217114,"NN"
217115,"VBZ"
217116,"VBN"
217117,":"
217118,"TO"
217119,"IN"
217120,"CD"
217121,"NNS"
217122,","
217123,"IN"
217124,"CD"
217125,"RB"
217126,","
217127,"NNP"
217128,"NNP"
217129,"VBZ"
217130,"."
217131,"NNP"
217132,"VBZ"
217133,"VBN"
217134,"JJ"
217135,"IN"
217136,"CD"
217137,","
217138,"VBZ"
217139,"DT"
217140,"NN"
217141,","
217142,"WP"
217143,"VBZ"
217144,"PRP$"
217145,"NN"
217146,"IN"
217147,"JJ"
217148,"NN"
217149,"NNS"
217150,","
217151,"DT"
217152,"NNS"
217153,"IN"
217154,"PRP$"
217155,"NN"
217156,"IN"
217157,"JJ"
217158,"NNS"
217159,"."
217160,"IN"
217161,"JJ"
217162,"NNS"
217163,","
217164,"NNP"
217165,"NNP"
217166,"VBD"
217167,"NN"
217168,"IN"
217169,"CD"
217170,"WRB"
217171,"NNP"
217172,","
217173,"IN"
217174,"DT"
217175,"JJ"
217176,"NN"
217177,"IN"
217178,"NN"
217179,"NN"
217180,","
217181,"VBD"
217182,"DT"
217183,"JJ"
217184,"NN"
217185,"CC"
217186,"NNS"
217187,"IN"
217188,"DT"
217189,"JJ"
217190,"NN"
217191,"NN"
217192,"IN"
217193,"JJ"
217194,"NN"
217195,"NN"
217196,"CC"
217197,"VBD"
217198,"DT"
217199,"PRP$"
217200,"LS"
217201,"NNP"
217202,"NN"
217203,"IN"
217204,"NNS"
217205,"."
217206,"DT"
217207,"JJ"
217208,"JJ"
217209,"JJ"
217210,"NNS"
217211,"VBD"
217212,"JJR"
217213,"IN"
217214,"NNS"
217215,"IN"
217216,"DT"
217217,"JJ"
217218,"NNS"
217219,"."
217220,"("
217221,"IN"
217222,"NN"
217223,"NNS"
217224,","
217225,"NNP"
217226,"VBZ"
217227,"PRP"
217228,"VBZ"
217229,"VBN"
217230,"JJR"
217231,"IN"
217232,"$"
217233,"CD"
217234,"CD"
217235,"TO"
217236,"VB"
217237,"DT"
217238,"NN"
217239,","
217240,"IN"
217241,"JJ"
217242,"NNS"
217243,"IN"
217244,"IN"
217245,"DT"
217246,"CD"
217247,"NNS"
217248,"."
217249,")"
217250,"NNP"
217251,"VBD"
217252,"DT"
217253,"JJ"
217254,"NN"
217255,"NN"
217256,","
217257,"CC"
217258,"NNP"
217259,"NNP"
217260,"VBD"
217261,"IN"
217262,"PRP$"
217263,"NNS"
217264,"VBD"
217265,"RB"
217266,"IN"
217267,"NN"
217268,"IN"
217269,"DT"
217270,"JJ"
217271,"NN"
217272,"."
217273,"PRP$"
217274,"NNS"
217275,"VBP"
217276,"RB"
217277,"JJ"
217278,"NNS"
217279,"IN"
217280,"NNP"
217281,"POS"
217282,"CC"
217283,"RB"
217284,"VB"
217285,"PRP"
217286,"IN"
217287,"NN"
217288,","
217289,"NN"
217290,"CC"
217291,","
217292,"RB"
217293,","
217294,"NN"
217295,"."
217296,"NNP"
217297,"VBZ"
217298,"RB"
217299,"JJ"
217300,"CC"
217301,"JJ"
217302,","
217303,"IN"
217304,"NNS"
217305,"IN"
217306,"NN"
217307,":"
217308,"CC"
217309,"RB"
217310,"VBZ"
217311,"NN"
217312,","
217313,"IN"
217314,"DT"
217315,"NN"
217316,"IN"
217317,"NNS"
217318,"VBP"
217319,"DT"
217320,"NNS"
217321,"."
217322,"("
217323,"``"
217324,"TO"
217325,"VB"
217326,"JJ"
217327,","
217328,"DT"
217329,"NN"
217330,"MD"
217331,"VB"
217332,"DT"
217333,"NN"
217334,"RB"
217335,","
217336,"RB"
217337,"RB"
217338,"IN"
217339,"PRP"
217340,"VBZ"
217341,"JJ"
217342,"NN"
217343,","
217344,"''"
217345,"VBZ"
217346,"NNP"
217347,"NNP"
217348,"NNP"
217349,","
217350,"NNP"
217351,"POS"
217352,"NN"
217353,"."
217354,")"
217355,"IN"
217356,"JJ"
217357,"NN"
217358,","
217359,"NNP"
217360,"VBD"
217361,"NN"
217362,"NNS"
217363,"IN"
217364,"NN"
217365,"NNS"
217366,"IN"
217367,"NNP"
217368,"NNP"
217369,"CC"
217370,"NNP"
217371,"NNP"
217372,":"
217373,"CC"
217374,"NNP"
217375,"VBD"
217376,"."
217377,"RB"
217378,","
217379,"JJ"
217380,"IN"
217381,"NNP"
217382,"NNS"
217383,"NNS"
217384,"VBD"
217385,"JJ"
217386,"JJ"
217387,"NN"
217388,"CC"
217389,"JJ"
217390,"NN"
217391,":"
217392,"JJ"
217393,"IN"
217394,"JJ"
217395,"JJ"
217396,"NNP"
217397,"NNS"
217398,":"
217399,"IN"
217400,"NNP"
217401,"POS"
217402,"NNS"
217403,","
217404,"NNP"
217405,"NNP"
217406,"VBD"
217407,"RP"
217408,"DT"
217409,"NN"
217410,"TO"
217411,"NNP"
217412,"IN"
217413,"NNP"
217414,"."
217415,"PRP"
217416,"PRP"
217417,"VBD"
217418,"TO"
217419,"VB"
217420,"DT"
217421,"NN"
217422,"TO"
217423,"DT"
217424,"NNP"
217425,"NNP"
217426,"NNP"
217427,"CC"
217428,"NNP"
217429,"NNP"
217430,"NNP"
217431,"."
217432,"NNP"
217433,"NNP"
217434,"VBZ"
217435,"RB"
217436,"VBN"
217437,"DT"
217438,"NNS"
217439,"("
217440,"WDT"
217441,"VBD"
217442,"IN"
217443,"NN"
217444,","
217445,"VBG"
217446,"TO"
217447,"NNP"
217448,"NNP"
217449,","
217450,"DT"
217451,"NNP"
217452,"NN"
217453,")"
217454,"."
217455,"NNP"
217456,"NNP"
217457,"NNP"
217458,":"
217459,"``"
217460,"PRP$"
217461,"NN"
217462,"VBD"
217463,"TO"
217464,"VB"
217465,"PRP"
217466,"TO"
217467,"VB"
217468,"PRP"
217469,"RB"
217470,"."
217471,"PRP"
217472,"RB"
217473,"VBD"
217474,"NN"
217475,"IN"
217476,"NNP"
217477,":"
217478,"PRP"
217479,"VBP"
217480,"RB"
217481,"VB"
217482,"DT"
217483,"NNS"
217484,"."
217485,"''"
217486,"NNP"
217487,"VBD"
217488,"DT"
217489,"JJ"
217490,"NN"
217491,"IN"
217492,"PRP$"
217493,"JJ"
217494,"NN"
217495,"."
217496,"IN"
217497,"CC"
217498,"IN"
217499,"IN"
217500,"RB"
217501,","
217502,"DT"
217503,"NNS"
217504,"VBP"
217505,"VBN"
217506,"IN"
217507,"NN"
217508,"."
217509,"CC"
217510,"NNP"
217511,","
217512,"IN"
217513,"DT"
217514,"NN"
217515,"NN"
217516,","
217517,"VBZ"
217518,","
217519,"``"
217520,"RB"
217521,"JJ"
217522,","
217523,"NNP"
217524,"RB"
217525,"NNS"
217526,"TO"
217527,"VB"
217528,"NNS"
217529,"IN"
217530,"JJ"
217531,"NNS"
217532,"TO"
217533,"VB"
217534,"RP"
217535,"CC"
217536,"VB"
217537,"NN"
217538,"NNS"
217539,"."
217540,"''"
217541,"NNP"
217542,"POS"
217543,"NN"
217544,"VBZ"
217545,"IN"
217546,"DT"
217547,"NN"
217548,"POS"
217549,"NNS"
217550,":"
217551,"VBG"
217552,"DT"
217553,"NN"
217554,"IN"
217555,"DT"
217556,"JJ"
217557,"NN"
217558,"VBG"
217559,"IN"
217560,"DT"
217561,"NN"
217562,":"
217563,"VBP"
217564,"JJ"
217565,"IN"
217566,"JJ"
217567,"NNS"
217568,"."
217569,"PRP"
217570,"RB"
217571,"VBZ"
217572,"IN"
217573,"NNP"
217574,","
217575,"DT"
217576,"JJS"
217577,"IN"
217578,"NNS"
217579,","
217580,"VBZ"
217581,"DT"
217582,"JJ"
217583,"NN"
217584,"TO"
217585,"VB"
217586,"PRP$"
217587,"``"
217588,"NN"
217589,"NN"
217590,","
217591,"''"
217592,"IN"
217593,"DT"
217594,"NN"
217595,","
217596,"RB"
217597,"DT"
217598,"NNS"
217599,"IN"
217600,"PRP"
217601,"VBZ"
217602,"VB"
217603,"PRP$"
217604,"LS"
217605,"NNP"
217606,"NNS"
217607,"JJ"
217608,"."
217609,"("
217610,"NNP"
217611,"NNS"
217612,"PRP"
217613,"VBD"
217614,"VBG"
217615,"DT"
217616,"JJ"
217617,"NNS"
217618,"IN"
217619,"JJ"
217620,"NNS"
217621,"IN"
217622,"NNS"
217623,"JJ"
217624,"IN"
217625,"NNP"
217626,"VBD"
217627,"DT"
217628,"NNS"
217629,"POS"
217630,"NN"
217631,"."
217632,")"
217633,"WDT"
217634,"PRP$"
217635,"NNS"
217636,","
217637,"NNP"
217638,"POS"
217639,"JJ"
217640,"NN"
217641,"VBZ"
217642,"VBG"
217643,"IN"
217644,"NNP"
217645,"."
217646,"PRP"
217647,"VBZ"
217648,"RB"
217649,"JJ"
217650,"."
217651,"NNP"
217652,"NNP"
217653,"VBZ"
217654,"PRP"
217655,"VBZ"
217656,"VBN"
217657,"JJR"
217658,"IN"
217659,"$"
217660,"CD"
217661,"IN"
217662,"JJ"
217663,"NNS"
217664,"RB"
217665,"RB"
217666,"."
217667,"IN"
217668,"NNP"
217669,","
217670,"NNP"
217671,"NNP"
217672,"VBZ"
217673,":"
217674,"``"
217675,"PRP"
217676,"VBP"
217677,"EX"
217678,"POS"
217679,"DT"
217680,"NN"
217681,"IN"
217682,"PRP"
217683,"TO"
217684,"VB"
217685,"."
217686,"PRP"
217687,"RB"
217688,"VBP"
217689,"VBG"
217690,"PRP"
217691,"IN"
217692,"JJR"
217693,"IN"
217694,"PRP"
217695,"VBP"
217696,"DT"
217697,"NN"
217698,"WRB"
217699,"PRP"
217700,"VBP"
217701,"RP"
217702,"CC"
217703,"VB"
217704,"RP"
217705,"."
217706,"''"
217707,"IN"
217708,"RB"
217709,","
217710,"RB"
217711,","
217712,"PRP"
217713,"VBZ"
217714,"TO"
217715,"VB"
217716,"IN"
217717,"."
217718,"O"
217719,"NNP"
217720,"NNP"
217721,"NNP"
217722,"NNP"
217723,"NNP"
217724,","
217725,"NN"
217726,"IN"
217727,"NNP"
217728,"NNP"
217729,","
217730,"VBD"
217731,"JJ"
217732,"NNS"
217733,","
217734,"CC"
217735,"CD"
217736,"NN"
217737,","
217738,"IN"
217739,"NNP"
217740,"POS"
217741,"NN"
217742,","
217743,"VBG"
217744,"TO"
217745,"DT"
217746,"NN"
217747,"IN"
217748,"DT"
217749,"NNP"
217750,"CC"
217751,"NNP"
217752,"NNP"
217753,"."
217754,"DT"
217755,"NN"
217756,"VBD"
217757,"VBN"
217758,"IN"
217759,"NNP"
217760,"IN"
217761,"DT"
217762,"RB"
217763,"JJ"
217764,"NN"
217765,","
217766,"DT"
217767,"NN"
217768,"VBD"
217769,"."
217770,"IN"
217771,"RB"
217772,"VBN"
217773,","
217774,"NNP"
217775,","
217776,"NNP"
217777,","
217778,"NNP"
217779,","
217780,"CC"
217781,"NNP"
217782,"NNP"
217783,"CC"
217784,"NNP"
217785,"NNP"
217786,","
217787,"NNP"
217788,","
217789,"NNP"
217790,","
217791,"VBP"
217792,"NNS"
217793,"IN"
217794,"JJ"
217795,"NN"
217796,"NNS"
217797,"IN"
217798,"JJ"
217799,"NNP"
217800,"NNP"
217801,"NNP"
217802,"."
217803,"NNP"
217804,"NNP"
217805,"VBZ"
217806,"VBN"
217807,"$"
217808,"CD"
217809,"DT"
217810,"NN"
217811,"IN"
217812,"CD"
217813,"CC"
217814,"$"
217815,"CD"
217816,"DT"
217817,"NN"
217818,"IN"
217819,"NNP"
217820,"NNP"
217821,"NNP"
217822,"VBZ"
217823,"VBN"
217824,"DT"
217825,"NNS"
217826,"TO"
217827,"VB"
217828,"CD"
217829,"."
217830,"DT"
217831,"NNS"
217832,"VBD"
217833,"DT"
217834,"NNS"
217835,"."
217836,"O"
217837,"NNP"
217838,"NNP"
217839,"NNP"
217840,"IN"
217841,"NNP"
217842,"NNP"
217843,"VBZ"
217844,"VBN"
217845,"DT"
217846,"JJ"
217847,"NN"
217848,"NN"
217849,"IN"
217850,"NN"
217851,"IN"
217852,"NNP"
217853,"NNP"
217854,"NNP"
217855,"NNP"
217856,","
217857,"DT"
217858,"JJ"
217859,"NN"
217860,"WP$"
217861,"JJ"
217862,"NN"
217863,"VBZ"
217864,"NNP"
217865,"POS"
217866,"NNP"
217867,"NNP"
217868,","
217869,"DT"
217870,"NNP"
217871,"NNP"
217872,"VBZ"
217873,"NNS"
217874,"VBD"
217875,"."
217876,"DT"
217877,"NN"
217878,"NN"
217879,"IN"
217880,"NNP"
217881,"NNP"
217882,"POS"
217883,"JJ"
217884,"JJ"
217885,"NN"
217886,"VBZ"
217887,"IN"
217888,"CD"
217889,"NNS"
217890,"."
217891,"NNP"
217892,"VBZ"
217893,"VBG"
217894,"TO"
217895,"VB"
217896,"CD"
217897,"NN"
217898,"IN"
217899,"NNP"
217900,"POS"
217901,"NN"
217902,"IN"
217903,"CD"
217904,"NNS"
217905,"("
217906,"$"
217907,"CD"
217908,")"
217909,"DT"
217910,"NN"
217911,"."
217912,"DT"
217913,"NNS"
217914,"IN"
217915,"DT"
217916,"NN"
217917,"VBD"
217918,"DT"
217919,"NN"
217920,"IN"
217921,"CD"
217922,"CD"
217923,"NNS"
217924,"("
217925,"$"
217926,"CD"
217927,"CD"
217928,")"
217929,"IN"
217930,"DT"
217931,"CD"
217932,"NN"
217933,"NN"
217934,"."
217935,"DT"
217936,"NNP"
217937,"NNP"
217938,"NN"
217939,"NN"
217940,"VBZ"
217941,"CD"
217942,"NN"
217943,"IN"
217944,"DT"
217945,"NN"
217946,","
217947,"IN"
217948,"NNP"
217949,"NNP"
217950,"NNP"
217951,"NNP"
217952,"NNP"
217953,"VBZ"
217954,"JJ"
217955,"NN"
217956,"CC"
217957,"NNP"
217958,"NNP"
217959,","
217960,"DT"
217961,"NN"
217962,"NN"
217963,","
217964,"VBZ"
217965,"CD"
217966,"NN"
217967,"."
217968,"O"
217969,"NNP"
217970,"NN"
217971,"NNP"
217972,"NNP"
217973,"NNP"
217974,"VBD"
217975,"PRP"
217976,"VBD"
217977,"DT"
217978,"NN"
217979,"IN"
217980,"CD"
217981,"NNS"
217982,"IN"
217983,"NNP"
217984,"NNP"
217985,"NNP"
217986,"JJ"
217987,"NN"
217988,"TO"
217989,"NNS"
217990,"VBN"
217991,"IN"
217992,"PRP"
217993,"."
217994,"IN"
217995,"DT"
217996,"NN"
217997,"IN"
217998,"DT"
217999,"NNP"
218000,"CC"
218001,"NNP"
218002,"NNP"
218003,","
218004,"NNP"
218005,"NNP"
218006,"NNP"
218007,"VBD"
218008,"NNP"
218009,"NNP"
218010,"NNP"
218011,","
218012,"NNP"
218013,"NNP"
218014,"NNP"
218015,","
218016,"CC"
218017,"NNP"
218018,"NNP"
218019,"NNP"
218020,"VBD"
218021,"DT"
218022,"CD"
218023,"NNS"
218024,"IN"
218025,"NNP"
218026,"CD"
218027,"IN"
218028,"$"
218029,"CD"
218030,"CD"
218031,","
218032,"CC"
218033,"$"
218034,"CD"
218035,"DT"
218036,"NN"
218037,"."
218038,"NNP"
218039,"NNP"
218040,"NNP"
218041,"VBD"
218042,"IN"
218043,"PRP"
218044,","
218045,"NNP"
218046,"NNP"
218047,"NNP"
218048,","
218049,"NNP"
218050,","
218051,"NNP"
218052,"NNP"
218053,","
218054,"CC"
218055,"NNP"
218056,"NNP"
218057,"VBP"
218058,"DT"
218059,"JJ"
218060,"CC"
218061,"VB"
218062,"DT"
218063,"JJ"
218064,"NN"
218065,"IN"
218066,"CD"
218067,"NNS"
218068,","
218069,"CC"
218070,"CD"
218071,"NN"
218072,"."
218073,"NNP"
218074,"NNP"
218075,"NNP"
218076,"VBZ"
218077,"VBD"
218078,"PRP"
218079,"VBZ"
218080,"TO"
218081,"VB"
218082,"JJR"
218083,"NNS"
218084,"."
218085,"IN"
218086,"NNP"
218087,"NNP"
218088,","
218089,"NNP"
218090,"NNP"
218091,"NNP"
218092,"NNP"
218093,"NNP"
218094,"VBD"
218095,"DT"
218096,"NN"
218097,"IN"
218098,"DT"
218099,"NNS"
218100,"VBZ"
218101,"RB"
218102,"JJ"
218103,"."
218104,"O"
218105,"NNP"
218106,","
218107,"NNP"
218108,"NNP"
218109,","
218110,"VBD"
218111,"PRP"
218112,"CC"
218113,"DT"
218114,"NN"
218115,"IN"
218116,"NNP"
218117,"CC"
218118,"NNP"
218119,"NNP"
218120,"VBD"
218121,"DT"
218122,"NN"
218123,"IN"
218124,"DT"
218125,"NNP"
218126,"NNP"
218127,"JJ"
218128,"NN"
218129,"IN"
218130,"DT"
218131,"$"
218132,"CD"
218133,"CD"
218134,"."
218135,"DT"
218136,"NN"
218137,"NN"
218138,"VBZ"
218139,"NN"
218140,"NN"
218141,"IN"
218142,"NNP"
218143,"CC"
218144,"NNP"
218145,","
218146,"DT"
218147,"JJ"
218148,"VBG"
218149,"NNS"
218150,"NN"
218151,","
218152,"VBD"
218153,"NNP"
218154,"NNP"
218155,"NNP"
218156,","
218157,"DT"
218158,"NN"
218159,"IN"
218160,"NNP"
218161,"POS"
218162,"NN"
218163,"NN"
218164,"CC"
218165,"DT"
218166,"NN"
218167,"IN"
218168,"DT"
218169,"NN"
218170,"."
218171,"NNP"
218172,"NNP"
218173,","
218174,"NNP"
218175,","
218176,"NNP"
218177,","
218178,"VBD"
218179,"NN"
218180,"IN"
218181,"$"
218182,"CD"
218183,"CD"
218184,"IN"
218185,"DT"
218186,"NN"
218187,"VBD"
218188,"NNP"
218189,"CD"
218190,"."
218191,"DT"
218192,"NN"
218193,"VBZ"
218194,"``"
218195,"RB"
218196,"JJ"
218197,"''"
218198,"IN"
218199,"DT"
218200,"NN"
218201,"NN"
218202,","
218203,"NNP"
218204,"NNP"
218205,"VBD"
218206,","
218207,"CC"
218208,"PRP"
218209,"VBD"
218210,"TO"
218211,"VB"
218212,"NNS"
218213,"."
218214,"IN"
218215,"CD"
218216,","
218217,"NNP"
218218,"CC"
218219,"NNP"
218220,"POS"
218221,"NNS"
218222,"CC"
218223,"JJ"
218224,"JJ"
218225,"NNS"
218226,"VBD"
218227,"DT"
218228,"NN"
218229,"IN"
218230,"NNP"
218231,"NNP"
218232,"IN"
218233,"NNP"
218234,","
218235,"NNP"
218236,"."
218237,"IN"
218238,"DT"
218239,"JJ"
218240,"NN"
218241,","
218242,"NN"
218243,"VBD"
218244,"IN"
218245,"DT"
218246,"JJ"
218247,"NNS"
218248,"POS"
218249,"NN"
218250,","
218251,"NNP"
218252,"NNP"
218253,"VBD"
218254,"."
218255,"O"
218256,"NNP"
218257,"NNP"
218258,","
218259,"NNP"
218260,"NNP"
218261,","
218262,"NNP"
218263,","
218264,"VBD"
218265,"NNP"
218266,"NNP"
218267,"NNP"
218268,"NNP"
218269,"VBD"
218270,"PRP$"
218271,"JJ"
218272,"NN"
218273,","
218274,"IN"
218275,"WDT"
218276,"PRP"
218277,"MD"
218278,"RB"
218279,"VB"
218280,"DT"
218281,"JJR"
218282,"IN"
218283,"DT"
218284,"NN"
218285,"NN"
218286,"POS"
218287,"JJ"
218288,"NN"
218289,","
218290,"IN"
218291,"NNP"
218292,"CD"
218293,"."
218294,"DT"
218295,"JJ"
218296,"NN"
218297,"VBD"
218298,"NNP"
218299,"."
218300,"NNP"
218301,"VBD"
218302,"IN"
218303,"PRP$"
218304,"NNS"
218305,"IN"
218306,"NNP"
218307,","
218308,"DT"
218309,"NNP"
218310,","
218311,"NNP"
218312,","
218313,"NN"
218314,"NN"
218315,","
218316,"VBP"
218317,"JJ"
218318,","
218319,"CC"
218320,"DT"
218321,"NNS"
218322,"IN"
218323,"DT"
218324,"JJ"
218325,"NN"
218326,"NN"
218327,"VBP"
218328,"JJ"
218329,"."
218330,"NNP"
218331,"VBZ"
218332,"VBN"
218333,"PRP$"
218334,"NN"
218335,"IN"
218336,"NNP"
218337,"TO"
218338,"CD"
218339,"NN"
218340,"IN"
218341,"JJ"
218342,"NNS"
218343,"."
218344,"NNS"
218345,"VBD"
218346,"IN"
218347,"NNP"
218348,"CC"
218349,"NNP"
218350,"NNP"
218351,"NNS"
218352,"VBD"
218353,"NNP"
218354,"TO"
218355,"VB"
218356,"DT"
218357,"JJ"
218358,"NN"
218359,"."
218360,"O"
218361,"NNP"
218362,"NNP"
218363,"NNP"
218364,"VBD"
218365,"PRP"
218366,"VBD"
218367,"NNS"
218368,"IN"
218369,"DT"
218370,"NN"
218371,"IN"
218372,"NNP"
218373,"NNP"
218374,","
218375,"DT"
218376,"JJ"
218377,"JJ"
218378,"NN"
218379,"WDT"
218380,"VBZ"
218381,"DT"
218382,"NNP"
218383,"NNP"
218384,"NN"
218385,"NN"
218386,"IN"
218387,"NN"
218388,"TO"
218389,"NNP"
218390,"NNP"
218391,"POS"
218392,"NNP"
218393,"NNP"
218394,"."
218395,"NNP"
218396,","
218397,"DT"
218398,"NNP"
218399,"NNP"
218400,","
218401,"NNP"
218402,","
218403,"NN"
218404,"IN"
218405,"NNS"
218406,"WDT"
218407,"VBZ"
218408,"VBN"
218409,"IN"
218410,"NNP"
218411,"NN"
218412,"NNP"
218413,"NNP"
218414,","
218415,"VBD"
218416,"RB"
218417,"VB"
218418,"DT"
218419,"NN"
218420,"IN"
218421,"VBG"
218422,"PRP$"
218423,"NN"
218424,"TO"
218425,"VB"
218426,"DT"
218427,"NN"
218428,","
218429,"CC"
218430,"NNP"
218431,"NNS"
218432,"MD"
218433,"RB"
218434,"VB"
218435,"VBN"
218436,"IN"
218437,"NN"
218438,"."
218439,"NNP"
218440,"VBD"
218441,"JJ"
218442,"NN"
218443,"TO"
218444,"VB"
218445,"DT"
218446,"NN"
218447,"."
218448,"NNP"
218449,"VBZ"
218450,"RB"
218451,"RB"
218452,"VBN"
218453,"DT"
218454,"JJ"
218455,"NN"
218456,","
218457,"IN"
218458,"NNP"
218459,"NNP"
218460,","
218461,"DT"
218462,"NNP"
218463,","
218464,"JJ"
218465,"NN"
218466,"NN"
218467,"NN"
218468,","
218469,"VBZ"
218470,"VBN"
218471,"NN"
218472,"POS"
218473,"NN"
218474,"IN"
218475,"IN"
218476,"$"
218477,"CD"
218478,"CD"
218479,"."
218480,"DT"
218481,"NN"
218482,"MD"
218483,"VB"
218484,"VBN"
218485,"DT"
218486,"JJS"
218487,"IN"
218488,"DT"
218489,"JJ"
218490,"NN"
218491,"IN"
218492,"NN"
218493,"NNS"
218494,","
218495,"WDT"
218496,"VBP"
218497,"VBN"
218498,"IN"
218499,"VBG"
218500,"NN"
218501,","
218502,"VBG"
218503,"NN"
218504,"CC"
218505,"NN"
218506,"NN"
218507,"NNS"
218508,"."
218509,"O"
218510,"DT"
218511,"JJ"
218512,"NN"
218513,"NNP"
218514,"NNP"
218515,"FW"
218516,"NNP"
218517,"VBD"
218518,"PRP"
218519,"VBZ"
218520,"VBN"
218521,"JJ"
218522,"NN"
218523,"TO"
218524,"VB"
218525,"PRP$"
218526,"NN"
218527,"IN"
218528,"DT"
218529,"JJ"
218530,"NN"
218531,"NN"
218532,"NNP"
218533,"NNP"
218534,"NNP"
218535,"NNP"
218536,"IN"
218537,"CD"
218538,"NN"
218539,"IN"
218540,"DT"
218541,"JJ"
218542,"NN"
218543,"IN"
218544,"IN"
218545,"CD"
218546,"NN"
218547,"."
218548,"NNP"
218549,"POS"
218550,"NN"
218551,"VBD"
218552,"VBN"
218553,"TO"
218554,"VB"
218555,"IN"
218556,"JJ"
218557,"NNS"
218558,"VBG"
218559,"NNS"
218560,"IN"
218561,"NN"
218562,"NNS"
218563,"CC"
218564,"VBZ"
218565,"DT"
218566,"JJ"
218567,"NN"
218568,"VBN"
218569,"NNP"
218570,"TO"
218571,"NNP"
218572,"."
218573,"NNP"
218574,"NNP"
218575,"NNP"
218576,"."
218577,"DT"
218578,"NNP"
218579,"CC"
218580,"NNP"
218581,"VBP"
218582,"VBN"
218583,"VBG"
218584,"PRP$"
218585,"NNS"
218586,"IN"
218587,"NNP"
218588,"NNP"
218589,"RB"
218590,"IN"
218591,"WP"
218592,"PRP"
218593,"VBP"
218594,"VBN"
218595,"``"
218596,"NN"
218597,"NNS"
218598,","
218599,"''"
218600,"IN"
218601,"DT"
218602,"NN"
218603,"VBZ"
218604,"VBN"
218605,"VBN"
218606,"IN"
218607,"NN"
218608,"NN"
218609,"IN"
218610,"JJ"
218611,"NNS"
218612,"."
218613,"NNP"
218614,"VBD"
218615,"RB"
218616,"VB"
218617,"RB"
218618,"IN"
218619,"PRP$"
218620,"NNS"
218621,"IN"
218622,"VBG"
218623,"DT"
218624,"NN"
218625,","
218626,"CC"
218627,"NNS"
218628,"RB"
218629,"TO"
218630,"DT"
218631,"NN"
218632,"VBD"
218633,"PRP"
218634,"VBD"
218635,"VBN"
218636,"TO"
218637,"VB"
218638,"RB"
218639,"DT"
218640,"NN"
218641,"MD"
218642,"VB"
218643,"DT"
218644,"NN"
218645,"TO"
218646,"VB"
218647,"PRP$"
218648,"NN"
218649,"IN"
218650,"DT"
218651,"NN"
218652,","
218653,"MD"
218654,"JJ"
218655,"NN"
218656,"NNS"
218657,"VBP"
218658,"."
218659,"DT"
218660,"NN"
218661,"NN"
218662,"VBD"
218663,"VB"
218664,","
218665,"RB"
218666,","
218667,"IN"
218668,"EX"
218669,"VBD"
218670,"DT"
218671,"NN"
218672,"TO"
218673,"JJ"
218674,"NNS"
218675,"DT"
218676,"NN"
218677,"MD"
218678,"VB"
218679,"JJ"
218680,"IN"
218681,"NN"
218682,"IN"
218683,"NNP"
218684,"."
218685,"O"
218686,"NNP"
218687,"NNP"
218688,"NNP"
218689,"NNP"
218690,","
218691,"DT"
218692,"NN"
218693,"IN"
218694,"NNP"
218695,"NNP"
218696,","
218697,"VBD"
218698,"PRP"
218699,"VBD"
218700,"TO"
218701,"VB"
218702,"IN"
218703,"NNP"
218704,"NNP"
218705,"."
218706,"NNP"
218707,"IN"
218708,"NNP"
218709,","
218710,"NNP"
218711,","
218712,"TO"
218713,"VB"
218714,"DT"
218715,"JJ"
218716,"NN"
218717,"IN"
218718,"NN"
218719,"NNS"
218720,"IN"
218721,"DT"
218722,"NNP"
218723,"NNP"
218724,"NNP"
218725,"."
218726,"DT"
218727,"NNP"
218728,"NNP"
218729,"VBZ"
218730,"VBG"
218731,"TO"
218732,"VB"
218733,"CD"
218734,"JJ"
218735,"JJ"
218736,"NN"
218737,"NNS"
218738,","
218739,"IN"
218740,"DT"
218741,"JJ"
218742,"NN"
218743,"IN"
218744,"$"
218745,"CD"
218746,"CD"
218747,"TO"
218748,"$"
218749,"CD"
218750,"CD"
218751,","
218752,"IN"
218753,"CD"
218754,"CC"
218755,"CD"
218756,"."
218757,"DT"
218758,"NN"
218759,"MD"
218760,"VB"
218761,"DT"
218762,"NN"
218763,","
218764,"VBN"
218765,"IN"
218766,"DT"
218767,"NNP"
218768,"NNP"
218769,"NNP"
218770,"NN"
218771,"IN"
218772,"NNP"
218773,"NNP"
218774,"NNP"
218775,","
218776,"WDT"
218777,"DT"
218778,"NNP"
218779,"NNP"
218780,"VBZ"
218781,"TO"
218782,"VB"
218783,"NN"
218784,"NNS"
218785,"."
218786,"NNP"
218787,"VBD"
218788,"DT"
218789,"NNP"
218790,"NNP"
218791,"MD"
218792,"RB"
218793,"VB"
218794,"DT"
218795,"JJ"
218796,"CD"
218797,"NN"
218798,"NN"
218799,"TO"
218800,"VB"
218801,"PRP$"
218802,"NN"
218803,"NNS"
218804,"VBN"
218805,"IN"
218806,"DT"
218807,"NNP"
218808,"NNP"
218809,"NNP"
218810,"NN"
218811,"IN"
218812,"NNP"
218813,"NNP"
218814,"."
218815,"IN"
218816,"DT"
218817,"NN"
218818,"IN"
218819,"NNP"
218820,","
218821,"NNP"
218822,"MD"
218823,"VB"
218824,"NNP"
218825,"TO"
218826,"VB"
218827,"DT"
218828,"NNP"
218829,"NNP"
218830,"NNP"
218831,"NNP"
218832,"NNP"
218833,"MD"
218834,"VB"
218835,"JJ"
218836,"NNS"
218837,"."
218838,"NNP"
218839,"MD"
218840,"VB"
218841,"JJ"
218842,"NNS"
218843,"CC"
218844,"VB"
218845,"JJ"
218846,"NN"
218847,"IN"
218848,"DT"
218849,"JJ"
218850,"NN"
218851,"IN"
218852,"PRP$"
218853,"NNP"
218854,","
218855,"NNP"
218856,","
218857,"NN"
218858,"MD"
218859,"DT"
218860,"NNP"
218861,"NNP"
218862,"NN"
218863,"DT"
218864,"NN"
218865,"."
218866,"DT"
218867,"NNP"
218868,"NN"
218869,"IN"
218870,"NNP"
218871,","
218872,"NNP"
218873,","
218874,"VBD"
218875,"PRP"
218876,"VBD"
218877,"RB"
218878,"JJ"
218879,"IN"
218880,"WDT"
218881,"JJ"
218882,"NNS"
218883,"MD"
218884,"VB"
218885,"JJ"
218886,"IN"
218887,"DT"
218888,"NNP"
218889,"NNP"
218890,"NN"
218891,"."
218892,"O"
218893,"JJ"
218894,"NN"
218895,"NNS"
218896,"VBD"
218897,"PRP$"
218898,"NN"
218899,"NN"
218900,"IN"
218901,"DT"
218902,"NN"
218903,"NN"
218904,"IN"
218905,"DT"
218906,"NNP"
218907,"NNP"
218908,"NN"
218909,"IN"
218910,"NNP"
218911,"NNP"
218912,"NNP"
218913,"IN"
218914,"NN"
218915,"NNS"
218916,"VBD"
218917,"IN"
218918,"NN"
218919,"IN"
218920,"DT"
218921,"NN"
218922,"."
218923,"CC"
218924,"DT"
218925,"NNP"
218926,"NN"
218927,"VBD"
218928,"IN"
218929,"DT"
218930,"JJ"
218931,"NN"
218932,"IN"
218933,"NNP"
218934,"NNP"
218935,"NNS"
218936,"VBN"
218937,"NN"
218938,"NNS"
218939,"CC"
218940,"VBD"
218941,"DT"
218942,"NN"
218943,"POS"
218944,"NN"
218945,"TO"
218946,"VB"
218947,"PRP$"
218948,"NNS"
218949,"."
218950,"DT"
218951,"NNP"
218952,"NNP"
218953,"VBD"
218954,"NN"
218955,"IN"
218956,"IN"
218957,"DT"
218958,"NN"
218959,","
218960,"WDT"
218961,"VBZ"
218962,"NN"
218963,"NNS"
218964,","
218965,"IN"
218966,"DT"
218967,"NN"
218968,"IN"
218969,"NN"
218970,"IN"
218971,"NN"
218972,"NN"
218973,"TO"
218974,"CD"
218975,"TO"
218976,"VB"
218977,"DT"
218978,"NN"
218979,"."
218980,"PRP$"
218981,"NN"
218982,"VBD"
218983,"VBN"
218984,"IN"
218985,"NNS"
218986,"IN"
218987,"NNP"
218988,"TO"
218989,"VB"
218990,"NNS"
218991,"IN"
218992,"NNP"
218993,"IN"
218994,"DT"
218995,"JJ"
218996,"NN"
218997,"DT"
218998,"JJ"
218999,"NN"
219000,"VBD"
219001,"DT"
219002,"NN"
219003,"."
219004,"DT"
219005,"NN"
219006,"IN"
219007,"NNS"
219008,"NNS"
219009,","
219010,"NN"
219011,"NNS"
219012,","
219013,"NN"
219014,"NNS"
219015,"CC"
219016,"JJ"
219017,"JJ"
219018,"NNS"
219019,"VBN"
219020,"TO"
219021,"DT"
219022,"NNP"
219023,"IN"
219024,"NNP"
219025,"MD"
219026,"VB"
219027,"DT"
219028,"RBR"
219029,"JJ"
219030,"NN"
219031,"TO"
219032,"DT"
219033,"NN"
219034,"CC"
219035,"DT"
219036,"JJ"
219037,"NN"
219038,"."
219039,"NNP"
219040,"NNS"
219041,"VBP"
219042,"IN"
219043,"PRP"
219044,"VBP"
219045,"RB"
219046,"VBN"
219047,"IN"
219048,"IN"
219049,"DT"
219050,"JJ"
219051,"NN"
219052,"NN"
219053,"PRP"
219054,"VBP"
219055,"VBZ"
219056,"TO"
219057,"VB"
219058,"IN"
219059,"NN"
219060,"PRP$"
219061,"NN"
219062,"CC"
219063,"NN"
219064,"IN"
219065,"JJ"
219066,"NN"
219067,"."
219068,"O"
219069,"DT"
219070,"NN"
219071,"IN"
219072,"$"
219073,"CD"
219074,"CD"
219075,"IN"
219076,"JJ"
219077,"NN"
219078,"NNS"
219079,","
219080,"VBN"
219081,"IN"
219082,"DT"
219083,"NN"
219084,"IN"
219085,"NNS"
219086,"CC"
219087,"JJ"
219088,"NN"
219089,"VBZ"
219090,"DT"
219091,"NN"
219092,","
219093,"RB"
219094,"VBD"
219095,"NNP"
219096,"."
219097,"NNP"
219098,"NN"
219099,"TO"
219100,"DT"
219101,"NN"
219102,"IN"
219103,"NNS"
219104,"VBN"
219105,"TO"
219106,"VB"
219107,"NNS"
219108,","
219109,"RB"
219110,"TO"
219111,"VB"
219112,"PRP"
219113,"VBN"
219114,"IN"
219115,"JJ"
219116,"NNS"
219117,"."
219118,"NNP"
219119,","
219120,"PRP"
219121,"VBD"
219122,"NN"
219123,"NNS"
219124,"VBP"
219125,"RB"
219126,"VB"
219127,"NNS"
219128,"IN"
219129,"PRP$"
219130,"NN"
219131,"NNS"
219132,"IN"
219133,"VBG"
219134,"JJ"
219135,"TO"
219136,"VB"
219137,"RB"
219138,"JJ"
219139,"JJ"
219140,"NNS"
219141,"."
219142,"``"
219143,"DT"
219144,"NN"
219145,"NN"
219146,"NN"
219147,"VBZ"
219148,"IN"
219149,"DT"
219150,"NN"
219151,"IN"
219152,"NN"
219153,"RB"
219154,":"
219155,"EX"
219156,"VBP"
219157,"DT"
219158,"NNS"
219159,","
219160,"JJ"
219161,"NNS"
219162,","
219163,"''"
219164,"VBZ"
219165,"JJ"
219166,"NN"
219167,"NNP"
219168,"NNP"
219169,"NNP"
219170,","
219171,"WP"
219172,"VBZ"
219173,"RB"
219174,"$"
219175,"CD"
219176,"CD"
219177,"CC"
219178,"WP"
219179,"RB"
219180,"VBD"
219181,"TO"
219182,"VB"
219183,"JJ"
219184,"NNS"
219185,"IN"
219186,"DT"
219187,"JJ"
219188,"NN"
219189,"."
219190,"DT"
219191,"NN"
219192,"VBZ"
219193,"``"
219194,"RB"
219195,"IN"
219196,"RB"
219197,","
219198,"''"
219199,"PRP"
219200,"VBZ"
219201,"."
219202,"NN"
219203,"POS"
219204,"NN"
219205,"VBD"
219206,"VB"
219207,"DT"
219208,"JJ"
219209,"NN"
219210,"IN"
219211,"NNS"
219212,"WDT"
219213,"VBD"
219214,"DT"
219215,"JJ"
219216,"JJ"
219217,"NN"
219218,"IN"
219219,"DT"
219220,"NNP"
219221,"NNP"
219222,"NNP"
219223,"NNP"
219224,"IN"
219225,"DT"
219226,"NNP"
219227,"CD"
219228,","
219229,"CD"
219230,","
219231,"NN"
219232,"."
219233,"RB"
219234,","
219235,"PRP"
219236,"RB"
219237,"VBD"
219238,"VB"
219239,"DT"
219240,"NN"
219241,"POS"
219242,"JJS"
219243,"NN"
219244,"IN"
219245,"DT"
219246,"NNP"
219247,"NN"
219248,"NN"
219249,"NN"
219250,"IN"
219251,"NNS"
219252,"VBD"
219253,"TO"
219254,"VB"
219255,"NN"
219256,"IN"
219257,"DT"
219258,"NN"
219259,"NNS"
219260,"PRP"
219261,"MD"
219262,"VB"
219263,"."
219264,"CC"
219265,"``"
219266,"DT"
219267,"NN"
219268,"NN"
219269,"VBD"
219270,"''"
219271,"DT"
219272,"NN"
219273,"NN"
219274,"NNP"
219275,"IN"
219276,"NNS"
219277,"VBD"
219278,"IN"
219279,"NNS"
219280,"IN"
219281,"JJ"
219282,"NNS"
219283,"IN"
219284,"``"
219285,"DT"
219286,"JJ"
219287,"NN"
219288,","
219289,"''"
219290,"VBZ"
219291,"NNP"
219292,"NNP"
219293,","
219294,"DT"
219295,"NN"
219296,"IN"
219297,"NNP"
219298,"POS"
219299,"NNP"
219300,"NNP"
219301,"NNP"
219302,"."
219303,"IN"
219304,"NN"
219305,","
219306,"DT"
219307,"NN"
219308,"IN"
219309,"NNP"
219310,"NNP"
219311,"POS"
219312,"$"
219313,"CD"
219314,"CD"
219315,"IN"
219316,"CD"
219317,"CD"
219318,"NN"
219319,"NNS"
219320,"JJ"
219321,"CD"
219322,":"
219323,"VBN"
219324,"JJR"
219325,"IN"
219326,"CD"
219327,"NNS"
219328,"RB"
219329,"IN"
219330,"NNP"
219331,","
219332,"NNP"
219333,"CC"
219334,"NNP"
219335,":"
219336,"VBD"
219337,"CD"
219338,"NN"
219339,"TO"
219340,"RB"
219341,"CD"
219342,"NNS"
219343,"IN"
219344,"DT"
219345,"NN"
219346,"."
219347,"CC"
219348,"RB"
219349,"RB"
219350,"NNP"
219351,"MD"
219352,"VB"
219353,"DT"
219354,"NN"
219355,"IN"
219356,"DT"
219357,"NNS"
219358,"IN"
219359,"NNP"
219360,","
219361,"DT"
219362,"NN"
219363,"IN"
219364,"DT"
219365,"JJ"
219366,"NN"
219367,"IN"
219368,"NNP"
219369,"NN"
219370,"NNS"
219371,"WDT"
219372,"VBZ"
219373,"VBN"
219374,"IN"
219375,"NN"
219376,"."
219377,"NNP"
219378,"NNS"
219379,"VBD"
219380,"TO"
219381,"VB"
219382,"."
219383,"NN"
219384,"NNS"
219385,","
219386,"WDT"
219387,"VBD"
219388,"IN"
219389,"JJR"
219390,"IN"
219391,"$"
219392,"CD"
219393,"CD"
219394,"IN"
219395,"DT"
219396,"NN"
219397,"IN"
219398,"DT"
219399,"NN"
219400,","
219401,"VBP"
219402,"VBN"
219403,"VBG"
219404,"IN"
219405,"NNS"
219406,"IN"
219407,"NN"
219408,"IN"
219409,"NN"
219410,"VBD"
219411,"IN"
219412,"DT"
219413,"NN"
219414,"IN"
219415,"JJ"
219416,"NN"
219417,"NNS"
219418,"."
219419,"DT"
219420,"JJ"
219421,"NN"
219422,"VBD"
219423,"PRP$"
219424,"JJS"
219425,"NN"
219426,"JJ"
219427,"NN"
219428,"IN"
219429,"NNP"
219430,"NNP"
219431,","
219432,"WDT"
219433,"VBD"
219434,"PRP$"
219435,"NNP"
219436,"NN"
219437,"NN"
219438,"IN"
219439,"NN"
219440,"NN"
219441,"."
219442,"NNP"
219443,"VBD"
219444,"DT"
219445,"NN"
219446,"NN"
219447,"WDT"
219448,"VBD"
219449,"PRP"
219450,"TO"
219451,"VB"
219452,"JJ"
219453,"IN"
219454,"DT"
219455,"NN"
219456,"NNS"
219457,"CC"
219458,"TO"
219459,"VB"
219460,"PRP$"
219461,"JJ"
219462,"NNS"
219463,"NN"
219464,"NN"
219465,"RB"
219466,"IN"
219467,"NN"
219468,"."
219469,"RB"
219470,","
219471,"NNS"
219472,"IN"
219473,"NNS"
219474,","
219475,"VBG"
219476,"NNP"
219477,"NNP"
219478,","
219479,"NNP"
219480,"NNP"
219481,"CC"
219482,"NNP"
219483,"NNP"
219484,","
219485,"DT"
219486,"JJ"
219487,"NN"
219488,"IN"
219489,"IN"
219490,"JJS"
219491,"$"
219492,"CD"
219493,"CD"
219494,"IN"
219495,"JJ"
219496,"JJ"
219497,"NN"
219498,"NNS"
219499,"TO"
219500,"VB"
219501,"PRP$"
219502,"RB"
219503,"JJ"
219504,"NNS"
219505,"CC"
219506,"NNS"
219507,"NN"
219508,","
219509,"MD"
219510,"RB"
219511,"VB"
219512,"DT"
219513,"NN"
219514,"."
219515,"``"
219516,"DT"
219517,"NN"
219518,"VBZ"
219519,"VBN"
219520,"NN"
219521,","
219522,"''"
219523,"VBZ"
219524,"NNP"
219525,"NNP"
219526,","
219527,"DT"
219528,"NN"
219529,"IN"
219530,"DT"
219531,"NN"
219532,"NN"
219533,"IN"
219534,"NNP"
219535,"NNP"
219536,"."
219537,"``"
219538,"PRP"
219539,"VBP"
219540,"RB"
219541,"VBN"
219542,"DT"
219543,"NN"
219544,"CC"
219545,"PRP"
219546,"VBP"
219547,"RB"
219548,"."
219549,"''"
219550,"IN"
219551,"NNP"
219552,"POS"
219553,"NN"
219554,","
219555,"VBZ"
219556,"NNP"
219557,"NNP"
219558,"NNP"
219559,","
219560,"DT"
219561,"NN"
219562,"IN"
219563,"JJ"
219564,"NN"
219565,"IN"
219566,"NNP"
219567,"NNP"
219568,"NNP"
219569,","
219570,"``"
219571,"RB"
219572,"IN"
219573,"DT"
219574,"$"
219575,"CD"
219576,"CD"
219577,"RB"
219578,"NN"
219579,"MD"
219580,"VB"
219581,"VBN"
219582,","
219583,"VBG"
219584,"IN"
219585,"DT"
219586,"NN"
219587,"."
219588,"''"
219589,"IN"
219590,"NNP"
219591,","
219592,"NNP"
219593,"NNP"
219594,"VBD"
219595,"DT"
219596,"$"
219597,"CD"
219598,"CD"
219599,"NN"
219600,"NN"
219601,"IN"
219602,"NNP"
219603,"NNP"
219604,"NNS"
219605,"IN"
219606,"JJ"
219607,"NNS"
219608,"VBD"
219609,"``"
219610,"RB"
219611,"JJ"
219612,"."
219613,"''"
219614,"DT"
219615,"NN"
219616,"``"
219617,"VBZ"
219618,"JJ"
219619,"IN"
219620,"PRP"
219621,"VBP"
219622,"RB"
219623,"VBG"
219624,"''"
219625,"IN"
219626,"JJ"
219627,"NNS"
219628,","
219629,"IN"
219630,"NN"
219631,","
219632,"TO"
219633,"VB"
219634,"DT"
219635,"IN"
219636,"PRP$"
219637,"NN"
219638,"NN"
219639,"NNS"
219640,"TO"
219641,"VB"
219642,"RP"
219643,"NNS"
219644,"IN"
219645,"JJ"
219646,"NNS"
219647,","
219648,"VBZ"
219649,"NNP"
219650,"NNP"
219651,","
219652,"JJ"
219653,"NN"
219654,"NN"
219655,"IN"
219656,"NNP"
219657,","
219658,"NNP"
219659,"CC"
219660,"NNP"
219661,","
219662,"DT"
219663,"NN"
219664,"NN"
219665,"IN"
219666,"NNP"
219667,"NNP"
219668,"NNP"
219669,"."
219670,"RB"
219671,","
219672,"DT"
219673,"NNP"
219674,"POS"
219675,"NN"
219676,"WDT"
219677,"VBZ"
219678,"DT"
219679,"JJ"
219680,"NN"
219681,"NNS"
219682,"IN"
219683,"CD"
219684,"JJ"
219685,"JJ"
219686,"NNS"
219687,"VBD"
219688,"IN"
219689,"DT"
219690,"JJ"
219691,"JJ"
219692,"NN"
219693,"NNP"
219694,"."
219695,"IN"
219696,"DT"
219697,"JJ"
219698,"NN"
219699,","
219700,"DT"
219701,"JJ"
219702,"JJ"
219703,"NN"
219704,"NN"
219705,"VBD"
219706,"JJR"
219707,"IN"
219708,"CD"
219709,"CD"
219710,"NNS"
219711,","
219712,"CC"
219713,"RB"
219714,"$"
219715,"CD"
219716,"IN"
219717,"DT"
219718,"$"
219719,"CD"
219720,"NN"
219721,"NN"
219722,","
219723,"TO"
219724,"CD"
219725,"CD"
219726,","
219727,"PRP$"
219728,"JJS"
219729,"NN"
219730,"IN"
219731,"DT"
219732,"NN"
219733,"."
219734,"DT"
219735,"NN"
219736,"POS"
219737,"NN"
219738,"VBD"
219739,"TO"
219740,"CD"
219741,"NN"
219742,","
219743,"DT"
219744,"JJS"
219745,"IN"
219746,"NNP"
219747,"CD"
219748,","
219749,"CD"
219750,","
219751,"VBG"
219752,"TO"
219753,"NNP"
219754,"NNP"
219755,"NNP"
219756,"NNP"
219757,"NNP"
219758,"."
219759,"DT"
219760,"NN"
219761,"IN"
219762,"JJ"
219763,"NN"
219764,"NNS"
219765,","
219766,"VBD"
219767,"DT"
219768,"NN"
219769,"IN"
219770,"DT"
219771,"NNS"
219772,","
219773,"VBN"
219774,"IN"
219775,"CD"
219776,"NN"
219777,"NN"
219778,"TO"
219779,"CD"
219780,"NN"
219781,","
219782,"DT"
219783,"JJS"
219784,"JJ"
219785,"NN"
219786,"IN"
219787,"CD"
219788,"."
219789,"DT"
219790,"JJ"
219791,"NN"
219792,"IN"
219793,"NN"
219794,"NN"
219795,"NN"
219796,"NN"
219797,"VBD"
219798,"DT"
219799,"JJ"
219800,"NN"
219801,"IN"
219802,"DT"
219803,"NNP"
219804,"NNP"
219805,"NNP"
219806,"NNP"
219807,"."
219808,"``"
219809,"WRB"
219810,"PRP"
219811,"VBP"
219812,"NN"
219813,"IN"
219814,"NN"
219815,"NN"
219816,","
219817,"PRP"
219818,"VBP"
219819,"NN"
219820,"TO"
219821,"NN"
219822,"IN"
219823,"DT"
219824,"JJ"
219825,","
219826,"''"
219827,"VBD"
219828,"NNP"
219829,"NNP"
219830,","
219831,"NN"
219832,"NN"
219833,"NN"
219834,"IN"
219835,"NNP"
219836,"NNP"
219837,"NNP"
219838,"NNP"
219839,"."
219840,"RB"
219841,","
219842,"DT"
219843,"NNS"
219844,"IN"
219845,"DT"
219846,"NN"
219847,"NN"
219848,"MD"
219849,"VB"
219850,"DT"
219851,"NNP"
219852,"NNP"
219853,"TO"
219854,"VB"
219855,"NN"
219856,"IN"
219857,"DT"
219858,"NNS"
219859,"RB"
219860,"."
219861,"``"
219862,"DT"
219863,"VBZ"
219864,"DT"
219865,"JJ"
219866,"NN"
219867,"IN"
219868,"DT"
219869,"NN"
219870,"NN"
219871,"NN"
219872,","
219873,"''"
219874,"VBZ"
219875,"NNP"
219876,"NNP"
219877,","
219878,"NN"
219879,"IN"
219880,"NN"
219881,"NN"
219882,"NN"
219883,"IN"
219884,"NNP"
219885,"NNP"
219886,"NNP"
219887,"NNP"
219888,","
219889,"NNP"
219890,"NNP"
219891,"."
219892,"DT"
219893,"JJ"
219894,"NN"
219895,"MD"
219896,"VB"
219897,"DT"
219898,"NN"
219899,"IN"
219900,"NN"
219901,"NNS"
219902,"RB"
219903,"RB"
219904,"IN"
219905,"JJ"
219906,"NNS"
219907,"."
219908,"NNP"
219909,"NNP"
219910,","
219911,"DT"
219912,"NN"
219913,"CC"
219914,"NN"
219915,"NN"
219916,"IN"
219917,"NNP"
219918,","
219919,"NNP"
219920,"CC"
219921,"NNP"
219922,","
219923,"WDT"
219924,"VBZ"
219925,"$"
219926,"CD"
219927,"CD"
219928,"IN"
219929,"JJ"
219930,"NNS"
219931,","
219932,"VBZ"
219933,"PRP"
219934,"VBZ"
219935,"RB"
219936,"``"
219937,"VBP"
219938,"EX"
219939,"VBZ"
219940,"DT"
219941,"JJ"
219942,"JJ"
219943,"NN"
219944,"("
219945,"IN"
219946,"DT"
219947,"NN"
219948,"NN"
219949,"NN"
219950,")"
219951,"."
219952,"PRP"
219953,"VBD"
219954,"NNP"
219955,"NNP"
219956,"."
219957,"''"
219958,"PRP"
219959,"VBZ"
219960,":"
219961,"``"
219962,"DT"
219963,"NN"
219964,"NN"
219965,"VBZ"
219966,"VBN"
219967,"DT"
219968,"NN"
219969,"CC"
219970,"RB"
219971,"DT"
219972,"NNS"
219973,"VBP"
219974,"IN"
219975,"IN"
219976,"DT"
219977,"NN"
219978,"NN"
219979,"VBZ"
219980,"VBN"
219981,"IN"
219982,"NN"
219983,"DT"
219984,"NN"
219985,"MD"
219986,"VB"
219987,"JJ"
219988,"CC"
219989,"WDT"
219990,"POS"
219991,"JJ"
219992,"IN"
219993,"NN"
219994,"."
219995,"PRP"
219996,"VBP"
219997,"RB"
219998,"VB"
219999,"IN"
220000,"POS"
220001,"DT"
220002,"NN"
220003,","
220004,"CC"
220005,"PRP"
220006,"VBP"
220007,"IN"
220008,"NNS"
220009,"VBP"
220010,"VBG"
220011,"VBN"
220012,"."
220013,"EX"
220014,"VBZ"
220015,"DT"
220016,"NN"
220017,"IN"
220018,"NN"
220019,","
220020,"CC"
220021,"DT"
220022,"NN"
220023,"VBZ"
220024,"RB"
220025,"IN"
220026,"NNS"
220027,"CC"
220028,"RB"
220029,"IN"
220030,"NN"
220031,":"
220032,"PRP"
220033,"VBZ"
220034,"IN"
220035,"NNPS"
220036,"."
220037,"''"
220038,"RB"
220039,"IN"
220040,"NN"
220041,"IN"
220042,"JJ"
220043,"NNS"
220044,"VBD"
220045,"RB"
220046,"IN"
220047,"DT"
220048,"JJ"
220049,"NN"
220050,","
220051,"NNS"
220052,"VBD"
220053,"JJR"
220054,"IN"
220055,"$"
220056,"CD"
220057,"CD"
220058,"IN"
220059,"JJ"
220060,"NN"
220061,"NNS"
220062,"."
220063,"IN"
220064,"NN"
220065,","
220066,"DT"
220067,"JJ"
220068,"$"
220069,"CD"
220070,"CD"
220071,"NN"
220072,"IN"
220073,"NNP"
220074,"NNP"
220075,"NNP"
220076,"NNP"
220077,"NNS"
220078,"VBN"
220079,"IN"
220080,"NNP"
220081,"NNP"
220082,"VBD"
220083,"CD"
220084,"NNS"
220085,"JJ"
220086,"."
220087,"DT"
220088,"$"
220089,"CD"
220090,"CD"
220091,"NN"
220092,"IN"
220093,"NNP"
220094,"NNP"
220095,"NNP"
220096,"NNP"
220097,"."
220098,"JJ"
220099,"NNS"
220100,"VBD"
220101,"JJ"
220102,"NN"
220103,"IN"
220104,"NNP"
220105,"VBD"
220106,"VBN"
220107,"$"
220108,"CD"
220109,"CD"
220110,"IN"
220111,"IN"
220112,"JJ"
220113,"NN"
220114,"."
220115,"NNP"
220116,"NNP"
220117,"VBZ"
220118,"IN"
220119,"IN"
220120,"NNP"
220121,"CC"
220122,"NNP"
220123,"RB"
220124,","
220125,"NN"
220126,"NN"
220127,"NNS"
220128,"MD"
220129,"VB"
220130,"$"
220131,"CD"
220132,"CD"
220133,"IN"
220134,"NN"
220135,"NN"
220136,"NNS"
220137,"."
220138,"``"
220139,"DT"
220140,"VBZ"
220141,"DT"
220142,"JJ"
220143,"NN"
220144,"IN"
220145,"EX"
220146,"VBZ"
220147,"CC"
220148,"MD"
220149,"VB"
220150,"DT"
220151,"NN"
220152,"IN"
220153,"JJ"
220154,"NN"
220155,"VBG"
220156,"IN"
220157,","
220158,"''"
220159,"VBZ"
220160,"NNP"
220161,"NNP"
220162,"IN"
220163,"NNP"
220164,"NNP"
220165,"."
220166,"``"
220167,"PRP"
220168,"VBP"
220169,"RB"
220170,"VB"
220171,"WRB"
220172,"NNS"
220173,"MD"
220174,"VB"
220175,"DT"
220176,"NN"
220177,"NN"
220178,"NN"
220179,"VBD"
220180,"WRB"
220181,"EX"
220182,"VBD"
220183,"$"
220184,"CD"
220185,"CD"
220186,"IN"
220187,"NNS"
220188,"IN"
220189,"$"
220190,"CD"
220191,"CD"
220192,"IN"
220193,"NN"
220194,"NNS"
220195,"VBD"
220196,"JJ"
220197,"NN"
220198,"IN"
220199,"NNP"
220200,","
220201,"''"
220202,"VBZ"
220203,"NNP"
220204,"NNP"
220205,","
220206,"NN"
220207,"IN"
220208,"NN"
220209,"NN"
220210,"IN"
220211,"NNP"
220212,"NNP"
220213,"CC"
220214,"NNP"
220215,"."
220216,"``"
220217,"WRB"
220218,"DT"
220219,"NN"
220220,"VBZ"
220221,","
220222,"NN"
220223,"NNS"
220224,"MD"
220225,"VB"
220226,"VBG"
220227,"PRP"
220228,"IN"
220229,"PRP"
220230,"VBP"
220231,"NNS"
220232,"TO"
220233,"VB"
220234,"CC"
220235,"VB"
220236,"PRP"
220237,"MD"
220238,"."
220239,"EX"
220240,"VBZ"
220241,"NN"
220242,"IN"
220243,"NN"
220244,"JJ"
220245,"IN"
220246,"NNS"
220247,"WP"
220248,"VBP"
220249,"TO"
220250,"VB"
220251,"JJ"
220252,"NNS"
220253,":"
220254,"PRP"
220255,"VBZ"
220256,"DT"
220257,"NN"
220258,"WDT"
220259,"VBZ"
220260,"VBN"
220261,"IN"
220262,"DT"
220263,"NN"
220264,"IN"
220265,"NNS"
220266,"VBP"
220267,"JJ"
220268,"IN"
220269,"."
220270,"''"
220271,"CC"
220272,"JJ"
220273,"RB"
220274,"JJ"
220275,"NNS"
220276,"VBD"
220277,"TO"
220278,"VB"
220279,"VBN"
220280,"DT"
220281,"NN"
220282,","
220283,"VBG"
220284,"DT"
220285,"NN"
220286,"IN"
220287,"JJ"
220288,"IN"
220289,"DT"
220290,"NN"
220291,"NN"
220292,"."
220293,"NNP"
220294,"NNP"
220295,","
220296,"NN"
220297,"IN"
220298,"JJ"
220299,"NN"
220300,"IN"
220301,"NNP"
220302,"NNP"
220303,"NNP"
220304,","
220305,"VBZ"
220306,"DT"
220307,"NN"
220308,"IN"
220309,"NN"
220310,"NNS"
220311,"VBZ"
220312,"VBN"
220313,"VBG"
220314,"JJR"
220315,","
220316,"VBG"
220317,"TO"
220318,"DT"
220319,"NN"
220320,"IN"
220321,"NNS"
220322,"."
220323,"``"
220324,"JJ"
220325,"NN"
220326,"PRP"
220327,"RB"
220328,"VBD"
220329,"PRP"
220330,"RP"
220331,"IN"
220332,"DT"
220333,"CD"
220334,"JJ"
220335,"NNS"
220336,","
220337,"''"
220338,"PRP"
220339,"VBZ"
220340,"."
220341,"``"
220342,"DT"
220343,"NN"
220344,","
220345,"IN"
220346,"RB"
220347,","
220348,"PRP"
220349,"VBZ"
220350,"IN"
220351,"NN"
220352,"IN"
220353,"DT"
220354,"CD"
220355,"CC"
220356,"CD"
220357,"."
220358,"CC"
220359,"JJ"
220360,"NN"
220361,"NNS"
220362,"VBP"
220363,"RB"
220364,"VBN"
220365,"CD"
220366,"FW"
220367,"."
220368,"''"
220369,"RB"
220370,","
220371,"NNP"
220372,"NNP"
220373,"VBD"
220374,"DT"
220375,"NN"
220376,"IN"
220377,"NN"
220378,"VBZ"
220379,"VBG"
220380,"``"
220381,"CD"
220382,"NN"
220383,"IN"
220384,"DT"
220385,"NN"
220386,"NN"
220387,"''"
220388,"IN"
220389,"JJ"
220390,"NNS"
220391,"."
220392,"IN"
220393,"DT"
220394,"NN"
220395,","
220396,"NNS"
220397,"VBP"
220398,"RBR"
220399,"JJ"
220400,"IN"
220401,"DT"
220402,"``"
220403,"JJ"
220404,"''"
220405,"NN"
220406,"IN"
220407,"DT"
220408,"``"
220409,"JJ"
220410,"''"
220411,"NN"
220412,"."
220413,"``"
220414,"DT"
220415,"NN"
220416,"VBZ"
220417,"VBN"
220418,"JJ"
220419,"IN"
220420,"''"
220421,"DT"
220422,"NN"
220423,"IN"
220424,"DT"
220425,"NNP"
220426,"NN"
220427,"NN"
220428,"CC"
220429,"DT"
220430,"NN"
220431,"POS"
220432,"JJ"
220433,"NN"
220434,"IN"
220435,"NNP"
220436,"CC"
220437,"NNP"
220438,","
220439,"VBZ"
220440,"NNP"
220441,"NNP"
220442,"IN"
220443,"NNP"
220444,"NNP"
220445,"."
220446,"``"
220447,"DT"
220448,"RB"
220449,"VBD"
220450,"DT"
220451,"NN"
220452,"IN"
220453,"DT"
220454,"NNS"
220455,"VBD"
220456,"TO"
220457,"VB"
220458,"``"
220459,"WP"
220460,"RB"
220461,"VBZ"
220462,"IN"
220463,"NN"
220464,"."
220465,"''"
220466,"''"
220467,"UH"
220468,"IN"
220469,"NNP"
220470,","
220471,"RB"
220472,","
220473,"RB"
220474,"VBD"
220475,"NNS"
220476,"IN"
220477,"DT"
220478,"NN"
220479,"NN"
220480,"VBD"
220481,"JJ"
220482,"IN"
220483,"CD"
220484,"IN"
220485,"PRP$"
220486,"JJS"
220487,"NNS"
220488,"RB"
220489,"."
220490,"IN"
220491,"DT"
220492,"RB"
220493,"JJ"
220494,"NN"
220495,","
220496,"NN"
220497,"NN"
220498,"NNS"
220499,"VBD"
220500,"NN"
220501,"IN"
220502,"VB"
220503,"RP"
220504,","
220505,"VBN"
220506,"IN"
220507,"DT"
220508,"RB"
220509,"JJ"
220510,"NN"
220511,"IN"
220512,"JJ"
220513,"NN"
220514,":"
220515,":"
220516,"IN"
220517,"NNP"
220518,","
220519,"CD"
220520,"NNS"
220521,"IN"
220522,"PRP"
220523,"MD"
220524,"VB"
220525,"IN"
220526,"NN"
220527,"NNS"
220528,"VBG"
220529,"DT"
220530,"IN"
220531,"PRP$"
220532,"$"
220533,"CD"
220534,"CD"
220535,"IN"
220536,"JJ"
220537,"NN"
220538,"NNS"
220539,","
220540,"NNP"
220541,"NNP"
220542,"NNP"
220543,"NNP"
220544,"NNP"
220545,"VBD"
220546,"PRP"
220547,"VBD"
220548,"RP"
220549,"IN"
220550,"VBN"
220551,"NN"
220552,"."
220553,":"
220554,"NNP"
220555,"NNP"
220556,","
220557,"NNP"
220558,"NNP"
220559,","
220560,"DT"
220561,"JJ"
220562,"JJ"
220563,"NN"
220564,"CC"
220565,"JJ"
220566,"NNS"
220567,"NN"
220568,"IN"
220569,"IN"
220570,"$"
220571,"CD"
220572,"CD"
220573,"IN"
220574,"NN"
220575,"NNS"
220576,","
220577,"RB"
220578,"VBN"
220579,"IN"
220580,"NN"
220581,"IN"
220582,"NNP"
220583,"NN"
220584,"NN"
220585,"."
220586,":"
220587,"IN"
220588,"DT"
220589,"NN"
220590,"IN"
220591,"NNP"
220592,","
220593,"DT"
220594,"NN"
220595,"IN"
220596,"NN"
220597,"IN"
220598,"DT"
220599,"NN"
220600,"IN"
220601,"NN"
220602,"NNS"
220603,"CC"
220604,"JJ"
220605,"NN"
220606,"NNS"
220607,"VBD"
220608,"TO"
220609,"JJR"
220610,"IN"
220611,"CD"
220612,"NN"
220613,"NNS"
220614,"."
220615,":"
220616,"NNP"
220617,"NNP"
220618,","
220619,"NNP"
220620,"NNP"
220621,"NNP"
220622,","
220623,"WDT"
220624,"VBD"
220625,"JJR"
220626,"IN"
220627,"$"
220628,"CD"
220629,"CD"
220630,"IN"
220631,"NN"
220632,"NNS"
220633,","
220634,"VBD"
220635,"NN"
220636,"NNS"
220637,"."
220638,":"
220639,"NNP"
220640,"NNP"
220641,","
220642,"RB"
220643,"IN"
220644,"DT"
220645,"NN"
220646,"NN"
220647,"VBD"
220648,"NNP"
220649,","
220650,"NNP"
220651,"NNP"
220652,"NNP"
220653,"VBD"
220654,"IN"
220655,"$"
220656,"CD"
220657,"CD"
220658,"IN"
220659,"NNS"
220660,"CC"
220661,"VBD"
220662,"JJ"
220663,"TO"
220664,"VB"
220665,"NN"
220666,"IN"
220667,"DT"
220668,"NN"
220669,"IN"
220670,"$"
220671,"CD"
220672,"CD"
220673,"IN"
220674,"NN"
220675,"NNS"
220676,"."
220677,"RB"
220678,","
220679,"NNS"
220680,"VBP"
220681,"VBG"
220682,"RB"
220683,"VBN"
220684,"IN"
220685,"DT"
220686,"NN"
220687,"TO"
220688,"NN"
220689,"NNS"
220690,"DT"
220691,"NNS"
220692,"IN"
220693,"NN"
220694,"."
220695,"NNP"
220696,"NNP"
220697,"VBZ"
220698,"DT"
220699,"NN"
220700,"IN"
220701,"JJ"
220702,"NN"
220703,"NNS"
220704,"VBZ"
220705,"DT"
220706,"JJS"
220707,"DT"
220708,"NN"
220709,"IN"
220710,"CD"
220711,"."
220712,"IN"
220713,"NN"
220714,","
220715,"EX"
220716,"VBP"
220717,"CD"
220718,"NNS"
220719,"IN"
220720,"JJ"
220721,"JJ"
220722,"NNS"
220723,"IN"
220724,"EX"
220725,"VBD"
220726,"IN"
220727,"DT"
220728,"NN"
220729,"IN"
220730,"CD"
220731,","
220732,"VBG"
220733,"TO"
220734,"DT"
220735,"NNP"
220736,"NNP"
220737,"NNP"
220738,"NNP"
220739,"."
220740,"``"
220741,"DT"
220742,"NN"
220743,"IN"
220744,"DT"
220745,"NN"
220746,"VBZ"
220747,"IN"
220748,"NN"
220749,"NN"
220750,"CC"
220751,"DT"
220752,"VBG"
220753,"IN"
220754,"PRP"
220755,","
220756,"''"
220757,"VBZ"
220758,"NNP"
220759,"NNP"
220760,","
220761,"NN"
220762,"IN"
220763,"NNP"
220764,"POS"
220765,"NNP"
220766,"NNP"
220767,"NNP"
220768,","
220769,"DT"
220770,"JJ"
220771,"NN"
220772,"IN"
220773,"DT"
220774,"NN"
220775,"NN"
220776,"NN"
220777,"."
220778,"``"
220779,"WP"
220780,"PRP"
220781,"VBP"
220782,"VBN"
220783,"TO"
220784,"VB"
220785,"VBZ"
220786,"DT"
220787,"NN"
220788,"TO"
220789,"NNS"
220790,"IN"
220791,"VBG"
220792,"JJ"
220793,"NN"
220794,"NN"
220795,"."
220796,"NNS"
220797,"VBD"
220798,"NN"
220799,"IN"
220800,"NN"
220801,"NNS"
220802,"RBR"
220803,"IN"
220804,"PRP$"
220805,"JJ"
220806,"NNS"
220807,"."
220808,"WP"
220809,"PRP"
220810,"VBP"
220811,"VBG"
220812,"RB"
220813,"VBZ"
220814,"DT"
220815,"JJ"
220816,"NN"
220817,"IN"
220818,"NN"
220819,"NNS"
220820,"TO"
220821,"DT"
220822,"NN"
220823,"WRB"
220824,"JJ"
220825,"NN"
220826,"MD"
220827,"VB"
220828,"JJ"
220829,"TO"
220830,"VB"
220831,"RB"
220832,"IN"
220833,"JJ"
220834,"."
220835,"''"
220836,"NNP"
220837,"POS"
220838,"NN"
220839,"NN"
220840,"NNS"
220841,"IN"
220842,"NNP"
220843,"NNS"
220844,"VBD"
220845,"IN"
220846,"DT"
220847,"JJS"
220848,"NN"
220849,"IN"
220850,"DT"
220851,"NN"
220852,"IN"
220853,"NNS"
220854,"VBD"
220855,"DT"
220856,"VBG"
220857,"NN"
220858,"NN"
220859,"."
220860,"DT"
220861,"JJ"
220862,"JJ"
220863,"NN"
220864,"NN"
220865,"VBD"
220866,"VBN"
220867,"CD"
220868,"NN"
220869,"NNP"
220870,"IN"
220871,"CD"
220872,"CD"
220873,","
220874,"VBN"
220875,"IN"
220876,"CD"
220877,"CD"
220878,"NNP"
220879,","
220880,"RP"
220881,"LS"
220882,"CD"
220883,"NNS"
220884,"."
220885,"DT"
220886,"NN"
220887,"IN"
220888,"DT"
220889,"NN"
220890,"VBD"
220891,"TO"
220892,"CD"
220893,"NN"
220894,","
220895,"DT"
220896,"JJS"
220897,"IN"
220898,"NNP"
220899,"CD"
220900,","
220901,"CD"
220902,","
220903,"VBG"
220904,"TO"
220905,"NNP"
220906,"NNP"
220907,"NNP"
220908,"NNP"
220909,"NNP"
220910,"."
220911,"DT"
220912,"``"
220913,"NN"
220914,"TO"
220915,"NN"
220916,"''"
220917,"VBD"
220918,"RB"
220919,"IN"
220920,"DT"
220921,"NN"
220922,"CC"
220923,"VBD"
220924,"DT"
220925,"JJ"
220926,"NN"
220927,"IN"
220928,"DT"
220929,"NN"
220930,"NN"
220931,"."
220932,"NNS"
220933,"VBD"
220934,"JJR"
220935,","
220936,"VBG"
220937,"RB"
220938,"TO"
220939,"NN"
220940,"IN"
220941,"DT"
220942,"NN"
220943,"NN"
220944,"NN"
220945,":"
220946,"DT"
220947,"NN"
220948,"IN"
220949,"NN"
220950,"IN"
220951,"DT"
220952,"JJ"
220953,"NN"
220954,":"
220955,"VBN"
220956,"IN"
220957,"NNP"
220958,"."
220959,"NN"
220960,"NNS"
220961,"RB"
220962,"VBN"
220963,"IN"
220964,"NN"
220965,"."
220966,"DT"
220967,"NN"
220968,"NN"
220969,"NNS"
220970,"MD"
220971,"VB"
220972,"RB"
220973,"VBG"
220974,"DT"
220975,"NN"
220976,"IN"
220977,"DT"
220978,"NNP"
220979,"NNP"
220980,","
220981,"WDT"
220982,"MD"
220983,"VB"
220984,"PRP$"
220985,"NNP"
220986,"CD"
220987,"NN"
220988,"IN"
220989,"JJ"
220990,"NNS"
220991,"IN"
220992,"NN"
220993,"TO"
220994,"VB"
220995,"DT"
220996,"JJ"
220997,"NNS"
220998,"CC"
220999,"VB"
221000,"DT"
221001,"NN"
221002,"IN"
221003,"NN"
221004,"IN"
221005,"DT"
221006,"NN"
221007,"."
221008,"NNS"
221009,"IN"
221010,"NNS"
221011,","
221012,"JJ"
221013,"NNS"
221014,"CC"
221015,"JJ"
221016,"NNS"
221017,"RB"
221018,"VBD"
221019,","
221020,"CC"
221021,"VBD"
221022,"IN"
221023,"PRP$"
221024,"NN"
221025,"NNS"
221026,"."
221027,"NNP"
221028,"NNS"
221029,"VBD"
221030,"IN"
221031,"JJ"
221032,"NN"
221033,","
221034,"IN"
221035,"JJS"
221036,"IN"
221037,"DT"
221038,"NN"
221039,"VBN"
221040,"IN"
221041,"NNP"
221042,"NNP"
221043,"NNP"
221044,"NNP"
221045,"CD"
221046,"NN"
221047,"NN"
221048,"NNS"
221049,","
221050,"DT"
221051,"RBS"
221052,"JJ"
221053,"NN"
221054,"NN"
221055,"."
221056,"DT"
221057,"NNP"
221058,"NNP"
221059,"NNP"
221060,"CD"
221061,"NN"
221062,"NN"
221063,"VBD"
221064,"IN"
221065,"CD"
221066,"CD"
221067,","
221068,"RB"
221069,"CD"
221070,"NN"
221071,"IN"
221072,"DT"
221073,"NN"
221074,","
221075,"TO"
221076,"VB"
221077,"IN"
221078,"CD"
221079,"NN"
221080,"TO"
221081,"DT"
221082,"JJ"
221083,"NN"
221084,"NN"
221085,"NN"
221086,"."
221087,"JJ"
221088,"JJ"
221089,"NNS"
221090,"VBD"
221091,"RB"
221092,"IN"
221093,"CD"
221094,"TO"
221095,"CD"
221096,"NN"
221097,"."
221098,"CC"
221099,"DT"
221100,"NN"
221101,"NN"
221102,"IN"
221103,"NN"
221104,","
221105,"JJ"
221106,"NNS"
221107,"CC"
221108,"NN"
221109,"NNS"
221110,"VBD"
221111,"."
221112,"CC"
221113,"DT"
221114,"NNS"
221115,"IN"
221116,"NN"
221117,"CC"
221118,"NN"
221119,"NNS"
221120,"VBD"
221121,"JJ"
221122,"TO"
221123,"JJ"
221124,"JJ"
221125,"NNS"
221126,"IN"
221127,"NN"
221128,"IN"
221129,"DT"
221130,"NN"
221131,"POS"
221132,"$"
221133,"CD"
221134,"CD"
221135,"NN"
221136,"NN"
221137,"IN"
221138,"DT"
221139,"NNP"
221140,"NNP"
221141,"NNP"
221142,"."
221143,"IN"
221144,"NNS"
221145,"IN"
221146,"DT"
221147,"NNP"
221148,"POS"
221149,"JJ"
221150,"NN"
221151,"MD"
221152,"VB"
221153,"VBN"
221154,"IN"
221155,"IN"
221156,"DT"
221157,"NN"
221158,"IN"
221159,"DT"
221160,"NN"
221161,"NNS"
221162,","
221163,"NNS"
221164,"IN"
221165,"DT"
221166,"NN"
221167,"NN"
221168,"VBD"
221169,"PRP"
221170,"VBP"
221171,"DT"
221172,"NN"
221173,"MD"
221174,"VB"
221175,"VBN"
221176,"IN"
221177,"JJ"
221178,"."
221179,"CD"
221180,"IN"
221181,"DT"
221182,"NNS"
221183,"VBD"
221184,"DT"
221185,"JJR"
221186,"NNS"
221187,"IN"
221188,"$"
221189,"CD"
221190,"CD"
221191,"DT"
221192,"IN"
221193,"JJ"
221194,"CC"
221195,"JJ"
221196,"NNS"
221197,"VBP"
221198,"RB"
221199,"VBN"
221200,"``"
221201,"RB"
221202,"JJ"
221203,"."
221204,"''"
221205,"NNP"
221206,"NNS"
221207,"VBD"
221208,"RB"
221209,"JJ"
221210,"IN"
221211,"CD"
221212,"NN"
221213,"."
221214,"NNP"
221215,"NNP"
221216,"VBD"
221217,"TO"
221218,"DT"
221219,"NN"
221220,"."
221221,"O"
221222,"NNP"
221223,"POS"
221224,"JJ"
221225,"NN"
221226,"IN"
221227,"NNS"
221228,"VBZ"
221229,"RB"
221230,"VBN"
221231,"IN"
221232,"DT"
221233,"NN"
221234,"IN"
221235,"NN"
221236,"WDT"
221237,"VBD"
221238,"JJ"
221239,"NNS"
221240,"RB"
221241,"RB"
221242,"TO"
221243,"PRP$"
221244,"CD"
221245,"NNP"
221246,"NN"
221247,","
221248,"CC"
221249,"NNS"
221250,"VBP"
221251,"VBN"
221252,"VBN"
221253,"IN"
221254,"NN"
221255,"TO"
221256,"VB"
221257,"NNS"
221258,"RBR"
221259,"JJ"
221260,"."
221261,"RB"
221262,","
221263,"DT"
221264,"NN"
221265,"VBZ"
221266,"IN"
221267,"DT"
221268,"JJ"
221269,":"
221270,"IN"
221271,"NNP"
221272,"DT"
221273,"NN"
221274,","
221275,"DT"
221276,"NN"
221277,"VBD"
221278,"VBN"
221279,"IN"
221280,"NNP"
221281,"."
221282,"DT"
221283,"NN"
221284,"IN"
221285,"DT"
221286,"NN"
221287,"VBZ"
221288,"TO"
221289,"VB"
221290,"IN"
221291,"DT"
221292,"NN"
221293,"VBD"
221294,"VBN"
221295,"IN"
221296,"DT"
221297,"NN"
221298,"NNS"
221299,"IN"
221300,"DT"
221301,"NNP"
221302,"NN"
221303,","
221304,"CC"
221305,"PRP"
221306,"VBZ"
221307,"RB"
221308,"JJ"
221309,"DT"
221310,"NN"
221311,"VBD"
221312,"RB"
221313,"IN"
221314,"DT"
221315,"NNP"
221316,"NN"
221317,"NN"
221318,"."
221319,"RB"
221320,","
221321,"DT"
221322,"NN"
221323,"VBZ"
221324,"RB"
221325,"RB"
221326,"JJ"
221327,"IN"
221328,"CD"
221329,"NN"
221330,"NN"
221331,"VBZ"
221332,"DT"
221333,"NN"
221334,"TO"
221335,"VB"
221336,"RP"
221337,"DT"
221338,"NN"
221339,"IN"
221340,"DT"
221341,"NNP"
221342,"NN"
221343,"."
221344,"DT"
221345,"NN"
221346,"VBZ"
221347,"PRP"
221348,"TO"
221349,"DT"
221350,"NN"
221351,"IN"
221352,"NN"
221353,"NN"
221354,"IN"
221355,"DT"
221356,"NNP"
221357,"NNP"
221358,"NNP"
221359,"RB"
221360,"IN"
221361,"DT"
221362,"NN"
221363,":"
221364,"DT"
221365,"NN"
221366,"IN"
221367,"NNP"
221368,"NNP"
221369,"IN"
221370,"VBG"
221371,"DT"
221372,"NN"
221373,"NNS"
221374,"NN"
221375,"VBD"
221376,"."
221377,"DT"
221378,"JJ"
221379,"NN"
221380,"IN"
221381,"DT"
221382,"NNS"
221383,","
221384,"IN"
221385,"NNP"
221386,","
221387,"VBZ"
221388,"RB"
221389,"VBN"
221390,"IN"
221391,"DT"
221392,"NN"
221393,"IN"
221394,"DT"
221395,"NNS"
221396,"("
221397,"PDT"
221398,"DT"
221399,"RBR"
221400,"RB"
221401,"VBN"
221402,"DT"
221403,"NNS"
221404,"IN"
221405,"NNS"
221406,"IN"
221407,"NNS"
221408,"IN"
221409,"NN"
221410,"NNS"
221411,"VBP"
221412,"RB"
221413,"``"
221414,"JJ"
221415,"NN"
221416,"''"
221417,")"
221418,"."
221419,"CC"
221420,"NN"
221421,"NNS"
221422,"RB"
221423,"VBP"
221424,"VBN"
221425,"VBN"
221426,"IN"
221427,"DT"
221428,"NN"
221429,"VBZ"
221430,"NN"
221431,"IN"
221432,"DT"
221433,"NNP"
221434,"JJ"
221435,"NN"
221436,"."
221437,"DT"
221438,"NN"
221439,"IN"
221440,"NNP"
221441,"POS"
221442,"NN"
221443,","
221444,"DT"
221445,"NN"
221446,"VBD"
221447,"VBN"
221448,"IN"
221449,"DT"
221450,"NN"
221451,"NN"
221452,","
221453,"VBG"
221454,"PRP"
221455,"IN"
221456,"$"
221457,"CD"
221458,"CD"
221459,"IN"
221460,"NN"
221461,"NNS"
221462,"IN"
221463,"DT"
221464,"NN"
221465,"VBZ"
221466,"VBN"
221467,"."
221468,"EX"
221469,"VBZ"
221470,"DT"
221471,"JJ"
221472,"NN"
221473,"TO"
221474,"VB"
221475,"VBN"
221476,","
221477,"TO"
221478,"VB"
221479,"JJ"
221480,","
221481,"IN"
221482,"VBG"
221483,"DT"
221484,"NN"
221485,"IN"
221486,"IN"
221487,"DT"
221488,"JJ"
221489,"NN"
221490,"."
221491,"PRP"
221492,"MD"
221493,"VB"
221494,"DT"
221495,"JJ"
221496,"NN"
221497,"IN"
221498,"NNP"
221499,"VBD"
221500,"TO"
221501,"VB"
221502,"NNS"
221503,"NN"
221504,"IN"
221505,"PRP$"
221506,"JJ"
221507,"NNS"
221508,"IN"
221509,"NNP"
221510,"."
221511,"IN"
221512,"CD"
221513,"NN"
221514,","
221515,"DT"
221516,"NN"
221517,"VBZ"
221518,"IN"
221519,"DT"
221520,"NN"
221521,"VBZ"
221522,"VBN"
221523,"MD"
221524,"VB"
221525,"IN"
221526,"DT"
221527,"JJ"
221528,"NN"
221529,"."
221530,"IN"
221531,"NNP"
221532,"NNS"
221533,"VBP"
221534,"RB"
221535,"RB"
221536,"VBN"
221537,"PRP"
221538,"RP"
221539,"IN"
221540,"JJ"
221541,"NNS"
221542,","
221543,"NNS"
221544,"IN"
221545,"DT"
221546,"NN"
221547,"NN"
221548,"VBP"
221549,"JJ"
221550,"."
221551,"RB"
221552,"RB"
221553,"IN"
221554,"NNP"
221555,"NNP"
221556,"VBZ"
221557,"VBN"
221558,"VBN"
221559,"IN"
221560,"DT"
221561,"NNP"
221562,"NNP"
221563,"."
221564,"TO"
221565,"DT"
221566,"NN"
221567,"IN"
221568,"DT"
221569,"NNP"
221570,"NNS"
221571,"VBD"
221572,"TO"
221573,"DT"
221574,"NN"
221575,","
221576,"PRP"
221577,"VBP"
221578,"DT"
221579,"NN"
221580,"IN"
221581,"NNP"
221582,"POS"
221583,"JJ"
221584,"NNS"
221585,"."
221586,"IN"
221587,"DT"
221588,"JJS"
221589,"NNS"
221590,"IN"
221591,"JJ"
221592,"NNS"
221593,"VBP"
221594,"VBN"
221595,"IN"
221596,"NN"
221597,","
221598,"IN"
221599,"DT"
221600,"NN"
221601,"DT"
221602,"NN"
221603,"MD"
221604,"VB"
221605,"TO"
221606,"VB"
221607,"PRP"
221608,"."
221609,"CC"
221610,"DT"
221611,"NNS"
221612,"VBP"
221613,"RB"
221614,"DT"
221615,"JJ"
221616,"NN"
221617,","
221618,"JJ"
221619,"JJ"
221620,"NN"
221621,"IN"
221622,"NNP"
221623,"IN"
221624,"NNP"
221625,"NNP"
221626,","
221627,"WP"
221628,"VBZ"
221629,"TO"
221630,"VB"
221631,"NN"
221632,"MD"
221633,"VB"
221634,"VBN"
221635,"IN"
221636,"NNP"
221637,"CC"
221638,"NNP"
221639,"NNP"
221640,"JJ"
221641,"NNS"
221642,"IN"
221643,"NNS"
221644,"IN"
221645,"NN"
221646,"NNS"
221647,"."
221648,"RBR"
221649,","
221650,"NNP"
221651,"VBZ"
221652,"VBN"
221653,"TO"
221654,"VB"
221655,"IN"
221656,"DT"
221657,"NNP"
221658,"NN"
221659,"."
221660,"NNP"
221661,"NNP"
221662,","
221663,"DT"
221664,"NNP"
221665,"NNP"
221666,"WP"
221667,"VBZ"
221668,"DT"
221669,"NNP"
221670,"NNP"
221671,"CC"
221672,"NNP"
221673,"NNP"
221674,"POS"
221675,"NN"
221676,"NN"
221677,","
221678,"VBZ"
221679,"VBN"
221680,"DT"
221681,"JJ"
221682,"NN"
221683,"NN"
221684,"IN"
221685,"JJ"
221686,"NN"
221687,"IN"
221688,"WDT"
221689,"PRP"
221690,"MD"
221691,"VB"
221692,"VBN"
221693,"IN"
221694,"NN"
221695,"TO"
221696,"VB"
221697,"DT"
221698,"NNP"
221699,"CC"
221700,"NNP"
221701,"NNP"
221702,"NNP"
221703,"NNS"
221704,"."
221705,"PRP"
221706,"MD"
221707,"VB"
221708,"NNP"
221709,"NNP"
221710,"RB"
221711,"TO"
221712,"CD"
221713,"NNS"
221714,"TO"
221715,"``"
221716,"VB"
221717,"''"
221718,"DT"
221719,"NN"
221720,"IN"
221721,"CD"
221722,"NN"
221723,"CC"
221724,"JJR"
221725,"IN"
221726,"DT"
221727,"NN"
221728,"NN"
221729,"IN"
221730,"DT"
221731,"NNP"
221732,"NN"
221733,"IN"
221734,"NNS"
221735,"IN"
221736,"$"
221737,"CD"
221738,"CD"
221739,"CC"
221740,"JJR"
221741,"."
221742,"IN"
221743,"DT"
221744,"NNP"
221745,"NN"
221746,"VBZ"
221747,"NNS"
221748,","
221749,"CC"
221750,"DT"
221751,"NN"
221752,"VBZ"
221753,"CD"
221754,"NNS"
221755,"."
221756,"NNP"
221757,","
221758,"NNP"
221759,"NNP"
221760,"CC"
221761,"NNP"
221762,"NNP"
221763,"."
221764,"IN"
221765,"DT"
221766,"CD"
221767,"NN"
221768,","
221769,"VB"
221770,","
221771,"DT"
221772,"NN"
221773,"VBD"
221774,"VBN"
221775,"IN"
221776,"DT"
221777,"NNP"
221778,"NNP"
221779,"NN"
221780,"TO"
221781,"NN"
221782,"NNS"
221783,"IN"
221784,"IN"
221785,"NN"
221786,"."
221787,"RB"
221788,"RBR"
221789,"JJ"
221790,","
221791,"IN"
221792,"PRP$"
221793,"NN"
221794,","
221795,"VBD"
221796,"DT"
221797,"NN"
221798,"POS"
221799,"NN"
221800,"TO"
221801,"VB"
221802,"DT"
221803,"NN"
221804,"."
221805,"DT"
221806,"NN"
221807,"VBZ"
221808,"VBG"
221809,"DT"
221810,"JJ"
221811,"NN"
221812,"NN"
221813,":"
221814,"RB"
221815,","
221816,"DT"
221817,"NN"
221818,"VBZ"
221819,"RB"
221820,"IN"
221821,"JJ"
221822,"NN"
221823,"."
221824,"RB"
221825,","
221826,"NNS"
221827,"VBP"
221828,"IN"
221829,"JJR"
221830,"NN"
221831,"NN"
221832,"IN"
221833,"IN"
221834,"CD"
221835,"TO"
221836,"VB"
221837,"NN"
221838,"NNS"
221839,"."
221840,"PRP"
221841,"VBP"
221842,"RB"
221843,"VBN"
221844,"."
221845,"PRP"
221846,"VBP"
221847,"IN"
221848,"JJR"
221849,"NN"
221850,"IN"
221851,"JJ"
221852,"NN"
221853,"RB"
221854,"RB"
221855,"IN"
221856,"NN"
221857,"NNS"
221858,"CC"
221859,"NN"
221860,"CC"
221861,"NN"
221862,"NNS"
221863,"."
221864,"DT"
221865,"NNP"
221866,"VBZ"
221867,"DT"
221868,"JJ"
221869,"NN"
221870,"."
221871,"DT"
221872,"NNP"
221873,"NNP"
221874,"POS"
221875,"NN"
221876,"IN"
221877,"DT"
221878,"NNP"
221879,"NNP"
221880,"IN"
221881,"NNP"
221882,"VBZ"
221883,"VBN"
221884,":"
221885,"PRP"
221886,"MD"
221887,"VB"
221888,"JJ"
221889,"TO"
221890,"VB"
221891,"IN"
221892,"``"
221893,"NN"
221894,"NNS"
221895,"''"
221896,"VB"
221897,"TO"
221898,"VB"
221899,"DT"
221900,"JJ"
221901,"NN"
221902,"."
221903,"IN"
221904,"DT"
221905,"NN"
221906,","
221907,"DT"
221908,"NNS"
221909,"VBP"
221910,"NNS"
221911,"IN"
221912,"JJ"
221913,"NN"
221914,","
221915,"IN"
221916,"CD"
221917,"."
221918,"EX"
221919,"VBZ"
221920,"NN"
221921,"JJ"
221922,"IN"
221923,"DT"
221924,"NN"
221925,"WDT"
221926,"MD"
221927,"RB"
221928,"VB"
221929,"VBN"
221930,"IN"
221931,"DT"
221932,"JJ"
221933,"NN"
221934,"CC"
221935,"JJ"
221936,"NN"
221937,"IN"
221938,"NNP"
221939,"."
221940,"CC"
221941,"IN"
221942,"DT"
221943,"JJ"
221944,"NN"
221945,","
221946,"WDT"
221947,"MD"
221948,"VB"
221949,"RB"
221950,"JJ"
221951,"TO"
221952,"VB"
221953,"."
221954,"O"
221955,"NNP"
221956,"NNP"
221957,"NNP"
221958,"VBD"
221959,"DT"
221960,"JJ"
221961,"NN"
221962,"IN"
221963,"$"
221964,"CD"
221965,"CD"
221966,"IN"
221967,"VBG"
221968,"JJ"
221969,"JJ"
221970,"NNS"
221971,"IN"
221972,"RB"
221973,"VBG"
221974,"TO"
221975,"PRP$"
221976,"NNS"
221977,"IN"
221978,"NNS"
221979,"IN"
221980,"JJ"
221981,"NNS"
221982,"."
221983,"DT"
221984,"NN"
221985,"NN"
221986,"IN"
221987,"NNP"
221988,"NNP"
221989,"NNP"
221990,"IN"
221991,"NNP"
221992,","
221993,"IN"
221994,"$"
221995,"CD"
221996,"CD"
221997,"IN"
221998,"NNS"
221999,","
222000,"VBD"
222001,"PRP"
222002,"VBD"
222003,"RB"
222004,"$"
222005,"CD"
222006,"CD"
222007,"TO"
222008,"VB"
222009,"NNS"
222010,"IN"
222011,"NNS"
222012,"CC"
222013,"NNS"
222014,"IN"
222015,"RB"
222016,"JJ"
222017,"NNS"
222018,"."
222019,"DT"
222020,"NN"
222021,","
222022,"IN"
222023,"NN"
222024,"IN"
222025,"CD"
222026,"JJ"
222027,"CD"
222028,"NNS"
222029,"TO"
222030,"VB"
222031,"NNS"
222032,","
222033,"VBZ"
222034,"DT"
222035,"NN"
222036,"TO"
222037,"DT"
222038,"NN"
222039,"VBG"
222040,"CD"
222041,"NN"
222042,"IN"
222043,"JJ"
222044,"CC"
222045,"JJ"
222046,"NNS"
222047,"JJ"
222048,"TO"
222049,"JJ"
222050,"NNS"
222051,"."
222052,"NNP"
222053,"NNP"
222054,"IN"
222055,"CD"
222056,"VBZ"
222057,"VBN"
222058,"PRP$"
222059,"NNS"
222060,"TO"
222061,"JJ"
222062,"NNS"
222063,"TO"
222064,"$"
222065,"CD"
222066,"CD"
222067,"IN"
222068,"$"
222069,"CD"
222070,"CD"
222071,"."
222072,"IN"
222073,"DT"
222074,"NN"
222075,","
222076,"NNP"
222077,"NNP"
222078,"VBD"
222079,"PRP"
222080,"VBZ"
222081,"RB"
222082,"VB"
222083,"TO"
222084,"VB"
222085,"NN"
222086,"TO"
222087,"VB"
222088,"NN"
222089,"."
222090,"IN"
222091,"DT"
222092,"NN"
222093,","
222094,"DT"
222095,"NN"
222096,"VBD"
222097,"DT"
222098,"JJ"
222099,"NN"
222100,"IN"
222101,"$"
222102,"CD"
222103,"CD"
222104,"IN"
222105,"DT"
222106,"NN"
222107,"IN"
222108,"PRP$"
222109,"NNP"
222110,"NNP"
222111,"NNP"
222112,"NNP"
222113,"NN"
222114,"."
222115,"JJ"
222116,"JJ"
222117,"NN"
222118,"CC"
222119,"NN"
222120,"NN"
222121,"NNS"
222122,"VBD"
222123,"CD"
222124,"NN"
222125,"IN"
222126,"JJ"
222127,"NN"
222128,"POS"
222129,"JJ"
222130,"NN"
222131,","
222132,"TO"
222133,"$"
222134,"CD"
222135,"CD"
222136,"IN"
222137,"$"
222138,"CD"
222139,"CD"
222140,"."
222141,"NNS"
222142,"IN"
222143,"NNP"
222144,"NNP"
222145,"POS"
222146,"NN"
222147,"NN"
222148,"NN"
222149,","
222150,"DT"
222151,"JJ"
222152,"JJ"
222153,"NN"
222154,"NN"
222155,","
222156,"VBD"
222157,"CD"
222158,"NN"
222159,"TO"
222160,"$"
222161,"CD"
222162,"CD"
222163,"IN"
222164,"$"
222165,"CD"
222166,"CD"
222167,"DT"
222168,"NN"
222169,"RB"
222170,"."
222171,"NN"
222172,"NN"
222173,"CC"
222174,"JJS"
222175,"NN"
222176,"NN"
222177,"VBD"
222178,"JJ"
222179,"."
222180,"O"
222181,"NNP"
222182,"POS"
222183,"JJ"
222184,"NN"
222185,"IN"
222186,"JJ"
222187,"NNS"
222188,"DT"
222189,"NN"
222190,"VBZ"
222191,"VBN"
222192,"IN"
222193,"NNP"
222194,"CD"
222195,"."
222196,"IN"
222197,"DT"
222198,"VBG"
222199,"TO"
222200,"VB"
222201,"DT"
222202,"NN"
222203,"IN"
222204,"JJ"
222205,"NNS"
222206,"VBD"
222207,":"
222208,"IN"
222209,"NN"
222210,"IN"
222211,"NNP"
222212,"POS"
222213,"JJ"
222214,"NN"
222215,"IN"
222216,"JJ"
222217,"NN"
222218,"CC"
222219,"JJ"
222220,"JJ"
222221,"NN"
222222,"IN"
222223,"DT"
222224,"JJ"
222225,"NN"
222226,"NN"
222227,":"
222228,"EX"
222229,"VBZ"
222230,"CC"
222231,"CD"
222232,"JJ"
222233,"NN"
222234,":"
222235,"DT"
222236,"NNS"
222237,"RB"
222238,"VBG"
222239,"JJ"
222240,"NNP"
222241,"NNP"
222242,"NNP"
222243,"NNP"
222244,"CC"
222245,"PRP$"
222246,"JJ"
222247,"JJ"
222248,"NN"
222249,"NN"
222250,"IN"
222251,"VBZ"
222252,"VBG"
222253,"RP"
222254,"DT"
222255,"JJ"
222256,"NN"
222257,"."
222258,"IN"
222259,"DT"
222260,"JJ"
222261,"NN"
222262,"IN"
222263,"NN"
222264,","
222265,"NNS"
222266,"VBD"
222267,"DT"
222268,"JJ"
222269,"NN"
222270,"TO"
222271,"DT"
222272,"JJ"
222273,"JJ"
222274,"NN"
222275,"."
222276,"DT"
222277,"NN"
222278,"NN"
222279,"NN"
222280,"NN"
222281,"WDT"
222282,"VBD"
222283,"IN"
222284,"NNP"
222285,"NNP"
222286,"VBD"
222287,","
222288,"IN"
222289,"NN"
222290,","
222291,"RB"
222292,"JJR"
222293,"IN"
222294,"DT"
222295,"JJ"
222296,"NN"
222297,"IN"
222298,"JJ"
222299,"NN"
222300,":"
222301,"IN"
222302,"CD"
222303,"NN"
222304,","
222305,"DT"
222306,"JJ"
222307,"NNP"
222308,"NNP"
222309,"NNP"
222310,","
222311,"VBN"
222312,"IN"
222313,"JJ"
222314,"NNS"
222315,"."
222316,"IN"
222317,"DT"
222318,"JJ"
222319,","
222320,"DT"
222321,"JJ"
222322,"NN"
222323,"IN"
222324,"DT"
222325,"VBN"
222326,"CC"
222327,"NN"
222328,":"
222329,"DT"
222330,"JJ"
222331,"CC"
222332,"RB"
222333,"JJ"
222334,"NN"
222335,"IN"
222336,"DT"
222337,"NN"
222338,"IN"
222339,"DT"
222340,"JJ"
222341,"NNP"
222342,"NNP"
222343,"IN"
222344,"NNP"
222345,"CC"
222346,"PRP$"
222347,"JJ"
222348,"NN"
222349,","
222350,"DT"
222351,"NNP"
222352,"VBD"
222353,"."
222354,"DT"
222355,"JJ"
222356,"NN"
222357,"IN"
222358,"DT"
222359,"JJ"
222360,"NN"
222361,"VBD"
222362,"RB"
222363,":"
222364,"FW"
222365,"("
222366,"NNP"
222367,"FW"
222368,"POS"
222369,"NN"
222370,")"
222371,"IN"
222372,"JJ"
222373,"JJ"
222374,"NN"
222375,"."
222376,"DT"
222377,"JJ"
222378,"NN"
222379,"VBD"
222380,"DT"
222381,"NN"
222382,"IN"
222383,"NN"
222384,"NN"
222385,","
222386,"RB"
222387,"IN"
222388,"DT"
222389,"NNS"
222390,","
222391,"CC"
222392,"DT"
222393,"JJ"
222394,"NNS"
222395,"VBD"
222396,"NNP"
222397,"NNP"
222398,"CC"
222399,"PRP$"
222400,"JJS"
222401,"NNS"
222402,"."
222403,"IN"
222404,"NN"
222405,"IN"
222406,"NN"
222407,","
222408,"DT"
222409,"NN"
222410,"VBD"
222411,"JJ"
222412,"IN"
222413,"NNS"
222414,"."
222415,"WRB"
222416,"VBN"
222417,"TO"
222418,"VB"
222419,"NN"
222420,"IN"
222421,"CD"
222422,"CD"
222423,"NNS"
222424,","
222425,"RB"
222426,","
222427,"DT"
222428,"NN"
222429,"VBD"
222430,"IN"
222431,"DT"
222432,"JJ"
222433,"NN"
222434,","
222435,"IN"
222436,"NNS"
222437,"RB"
222438,"IN"
222439,"JJ"
222440,"NNS"
222441,","
222442,"RB"
222443,"NN"
222444,"."
222445,"IN"
222446,"NN"
222447,"TO"
222448,"NNP"
222449,"POS"
222450,"JJ"
222451,"NN"
222452,"NN"
222453,","
222454,"NNP"
222455,"NNP"
222456,"POS"
222457,"JJ"
222458,"NN"
222459,"VBZ"
222460,"NNP"
222461,"NNP"
222462,","
222463,"JJ"
222464,"NN"
222465,"IN"
222466,"DT"
222467,"NNP"
222468,"IN"
222469,"NNP"
222470,"CC"
222471,"JJ"
222472,"NN"
222473,","
222474,"RB"
222475,"VBG"
222476,"IN"
222477,"DT"
222478,"NN"
222479,"NN"
222480,"IN"
222481,"NNP"
222482,","
222483,"NNP"
222484,","
222485,"IN"
222486,"WRB"
222487,"PRP"
222488,"VBZ"
222489,"VBG"
222490,"NN"
222491,"NNS"
222492,"WDT"
222493,"MD"
222494,"VB"
222495,"PRP"
222496,"TO"
222497,"NNP"
222498,"."
222499,"NNP"
222500,"NNP"
222501,"POS"
222502,"NN"
222503,"VBZ"
222504,","
222505,"IN"
222506,"JJS"
222507,","
222508,"JJ"
222509,"."
222510,"PRP"
222511,"VBZ"
222512,"JJ"
222513,"NN"
222514,"TO"
222515,"VB"
222516,"DT"
222517,"NN"
222518,","
222519,"CC"
222520,"PRP$"
222521,"NN"
222522,"VBZ"
222523,"RB"
222524,"VBN"
222525,"VBN"
222526,"RBR"
222527,"IN"
222528,"JJ"
222529,"IN"
222530,"JJ"
222531,"NNS"
222532,"."
222533,"RB"
222534,","
222535,"DT"
222536,"NNP"
222537,"NNP"
222538,"CC"
222539,"NNP"
222540,"NNS"
222541,"VB"
222542,"PRP$"
222543,"NNS"
222544,"IN"
222545,"NN"
222546,"IN"
222547,"JJ"
222548,"NN"
222549,"."
222550,"IN"
222551,"JJ"
222552,"NNS"
222553,"VBP"
222554,"IN"
222555,"NNP"
222556,"NNP"
222557,"VBD"
222558,"$"
222559,"CD"
222560,"CD"
222561,"IN"
222562,"JJ"
222563,"NN"
222564,"IN"
222565,"JJ"
222566,"NNS"
222567,"CC"
222568,"DT"
222569,"JJ"
222570,"$"
222571,"CD"
222572,"IN"
222573,"NNS"
222574,","
222575,"RB"
222576,"VBN"
222577,":"
222578,"IN"
222579,"DT"
222580,"JJ"
222581,"NN"
222582,"VBD"
222583,"NN"
222584,"NNS"
222585,"TO"
222586,"VB"
222587,"DT"
222588,"$"
222589,"CD"
222590,"CD"
222591,"IN"
222592,"NNP"
222593,"NNP"
222594,"POS"
222595,"NN"
222596,"CC"
222597,"RB"
222598,"CD"
222599,"RP"
222600,"DT"
222601,"NN"
222602,":"
222603,"CC"
222604,","
222605,"WP"
222606,"FW"
222607,"POS"
222608,"VB"
222609,"VBD"
222610,"IN"
222611,"DT"
222612,"$"
222613,"CD"
222614,"CD"
222615,"NNP"
222616,"NNP"
222617,"VBD"
222618,"."
222619,"CD"
222620,"JJ"
222621,"NNS"
222622,"VBD"
222623,"RB"
222624,"RB"
222625,"VBN"
222626,"IN"
222627,"DT"
222628,"NNP"
222629,"NN"
222630,"IN"
222631,"CD"
222632,"NNS"
222633,"IN"
222634,"NNP"
222635,"VBD"
222636,"TO"
222637,"VB"
222638,"PRP"
222639,"TO"
222640,"DT"
222641,"JJ"
222642,"NN"
222643,"."
222644,"CC"
222645,"JJ"
222646,"JJ"
222647,"NN"
222648,"VBD"
222649,"DT"
222650,"NN"
222651,"IN"
222652,"NNS"
222653,"IN"
222654,"NNP"
222655,"NNP"
222656,"NNP"
222657,"VBD"
222658,"IN"
222659,"NNP"
222660,"NNP"
222661,"NNP"
222662,"."
222663,"IN"
222664,"DT"
222665,"NN"
222666,","
222667,"DT"
222668,"NN"
222669,"VBD"
222670,"RB"
222671,"JJ"
222672,"NN"
222673,"CC"
222674,"``"
222675,"NNS"
222676,"''"
222677,"IN"
222678,"NN"
222679,"TO"
222680,"NNP"
222681,","
222682,"RB"
222683,"VBG"
222684,"NN"
222685,"."
222686,"IN"
222687,"DT"
222688,"NN"
222689,","
222690,"NNS"
222691,"VBD"
222692,"VBN"
222693,"WRB"
222694,"PRP$"
222695,"JJ"
222696,"NN"
222697,"NN"
222698,","
222699,"DT"
222700,"NN"
222701,","
222702,"RB"
222703,"VBD"
222704,"DT"
222705,"NN"
222706,"NNS"
222707,"IN"
222708,"JJ"
222709,"NNS"
222710,","
222711,"VBG"
222712,"JJ"
222713,"NN"
222714,"NNS"
222715,","
222716,"NNS"
222717,"CC"
222718,"JJ"
222719,"NN"
222720,"NNS"
222721,"."
222722,"IN"
222723,"JJ"
222724,"NNS"
222725,","
222726,"PRP"
222727,"VBD"
222728,"RB"
222729,"VBN"
222730,"IN"
222731,"NNP"
222732,"NNP"
222733,"RB"
222734,"VBD"
222735,"CC"
222736,"VBD"
222737,"DT"
222738,"NNS"
222739,"."
222740,"DT"
222741,"JJ"
222742,"NN"
222743,"IN"
222744,"DT"
222745,"``"
222746,"NNS"
222747,"''"
222748,"NNS"
222749,"VBD"
222750,"VBN"
222751,"RP"
222752,"RB"
222753,"RB"
222754,"WRB"
222755,"NNS"
222756,"VBN"
222757,"IN"
222758,"NNS"
222759,"NNS"
222760,"CC"
222761,"NNS"
222762,"."
222763,"DT"
222764,"NN"
222765,"NN"
222766,"VBD"
222767,"TO"
222768,"VB"
222769,"DT"
222770,"NN"
222771,"NNS"
222772,"VBD"
222773,"VBN"
222774,"JJ"
222775,"NNS"
222776,"IN"
222777,"VBG"
222778,"DT"
222779,"NN"
222780,"IN"
222781,"NNP"
222782,"NNP"
222783,"NNP"
222784,"CC"
222785,"NNP"
222786,"CD"
222787,"NN"
222788,"NN"
222789,","
222790,"VBN"
222791,"IN"
222792,"DT"
222793,"JJ"
222794,"NNP"
222795,"NNP"
222796,"NNP"
222797,"CC"
222798,"NNP"
222799,"POS"
222800,"NNS"
222801,"VBP"
222802,"NN"
222803,","
222804,"RB"
222805,"."
222806,"RB"
222807,","
222808,"DT"
222809,"NNP"
222810,"NNP"
222811,"NNP"
222812,"NNP"
222813,"MD"
222814,"VB"
222815,"VBN"
222816,"TO"
222817,"VB"
222818,"PRP$"
222819,"JJ"
222820,"NN"
222821,"NNS"
222822,"IN"
222823,"VBG"
222824,"NNS"
222825,"IN"
222826,"NNS"
222827,"VBN"
222828,"("
222829,"CC"
222830,"RB"
222831,")"
222832,"TO"
222833,"JJ"
222834,"JJ"
222835,"NNS"
222836,"IN"
222837,"NNS"
222838,"VBD"
222839,"."
222840,"IN"
222841,"PRP"
222842,"VBZ"
222843,"IN"
222844,"NNP"
222845,"NNS"
222846,"CC"
222847,"PRP$"
222848,"JJ"
222849,"NNS"
222850,"MD"
222851,"VB"
222852,"RB"
222853,"VBN"
222854,"NNP"
222855,"NNP"
222856,"DT"
222857,"JJ"
222858,"NN"
222859,"IN"
222860,"DT"
222861,"NN"
222862,":"
222863,"NNP"
222864,","
222865,"IN"
222866,"JJ"
222867,"CC"
222868,"RB"
222869,","
222870,"MD"
222871,"RB"
222872,"VB"
222873,"DT"
222874,"NN"
222875,"VBG"
222876,"DT"
222877,"JJ"
222878,"NN"
222879,"IN"
222880,"DT"
222881,"NN"
222882,"NN"
222883,"IN"
222884,"NNP"
222885,"NNP"
222886,"POS"
222887,"NN"
222888,"."
222889,"CC"
222890,"IN"
222891,"JJ"
222892,"JJ"
222893,"NNS"
222894,"RB"
222895,"MD"
222896,"RB"
222897,"VB"
222898,"JJ"
222899,"VB"
222900,"NN"
222901,","
222902,"NNP"
222903,"NNP"
222904,"MD"
222905,"RB"
222906,"VB"
222907,"VBN"
222908,"."
222909,"NNP"
222910,"VBD"
222911,"PRP$"
222912,"JJ"
222913,"NN"
222914,":"
222915,"PRP"
222916,"VBD"
222917,"DT"
222918,"NN"
222919,"IN"
222920,"DT"
222921,"VBN"
222922,"CC"
222923,"NN"
222924,"VBD"
222925,"VBN"
222926,"IN"
222927,"PRP$"
222928,"JJ"
222929,"NNS"
222930,"IN"
222931,"NN"
222932,"IN"
222933,"DT"
222934,"JJ"
222935,"NN"
222936,"VBN"
222937,"IN"
222938,"JJ"
222939,"NNS"
222940,"CC"
222941,"VBG"
222942,"DT"
222943,"NN"
222944,"IN"
222945,"NN"
222946,"IN"
222947,"NNP"
222948,"."
222949,"RB"
222950,","
222951,"TO"
222952,"VB"
222953,"PRP$"
222954,"NN"
222955,"IN"
222956,"DT"
222957,"NN"
222958,","
222959,"PRP"
222960,"VBD"
222961,"DT"
222962,"JJR"
222963,"JJ"
222964,"NNS"
222965,"TO"
222966,"VB"
222967,"IN"
222968,"NN"
222969,"IN"
222970,"DT"
222971,"JJ"
222972,"NN"
222973,"."
222974,"RB"
222975,","
222976,"PRP"
222977,"VBD"
222978,"TO"
222979,"NN"
222980,"DT"
222981,"NNS"
222982,":"
222983,"JJ"
222984,"IN"
222985,"WP"
222986,"VBP"
222987,"VBN"
222988,"IN"
222989,"DT"
222990,"JJ"
222991,"NN"
222992,"POS"
222993,"NN"
222994,":"
222995,"IN"
222996,"VBG"
222997,"IN"
222998,"CD"
222999,"DT"
223000,"JJ"
223001,"NNP"
223002,"NNP"
223003,"NN"
223004,"."
223005,"IN"
223006,"NN"
223007,","
223008,"CC"
223009,"IN"
223010,"NNS"
223011,"IN"
223012,"VBG"
223013,"DT"
223014,"JJ"
223015,"NN"
223016,"NNS"
223017,","
223018,"PRP"
223019,"VBD"
223020,"TO"
223021,"VB"
223022,"DT"
223023,"JJ"
223024,"NNP"
223025,"NNP"
223026,"NNP"
223027,"NN"
223028,"CC"
223029,"JJ"
223030,"JJ"
223031,"NN"
223032,"IN"
223033,"NNP"
223034,"NNS"
223035,"."
223036,"RB"
223037,"CD"
223038,"NNS"
223039,"IN"
223040,"DT"
223041,"NNS"
223042,"RB"
223043,"RB"
223044,"IN"
223045,"JJ"
223046,"NN"
223047,","
223048,"CC"
223049,"RB"
223050,"IN"
223051,"``"
223052,"NNS"
223053,"IN"
223054,"NN"
223055,"''"
223056,"IN"
223057,"NNS"
223058,"IN"
223059,"PRP$"
223060,"JJ"
223061,"NNS"
223062,"."
223063,"JJ"
223064,"IN"
223065,"DT"
223066,"NNS"
223067,"VBP"
223068,"IN"
223069,"NNP"
223070,","
223071,"VBG"
223072,"NNS"
223073,"IN"
223074,"NN"
223075,"VBP"
223076,"VBG"
223077,"VBN"
223078,"IN"
223079,"DT"
223080,"NN"
223081,"."
223082,"DT"
223083,"NN"
223084,"POS"
223085,"JJ"
223086,"NNP"
223087,"NN"
223088,"VBZ"
223089,"JJ"
223090,","
223091,"IN"
223092,"NN"
223093,"."
223094,"NNP"
223095,"RB"
223096,"MD"
223097,"FW"
223098,"JJ"
223099,"NNS"
223100,"IN"
223101,"NN"
223102,"IN"
223103,"NN"
223104,"IN"
223105,"DT"
223106,"CD"
223107,"NNS"
223108,"IN"
223109,"VBN"
223110,"JJ"
223111,"NN"
223112,"NN"
223113,"."
223114,"NNP"
223115,"POS"
223116,"JJ"
223117,"NNS"
223118,"IN"
223119,"DT"
223120,"NNP"
223121,"NN"
223122,"NN"
223123,"RB"
223124,"RB"
223125,"RB"
223126,"."
223127,"IN"
223128,"NN"
223129,","
223130,"DT"
223131,"JJ"
223132,"NN"
223133,"VBG"
223134,"NNP"
223135,"JJ"
223136,"NNS"
223137,"IN"
223138,"NNP"
223139,"NNS"
223140,"IN"
223141,"NNP"
223142,"CD"
223143,"."
223144,"NNS"
223145,"IN"
223146,"DT"
223147,"JJ"
223148,"NN"
223149,"VBD"
223150,"VBN"
223151,"IN"
223152,"DT"
223153,"NNP"
223154,"NNS"
223155,","
223156,"CC"
223157,"DT"
223158,"NN"
223159,"VBZ"
223160,"VBG"
223161,"."
223162,"DT"
223163,"NN"
223164,"IN"
223165,"NN"
223166,"VBZ"
223167,"DT"
223168,"NN"
223169,"IN"
223170,"JJ"
223171,"NN"
223172,","
223173,"DT"
223174,"JJ"
223175,"JJ"
223176,"WP"
223177,"VBZ"
223178,"VBN"
223179,"IN"
223180,"DT"
223181,"NNP"
223182,"IN"
223183,"DT"
223184,"CD"
223185,"NN"
223186,"IN"
223187,"DT"
223188,"NNP"
223189,"NNP"
223190,"NNP"
223191,"NN"
223192,"."
223193,"DT"
223194,"JJ"
223195,"NNS"
223196,"VBP"
223197,"VBN"
223198,"IN"
223199,"NN"
223200,"IN"
223201,"NN"
223202,"IN"
223203,"DT"
223204,"JJ"
223205,"NN"
223206,","
223207,"CC"
223208,"DT"
223209,"NN"
223210,"VBZ"
223211,"JJ"
223212,"NN"
223213,"IN"
223214,"NNP"
223215,"POS"
223216,"JJ"
223217,"NN"
223218,"NN"
223219,"."
223220,"DT"
223221,"NNS"
223222,"VBP"
223223,"RB"
223224,"JJ"
223225,"IN"
223226,"DT"
223227,"NN"
223228,"IN"
223229,"DT"
223230,"NN"
223231,"IN"
223232,"DT"
223233,"NN"
223234,"NN"
223235,"IN"
223236,"IN"
223237,"NNP"
223238,"MD"
223239,"VB"
223240,"VBN"
223241,"IN"
223242,"CC"
223243,"IN"
223244,"IN"
223245,"JJ"
223246,"NNS"
223247,"TO"
223248,"VB"
223249,"NN"
223250,"."
223251,"DT"
223252,"NN"
223253,"MD"
223254,"VB"
223255,"DT"
223256,"NNS"
223257,"RB"
223258,"VBZ"
223259,"JJ"
223260,":"
223261,"DT"
223262,"JJ"
223263,"NN"
223264,","
223265,"RB"
223266,"JJ"
223267,"TO"
223268,"VB"
223269,"RP"
223270,"NNP"
223271,"POS"
223272,"NN"
223273,","
223274,"VBZ"
223275,"VBN"
223276,"IN"
223277,"NNP"
223278,"NNP"
223279,"IN"
223280,"DT"
223281,"JJ"
223282,"NN"
223283,"."
223284,"CC"
223285,"DT"
223286,"NN"
223287,"IN"
223288,"DT"
223289,"JJ"
223290,"NN"
223291,"VBZ"
223292,"DT"
223293,"RB"
223294,"JJ"
223295,"."
223296,"IN"
223297,"NNP"
223298,"NNP"
223299,"VBZ"
223300,"DT"
223301,"JJ"
223302,"NN"
223303,"NN"
223304,","
223305,"PRP"
223306,"MD"
223307,"VB"
223308,"DT"
223309,"JJ"
223310,"NN"
223311,"."
223312,"RB"
223313,","
223314,"PRP"
223315,"MD"
223316,"VB"
223317,"JJ"
223318,"NNS"
223319,"RB"
223320,"JJ"
223321,"NN"
223322,"IN"
223323,"VBG"
223324,"DT"
223325,"NNS"
223326,"IN"
223327,"DT"
223328,"NN"
223329,"IN"
223330,"DT"
223331,"NN"
223332,"IN"
223333,"DT"
223334,"NN"
223335,"IN"
223336,"NNP"
223337,"."
223338,"NNP"
223339,"NNP"
223340,"VBZ"
223341,"RB"
223342,"RB"
223343,"RB"
223344,"VBN"
223345,"DT"
223346,"NN"
223347,"CC"
223348,"VBD"
223349,"PRP$"
223350,"JJ"
223351,"NNS"
223352,"TO"
223353,"JJ"
223354,"NN"
223355,"IN"
223356,"NNP"
223357,","
223358,"VBG"
223359,"TO"
223360,"VB"
223361,"TO"
223362,"DT"
223363,"NN"
223364,"NN"
223365,"CC"
223366,"DT"
223367,"NN"
223368,"IN"
223369,"JJ"
223370,"NNS"
223371,"."
223372,"IN"
223373,"IN"
223374,"NNP"
223375,"NNP"
223376,"."
223377,"PRP"
223378,"VBZ"
223379,"RB"
223380,"RB"
223381,"VBG"
223382,"RB"
223383,"IN"
223384,"DT"
223385,"NN"
223386,"."
223387,"CC"
223388,"IN"
223389,"PRP"
223390,"VBZ"
223391,"RB"
223392,"CD"
223393,"IN"
223394,"DT"
223395,"RBS"
223396,"JJ"
223397,"NN"
223398,"NNS"
223399,"WP"
223400,"RB"
223401,"VBD"
223402,"JJ"
223403,","
223404,"PRP"
223405,"VBZ"
223406,"RB"
223407,"JJR"
223408,"TO"
223409,"VB"
223410,"PRP"
223411,"RB"
223412,"JJ"
223413,","
223414,"CC"
223415,"RB"
223416,"RB"
223417,"RB"
223418,"VBN"
223419,"."
223420,"NNP"
223421,"NNP"
223422,","
223423,"DT"
223424,"JJ"
223425,"NN"
223426,"IN"
223427,"NNP"
223428,"NNP"
223429,","
223430,"VBZ"
223431,"VBN"
223432,"IN"
223433,"NNS"
223434,"IN"
223435,"CD"
223436,"."
223437,"O"
223438,"NNP"
223439,"NNP"
223440,"NNP"
223441,"TO"
223442,"VB"
223443,"IN"
223444,"DT"
223445,"NN"
223446,"IN"
223447,"NNP"
223448,"NNP"
223449,"NN"
223450,"VBG"
223451,"NNP"
223452,"POS"
223453,"NN"
223454,"IN"
223455,"NN"
223456,"NNS"
223457,"."
223458,"NNP"
223459,"NNP"
223460,"NNP"
223461,"VBD"
223462,"IN"
223463,"DT"
223464,"JJ"
223465,"NN"
223466,"VBD"
223467,"VBN"
223468,"TO"
223469,"VB"
223470,"JJ"
223471,"NNS"
223472,"IN"
223473,"NN"
223474,"IN"
223475,"DT"
223476,"NN"
223477,"NN"
223478,"TO"
223479,"VB"
223480,"DT"
223481,"JJ"
223482,"NN"
223483,"."
223484,"NNP"
223485,"NNP"
223486,"CC"
223487,"JJ"
223488,"NNS"
223489,"RB"
223490,"VBD"
223491,"RP"
223492,"NNS"
223493,","
223494,"IN"
223495,"PRP"
223496,"VBD"
223497,"PRP$"
223498,"NNS"
223499,"JJ"
223500,"TO"
223501,"VB"
223502,"VBG"
223503,"DT"
223504,"JJ"
223505,"NNS"
223506,"RBR"
223507,"JJ"
223508,"."
223509,"NNP"
223510,"POS"
223511,"NN"
223512,"VBD"
223513,"VBN"
223514,"IN"
223515,"DT"
223516,"NN"
223517,"IN"
223518,"NNP"
223519,"POS"
223520,"NN"
223521,"NN"
223522,"CC"
223523,"DT"
223524,"JJ"
223525,"NN"
223526,"IN"
223527,"NN"
223528,"NNS"
223529,"."
223530,"DT"
223531,"NNP"
223532,"NNP"
223533,"NNS"
223534,"VBD"
223535,"CD"
223536,","
223537,"TO"
223538,"CD"
223539,"."
223540,"DT"
223541,"NN"
223542,"NN"
223543,"NN"
223544,"VBD"
223545,"TO"
223546,"DT"
223547,"NN"
223548,","
223549,"IN"
223550,"NN"
223551,"NNS"
223552,"VBD"
223553,"CC"
223554,"DT"
223555,"NN"
223556,"VBD"
223557,"."
223558,"JJ"
223559,"NNS"
223560,"VBD"
223561,"JJ"
223562,"NNP"
223563,","
223564,"CC"
223565,"IN"
223566,"JJ"
223567,"NN"
223568,"VBD"
223569,"VBG"
223570,"IN"
223571,"."
223572,"DT"
223573,"NN"
223574,"VBD"
223575,"VBG"
223576,"RB"
223577,"JJR"
223578,"IN"
223579,"NNP"
223580,"."
223581,"NNS"
223582,"IN"
223583,"DT"
223584,"JJ"
223585,"NNP"
223586,"NN"
223587,"NN"
223588,"VBP"
223589,"JJ"
223590,"."
223591,"JJ"
223592,"NNS"
223593,"VBD"
223594,"TO"
223595,"VB"
223596,"DT"
223597,"$"
223598,"CD"
223599,"CD"
223600,"NN"
223601,","
223602,"CC"
223603,"NNS"
223604,"VBD"
223605,"PRP"
223606,"VBD"
223607,"RB"
223608,"IN"
223609,"DT"
223610,"NN"
223611,"TO"
223612,"VB"
223613,"NNS"
223614,"."
223615,"DT"
223616,"NN"
223617,"VBD"
223618,"VBN"
223619,"RB"
223620,"IN"
223621,"NNS"
223622,"IN"
223623,"DT"
223624,"NNP"
223625,"NN"
223626,"NN"
223627,","
223628,"PRP"
223629,"VBD"
223630,"."
223631,"DT"
223632,"NN"
223633,"IN"
223634,"NN"
223635,"NNS"
223636,"IN"
223637,"NNP"
223638,"VBD"
223639,"CD"
223640,"NNS"
223641,"IN"
223642,"NNS"
223643,","
223644,"CC"
223645,"NNS"
223646,"VBD"
223647,"VBN"
223648,"IN"
223649,"IN"
223650,"DT"
223651,"CD"
223652,"NN"
223653,"NN"
223654,"VBD"
223655,"DT"
223656,"JJ"
223657,"NN"
223658,"IN"
223659,"NN"
223660,"."
223661,"RB"
223662,","
223663,"JJ"
223664,"NNS"
223665,"VBD"
223666,"CD"
223667,"NN"
223668,"JJ"
223669,"NN"
223670,"."
223671,"DT"
223672,"JJ"
223673,"NN"
223674,"NN"
223675,"VBD"
223676,"VBN"
223677,"IN"
223678,"DT"
223679,"NNP"
223680,"POS"
223681,"NN"
223682,"NN"
223683,"NN"
223684,","
223685,"CC"
223686,"NNS"
223687,"RB"
223688,"VBP"
223689,"TO"
223690,"VB"
223691,"DT"
223692,"NN"
223693,"DT"
223694,"NN"
223695,"."
223696,"NNP"
223697,"MD"
223698,"RB"
223699,"VB"
223700,"IN"
223701,"DT"
223702,"JJ"
223703,"NN"
223704,"IN"
223705,"DT"
223706,"JJ"
223707,"NN"
223708,"NN"
223709,"WRB"
223710,"JJ"
223711,"NNS"
223712,"VBP"
223713,"RB"
223714,"DT"
223715,"NN"
223716,"."
223717,"NNP"
223718,"NNP"
223719,"VBD"
223720,"IN"
223721,"RP"
223722,"TO"
223723,"CD"
223724,"JJ"
223725,"JJ"
223726,"NN"
223727,"NNS"
223728,"MD"
223729,"VB"
223730,"IN"
223731,"DT"
223732,"NNS"
223733,"IN"
223734,"PRP"
223735,"VBZ"
223736,"TO"
223737,"VB"
223738,"JJ"
223739,"NN"
223740,"."
223741,"NNP"
223742,"NNP"
223743,"CC"
223744,"NN"
223745,"NNS"
223746,"VBD"
223747,"CD"
223748,"NN"
223749,"IN"
223750,"JJ"
223751,"NNP"
223752,","
223753,"DT"
223754,"JJ"
223755,"NNS"
223756,"NN"
223757,"IN"
223758,"DT"
223759,"JJ"
223760,"NN"
223761,","
223762,"VBN"
223763,"RP"
223764,"IN"
223765,"DT"
223766,"JJ"
223767,"NN"
223768,"IN"
223769,"NNP"
223770,"NNS"
223771,"."
223772,"NNP"
223773,"CC"
223774,"NNP"
223775,"VBP"
223776,"VBN"
223777,"IN"
223778,"DT"
223779,"JJ"
223780,"NN"
223781,"IN"
223782,"NN"
223783,"NNS"
223784,"NNP"
223785,"NNP"
223786,"CC"
223787,"NNP"
223788,"NNP"
223789,"."
223790,"DT"
223791,"NN"
223792,"MD"
223793,"VB"
223794,"RP"
223795,"NNP"
223796,"POS"
223797,"NNS"
223798,"TO"
223799,"VB"
223800,"DT"
223801,"JJ"
223802,"NN"
223803,"NN"
223804,"."
223805,"NNP"
223806,"POS"
223807,"NNP"
223808,"NN"
223809,"VBD"
223810,"DT"
223811,"$"
223812,"CD"
223813,"CD"
223814,"NN"
223815,"IN"
223816,"JJS"
223817,"IN"
223818,"PRP$"
223819,"NN"
223820,"CC"
223821,"NN"
223822,"NNS"
223823,"IN"
223824,"DT"
223825,"NN"
223826,"NN"
223827,"."
223828,"DT"
223829,"NN"
223830,"VBZ"
223831,"RB"
223832,"VB"
223833,"NNP"
223834,"NNP"
223835,"CC"
223836,"NNP"
223837,"NNP"
223838,"."
223839,"DT"
223840,"NNP"
223841,"NN"
223842,"VBZ"
223843,"VBG"
223844,"TO"
223845,"VB"
223846,"NNS"
223847,"."
223848,"NNP"
223849,"NNP"
223850,"VBD"
223851,"NNP"
223852,"PRP"
223853,"MD"
223854,"VB"
223855,"PRP$"
223856,"JJ"
223857,"NN"
223858,"IN"
223859,"IN"
223860,"NNP"
223861,"IN"
223862,"IN"
223863,"NNS"
223864,"IN"
223865,"VBG"
223866,"NN"
223867,"IN"
223868,"NNP"
223869,"."
223870,"NNP"
223871,"CC"
223872,"NNP"
223873,"MD"
223874,"VB"
223875,"DT"
223876,"NN"
223877,"NN"
223878,"IN"
223879,"DT"
223880,"JJ"
223881,"NN"
223882,"VBD"
223883,","
223884,"DT"
223885,"NN"
223886,"VBD"
223887,"."
223888,"NNP"
223889,"NNP"
223890,"CC"
223891,"NNP"
223892,"POS"
223893,"NNP"
223894,"VBP"
223895,"VBG"
223896,"DT"
223897,"NN"
223898,"TO"
223899,"VB"
223900,"JJ"
223901,"NNS"
223902,"."
223903,"NNP"
223904,"NNP"
223905,"NNP"
223906,"NNS"
223907,"MD"
223908,"VB"
223909,"DT"
223910,"JJR"
223911,"NN"
223912,"TO"
223913,"VBG"
223914,"NNS"
223915,"WDT"
223916,"VBP"
223917,"RB"
223918,"JJ"
223919,"NN"
223920,"NNS"
223921,"."
223922,"NNP"
223923,"POS"
223924,"NN"
223925,"NN"
223926,"MD"
223927,"VB"
223928,"VBN"
223929,"RB"
223930,"."
223931,"CD"
223932,"JJ"
223933,"NNS"
223934,"VBD"
223935,"VBN"
223936,"RP"
223937,"IN"
223938,"NN"
223939,"NNS"
223940,","
223941,"CC"
223942,"JJ"
223943,"NNS"
223944,"VBD"
223945,"DT"
223946,"NN"
223947,"IN"
223948,"DT"
223949,"JJ"
223950,"."
223951,"NNS"
223952,":"
223953,"NNS"
223954,":"
223955,"NN"
223956,"CD"
223957,"NNS"
223958,"."
223959,"NNP"
223960,"NNP"
223961,"NNS"
223962,"CD"
223963,","
223964,"RB"
223965,"CD"
223966,":"
223967,"NN"
223968,"CD"
223969,","
223970,"RB"
223971,"CD"
223972,":"
223973,"NNS"
223974,"CD"
223975,","
223976,"RB"
223977,"CD"
223978,"."
223979,"NNS"
223980,":"
223981,"NNP"
223982,"NNP"
223983,"NNP"
223984,"NNP"
223985,"NN"
223986,"CD"
223987,","
223988,"RB"
223989,"NNS"
223990,":"
223991,"NNP"
223992,"NNP"
223993,"NNS"
223994,"NN"
223995,"CD"
223996,","
223997,"RB"
223998,"CD"
223999,":"
224000,"NN"
224001,"NN"
224002,"CD"
224003,","
224004,"RB"
224005,"CD"
224006,"."
224007,"NN"
224008,":"
224009,"CD"
224010,"NN"
224011,","
224012,"RB"
224013,"CD"
224014,":"
224015,"CD"
224016,"NNS"
224017,","
224018,"IN"
224019,"NNP"
224020,"."
224021,"O"
224022,"DT"
224023,"JJ"
224024,"NNS"
224025,"NN"
224026,"IN"
224027,"NNP"
224028,"NNP"
224029,"VBD"
224030,"DT"
224031,"NNS"
224032,"MD"
224033,"RB"
224034,"VB"
224035,"JJ"
224036,"NNS"
224037,"JJ"
224038,"IN"
224039,"JJ"
224040,"JJ"
224041,"NNS"
224042,"IN"
224043,"JJ"
224044,"NNS"
224045,"IN"
224046,"DT"
224047,"NN"
224048,"NNS"
224049,"RB"
224050,"VBD"
224051,"JJ"
224052,"NN"
224053,"IN"
224054,"DT"
224055,"NN"
224056,"POS"
224057,"NNS"
224058,"."
224059,"DT"
224060,"NN"
224061,"VBZ"
224062,"IN"
224063,"DT"
224064,"CD"
224065,"NN"
224066,"VBN"
224067,"IN"
224068,"NNS"
224069,"IN"
224070,"NNP"
224071,"NNP"
224072,"NNP"
224073,","
224074,"VBG"
224075,"DT"
224076,"NN"
224077,"NNS"
224078,"VBD"
224079,"NNS"
224080,"IN"
224081,"DT"
224082,"JJ"
224083,"NN"
224084,"IN"
224085,"DT"
224086,"NNP"
224087,"NN"
224088,","
224089,"VBN"
224090,"IN"
224091,"CD"
224092,"."
224093,"NNS"
224094,"VBG"
224095,"IN"
224096,"NN"
224097,"NNS"
224098,"VBD"
224099,"PRP"
224100,"VBP"
224101,"VBN"
224102,"DT"
224103,"NN"
224104,"IN"
224105,"DT"
224106,"``"
224107,"NN"
224108,"NN"
224109,"''"
224110,"IN"
224111,"NNS"
224112,"MD"
224113,"VB"
224114,"JJ"
224115,"IN"
224116,"DT"
224117,"NN"
224118,"IN"
224119,"DT"
224120,"NN"
224121,"."
224122,"VBG"
224123,"TO"
224124,"DT"
224125,"NN"
224126,","
224127,"NNP"
224128,"NNS"
224129,"VBD"
224130,"JJ"
224131,"NN"
224132,"IN"
224133,"VBG"
224134,"NNP"
224135,"IN"
224136,"DT"
224137,"NN"
224138,"NN"
224139,"WDT"
224140,"MD"
224141,"VB"
224142,"DT"
224143,"NN"
224144,"CC"
224145,"VB"
224146,"RB"
224147,"JJ"
224148,"IN"
224149,"PRP$"
224150,"JJ"
224151,"NN"
224152,"."
224153,"DT"
224154,"NNS"
224155,"RB"
224156,"VBN"
224157,"IN"
224158,"JJ"
224159,"TO"
224160,"DT"
224161,"NN"
224162,","
224163,"DT"
224164,"NN"
224165,"VBD"
224166,"JJ"
224167,"NNS"
224168,"VBG"
224169,"NNS"
224170,"IN"
224171,"NNP"
224172,"."
224173,"DT"
224174,"NN"
224175,"VBD"
224176,"NNP"
224177,"POS"
224178,"NN"
224179,"VBD"
224180,"TO"
224181,"DT"
224182,"NN"
224183,"IN"
224184,"$"
224185,"CD"
224186,"DT"
224187,"NN"
224188,"IN"
224189,"DT"
224190,"NN"
224191,"IN"
224192,"DT"
224193,"NN"
224194,"POS"
224195,"JJ"
224196,"NNS"
224197,"."
224198,"CC"
224199,"WRB"
224200,"DT"
224201,"NN"
224202,"VBD"
224203,"NNP"
224204,"POS"
224205,"JJ"
224206,"NNS"
224207,"JJ"
224208,"IN"
224209,"CD"
224210,","
224211,"DT"
224212,"NN"
224213,"VBD"
224214,"TO"
224215,"DT"
224216,"NN"
224217,"IN"
224218,"$"
224219,"CD"
224220,"DT"
224221,"NN"
224222,","
224223,"VBG"
224224,"TO"
224225,"DT"
224226,"NN"
224227,"."
224228,"DT"
224229,"NNS"
224230,"VBD"
224231,"JJR"
224232,"IN"
224233,"$"
224234,"CD"
224235,"CD"
224236,"IN"
224237,"NNS"
224238,"."
224239,"IN"
224240,"CD"
224241,","
224242,"DT"
224243,"NNP"
224244,"NNP"
224245,"NN"
224246,"NN"
224247,"VBD"
224248,"DT"
224249,"NN"
224250,"RB"
224251,"IN"
224252,"NN"
224253,"NNS"
224254,"VBD"
224255,"RB"
224256,"VBN"
224257,"DT"
224258,"NN"
224259,"POS"
224260,"NNS"
224261,"IN"
224262,"JJ"
224263,"NNS"
224264,"TO"
224265,"NNP"
224266,"POS"
224267,"NNS"
224268,"."
224269,"JJ"
224270,"JJ"
224271,"NN"
224272,","
224273,"DT"
224274,"NNS"
224275,"NN"
224276,"VBD"
224277,"IN"
224278,"RBS"
224279,"IN"
224280,"DT"
224281,"NN"
224282,"MD"
224283,"VB"
224284,"VBN"
224285,"."
224286,"RB"
224287,","
224288,"PRP"
224289,"VBD"
224290,"DT"
224291,"NNS"
224292,"DT"
224293,"NN"
224294,"TO"
224295,"VB"
224296,"DT"
224297,"JJ"
224298,"NN"
224299,"IN"
224300,"PRP$"
224301,"NN"
224302,"IN"
224303,"NNS"
224304,"TO"
224305,"NNP"
224306,"POS"
224307,"NN"
224308,"NN"
224309,","
224310,"VBN"
224311,"IN"
224312,"NNP"
224313,"."
224314,"DT"
224315,"NN"
224316,"VBD"
224317,"IN"
224318,"DT"
224319,"NN"
224320,"NNS"
224321,"VBD"
224322,"RB"
224323,"VB"
224324,"NNP"
224325,"POS"
224326,"NNS"
224327,"IN"
224328,"DT"
224329,"NN"
224330,"."
224331,"NNS"
224332,"VBP"
224333,"VBN"
224334,"IN"
224335,"DT"
224336,"NN"
224337,"POS"
224338,"NN"
224339,"IN"
224340,"JJ"
224341,"NN"
224342,"NNS"
224343,"CC"
224344,"VBD"
224345,"RP"
224346,"IN"
224347,"DT"
224348,"NN"
224349,"VBD"
224350,"IN"
224351,"DT"
224352,"NN"
224353,"MD"
224354,"VB"
224355,"VBN"
224356,"RB"
224357,"RB"
224358,"JJ"
224359,"TO"
224360,"DT"
224361,"NNP"
224362,"NN"
224363,"."
224364,"``"
224365,"DT"
224366,"NN"
224367,"VBD"
224368,"JJ"
224369,"TO"
224370,"VB"
224371,"IN"
224372,"DT"
224373,"JJ"
224374,"NN"
224375,"VBD"
224376,"IN"
224377,"DT"
224378,"JJ"
224379,"JJ"
224380,"NNS"
224381,"CC"
224382,"VBD"
224383,"DT"
224384,"JJ"
224385,"NN"
224386,"IN"
224387,"DT"
224388,"NN"
224389,"POS"
224390,"NNS"
224391,","
224392,"''"
224393,"VBD"
224394,"NNP"
224395,"NNP"
224396,","
224397,"DT"
224398,"NNP"
224399,"NNP"
224400,"NN"
224401,"IN"
224402,"DT"
224403,"NN"
224404,"IN"
224405,"NNP"
224406,"CC"
224407,"NNP"
224408,","
224409,"WDT"
224410,"VBD"
224411,"RB"
224412,"VBN"
224413,"IN"
224414,"DT"
224415,"NN"
224416,"."
224417,"``"
224418,"DT"
224419,"NN"
224420,"VBZ"
224421,"VBG"
224422,"IN"
224423,"DT"
224424,"JJ"
224425,"NNS"
224426,"VBP"
224427,"TO"
224428,"VB"
224429,"VBN"
224430,"TO"
224431,"DT"
224432,"NN"
224433,"IN"
224434,"JJ"
224435,"NN"
224436,"CC"
224437,"NN"
224438,"IN"
224439,"DT"
224440,"NNS"
224441,"IN"
224442,"JJ"
224443,"NNS"
224444,"."
224445,"''"
224446,"NNP"
224447,"POS"
224448,"NNS"
224449,"IN"
224450,"DT"
224451,"NNP"
224452,"NNP"
224453,"NN"
224454,"IN"
224455,"NNP"
224456,","
224457,"NNP"
224458,","
224459,"NNP"
224460,","
224461,"NNP"
224462,"CC"
224463,"NNP"
224464,"JJ"
224465,"NN"
224466,"VBD"
224467,"IN"
224468,"DT"
224469,"NN"
224470,"IN"
224471,"DT"
224472,"NN"
224473,"."
224474,"PRP"
224475,"VBD"
224476,":"
224477,"``"
224478,"DT"
224479,"NN"
224480,"VBZ"
224481,"DT"
224482,"JJ"
224483,"NN"
224484,"IN"
224485,"NN"
224486,":"
224487,"IN"
224488,"IN"
224489,"DT"
224490,"JJ"
224491,"NN"
224492,"IN"
224493,"NNS"
224494,"IN"
224495,"DT"
224496,"NN"
224497,"POS"
224498,"NN"
224499,"VBP"
224500,"RB"
224501,"VBN"
224502,","
224503,"DT"
224504,"NN"
224505,"MD"
224506,"VB"
224507,"NN"
224508,"IN"
224509,"NN"
224510,"IN"
224511,"NNS"
224512,"NN"
224513,"."
224514,"''"
224515,"NNP"
224516,"NNP"
224517,"TO"
224518,"VB"
224519,"$"
224520,"CD"
224521,"CD"
224522,"IN"
224523,"JJ"
224524,"NNS"
224525,"TO"
224526,"JJ"
224527,"NNP"
224528,"NNP"
224529,"NNP"
224530,"NNP"
224531,"VBZ"
224532,"VBG"
224533,"VBG"
224534,"DT"
224535,"NN"
224536,"VBG"
224537,"IN"
224538,"DT"
224539,"NNP"
224540,"NNP"
224541,"NNP"
224542,"VBZ"
224543,"RB"
224544,"JJ"
224545,"JJ"
224546,"NN"
224547,"IN"
224548,"DT"
224549,"NNP"
224550,"."
224551,"DT"
224552,"NN"
224553,"IN"
224554,"CD"
224555,"NN"
224556,"IN"
224557,"DT"
224558,"NN"
224559,"POS"
224560,"NNS"
224561,"IN"
224562,"DT"
224563,"NNP"
224564,"NNP"
224565,"JJ"
224566,"NN"
224567,"NN"
224568,"."
224569,"CC"
224570,"DT"
224571,"NN"
224572,"VBD"
224573,"DT"
224574,"NN"
224575,"RB"
224576,"$"
224577,"CD"
224578,"IN"
224579,"NNS"
224580,","
224581,"VBD"
224582,"IN"
224583,"IN"
224584,"DT"
224585,"JJ"
224586,"NNS"
224587,"."
224588,"JJ"
224589,"NN"
224590,","
224591,"DT"
224592,"NNP"
224593,"NNP"
224594,"IN"
224595,"NNP"
224596,"IN"
224597,"NNP"
224598,"NNP"
224599,"VBD"
224600,"DT"
224601,"$"
224602,"CD"
224603,"CD"
224604,"NN"
224605,"IN"
224606,"NNS"
224607,"NNS"
224608,"IN"
224609,"DT"
224610,"JJ"
224611,"NN"
224612,"."
224613,"NNP"
224614,"NNP"
224615,"NNP"
224616,","
224617,"IN"
224618,"NNP"
224619,"CC"
224620,"NNP"
224621,","
224622,"RB"
224623,"IN"
224624,"NNP"
224625,","
224626,"NNP"
224627,","
224628,"NNP"
224629,","
224630,"NNP"
224631,","
224632,"NNP"
224633,","
224634,"NNP"
224635,","
224636,"NNP"
224637,"CC"
224638,"NNP"
224639,","
224640,"VBD"
224641,"DT"
224642,"JJ"
224643,"NN"
224644,"NN"
224645,","
224646,"CC"
224647,"PRP$"
224648,"JJ"
224649,"NN"
224650,"VBD"
224651,"DT"
224652,"NN"
224653,"NN"
224654,"."
224655,"NNP"
224656,"NNP"
224657,"NNP"
224658,"IN"
224659,"NNP"
224660,"CC"
224661,"NNP"
224662,"VBZ"
224663,"IN"
224664,"$"
224665,"CD"
224666,"CD"
224667,"IN"
224668,"DT"
224669,"NN"
224670,"VBZ"
224671,"RB"
224672,"TO"
224673,"DT"
224674,"NN"
224675,"TO"
224676,"VB"
224677,"PRP"
224678,"IN"
224679,"NNS"
224680,"RB"
224681,"VBN"
224682,"."
224683,"NNP"
224684,"CC"
224685,"NNP"
224686,"MD"
224687,"VB"
224688,"IN"
224689,"$"
224690,"CD"
224691,"IN"
224692,"DT"
224693,"NNS"
224694,"IN"
224695,"VBG"
224696,"DT"
224697,"NN"
224698,"."
224699,"DT"
224700,"JJ"
224701,"NNS"
224702,"NN"
224703,"VBN"
224704,"IN"
224705,"DT"
224706,"JJ"
224707,"NNS"
224708,"CC"
224709,"DT"
224710,"NN"
224711,"TO"
224712,"VB"
224713,"DT"
224714,"NNS"
224715,"VBD"
224716,"RB"
224717,"VB"
224718,"DT"
224719,"NN"
224720,"IN"
224721,"VBG"
224722,"JJ"
224723,"."
224724,"NNP"
224725,"NNS"
224726,"VBP"
224727,"IN"
224728,"JJ"
224729,"NNS"
224730,"MD"
224731,"VB"
224732,"VBN"
224733,"IN"
224734,"NNS"
224735,"POS"
224736,"NNS"
224737,"."
224738,"CC"
224739,"NNP"
224740,"NNP"
224741,","
224742,"DT"
224743,"NN"
224744,"IN"
224745,"DT"
224746,"NNP"
224747,","
224748,"VBZ"
224749,"PRP$"
224750,"NN"
224751,"MD"
224752,"VB"
224753,"NN"
224754,"IN"
224755,"DT"
224756,"NN"
224757,"CC"
224758,"VBG"
224759,"TO"
224760,"DT"
224761,"NNP"
224762,"NNP"
224763,"NNP"
224764,"."
224765,"NNP"
224766,"NNP"
224767,","
224768,"IN"
224769,"NNP"
224770,","
224771,"NNP"
224772,","
224773,"NNP"
224774,","
224775,"NNP"
224776,"CC"
224777,"NNP"
224778,"IN"
224779,"NNP"
224780,"NNP"
224781,","
224782,"VBZ"
224783,"DT"
224784,"NN"
224785,"VBZ"
224786,"JJ"
224787,"CC"
224788,"DT"
224789,"NN"
224790,"NN"
224791,"VBZ"
224792,"JJ"
224793,"IN"
224794,"DT"
224795,"NN"
224796,"VBD"
224797,"PRP$"
224798,"JJ"
224799,"NNS"
224800,","
224801,"VBG"
224802,"PRP$"
224803,"NN"
224804,"IN"
224805,"DT"
224806,"NNP"
224807,"JJ"
224808,"NN"
224809,"IN"
224810,"NN"
224811,"NNS"
224812,"."
224813,"``"
224814,"DT"
224815,"NN"
224816,"VBD"
224817,"RB"
224818,"DT"
224819,"JJ"
224820,"NN"
224821,","
224822,"''"
224823,"NNP"
224824,"NNP"
224825,"VBZ"
224826,"."
224827,"NNP"
224828,"NNP"
224829,":"
224830,"NNP"
224831,"CC"
224832,"NNP"
224833,"IN"
224834,"NNP"
224835,"CC"
224836,"NNP"
224837,","
224838,"NNP"
224839,","
224840,"NNP"
224841,"CC"
224842,"NNP"
224843,"IN"
224844,"NNP"
224845,","
224846,"NNP"
224847,","
224848,"VBP"
224849,"VBG"
224850,"TO"
224851,"VB"
224852,"VB"
224853,"PRP$"
224854,"NN"
224855,"NNS"
224856,"."
224857,"DT"
224858,"NN"
224859,"VBZ"
224860,"VBN"
224861,"TO"
224862,"VB"
224863,"DT"
224864,"JJ"
224865,"JJ"
224866,"JJ"
224867,"NN"
224868,"IN"
224869,"JJ"
224870,"NN"
224871,"NNS"
224872,"."
224873,"DT"
224874,"NNS"
224875,"VBP"
224876,"RB"
224877,"VBN"
224878,"TO"
224879,"VB"
224880,"NN"
224881,"RB"
224882,"TO"
224883,"DT"
224884,"JJ"
224885,"CC"
224886,"VB"
224887,"JJ"
224888,"NNS"
224889,"."
224890,"CC"
224891,"PRP"
224892,"MD"
224893,"VB"
224894,"RB"
224895,"IN"
224896,"NN"
224897,":"
224898,","
224899,"JJ"
224900,":"
224901,"CC"
224902,"JJ"
224903,"NNS"
224904,"CC"
224905,"NN"
224906,"NNS"
224907,"IN"
224908,"NNS"
224909,"IN"
224910,"JJ"
224911,"NN"
224912,","
224913,"VBD"
224914,"NNP"
224915,"NNP"
224916,"NNP"
224917,"IN"
224918,"NNP"
224919,"NNP"
224920,"CC"
224921,"NNP"
224922,"."
224923,"IN"
224924,"NN"
224925,","
224926,"NNP"
224927,"CC"
224928,"NNP"
224929,"POS"
224930,"NNP"
224931,","
224932,"NNP"
224933,","
224934,"NN"
224935,"MD"
224936,"VB"
224937,"DT"
224938,"JJ"
224939,"NN"
224940,"IN"
224941,"DT"
224942,"NNS"
224943,"VBP"
224944,"RB"
224945,"IN"
224946,"JJ"
224947,"NNS"
224948,","
224949,"RB"
224950,"JJ"
224951,"NNS"
224952,","
224953,"IN"
224954,"PRP$"
224955,"NNS"
224956,"."
224957,"DT"
224958,"NN"
224959,","
224960,"VBN"
224961,"IN"
224962,"IN"
224963,"CD"
224964,"NNS"
224965,"IN"
224966,"NNS"
224967,","
224968,"VBD"
224969,"RP"
224970,"IN"
224971,"NNP"
224972,"NNP"
224973,"NNP"
224974,"POS"
224975,"NN"
224976,"TO"
224977,"VB"
224978,"NNS"
224979,"IN"
224980,"DT"
224981,"JJ"
224982,"NN"
224983,"IN"
224984,"NN"
224985,"IN"
224986,"JJ"
224987,"NN"
224988,"NNS"
224989,"IN"
224990,"DT"
224991,"NNP"
224992,"NNP"
224993,"NNP"
224994,","
224995,"VBD"
224996,"NNP"
224997,"NNP"
224998,"NNP"
224999,"IN"
225000,"NNP"
225001,"NNP"
225002,"."
225003,"NNP"
225004,"NNP"
225005,"NNP"
225006,"VBD"
225007,"DT"
225008,"NN"
225009,"IN"
225010,"NN"
225011,"NNS"
225012,","
225013,"NNP"
225014,"NNP"
225015,"CC"
225016,"NNP"
225017,"VBD"
225018,"DT"
225019,"CD"
225020,"NN"
225021,"NN"
225022,"IN"
225023,"NNP"
225024,"IN"
225025,"IN"
225026,"PRP"
225027,"MD"
225028,"VB"
225029,"VBN"
225030,"TO"
225031,"VB"
225032,"NN"
225033,"NN"
225034,"IN"
225035,"DT"
225036,"JJ"
225037,"JJ"
225038,"NN"
225039,"."
225040,"NNP"
225041,"NNP"
225042,"NNP"
225043,"NNP"
225044,","
225045,"IN"
225046,"NNP"
225047,","
225048,"VBD"
225049,"$"
225050,"CD"
225051,"CD"
225052,"IN"
225053,"JJ"
225054,"NNS"
225055,"IN"
225056,"NNP"
225057,","
225058,"VBG"
225059,"IN"
225060,"DT"
225061,"NN"
225062,","
225063,"WDT"
225064,"MD"
225065,"VB"
225066,"JJ"
225067,"NNS"
225068,"CC"
225069,"NN"
225070,"NN"
225071,","
225072,"VBD"
225073,"DT"
225074,"NN"
225075,"TO"
225076,"NNS"
225077,"."
225078,"NNP"
225079,"RB"
225080,"VBD"
225081,"IN"
225082,"VBG"
225083,"DT"
225084,"NN"
225085,"NN"
225086,"MD"
225087,"VB"
225088,"DT"
225089,"JJR"
225090,"NN"
225091,"NN"
225092,"IN"
225093,"VBG"
225094,"PRP"
225095,"RB"
225096,"."
225097,"DT"
225098,"NN"
225099,"IN"
225100,"DT"
225101,"NN"
225102,"VBD"
225103,"DT"
225104,"NN"
225105,"VBZ"
225106,"VBN"
225107,"TO"
225108,"VB"
225109,"DT"
225110,"JJ"
225111,"NN"
225112,"NN"
225113,"IN"
225114,"DT"
225115,"NN"
225116,"NN"
225117,"WRB"
225118,"DT"
225119,"NN"
225120,"VBD"
225121,"DT"
225122,"NN"
225123,"CC"
225124,"DT"
225125,"NN"
225126,"IN"
225127,"NN"
225128,"VBD"
225129,"VBN"
225130,"IN"
225131,"NN"
225132,"."
225133,"NNP"
225134,"NNP"
225135,"NNP"
225136,"NNP"
225137,":"
225138,"NNP"
225139,"NNP"
225140,"NNP"
225141,"MD"
225142,"VB"
225143,"NNP"
225144,"NNP"
225145,"CC"
225146,"NNP"
225147,"IN"
225148,"DT"
225149,"NN"
225150,"IN"
225151,"PRP$"
225152,"NNP"
225153,","
225154,"NNP"
225155,","
225156,"NN"
225157,"IN"
225158,"NNP"
225159,"."
225160,"PRP"
225161,"MD"
225162,"VB"
225163,"VB"
225164,"DT"
225165,"NN"
225166,"NN"
225167,"IN"
225168,"DT"
225169,"NNP"
225170,"NNP"
225171,"NN"
225172,"POS"
225173,"NNS"
225174,"NN"
225175,"."
225176,"NNP"
225177,"NNP"
225178,","
225179,"CD"
225180,"NNS"
225181,"JJ"
225182,","
225183,"VBD"
225184,"IN"
225185,"NNP"
225186,"NNP"
225187,"NNP"
225188,"JJ"
225189,"NN"
225190,"RB"
225191,"DT"
225192,"NN"
225193,"IN"
225194,"RB"
225195,"CD"
225196,"NNS"
225197,"IN"
225198,"DT"
225199,"NN"
225200,"."
225201,"PRP"
225202,"VBD"
225203,"DT"
225204,"JJ"
225205,"NN"
225206,"TO"
225207,"VB"
225208,"VBN"
225209,"NNP"
225210,"JJ"
225211,"NN"
225212,"."
225213,"NNP"
225214,"NNP"
225215,"NNP"
225216,","
225217,"RB"
225218,"NNP"
225219,"NNP"
225220,"POS"
225221,"JJ"
225222,"NN"
225223,","
225224,"VBD"
225225,"DT"
225226,"NNP"
225227,"NNP"
225228,"NN"
225229,"NN"
225230,"IN"
225231,"NNP"
225232,"NNP"
225233,"CC"
225234,"NNP"
225235,","
225236,"NNP"
225237,"NNP"
225238,"IN"
225239,"DT"
225240,"NN"
225241,"."
225242,"NNP"
225243,"NNP"
225244,","
225245,"CD"
225246,","
225247,"VBD"
225248,"CD"
225249,"NNS"
225250,"IN"
225251,"DT"
225252,"NNP"
225253,"NN"
225254,"NN"
225255,"IN"
225256,"NNP"
225257,"NNP"
225258,"NNP"
225259,"NNP"
225260,"NNP"
225261,"VBD"
225262,"VBN"
225263,"JJ"
225264,"NN"
225265,"IN"
225266,"CD"
225267,"."
225268,"PRP"
225269,"VBD"
225270,"DT"
225271,"NN"
225272,"IN"
225273,"CD"
225274,"."
225275,"NNP"
225276,"NNP"
225277,"VBD"
225278,"PRP"
225279,"MD"
225280,"VB"
225281,"PRP$"
225282,"NN"
225283,"IN"
225284,"DT"
225285,"JJ"
225286,"NN"
225287,"POS"
225288,"NNS"
225289,"IN"
225290,"NNP"
225291,","
225292,"NNP"
225293,","
225294,"CC"
225295,"NNP"
225296,"NNP"
225297,","
225298,"IN"
225299,"NNS"
225300,"IN"
225301,"NN"
225302,"CC"
225303,"NN"
225304,"NN"
225305,"."
225306,"O"
225307,"NNP"
225308,"NNP"
225309,"NNP"
225310,"VBD"
225311,"PRP"
225312,"MD"
225313,"VB"
225314,"NN"
225315,"NNS"
225316,"IN"
225317,"JJ"
225318,"IN"
225319,"PRP$"
225320,"NNS"
225321,"IN"
225322,"NNP"
225323,"CD"
225324,"TO"
225325,"NNP"
225326,"CD"
225327,","
225328,"IN"
225329,"NN"
225330,"IN"
225331,"DT"
225332,"JJ"
225333,"NNS"
225334,"NN"
225335,"."
225336,"NNP"
225337,"MD"
225338,"VB"
225339,"DT"
225340,"$"
225341,"CD"
225342,"NN"
225343,"IN"
225344,"PRP$"
225345,"NNP"
225346,"NN"
225347,"IN"
225348,"DT"
225349,"NNP"
225350,"NN"
225351,"CC"
225352,"NN"
225353,"NN"
225354,":"
225355,"$"
225356,"CD"
225357,"IN"
225358,"DT"
225359,"JJ"
225360,"NNP"
225361,"NNP"
225362,"JJ"
225363,"NN"
225364,"NN"
225365,":"
225366,"$"
225367,"CD"
225368,"IN"
225369,"DT"
225370,"NNP"
225371,"NNP"
225372,"JJ"
225373,"NN"
225374,"NN"
225375,":"
225376,"$"
225377,"CD"
225378,"IN"
225379,"DT"
225380,"JJ"
225381,"NN"
225382,"NN"
225383,","
225384,"CC"
225385,"$"
225386,"CD"
225387,"IN"
225388,"DT"
225389,"JJ"
225390,"NN"
225391,"IN"
225392,"DT"
225393,"NNP"
225394,"NN"
225395,"NN"
225396,"CC"
225397,"NNP"
225398,"NN"
225399,"."
225400,"DT"
225401,"NNS"
225402,","
225403,"IN"
225404,"DT"
225405,"NN"
225406,"IN"
225407,"DT"
225408,"JJ"
225409,"NN"
225410,"IN"
225411,"DT"
225412,"NN"
225413,"IN"
225414,"DT"
225415,"NN"
225416,","
225417,"NN"
225418,"TO"
225419,"CD"
225420,"NN"
225421,"TO"
225422,"CD"
225423,"NN"
225424,"."
225425,"DT"
225426,"NN"
225427,"VBZ"
225428,"RB"
225429,"VBG"
225430,"DT"
225431,"JJ"
225432,"NN"
225433,"IN"
225434,"PRP$"
225435,"NNS"
225436,"TO"
225437,"NNS"
225438,"WP"
225439,"VBP"
225440,"IN"
225441,"PRP$"
225442,"NN"
225443,"NNS"
225444,"CC"
225445,"NNS"
225446,"."
225447,"O"
225448,"NNP"
225449,"NNP"
225450,"NNP"
225451,"NNP"
225452,"IN"
225453,"NNP"
225454,"CC"
225455,"NNP"
225456,"NNP"
225457,"IN"
225458,"NNP"
225459,"NNP"
225460,"VBD"
225461,"PRP"
225462,"VBP"
225463,"VBN"
225464,"DT"
225465,"CD"
225466,"NN"
225467,"("
225468,"$"
225469,"CD"
225470,"CD"
225471,")"
225472,"JJ"
225473,"NN"
225474,"TO"
225475,"VB"
225476,"NNS"
225477,"NNS"
225478,"."
225479,"IN"
225480,"DT"
225481,"NN"
225482,"POS"
225483,"JJ"
225484,"JJ"
225485,"NN"
225486,","
225487,"NNP"
225488,"MD"
225489,"VB"
225490,"CD"
225491,"NN"
225492,"IN"
225493,"DT"
225494,"NN"
225495,"CC"
225496,"DT"
225497,"NNP"
225498,"NN"
225499,","
225500,"NNP"
225501,"NNP"
225502,"NNP"
225503,"NNP"
225504,","
225505,"CD"
225506,"NN"
225507,"."
225508,"DT"
225509,"JJ"
225510,"NN"
225511,"IN"
225512,"DT"
225513,"CD"
225514,"NNS"
225515,"VBD"
225516,"VBN"
225517,"IN"
225518,"NNP"
225519,"."
225520,"DT"
225521,"JJ"
225522,"NN"
225523,"VBZ"
225524,"TO"
225525,"VB"
225526,"VBN"
225527,"NNP"
225528,"NNP"
225529,"NNP"
225530,"NNP"
225531,"."
225532,"NNP"
225533,"."
225534,"PRP"
225535,"MD"
225536,"VB"
225537,"PRP$"
225538,"NN"
225539,"IN"
225540,"NNP"
225541,"."
225542,"NNP"
225543,"POS"
225544,"NN"
225545,"IN"
225546,"DT"
225547,"NN"
225548,"MD"
225549,"VB"
225550,"TO"
225551,"CD"
225552,"NN"
225553,"NNP"
225554,"CD"
225555,","
225556,"CD"
225557,","
225558,"CC"
225559,"TO"
225560,"CD"
225561,"NN"
225562,"DT"
225563,"NN"
225564,"NNP"
225565,"CD"
225566,"."
225567,"NNP"
225568,"MD"
225569,"VB"
225570,"NN"
225571,"NN"
225572,"NNS"
225573,"."
225574,"DT"
225575,"NN"
225576,"NNS"
225577,"VBD"
225578,"NNS"
225579,"IN"
225580,"DT"
225581,"NN"
225582,"IN"
225583,"IN"
225584,"CD"
225585,"CD"
225586,"NNS"
225587,"IN"
225588,"PRP$"
225589,"JJ"
225590,"JJ"
225591,"NN"
225592,","
225593,"NNP"
225594,"VBD"
225595,"."
225596,"NNS"
225597,"VBP"
225598,"VBN"
225599,"TO"
225600,"VB"
225601,"TO"
225602,"CD"
225603,"CD"
225604,"NNS"
225605,"IN"
225606,"CD"
225607,"NNS"
225608,"."
225609,"DT"
225610,"NN"
225611,"MD"
225612,"VB"
225613,"NN"
225614,"NNS"
225615,"IN"
225616,"NNP"
225617,"NNP"
225618,","
225619,"NNP"
225620,","
225621,"NNP"
225622,"CC"
225623,"NNP"
225624,"."
225625,"O"
225626,"NNP"
225627,"NNP"
225628,","
225629,"NN"
225630,"IN"
225631,"NNP"
225632,"NNP"
225633,"CC"
225634,"NNP"
225635,"NNP"
225636,","
225637,"VBD"
225638,"NNP"
225639,"IN"
225640,"DT"
225641,"JJ"
225642,"NN"
225643,"NN"
225644,"."
225645,"NNP"
225646,"NNP"
225647,"VBD"
225648,"PRP"
225649,"VBD"
225650,"RB"
225651,"IN"
225652,"NNS"
225653,"IN"
225654,"VBG"
225655,"IN"
225656,"PRP$"
225657,"NN"
225658,"IN"
225659,"NNP"
225660,"NNP"
225661,"CC"
225662,"DT"
225663,"NN"
225664,"POS"
225665,"NN"
225666,"NNS"
225667,"IN"
225668,"NNP"
225669,"."
225670,"``"
225671,"RB"
225672,","
225673,"PRP"
225674,"VBD"
225675,"PRP$"
225676,"NN"
225677,","
225678,"''"
225679,"VBD"
225680,"NNP"
225681,"NNP"
225682,"."
225683,"IN"
225684,"NNP"
225685,"NNP"
225686,"POS"
225687,"NN"
225688,","
225689,"DT"
225690,"NN"
225691,"POS"
225692,"NN"
225693,"NNS"
225694,"CC"
225695,"NN"
225696,"VBP"
225697,"VBN"
225698,"RB"
225699,"."
225700,"CC"
225701,"IN"
225702,"CD"
225703,"CD"
225704,"JJ"
225705,"VBN"
225706,"NN"
225707,","
225708,"NNP"
225709,"NNP"
225710,"RB"
225711,"VBZ"
225712,"JJ"
225713,"IN"
225714,"NNP"
225715,"NNP"
225716,"NNP"
225717,"POS"
225718,"NN"
225719,"NN"
225720,","
225721,"IN"
225722,"CD"
225723,"CD"
225724,"NN"
225725,","
225726,"CC"
225727,"NNP"
225728,"NNP"
225729,"NNP"
225730,"POS"
225731,"NNP"
225732,","
225733,"IN"
225734,"CD"
225735,"CD"
225736,"NN"
225737,"."
225738,"NNP"
225739,"NNP"
225740,"NNP"
225741,","
225742,"NN"
225743,"CC"
225744,"NN"
225745,"IN"
225746,"NN"
225747,","
225748,"VBD"
225749,"NNP"
225750,"NNP"
225751,"MD"
225752,"VB"
225753,"VBN"
225754,"JJ"
225755,"NN"
225756,"IN"
225757,"NNP"
225758,"NNP"
225759,","
225760,"DT"
225761,"NN"
225762,"POS"
225763,"JJ"
225764,"NN"
225765,","
225766,"CC"
225767,"NNP"
225768,"NNP"
225769,","
225770,"DT"
225771,"JJ"
225772,"NN"
225773,"."
225774,"NNP"
225775,"NNP"
225776,"CC"
225777,"NNP"
225778,"NNP"
225779,"VBP"
225780,"VBN"
225781,"TO"
225782,"DT"
225783,"JJ"
225784,"."
225785,"NNP"
225786,"NNP"
225787,"VBD"
225788,"PRP$"
225789,"NN"
225790,"MD"
225791,"VB"
225792,"PRP$"
225793,"NN"
225794,"NN"
225795,","
225796,"WDT"
225797,"VBZ"
225798,"DT"
225799,"NN"
225800,"IN"
225801,"NN"
225802,"CC"
225803,"NN"
225804,"NNS"
225805,"IN"
225806,"JJ"
225807,","
225808,"JJ"
225809,"NNS"
225810,"."
225811,"NNP"
225812,"NNP"
225813,","
225814,"DT"
225815,"JJ"
225816,"NN"
225817,"IN"
225818,"NN"
225819,"NN"
225820,"IN"
225821,"VBG"
225822,"NNP"
225823,"NNP"
225824,"CC"
225825,"NNP"
225826,"NNP"
225827,","
225828,"VBD"
225829,"PRP"
225830,"VBD"
225831,"JJ"
225832,"NN"
225833,"NNS"
225834,"IN"
225835,"JJ"
225836,"NNS"
225837,"IN"
225838,"PRP"
225839,"VBD"
225840,"NN"
225841,"."
225842,"DT"
225843,"NNS"
225844,"VBD"
225845,"TO"
225846,"VB"
225847,"IN"
225848,"DT"
225849,"NN"
225850,","
225851,"RB"
225852,"DT"
225853,"NN"
225854,"."
225855,"PRP"
225856,"VBD"
225857,"PRP"
225858,"MD"
225859,"RB"
225860,"VB"
225861,"DT"
225862,"NNS"
225863,"."
225864,"O"
225865,"NNP"
225866,"NNP"
225867,"NNP"
225868,"NNP"
225869,"NNP"
225870,"VBD"
225871,"NN"
225872,"NN"
225873,"IN"
225874,"NNS"
225875,"CC"
225876,"NNS"
225877,"TO"
225878,"NN"
225879,"NN"
225880,"VBD"
225881,"CD"
225882,"NN"
225883,"TO"
225884,"CD"
225885,"CD"
225886,"NNS"
225887,"("
225888,"$"
225889,"CD"
225890,"CD"
225891,")"
225892,"IN"
225893,"DT"
225894,"JJ"
225895,"NN"
225896,"IN"
225897,"CD"
225898,"IN"
225899,"CD"
225900,"CD"
225901,"NNS"
225902,"DT"
225903,"NN"
225904,"RBR"
225905,"."
225906,"DT"
225907,"JJ"
225908,"NN"
225909,"NN"
225910,"VBD"
225911,"RB"
225912,","
225913,"RB"
225914,","
225915,"IN"
225916,"JJ"
225917,"NNS"
225918,"IN"
225919,"PRP$"
225920,"NN"
225921,"IN"
225922,"NN"
225923,"VBP"
225924,"RB"
225925,"JJ"
225926,"IN"
225927,"IN"
225928,"JJ"
225929,"NN"
225930,"NN"
225931,"IN"
225932,"JJ"
225933,"NNS"
225934,"."
225935,"PRP"
225936,"VBD"
225937,","
225938,"IN"
225939,"NN"
225940,","
225941,"DT"
225942,"NN"
225943,"NN"
225944,"IN"
225945,"DT"
225946,"JJ"
225947,"NN"
225948,"VBD"
225949,"CD"
225950,"CD"
225951,"NNS"
225952,","
225953,"RB"
225954,"IN"
225955,"CD"
225956,"NN"
225957,"IN"
225958,"CD"
225959,"CD"
225960,"NNS"
225961,"DT"
225962,"NN"
225963,"RBR"
225964,"."
225965,"RB"
225966,","
225967,"PRP"
225968,"VBD"
225969,"PRP"
225970,"VBZ"
225971,"JJ"
225972,"IN"
225973,"DT"
225974,"IN"
225975,"CD"
225976,"TO"
225977,"VB"
225978,"IN"
225979,"DT"
225980,"NN"
225981,"IN"
225982,"CD"
225983,"CD"
225984,"NNS"
225985,","
225986,"VBG"
225987,"JJ"
225988,"NNS"
225989,"IN"
225990,"CD"
225991,"JJ"
225992,"NNS"
225993,"IN"
225994,"DT"
225995,"JJ"
225996,"NN"
225997,"IN"
225998,"DT"
225999,"NN"
226000,"."
226001,"IN"
226002,"DT"
226003,"IN"
226004,"CD"
226005,","
226006,"NNP"
226007,"VBD"
226008,"NN"
226009,"NN"
226010,"IN"
226011,"CD"
226012,"CD"
226013,"NNS"
226014,"IN"
226015,"NN"
226016,"IN"
226017,"CD"
226018,"CD"
226019,"NNS"
226020,"."
226021,"DT"
226022,"NN"
226023,"VBZ"
226024,"RB"
226025,"RB"
226026,"VBN"
226027,"NN"
226028,"NNS"
226029,"IN"
226030,"DT"
226031,"JJ"
226032,"NN"
226033,"IN"
226034,"CD"
226035,","
226036,"CC"
226037,"VBZ"
226038,"PRP"
226039,"VBD"
226040,"DT"
226041,"JJ"
226042,"NN"
226043,"IN"
226044,"PRP$"
226045,"JJ"
226046,"NNS"
226047,"."
226048,"O"
226049,"NNP"
226050,"NNP"
226051,"NNP"
226052,"NNP"
226053,"VBZ"
226054,"TO"
226055,"VB"
226056,"NNS"
226057,"IN"
226058,"JJ"
226059,"NN"
226060,"NNS"
226061,"IN"
226062,"IN"
226063,"$"
226064,"CD"
226065,"CD"
226066,","
226067,"CC"
226068,"IN"
226069,"CD"
226070,"NNS"
226071,"DT"
226072,"NN"
226073,","
226074,"IN"
226075,"DT"
226076,"JJ"
226077,"NN"
226078,","
226079,"VBN"
226080,"IN"
226081,"DT"
226082,"NN"
226083,"JJ"
226084,"NN"
226085,","
226086,"VBD"
226087,"NNP"
226088,"NNP"
226089,"NNP"
226090,","
226091,"NN"
226092,"CC"
226093,"JJ"
226094,"NN"
226095,"NN"
226096,"."
226097,"IN"
226098,"DT"
226099,"NN"
226100,"NN"
226101,"IN"
226102,"IN"
226103,"$"
226104,"CD"
226105,","
226106,"CD"
226107,"VBZ"
226108,"TO"
226109,"VB"
226110,"JJ"
226111,"NN"
226112,"IN"
226113,"$"
226114,"CD"
226115,"CD"
226116,","
226117,"CC"
226118,"IN"
226119,"CD"
226120,"NNS"
226121,"DT"
226122,"NN"
226123,","
226124,"NNP"
226125,"NNP"
226126,"VBD"
226127,"."
226128,"IN"
226129,"JJ"
226130,"NN"
226131,"JJ"
226132,"NN"
226133,","
226134,"PRP"
226135,"VBD"
226136,"DT"
226137,"$"
226138,"CD"
226139,"CD"
226140,"NN"
226141,"IN"
226142,"JJ"
226143,"NNS"
226144,"CC"
226145,"DT"
226146,"$"
226147,"CD"
226148,"NN"
226149,"IN"
226150,"JJ"
226151,"NNS"
226152,","
226153,"IN"
226154,"DT"
226155,"JJ"
226156,"NN"
226157,"IN"
226158,"$"
226159,"CD"
226160,"CD"
226161,"."
226162,"NN"
226163,"IN"
226164,"DT"
226165,"JJ"
226166,"JJ"
226167,"NN"
226168,"VBD"
226169,"IN"
226170,"$"
226171,"CD"
226172,"CD"
226173,","
226174,"RB"
226175,"CD"
226176,"NN"
226177,"IN"
226178,"$"
226179,"CD"
226180,"CD"
226181,"JJ"
226182,"NN"
226183,","
226184,"PRP"
226185,"VBD"
226186,"."
226187,"NNP"
226188,"NNP"
226189,"VBD"
226190,"DT"
226191,"NNS"
226192,"VBP"
226193,"DT"
226194,"NN"
226195,"IN"
226196,"DT"
226197,"NN"
226198,"IN"
226199,"NN"
226200,"CC"
226201,"NN"
226202,"NNS"
226203,","
226204,"WDT"
226205,"VBZ"
226206,"VBD"
226207,"TO"
226208,"VB"
226209,"JJ"
226210,"IN"
226211,"DT"
226212,"NN"
226213,"IN"
226214,"JJ"
226215,","
226216,"JJ"
226217,"NN"
226218,"."
226219,"DT"
226220,"JJ"
226221,"$"
226222,"CD"
226223,"CD"
226224,"NN"
226225,"NN"
226226,"NN"
226227,","
226228,"WDT"
226229,"VBD"
226230,"RB"
226231,"TO"
226232,"DT"
226233,"JJ"
226234,"NN"
226235,"IN"
226236,"JJ"
226237,"CD"
226238,","
226239,"RB"
226240,"VBZ"
226241,"VBG"
226242,"RB"
226243,"CC"
226244,"DT"
226245,"JJ"
226246,"NN"
226247,"NN"
226248,"VBZ"
226249,"RBR"
226250,"RB"
226251,"VBG"
226252,"CD"
226253,"POS"
226254,"NNS"
226255,","
226256,"NNP"
226257,"NNP"
226258,"VBD"
226259,"."
226260,"IN"
226261,"DT"
226262,"NN"
226263,","
226264,"DT"
226265,"NN"
226266,"VBZ"
226267,"TO"
226268,"VB"
226269,"JJ"
226270,"NN"
226271,"IN"
226272,"DT"
226273,"NN"
226274,"IN"
226275,"IN"
226276,"$"
226277,"CD"
226278,"CD"
226279,","
226280,"CC"
226281,"RB"
226282,"$"
226283,"CD"
226284,"TO"
226285,"$"
226286,"CD"
226287,"DT"
226288,"NN"
226289,","
226290,"VBN"
226291,"IN"
226292,"DT"
226293,"JJ"
226294,"NN"
226295,"IN"
226296,"$"
226297,"CD"
226298,"CD"
226299,"JJ"
226300,"NN"
226301,","
226302,"IN"
226303,"DT"
226304,"NN"
226305,"IN"
226306,"JJ"
226307,"NNS"
226308,"IN"
226309,"$"
226310,"CD"
226311,"CD"
226312,"."
226313,"NN"
226314,"IN"
226315,"NNP"
226316,"VBZ"
226317,"VBN"
226318,"TO"
226319,"VB"
226320,"IN"
226321,"$"
226322,"CD"
226323,"CD"
226324,","
226325,"RB"
226326,"IN"
226327,"CD"
226328,"NN"
226329,"IN"
226330,"$"
226331,"CD"
226332,"CD"
226333,"IN"
226334,"CD"
226335,"."
226336,"IN"
226337,"DT"
226338,"CD"
226339,"NNS"
226340,"VBD"
226341,"NNP"
226342,"CD"
226343,","
226344,"PRP"
226345,"VBZ"
226346,"TO"
226347,"VB"
226348,"JJ"
226349,"NN"
226350,"IN"
226351,"$"
226352,"CD"
226353,"NN"
226354,","
226355,"CC"
226356,"IN"
226357,"$"
226358,"CD"
226359,"DT"
226360,"NN"
226361,","
226362,"IN"
226363,"DT"
226364,"JJ"
226365,"NN"
226366,"IN"
226367,"$"
226368,"CD"
226369,"CD"
226370,"IN"
226371,"NN"
226372,"NNS"
226373,"."
226374,"JJ"
226375,"NN"
226376,","
226377,"DT"
226378,"NN"
226379,"VBD"
226380,"DT"
226381,"JJ"
226382,"NN"
226383,"IN"
226384,"$"
226385,"CD"
226386,"CD"
226387,","
226388,"VBG"
226389,"DT"
226390,"$"
226391,"CD"
226392,"CD"
226393,"NN"
226394,"IN"
226395,"JJ"
226396,"NNS"
226397,"CC"
226398,"DT"
226399,"$"
226400,"CD"
226401,"NN"
226402,"IN"
226403,"JJ"
226404,"NNS"
226405,"."
226406,"NN"
226407,"IN"
226408,"DT"
226409,"CD"
226410,"NNS"
226411,"VBZ"
226412,"VBN"
226413,"TO"
226414,"VB"
226415,"IN"
226416,"$"
226417,"CD"
226418,"CD"
226419,","
226420,"RB"
226421,"IN"
226422,"CD"
226423,"NN"
226424,"IN"
226425,"$"
226426,"CD"
226427,"CD"
226428,"JJ"
226429,"NN"
226430,"."
226431,"NNP"
226432,"NNP"
226433,"VBD"
226434,"NN"
226435,"POS"
226436,"JJ"
226437,"NN"
226438,"VBZ"
226439,"VBN"
226440,"TO"
226441,"VB"
226442,"IN"
226443,"CD"
226444,"NNS"
226445,"IN"
226446,"NN"
226447,"NNS"
226448,"DT"
226449,"NN"
226450,","
226451,"RB"
226452,"IN"
226453,"CD"
226454,"NNS"
226455,"IN"
226456,"CD"
226457,"."
226458,"NN"
226459,"IN"
226460,"DT"
226461,"NN"
226462,"VBZ"
226463,"VBN"
226464,"DT"
226465,"NN"
226466,"IN"
226467,"NNP"
226468,"POS"
226469,"NN"
226470,"NN"
226471,"TO"
226472,"VB"
226473,"PRP"
226474,","
226475,"PRP"
226476,"VBD"
226477,","
226478,"WDT"
226479,"MD"
226480,"VB"
226481,"NN"
226482,"TO"
226483,"VB"
226484,"NN"
226485,","
226486,"CC"
226487,"JJ"
226488,"NN"
226489,"NNS"
226490,","
226491,"IN"
226492,"IN"
226493,"DT"
226494,"NN"
226495,"IN"
226496,"DT"
226497,"JJ"
226498,"NN"
226499,"CC"
226500,"JJ"
226501,"NN"
226502,"."
226503,"PRP"
226504,"MD"
226505,"VB"
226506,"TO"
226507,"VB"
226508,"VBG"
226509,"PRP$"
226510,"NN"
226511,"NN"
226512,","
226513,"IN"
226514,"DT"
226515,"JJ"
226516,"NN"
226517,"IN"
226518,"$"
226519,"CD"
226520,"CD"
226521,"TO"
226522,"$"
226523,"CD"
226524,"CD"
226525,","
226526,"IN"
226527,"DT"
226528,"JJ"
226529,"CD"
226530,"TO"
226531,"CD"
226532,"NNS"
226533,","
226534,"NNP"
226535,"NNP"
226536,"VBD"
226537,"."
226538,"IN"
226539,"NNP"
226540,"NNP"
226541,"NNP"
226542,","
226543,"WP"
226544,"VBD"
226545,"VBN"
226546,"NN"
226547,"CC"
226548,"JJ"
226549,"NN"
226550,"NN"
226551,"JJ"
226552,"NN"
226553,","
226554,"PRP"
226555,"VBZ"
226556,"VBN"
226557,"PRP$"
226558,"NNS"
226559,"VB"
226560,"TO"
226561,"IN"
226562,"CD"
226563,"NNS"
226564,"IN"
226565,"IN"
226566,"CD"
226567,"CC"
226568,"VBZ"
226569,"TO"
226570,"VB"
226571,"PRP$"
226572,"NNS"
226573,"IN"
226574,"DT"
226575,"JJ"
226576,"NN"
226577,"IN"
226578,"DT"
226579,"NN"
226580,"IN"
226581,"DT"
226582,"NNP"
226583,"CC"
226584,"NNP"
226585,"NNS"
226586,"."
226587,"``"
226588,"JJ"
226589,"TO"
226590,"DT"
226591,"NN"
226592,"IN"
226593,","
226594,"CD"
226595,"VBD"
226596,"DT"
226597,"NN"
226598,"."
226599,"RB"
226600,"PRP"
226601,"VBP"
226602,"PRP"
226603,"VBP"
226604,"DT"
226605,"NN"
226606,"IN"
226607,"NN"
226608,"NNS"
226609,"WP"
226610,"VBP"
226611,"RB"
226612,"VBG"
226613,"TO"
226614,"NNS"
226615,"CC"
226616,"NNS"
226617,","
226618,"''"
226619,"NNP"
226620,"NNP"
226621,"VBD"
226622,"."
226623,"RB"
226624,","
226625,"PRP"
226626,"VBD"
226627,","
226628,"DT"
226629,"JJ"
226630,"NN"
226631,"VBZ"
226632,"TO"
226633,"VB"
226634,"PRP$"
226635,"JJ"
226636,"NN"
226637,"IN"
226638,"PRP$"
226639,"JJ"
226640,"NN"
226641,"IN"
226642,"JJ"
226643,"NN"
226644,"NN"
226645,"CC"
226646,"JJ"
226647,"NNS"
226648,"."
226649,"DT"
226650,"NN"
226651,"VBZ"
226652,"DT"
226653,"CD"
226654,"NN"
226655,"NN"
226656,"IN"
226657,"DT"
226658,"NNP"
226659,"NN"
226660,"NN"
226661,"NN"
226662,","
226663,"DT"
226664,"CD"
226665,"NN"
226666,"NN"
226667,"IN"
226668,"NNP"
226669,"NNP"
226670,"NNS"
226671,"CC"
226672,"DT"
226673,"CD"
226674,"NN"
226675,"NN"
226676,"IN"
226677,"JJ"
226678,"NN"
226679,"NNS"
226680,"."
226681,"O"
226682,"NNP"
226683,"NNP"
226684,"VBD"
226685,"DT"
226686,"JJ"
226687,"NN"
226688,"IN"
226689,"NNS"
226690,"IN"
226691,"PRP$"
226692,"NNP"
226693,"NNP"
226694,"NN"
226695,"NN"
226696,"IN"
226697,"NNP"
226698,","
226699,"NNP"
226700,","
226701,"MD"
226702,"VB"
226703,"IN"
226704,"JJ"
226705,"NNS"
226706,"NN"
226707,"TO"
226708,"DT"
226709,"DT"
226710,"NN"
226711,"CC"
226712,"PRP$"
226713,"NNP"
226714,"NNP"
226715,"NNPS"
226716,"NNP"
226717,"NNP"
226718,"NN"
226719,"."
226720,"DT"
226721,"NN"
226722,"VBD"
226723,"RB"
226724,"JJ"
226725,"."
226726,"DT"
226727,"JJ"
226728,"NN"
226729,"CC"
226730,"NNS"
226731,"NN"
226732,"VBD"
226733,"IN"
226734,"DT"
226735,"JJ"
226736,"NN"
226737,"NN"
226738,"VBZ"
226739,"JJ"
226740,"IN"
226741,"DT"
226742,"JJ"
226743,"NN"
226744,"IN"
226745,"DT"
226746,"NN"
226747,","
226748,"CC"
226749,"IN"
226750,"DT"
226751,"NN"
226752,"MD"
226753,"VB"
226754,"VBN"
226755,"RB"
226756,"WRB"
226757,"DT"
226758,"NN"
226759,"VBZ"
226760,"."
226761,"JJR"
226762,"IN"
226763,"CD"
226764,"NNS"
226765,"IN"
226766,"NN"
226767,"DT"
226768,"NN"
226769,"VBP"
226770,"VBN"
226771,"VBN"
226772,"IN"
226773,"DT"
226774,"NN"
226775,"IN"
226776,"DT"
226777,"JJ"
226778,"CD"
226779,"NNS"
226780,"."
226781,"DT"
226782,"JJ"
226783,"NN"
226784,"NN"
226785,"IN"
226786,"NNP"
226787,"NNP"
226788,","
226789,"NNP"
226790,","
226791,"WDT"
226792,"VBZ"
226793,"JJR"
226794,"IN"
226795,"CD"
226796,"NNS"
226797,"IN"
226798,"NN"
226799,"RB"
226800,","
226801,"MD"
226802,"VB"
226803,"TO"
226804,"VB"
226805,"."
226806,"NNP"
226807,"VBD"
226808,"DT"
226809,"NN"
226810,"MD"
226811,"RB"
226812,"VB"
226813,"JJ"
226814,"NNS"
226815,"IN"
226816,"JJ"
226817,"JJ"
226818,"NNS"
226819,"IN"
226820,"PRP$"
226821,"JJ"
226822,"NN"
226823,"NNP"
226824,"NNP"
226825,"NN"
226826,","
226827,"CC"
226828,"MD"
226829,"VB"
226830,"DT"
226831,"NN"
226832,"IN"
226833,"NN"
226834,"VBN"
226835,"IN"
226836,"DT"
226837,"NN"
226838,"NN"
226839,"."
226840,"NNP"
226841,"NNP"
226842,"NNP"
226843,","
226844,"IN"
226845,"NN"
226846,"IN"
226847,"DT"
226848,"JJ"
226849,"NN"
226850,","
226851,"VBZ"
226852,"NN"
226853,"NNS"
226854,"."
226855,"O"
226856,"NNP"
226857,"NNP"
226858,"NNS"
226859,"MD"
226860,"VB"
226861,"DT"
226862,"NN"
226863,"POS"
226864,"NN"
226865,"VBG"
226866,"RB"
226867,"TO"
226868,"PRP"
226869,"."
226870,"DT"
226871,"JJ"
226872,"NN"
226873,"IN"
226874,"NNP"
226875,"NNP"
226876,"NNP"
226877,","
226878,"NN"
226879,"IN"
226880,"RB"
226881,"CD"
226882,"NNS"
226883,"IN"
226884,"DT"
226885,"NNP"
226886,"CD"
226887,"``"
226888,"NNP"
226889,"PDT"
226890,"''"
226891,"NN"
226892,"IN"
226893,"DT"
226894,"NNP"
226895,"NNP"
226896,"NN"
226897,","
226898,"VBZ"
226899,"DT"
226900,"NN"
226901,"NN"
226902,"VBD"
226903,"IN"
226904,"CD"
226905,"IN"
226906,"DT"
226907,"NNS"
226908,"."
226909,"NNS"
226910,"WP"
226911,"VBP"
226912,"RP"
226913,"DT"
226914,"NN"
226915,"IN"
226916,"NN"
226917,"CC"
226918,"VB"
226919,"DT"
226920,"NN"
226921,"MD"
226922,"VB"
226923,"DT"
226924,"JJ"
226925,":"
226926,"CC"
226927,"RB"
226928,"JJ"
226929,":"
226930,"NN"
226931,"VB"
226932,","
226933,"``"
226934,"PRP"
226935,"VBP"
226936,"DT"
226937,"VBG"
226938,"NN"
226939,","
226940,"''"
226941,"IN"
226942,"PRP"
226943,"VBZ"
226944,"IN"
226945,"DT"
226946,"JJ"
226947,"NN"
226948,"IN"
226949,"PRP$"
226950,"JJ"
226951,"NNS"
226952,"."
226953,"DT"
226954,"VBG"
226955,"NN"
226956,"VBZ"
226957,"RB"
226958,"JJ"
226959,":"
226960,"DT"
226961,"FW"
226962,"NN"
226963,"TO"
226964,"NNP"
226965,"NNP"
226966,"VBZ"
226967,"IN"
226968,"$"
226969,"CD"
226970,","
226971,"CC"
226972,"DT"
226973,"VBZ"
226974,"IN"
226975,"VBG"
226976,"IN"
226977,"NNP"
226978,"NNP"
226979,"POS"
226980,"NN"
226981,":"
226982,"CC"
226983,"NNP"
226984,"NNP"
226985,"VBZ"
226986,"PRP"
226987,"VBZ"
226988,"DT"
226989,"JJ"
226990,"."
226991,"JJ"
226992,"NNS"
226993,"VBP"
226994,"VBN"
226995,"JJ"
226996,"NNS"
226997,","
226998,"VBG"
226999,"JJ"
227000,"NN"
227001,"NNS"
227002,"WDT"
227003,"VBP"
227004,"DT"
227005,"NN"
227006,","
227007,"CC"
227008,"DT"
227009,"NN"
227010,"NN"
227011,"IN"
227012,"DT"
227013,"NN"
227014,"VBZ"
227015,"RB"
227016,"RBR"
227017,"JJ"
227018,","
227019,"IN"
227020,"NN"
227021,"IN"
227022,"DT"
227023,"JJ"
227024,"NN"
227025,"IN"
227026,"NN"
227027,"VBZ"
227028,","
227029,"IN"
227030,"NN"
227031,","
227032,"WRB"
227033,"VBG"
227034,"NN"
227035,"NN"
227036,"NNS"
227037,"."
227038,"CC"
227039,"IN"
227040,"DT"
227041,"WP"
227042,"VBP"
227043,"DT"
227044,"NN"
227045,"DT"
227046,"JJ"
227047,"NN"
227048,"RB"
227049,","
227050,"RB"
227051,"TO"
227052,"VB"
227053,":"
227054,"CD"
227055,"JJ"
227056,"NNS"
227057,"VBP"
227058,"JJ"
227059,"NN"
227060,"IN"
227061,"RB"
227062,"JJ"
227063,"IN"
227064,"CD"
227065,"NNS"
227066,"."
227067,"O"
227068,"NNP"
227069,"NNP"
227070,"NNP"
227071,","
227072,"NNP"
227073,","
227074,"VBD"
227075,"PRP"
227076,"MD"
227077,"VB"
227078,"DT"
227079,"JJ"
227080,"NN"
227081,"NN"
227082,"TO"
227083,"VB"
227084,"PRP"
227085,"TO"
227086,"VB"
227087,"NNP"
227088,"NNP"
227089,"CC"
227090,"NNP"
227091,"TO"
227092,"VB"
227093,"PRP"
227094,"VB"
227095,"PRP$"
227096,"NN"
227097,"NN"
227098,"."
227099,"NNP"
227100,","
227101,"VBN"
227102,"IN"
227103,"NNP"
227104,"NNP"
227105,"NNP"
227106,"NNP"
227107,","
227108,"VBZ"
227109,"VBN"
227110,"VBG"
227111,"TO"
227112,"VB"
227113,"PRP$"
227114,"NNP"
227115,"NNP"
227116,"NNP"
227117,"NNP"
227118,"IN"
227119,"JJ"
227120,"NNS"
227121,","
227122,"RB"
227123,"IN"
227124,"NN"
227125,"."
227126,"DT"
227127,"JJ"
227128,"NN"
227129,"CC"
227130,"NN"
227131,"NN"
227132,"NN"
227133,"VBD"
227134,"VBN"
227135,"TO"
227136,"VB"
227137,"NNS"
227138,"IN"
227139,"DT"
227140,"NN"
227141,"TO"
227142,"VB"
227143,"PRP$"
227144,"NN"
227145,"."
227146,"IN"
227147,"NN"
227148,"IN"
227149,"NN"
227150,"NNS"
227151,"CC"
227152,"JJ"
227153,"TO"
227154,"VB"
227155,"DT"
227156,"JJ"
227157,"JJ"
227158,"NN"
227159,","
227160,"NNP"
227161,"VBD"
227162,"IN"
227163,"$"
227164,"CD"
227165,"CD"
227166,"IN"
227167,"NNS"
227168,"WDT"
227169,"VBD"
227170,"JJ"
227171,"NNP"
227172,"CD"
227173,"."
227174,"PRP"
227175,"VBD"
227176,"IN"
227177,"NN"
227178,"IN"
227179,"NNS"
227180,"IN"
227181,"NNP"
227182,"NNP"
227183,"IN"
227184,"DT"
227185,"JJ"
227186,"NNP"
227187,"NNP"
227188,"NNP"
227189,"CD"
227190,"TO"
227191,"VB"
227192,"PRP"
227193,"JJ"
227194,"NN"
227195,"TO"
227196,"VB"
227197,"IN"
227198,"DT"
227199,"NN"
227200,"TO"
227201,"VB"
227202,"PRP$"
227203,"$"
227204,"CD"
227205,"CD"
227206,"IN"
227207,"JJ"
227208,"NN"
227209,"."
227210,"NNP"
227211,"VBD"
227212,"NNP"
227213,"NNP"
227214,","
227215,"WDT"
227216,"VBZ"
227217,"NNS"
227218,"CC"
227219,"NN"
227220,"IN"
227221,"NNP"
227222,","
227223,"MD"
227224,"RB"
227225,"VB"
227226,"IN"
227227,"NNP"
227228,"POS"
227229,"NN"
227230,"NN"
227231,"IN"
227232,"PRP"
227233,"VBZ"
227234,"RB"
227235,"DT"
227236,"NN"
227237,"."
227238,"PRP"
227239,"VBD"
227240,"PRP"
227241,"VBD"
227242,"NNP"
227243,"IN"
227244,"NN"
227245,"IN"
227246,"IN"
227247,"NNP"
227248,"POS"
227249,"NNS"
227250,"IN"
227251,"NNP"
227252,"CC"
227253,"NNP"
227254,","
227255,"WRB"
227256,"NNS"
227257,"MD"
227258,"VB"
227259,"VBN"
227260,"IN"
227261,"DT"
227262,"NNP"
227263,"NN"
227264,"NN"
227265,"."
227266,"O"
227267,"NNP"
227268,"NNP"
227269,"NNP"
227270,"IN"
227271,"NNP"
227272,"VBD"
227273,"PRP"
227274,"MD"
227275,"VB"
227276,"PRP$"
227277,"JJ"
227278,"NNS"
227279,"TO"
227280,"VB"
227281,"DT"
227282,"PRP$"
227283,"NNS"
227284,"TO"
227285,"JJR"
227286,"VBN"
227287,"NNS"
227288,","
227289,"IN"
227290,"NNP"
227291,","
227292,"VBG"
227293,"IN"
227294,"DT"
227295,"JJ"
227296,"NN"
227297,"TO"
227298,"CD"
227299,"NNS"
227300,"IN"
227301,"CD"
227302,"CD"
227303,"JJ"
227304,"NNS"
227305,"("
227306,"$"
227307,"CD"
227308,"CD"
227309,")"
227310,"."
227311,"NNP"
227312,"NNP"
227313,","
227314,"JJ"
227315,"NN"
227316,"NN"
227317,"CC"
227318,"JJ"
227319,"NN"
227320,","
227321,"VBD"
227322,"DT"
227323,"NN"
227324,"POS"
227325,"JJ"
227326,"NNS"
227327,"VBP"
227328,"PRP"
227329,"TO"
227330,"VB"
227331,"DT"
227332,"JJ"
227333,"JJ"
227334,"JJ"
227335,"NN"
227336,"TO"
227337,"VB"
227338,"RP"
227339,"NNS"
227340,"VBG"
227341,"PDT"
227342,"PRP$"
227343,"$"
227344,"CD"
227345,"CD"
227346,"IN"
227347,"JJ"
227348,"NN"
227349,"NN"
227350,"."
227351,"``"
227352,"PRP"
227353,"VBZ"
227354,"DT"
227355,"JJ"
227356,"NN"
227357,"IN"
227358,"NN"
227359,"TO"
227360,"DT"
227361,"JJ"
227362,"NN"
227363,"IN"
227364,"DT"
227365,"NNS"
227366,","
227367,"''"
227368,"PRP"
227369,"VBD"
227370,"."
227371,"DT"
227372,"NN"
227373,"VBD"
227374,"IN"
227375,"$"
227376,"CD"
227377,"CD"
227378,"MD"
227379,"VB"
227380,"VBN"
227381,"TO"
227382,"PRP$"
227383,"JJ"
227384,"NN"
227385,"CC"
227386,"JJ"
227387,"NN"
227388,"NNS"
227389,"IN"
227390,"PRP$"
227391,"JJ"
227392,"NN"
227393,","
227394,"VBG"
227395,"NNP"
227396,"CD"
227397,"."
227398,"NNP"
227399,"NNP"
227400,"VBD"
227401,"DT"
227402,"$"
227403,"CD"
227404,"CD"
227405,"NN"
227406,"IN"
227407,"NNS"
227408,"MD"
227409,"VB"
227410,"TO"
227411,"IN"
227412,"$"
227413,"CD"
227414,"DT"
227415,"NN"
227416,"."
227417,"DT"
227418,"NN"
227419,"POS"
227420,"JJ"
227421,"NN"
227422,"IN"
227423,"DT"
227424,"CD"
227425,"NNS"
227426,"VBD"
227427,"NNP"
227428,"CD"
227429,"VBD"
227430,"$"
227431,"CD"
227432,"CD"
227433,","
227434,"CC"
227435,"$"
227436,"CD"
227437,"DT"
227438,"NN"
227439,"."
227440,"NNP"
227441,"NNP"
227442,"VBD"
227443,"DT"
227444,"NN"
227445,"MD"
227446,"VB"
227447,"PRP$"
227448,"$"
227449,"CD"
227450,"CD"
227451,"IN"
227452,"JJ"
227453,"NN"
227454,","
227455,"IN"
227456,"IN"
227457,"$"
227458,"CD"
227459,"CD"
227460,"VBZ"
227461,"IN"
227462,"JJ"
227463,"NNS"
227464,"VBN"
227465,"IN"
227466,"NNP"
227467,"NN"
227468,"NNS"
227469,"."
227470,"DT"
227471,"NN"
227472,"VBZ"
227473,"DT"
227474,"CD"
227475,"NN"
227476,"NN"
227477,"IN"
227478,"DT"
227479,"JJ"
227480,"$"
227481,"CD"
227482,"CD"
227483,"IN"
227484,"JJ"
227485,"NN"
227486,"CC"
227487,"VBZ"
227488,"TO"
227489,"VB"
227490,"IN"
227491,"IN"
227492,"JJ"
227493,"JJ"
227494,"NNS"
227495,"VBN"
227496,"IN"
227497,"NNP"
227498,"NNP"
227499,"JJ"
227500,"NNS"
227501,"."
227502,"NNP"
227503,"NNP"
227504,"VBD"
227505,"DT"
227506,"NN"
227507,"POS"
227508,"NN"
227509,"IN"
227510,"JJ"
227511,"NN"
227512,"VBZ"
227513,"VBN"
227514,"``"
227515,"JJ"
227516,"''"
227517,"CC"
227518,"DT"
227519,"JJS"
227520,"NN"
227521,"VBZ"
227522,"DT"
227523,"JJ"
227524,"NN"
227525,"IN"
227526,"DT"
227527,"NN"
227528,"VBN"
227529,"CD"
227530,"NNS"
227531,"RB"
227532,"TO"
227533,"VB"
227534,"PRP$"
227535,"NN"
227536,"IN"
227537,"NN"
227538,","
227539,"NN"
227540,"NNS"
227541,"CC"
227542,"NN"
227543,"NNS"
227544,"."
227545,"PRP"
227546,"VBD"
227547,"DT"
227548,"NN"
227549,"MD"
227550,"RB"
227551,"RB"
227552,"VB"
227553,"IN"
227554,"NNP"
227555,"NNP"
227556,"NN"
227557,","
227558,"CC"
227559,"MD"
227560,"VB"
227561,"NN"
227562,"NN"
227563,"CC"
227564,"JJ"
227565,"NNS"
227566,"WDT"
227567,"VBP"
227568,"DT"
227569,"NN"
227570,"POS"
227571,"NNS"
227572,"."
227573,"O"
227574,"DT"
227575,"NN"
227576,"IN"
227577,"NN"
227578,"NNS"
227579,"NNP"
227580,"VBZ"
227581,"RB"
227582,"VB"
227583,"DT"
227584,"NN"
227585,"IN"
227586,"NNS"
227587,"CC"
227588,"RB"
227589,"VBZ"
227590,"DT"
227591,"NN"
227592,"IN"
227593,"DT"
227594,"RBR"
227595,"JJ"
227596,"NN"
227597,","
227598,"NNP"
227599,"NNP"
227600,"POS"
227601,"JJ"
227602,"NN"
227603,"NNS"
227604,"VBP"
227605,"."
227606,"NNS"
227607,"IN"
227608,"RB"
227609,"IN"
227610,"VBP"
227611,"RBR"
227612,"JJ"
227613,"TO"
227614,"VB"
227615,"JJ"
227616,"NNS"
227617,","
227618,"RB"
227619,"IN"
227620,"NNS"
227621,"CC"
227622,"JJ"
227623,"NNS"
227624,"."
227625,"CC"
227626,"PRP"
227627,"MD"
227628,"VB"
227629,"VBG"
227630,"JJ"
227631,"CC"
227632,"RB"
227633,"JJR"
227634,"NNS"
227635,","
227636,"RB"
227637,"IN"
227638,"PRP"
227639,"VBZ"
227640,"JJR"
227641,"TO"
227642,"VB"
227643,"PRP"
227644,"."
227645,"DT"
227646,"VBZ"
227647,"DT"
227648,"JJ"
227649,"NN"
227650,"IN"
227651,"DT"
227652,"NN"
227653,"NN"
227654,"WDT"
227655,"RB"
227656,"VBZ"
227657,"VBN"
227658,"VBN"
227659,"IN"
227660,"NN"
227661,"NN"
227662,"CC"
227663,"NN"
227664,"NNS"
227665,"IN"
227666,"NNS"
227667,"WDT"
227668,"VBP"
227669,"PRP"
227670,"RP"
227671,"IN"
227672,"NN"
227673,"."
227674,"NNP"
227675,"DT"
227676,"CD"
227677,"NN"
227678,"NN"
227679,"VBZ"
227680,"TO"
227681,"VB"
227682,"NN"
227683,","
227684,"NN"
227685,"NNS"
227686,"NN"
227687,"IN"
227688,"DT"
227689,"NN"
227690,"NN"
227691,"."
227692,"``"
227693,"DT"
227694,"NN"
227695,"VBZ"
227696,"JJ"
227697,","
227698,"RB"
227699,"JJ"
227700,","
227701,"''"
227702,"VBZ"
227703,"NNP"
227704,"NNP"
227705,"IN"
227706,"DT"
227707,"NNP"
227708,"NNP"
227709,"NN"
227710,"NN"
227711,"NNS"
227712,"CC"
227713,"."
227714,"PRP"
227715,"RB"
227716,"VBD"
227717,"VBG"
227718,"PRP$"
227719,"NN"
227720,"NN"
227721,"TO"
227722,"CD"
227723,"NN"
227724,"IN"
227725,"PRP$"
227726,"NN"
227727,"."
227728,"``"
227729,"PRP"
227730,"VBP"
227731,"IN"
227732,"WRB"
227733,"NNS"
227734,"MD"
227735,"VB"
227736,"VBN"
227737,","
227738,"''"
227739,"PRP"
227740,"VBZ"
227741,","
227742,"``"
227743,"CC"
227744,"PRP"
227745,"VBP"
227746,"RB"
227747,"VBG"
227748,"VBN"
227749,"''"
227750,"IN"
227751,"JJ"
227752,"NNS"
227753,"."
227754,"NNS"
227755,"VBP"
227756,"VBG"
227757,"RB"
227758,"JJ"
227759,"IN"
227760,"JJ"
227761,"NNS"
227762,","
227763,"NN"
227764,"NNS"
227765,"VBP"
227766,"."
227767,"``"
227768,"PRP"
227769,"VBD"
227770,"DT"
227771,"NN"
227772,"IN"
227773,"DT"
227774,"JJ"
227775,"NN"
227776,"NN"
227777,"IN"
227778,"NNP"
227779,"NNP"
227780,"IN"
227781,"DT"
227782,"NN"
227783,"IN"
227784,"NNP"
227785,"IN"
227786,"WP"
227787,"VBD"
227788,"TO"
227789,"VB"
227790,"VBG"
227791,"TO"
227792,"DT"
227793,"NN"
227794,"NN"
227795,"NN"
227796,","
227797,"''"
227798,"VBZ"
227799,"NNP"
227800,"NNP"
227801,","
227802,"DT"
227803,"NN"
227804,"CC"
227805,"NN"
227806,"NN"
227807,"IN"
227808,"NNP"
227809,"NNP"
227810,"CC"
227811,"NNP"
227812,"."
227813,"NNP"
227814,"VBD"
227815,"RP"
227816,"NNP"
227817,"IN"
227818,"DT"
227819,"NN"
227820,"IN"
227821,"JJ"
227822,"NN"
227823,"NNS"
227824,","
227825,"RB"
227826,"VBN"
227827,"TO"
227828,"VB"
227829,"NNS"
227830,"."
227831,"PRP"
227832,"VBD"
227833,"DT"
227834,"JJS"
227835,"IN"
227836,"DT"
227837,"NN"
227838,"IN"
227839,"NNS"
227840,"IN"
227841,"DT"
227842,"NN"
227843,"NN"
227844,"NN"
227845,","
227846,"WRB"
227847,"NNS"
227848,"VBD"
227849,"VBG"
227850,"JJ"
227851,"NN"
227852,"IN"
227853,"NNP"
227854,"VBD"
227855,"DT"
227856,"NN"
227857,"NN"
227858,"."
227859,"CC"
227860,"NNS"
227861,"VBP"
227862,"TO"
227863,"VB"
227864,"VBG"
227865,"DT"
227866,"RB"
227867,"JJ"
227868,"NN"
227869,"IN"
227870,"NNS"
227871,"IN"
227872,"JJ"
227873,"NN"
227874,"NNS"
227875,"."
227876,"DT"
227877,"NN"
227878,"VBG"
227879,"TO"
227880,"VB"
227881,"NNP"
227882,"VBD"
227883,"NNP"
227884,"IN"
227885,"PRP"
227886,"MD"
227887,"RB"
227888,"VB"
227889,"DT"
227890,"$"
227891,"CD"
227892,"CD"
227893,"IN"
227894,"NN"
227895,"NNS"
227896,"PRP"
227897,"VBZ"
227898,"TO"
227899,"VB"
227900,"DT"
227901,"NN"
227902,"IN"
227903,"NNP"
227904,"NNP"
227905,"IN"
227906,"$"
227907,"CD"
227908,"DT"
227909,"NN"
227910,"."
227911,"JJ"
227912,"NNS"
227913,"NN"
227914,"MD"
227915,"VB"
227916,"VBG"
227917,"TO"
227918,"VB"
227919,"IN"
227920,"DT"
227921,"NNP"
227922,"NNS"
227923,","
227924,"CC"
227925,"JJ"
227926,"NN"
227927,"NNS"
227928,"VBP"
227929,"JJ"
227930,"TO"
227931,"VB"
227932,"IN"
227933,"NN"
227934,"."
227935,"NN"
227936,"NNS"
227937,"VBG"
227938,"DT"
227939,"NN"
227940,"NN"
227941,"CC"
227942,"NNP"
227943,"POS"
227944,"NN"
227945,"VBD"
227946,"DT"
227947,"JJ"
227948,"NN"
227949,"VBG"
227950,"TO"
227951,"JJR"
227952,"RP"
227953,"JJ"
227954,"NNS"
227955,"WDT"
227956,"MD"
227957,"VB"
227958,"RBR"
227959,"JJ"
227960,"TO"
227961,"DT"
227962,"NNS"
227963,"."
227964,"IN"
227965,"NNP"
227966,","
227967,"DT"
227968,"NN"
227969,"VBD"
227970,"IN"
227971,"RBS"
227972,"JJ"
227973,"VBZ"
227974,"NNP"
227975,"NNPS"
227976,"POS"
227977,"NN"
227978,"NNP"
227979,","
227980,"DT"
227981,"NN"
227982,"IN"
227983,"DT"
227984,"$"
227985,"VBP"
227986,"NN"
227987,"NN"
227988,"IN"
227989,"NNP"
227990,"NNP"
227991,"JJ"
227992,"NN"
227993,"NN"
227994,"NNP"
227995,"NNP"
227996,"."
227997,"NN"
227998,"IN"
227999,"NNP"
228000,"NNS"
228001,"VBD"
228002,"VBN"
228003,"RB"
228004,"IN"
228005,"CD"
228006,"NN"
228007,"NNP"
228008,"NNP"
228009,"NNP"
228010,"VBD"
228011,"RB"
228012,"VB"
228013,"."
228014,"IN"
228015,"DT"
228016,"NN"
228017,","
228018,"NNP"
228019,"RB"
228020,"VBD"
228021,"IN"
228022,"CD"
228023,"CD"
228024,"."
228025,"NNP"
228026,"NNP"
228027,"NN"
228028,","
228029,"DT"
228030,"JJ"
228031,"NN"
228032,"IN"
228033,"NNP"
228034,"CC"
228035,"NNP"
228036,","
228037,"DT"
228038,"NNP"
228039,"NNP"
228040,"NNS"
228041,"NN"
228042,","
228043,"VBD"
228044,"NNP"
228045,"NNS"
228046,"IN"
228047,"NNS"
228048,"IN"
228049,"NN"
228050,"IN"
228051,"CD"
228052,"."
228053,"RB"
228054,","
228055,"NNP"
228056,"NNP"
228057,"NNP"
228058,"CC"
228059,"NNP"
228060,"NNP"
228061,"VBD"
228062,"CD"
228063,"NN"
228064,"CC"
228065,"CD"
228066,"NN"
228067,","
228068,"RB"
228069,","
228070,"IN"
228071,"NNP"
228072,"CC"
228073,"MD"
228074,"VB"
228075,"JJ"
228076,"."
228077,"IN"
228078,"DT"
228079,"JJ"
228080,","
228081,"RB"
228082,","
228083,"CD"
228084,"NNS"
228085,"IN"
228086,"JJ"
228087,"NNS"
228088,"VBN"
228089,"IN"
228090,"JJ"
228091,"NNS"
228092,"CC"
228093,"NNP"
228094,"NNP"
228095,"NNS"
228096,"RB"
228097,"VBP"
228098,"JJ"
228099,"TO"
228100,"VB"
228101,"NNS"
228102,"IN"
228103,"NNS"
228104,"TO"
228105,"VB"
228106,"NN"
228107,"NNS"
228108,"VBN"
228109,"IN"
228110,"JJ"
228111,"NNS"
228112,"."
228113,"NNP"
228114,"NNP"
228115,","
228116,"DT"
228117,"JJ"
228118,"JJ"
228119,"NN"
228120,"NN"
228121,","
228122,"VBD"
228123,"NN"
228124,"IN"
228125,"PRP"
228126,"VBD"
228127,"TO"
228128,"VB"
228129,"NNP"
228130,"NNP"
228131,"NNP"
228132,"IN"
228133,"DT"
228134,"NN"
228135,"NN"
228136,"IN"
228137,"$"
228138,"CD"
228139,"DT"
228140,"NN"
228141,","
228142,"VBN"
228143,"IN"
228144,"DT"
228145,"JJ"
228146,"$"
228147,"VBP"
228148,"VB"
228149,"NNP"
228150,"VBN"
228151,"CD"
228152,"NNS"
228153,"RB"
228154,"."
228155,"IN"
228156,"NNP"
228157,","
228158,"NNP"
228159,"NNS"
228160,"VBD"
228161,"CD"
228162,"CD"
228163,"TO"
228164,"VB"
228165,"IN"
228166,"CD"
228167,"CD"
228168,"."
228169,"IN"
228170,"DT"
228171,"JJR"
228172,"NN"
228173,","
228174,"DT"
228175,"JJS"
228176,"NN"
228177,"IN"
228178,"DT"
228179,"JJ"
228180,"NN"
228181,"MD"
228182,"VB"
228183,"IN"
228184,"PRP"
228185,"VBD"
228186,"VBN"
228187,"RB"
228188,"JJ"
228189,"NNP"
228190,"NN"
228191,":"
228192,"IN"
228193,"DT"
228194,"NN"
228195,"NN"
228196,":"
228197,"CC"
228198,"VBZ"
228199,"DT"
228200,"$"
228201,"CD"
228202,"CD"
228203,"JJ"
228204,"``"
228205,"JJ"
228206,"''"
228207,"NN"
228208,"IN"
228209,"NNP"
228210,","
228211,"NNP"
228212,"CC"
228213,"NNP"
228214,"NNP"
228215,"CC"
228216,"DT"
228217,"$"
228218,"CD"
228219,"CD"
228220,"NN"
228221,"IN"
228222,"NNP"
228223,"NNP"
228224,"NNP"
228225,"NNP"
228226,"."
228227,"RB"
228228,","
228229,"TO"
228230,"VB"
228231,"DT"
228232,"JJ"
228233,"NNP"
228234,"NNP"
228235,"NN"
228236,"CC"
228237,"NN"
228238,"JJ"
228239,"NN"
228240,","
228241,"NNP"
228242,"VBD"
228243,"PRP"
228244,"VBZ"
228245,"``"
228246,"RB"
228247,"JJ"
228248,"''"
228249,"IN"
228250,"PRP"
228251,"MD"
228252,"VB"
228253,"JJ"
228254,"TO"
228255,"VB"
228256,"$"
228257,"CD"
228258,"CD"
228259,"IN"
228260,"NN"
228261,"NNS"
228262,"IN"
228263,"NNP"
228264,","
228265,"IN"
228266,"DT"
228267,"JJ"
228268,"NN"
228269,"IN"
228270,"DT"
228271,"NN"
228272,"NN"
228273,"NN"
228274,"."
228275,"NNP"
228276,"POS"
228277,"NN"
228278,"VBZ"
228279,"RB"
228280,"RB"
228281,"DT"
228282,"JJ"
228283,"NN"
228284,","
228285,"IN"
228286,"DT"
228287,"NNS"
228288,"MD"
228289,"VB"
228290,"TO"
228291,"VB"
228292,"VBN"
228293,"IN"
228294,"NNP"
228295,"POS"
228296,"JJ"
228297,"NN"
228298,"MD"
228299,"VB"
228300,"VBN"
228301,"RB"
228302,"."
228303,"NNP"
228304,"NNP"
228305,","
228306,"RB"
228307,","
228308,"VBD"
228309,"PRP"
228310,"VBZ"
228311,"TO"
228312,"VB"
228313,"$"
228314,"CD"
228315,"CD"
228316,"IN"
228317,"NN"
228318,"NNS"
228319,"IN"
228320,"NNP"
228321,"."
228322,"IN"
228323,"DT"
228324,"NN"
228325,"NN"
228326,","
228327,"DT"
228328,"NN"
228329,"IN"
228330,"NNP"
228331,"NNP"
228332,"NNP"
228333,"VBD"
228334,"NN"
228335,"IN"
228336,"NNP"
228337,"VBZ"
228338,"VBN"
228339,"VBN"
228340,"IN"
228341,"CD"
228342,"JJ"
228343,"NNS"
228344,"IN"
228345,"PRP"
228346,"VBP"
228347,"``"
228348,"RB"
228349,"JJ"
228350,"''"
228351,"PRP"
228352,"MD"
228353,"VB"
228354,"$"
228355,"CD"
228356,"CD"
228357,"IN"
228358,"NN"
228359,"NNS"
228360,"IN"
228361,"NNP"
228362,"POS"
228363,"NN"
228364,"NN"
228365,"IN"
228366,"IN"
228367,"CD"
228368,"NN"
228369,"IN"
228370,"NNP"
228371,"NNP"
228372,","
228373,"``"
228374,"IN"
228375,"JJ"
228376,"NNS"
228377,"."
228378,"''"
228379,"NNP"
228380,"VBZ"
228381,"VBG"
228382,"$"
228383,"CD"
228384,"DT"
228385,"NN"
228386,"IN"
228387,"CD"
228388,"CD"
228389,"JJ"
228390,"NNS"
228391,","
228392,"RB"
228393,"VBG"
228394,"NNP"
228395,"POS"
228396,"NN"
228397,"TO"
228398,"VB"
228399,"IN"
228400,"PRP$"
228401,"NN"
228402,"NNS"
228403,","
228404,"VBP"
228405,"NNS"
228406,"DT"
228407,"$"
228408,"VBP"
228409,"JJ"
228410,"NN"
228411,"CC"
228412,"VB"
228413,"PRP$"
228414,"CD"
228415,"NNS"
228416,"IN"
228417,"NNP"
228418,"POS"
228419,"JJ"
228420,"NN"
228421,"."
228422,"IN"
228423,"NNP"
228424,","
228425,"NNP"
228426,"NNS"
228427,"VBD"
228428,"IN"
228429,"DT"
228430,"JJ"
228431,"NN"
228432,"NNS"
228433,"WDT"
228434,"VBD"
228435,"RB"
228436,"VB"
228437,"RB"
228438,","
228439,"VBG"
228440,"CD"
228441,"CD"
228442,","
228443,"CC"
228444,"CD"
228445,"NN"
228446,","
228447,"TO"
228448,"VB"
228449,"IN"
228450,"CD"
228451,"CD"
228452,"."
228453,"NNS"
228454,"CC"
228455,"NN"
228456,"NNS"
228457,"VBD"
228458,"JJ"
228459,"NNS"
228460,"VBD"
228461,"RB"
228462,"VBN"
228463,"RB"
228464,"IN"
228465,"NNP"
228466,"VBZ"
228467,"VBN"
228468,"IN"
228469,"DT"
228470,"JJ"
228471,"JJ"
228472,"NN"
228473,"JJ"
228474,"TO"
228475,"VB"
228476,"VBN"
228477,"IN"
228478,"NN"
228479,"IN"
228480,"NNS"
228481,"CC"
228482,"NN"
228483,"NNS"
228484,"."
228485,"NNP"
228486,"NNS"
228487,"VBD"
228488,"IN"
228489,"DT"
228490,"NN"
228491,"VBP"
228492,"DT"
228493,"JJ"
228494,"NN"
228495,"IN"
228496,"DT"
228497,"NN"
228498,"NN"
228499,"IN"
228500,"DT"
228501,"JJ"
228502,"NN"
228503,"."
228504,"JJ"
228505,"NNS"
228506,"IN"
228507,"NNS"
228508,"``"
228509,"VBD"
228510,"VBG"
228511,"IN"
228512,"NNS"
228513,"VBD"
228514,"VBG"
228515,"TO"
228516,"VB"
228517,"JJ"
228518,","
228519,"''"
228520,"VBZ"
228521,"NNP"
228522,"NNP"
228523,"IN"
228524,"NNP"
228525,"."
228526,"``"
228527,"NN"
228528,"VBZ"
228529,"NNS"
228530,"VBP"
228531,"JJR"
228532,"IN"
228533,"DT"
228534,"JJ"
228535,"NN"
228536,"IN"
228537,"DT"
228538,"NNP"
228539,","
228540,"''"
228541,"NNP"
228542,"NNP"
228543,"VBZ"
228544,"."
228545,"``"
228546,"RB"
228547,"IN"
228548,"EX"
228549,"VBP"
228550,"NNS"
228551,"VBG"
228552,"TO"
228553,"VB"
228554,"NN"
228555,"NNS"
228556,"IN"
228557,"DT"
228558,"NN"
228559,"NN"
228560,","
228561,"EX"
228562,"VBP"
228563,"NNS"
228564,"VBG"
228565,"TO"
228566,"VB"
228567,"NN"
228568,"NNS"
228569,"IN"
228570,"DT"
228571,"NN"
228572,"NN"
228573,"."
228574,"''"
228575,"NNP"
228576,"NNS"
228577,"VBP"
228578,"JJS"
228579,"IN"
228580,"DT"
228581,"NN"
228582,"NNS"
228583,"TO"
228584,"VB"
228585,"JJ"
228586,"NNS"
228587,"."
228588,"``"
228589,"IN"
228590,"DT"
228591,"NN"
228592,","
228593,"JJ"
228594,"NNS"
228595,"VBD"
228596,"RB"
228597,"VBN"
228598,"IN"
228599,"NN"
228600,"NNS"
228601,"IN"
228602,"IN"
228603,"NN"
228604,"IN"
228605,"NNP"
228606,"NNS"
228607,","
228608,"WDT"
228609,"VBD"
228610,"RB"
228611,"VBN"
228612,"TO"
228613,"VB"
228614,"''"
228615,"DT"
228616,"NNS"
228617,","
228618,"VBZ"
228619,"NNP"
228620,"NNP"
228621,"NNP"
228622,","
228623,"NN"
228624,"IN"
228625,"NNS"
228626,"CC"
228627,"NNS"
228628,"IN"
228629,"NNP"
228630,"NNP"
228631,"NNP"
228632,"."
228633,"RB"
228634,","
228635,"``"
228636,"JJ"
228637,"NNS"
228638,"MD"
228639,"VB"
228640,"JJ"
228641,"TO"
228642,"VB"
228643,"DT"
228644,"NN"
228645,"NN"
228646,"IN"
228647,"DT"
228648,"NN"
228649,"IN"
228650,"JJ"
228651,"NNS"
228652,"VBZ"
228653,"VBN"
228654,"VBN"
228655,"."
228656,"''"
228657,"JJ"
228658,"NN"
228659,"NNS"
228660,"VBD"
228661,"NNP"
228662,","
228663,"IN"
228664,"NNS"
228665,"VBD"
228666,"PRP$"
228667,"NN"
228668,"IN"
228669,"JJ"
228670,"NNS"
228671,"CC"
228672,"VBD"
228673,"IN"
228674,"DT"
228675,"JJ"
228676,"NN"
228677,"NNS"
228678,","
228679,"DT"
228680,"NNS"
228681,"IN"
228682,"JJ"
228683,"NNS"
228684,"."
228685,"NNP"
228686,"NNP"
228687,"NNP"
228688,","
228689,"WDT"
228690,"VBZ"
228691,"VBN"
228692,"TO"
228693,"DT"
228694,"JJ"
228695,"$"
228696,"VBP"
228697,"NN"
228698,"IN"
228699,"NNP"
228700,"IN"
228701,"NNP"
228702,","
228703,"VBD"
228704,"RB"
228705,"CD"
228706,"TO"
228707,"VB"
228708,"IN"
228709,"CD"
228710,"CD"
228711,"."
228712,"CC"
228713,"JJ"
228714,"NNS"
228715,"RB"
228716,"VBN"
228717,"TO"
228718,"VB"
228719,"JJ"
228720,"IN"
228721,"DT"
228722,"NN"
228723,"CC"
228724,"NN"
228725,"VBD"
228726,"CD"
228727,"NN"
228728,"CC"
228729,"JJR"
228730,"."
228731,"PRP"
228732,"VBP"
228733,"NNP"
228734,","
228735,"RB"
228736,"CD"
228737,"NN"
228738,":"
228739,"NNP"
228740,","
228741,"RB"
228742,"CD"
228743,"NN"
228744,":"
228745,"NNP"
228746,"NNP"
228747,","
228748,"RB"
228749,"CD"
228750,"NN"
228751,":"
228752,"NNP"
228753,"NNP"
228754,","
228755,"IN"
228756,"CD"
228757,"NN"
228758,":"
228759,"NNP"
228760,","
228761,"RB"
228762,"CD"
228763,"NN"
228764,":"
228765,"NNP"
228766,"NNP"
228767,"NNP"
228768,","
228769,"RB"
228770,"CD"
228771,"NN"
228772,","
228773,"CC"
228774,"NNP"
228775,","
228776,"RB"
228777,"CD"
228778,"NN"
228779,"."
228780,"DT"
228781,"NN"
228782,":"
228783,"CC"
228784,"NN"
228785,"NNS"
228786,":"
228787,"VBP"
228788,"RB"
228789,"JJR"
228790,"NN"
228791,"IN"
228792,"NNS"
228793,"WDT"
228794,"VBP"
228795,"VBN"
228796,"IN"
228797,"JJS"
228798,"CD"
228799,"NN"
228800,","
228801,"NN"
228802,"NN"
228803,"CC"
228804,"NN"
228805,"NN"
228806,"NN"
228807,"IN"
228808,"RB"
228809,"."
228810,"VBN"
228811,"DT"
228812,"NN"
228813,"IN"
228814,"DT"
228815,"JJ"
228816,"NN"
228817,"NN"
228818,"NN"
228819,"CC"
228820,"DT"
228821,"NN"
228822,"NN"
228823,","
228824,"NNS"
228825,"VBP"
228826,"IN"
228827,"DT"
228828,"NNS"
228829,"MD"
228830,"VB"
228831,"VBN"
228832,"RB"
228833,"RB"
228834,"."
228835,"NNS"
228836,"VBP"
228837,"NNP"
228838,","
228839,"WP$"
228840,"NN"
228841,"TO"
228842,"VB"
228843,"VBN"
228844,"IN"
228845,"$"
228846,"CD"
228847,"DT"
228848,"NN"
228849,"IN"
228850,"NNP"
228851,"VBD"
228852,"JJ"
228853,"NN"
228854,"."
228855,"NN"
228856,"NNS"
228857,"VBD"
228858,"RB"
228859,"CD"
228860,"NN"
228861,"IN"
228862,"NNP"
228863,"TO"
228864,"VB"
228865,"IN"
228866,"CD"
228867,"CD"
228868,"."
228869,"NNP"
228870,","
228871,"WDT"
228872,"RB"
228873,"VBN"
228874,"CC"
228875,"RB"
228876,"VBD"
228877,"DT"
228878,"$"
228879,"CD"
228880,"CD"
228881,"NN"
228882,"NN"
228883,"NN"
228884,"WDT"
228885,"VBD"
228886,"VBN"
228887,"TO"
228888,"VB"
228889,"VB"
228890,"DT"
228891,"NN"
228892,","
228893,"VBD"
228894,"CD"
228895,"NN"
228896,"TO"
228897,"VB"
228898,"IN"
228899,"CD"
228900,"CD"
228901,"."
228902,"NNP"
228903,"VBZ"
228904,"VBD"
228905,"PRP"
228906,"VBZ"
228907,"TO"
228908,"VB"
228909,"DT"
228910,"JJ"
228911,"NN"
228912,"NN"
228913,"CC"
228914,"VBZ"
228915,"RB"
228916,"VBN"
228917,"WRB"
228918,"PRP"
228919,"MD"
228920,"VB"
228921,"RB"
228922,"."
228923,"NNS"
228924,"IN"
228925,"NNP"
228926,"NNP"
228927,"NNP"
228928,","
228929,"WDT"
228930,"VBD"
228931,"JJ"
228932,"NN"
228933,"TO"
228934,"VB"
228935,"DT"
228936,"JJR"
228937,"NN"
228938,"IN"
228939,"DT"
228940,"NN"
228941,"NN"
228942,"WDT"
228943,"VBZ"
228944,"NNP"
228945,"NNP"
228946,"NNP"
228947,"CC"
228948,"DT"
228949,"JJ"
228950,"NN"
228951,"IN"
228952,"NNP"
228953,","
228954,"VBD"
228955,"CD"
228956,"NN"
228957,"IN"
228958,"NNP"
228959,"TO"
228960,"VB"
228961,"IN"
228962,"CD"
228963,"."
228964,"DT"
228965,"NN"
228966,"NN"
228967,"VBZ"
228968,"VBG"
228969,"$"
228970,"CD"
228971,"DT"
228972,"NN"
228973,"IN"
228974,"CD"
228975,"CD"
228976,"JJ"
228977,"JJ"
228978,"NNS"
228979,","
228980,"RB"
228981,"IN"
228982,"PRP$"
228983,"NN"
228984,"IN"
228985,"NNP"
228986,"IN"
228987,"$"
228988,"CD"
228989,"DT"
228990,"NN"
228991,"IN"
228992,"CD"
228993,"CD"
228994,"NNS"
228995,"."
228996,"CC"
228997,"NN"
228998,"NNS"
228999,"VBP"
229000,"DT"
229001,"NN"
229002,"MD"
229003,"VB"
229004,"VBN"
229005,"DT"
229006,"JJ"
229007,"NNS"
229008,"."
229009,"NNP"
229010,"NNP"
229011,","
229012,"IN"
229013,"NN"
229014,","
229015,"VBD"
229016,"IN"
229017,"DT"
229018,"JJ"
229019,"NNS"
229020,","
229021,"VBG"
229022,"CD"
229023,"NN"
229024,"TO"
229025,"VB"
229026,"IN"
229027,"CD"
229028,","
229029,"RB"
229030,"CD"
229031,"CD"
229032,"IN"
229033,"NNP"
229034,"."
229035,"NNP"
229036,"RB"
229037,"VBZ"
229038,"VBG"
229039,"NNS"
229040,"IN"
229041,"DT"
229042,"NN"
229043,"IN"
229044,"NN"
229045,"CC"
229046,"NN"
229047,"IN"
229048,"PRP$"
229049,"NN"
229050,"CC"
229051,"NN"
229052,"NNS"
229053,"."
229054,"NNS"
229055,"JJ"
229056,"IN"
229057,"NNP"
229058,"VBD"
229059,"IN"
229060,"DT"
229061,"NN"
229062,"IN"
229063,"DT"
229064,"NN"
229065,"IN"
229066,"DT"
229067,"NN"
229068,"IN"
229069,"JJ"
229070,"NNS"
229071,"VBD"
229072,"JJ"
229073,"IN"
229074,"NN"
229075,"IN"
229076,"DT"
229077,"JJ"
229078,"NNS"
229079,"MD"
229080,"VB"
229081,"JJ"
229082,"IN"
229083,"JJ"
229084,"NN"
229085,"."
229086,"RB"
229087,","
229088,"PRP"
229089,"VBD"
229090,"IN"
229091,"DT"
229092,"JJ"
229093,"NNS"
229094,"MD"
229095,"VB"
229096,"IN"
229097,"NN"
229098,"NNS"
229099,"CC"
229100,"MD"
229101,"VB"
229102,"VBN"
229103,"IN"
229104,"DT"
229105,"NNS"
229106,"IN"
229107,"DT"
229108,"NNP"
229109,"NN"
229110,"NN"
229111,"VBD"
229112,"DT"
229113,"JJ"
229114,"NN"
229115,"IN"
229116,"NNS"
229117,"TO"
229118,"VB"
229119,"NN"
229120,"IN"
229121,"JJ"
229122,"NNS"
229123,"."
229124,"NNP"
229125,"NNS"
229126,"VBD"
229127,"PRP"
229128,"VBD"
229129,"RB"
229130,"VBN"
229131,"IN"
229132,"DT"
229133,"NN"
229134,"IN"
229135,"DT"
229136,"NN"
229137,"POS"
229138,"NN"
229139,"."
229140,"NNP"
229141,"NNP"
229142,","
229143,"NNP"
229144,"POS"
229145,"JJ"
229146,"NN"
229147,","
229148,"VBD"
229149,"NNS"
229150,"TO"
229151,"VB"
229152,"DT"
229153,"NN"
229154,"IN"
229155,"DT"
229156,"NN"
229157,"CC"
229158,"DT"
229159,"IN"
229160,"PRP$"
229161,"NNS"
229162,"VBP"
229163,"``"
229164,"IN"
229165,"VBP"
229166,"''"
229167,"IN"
229168,"WP"
229169,"VBZ"
229170,"VBN"
229171,"VBN"
229172,"RB"
229173,"IN"
229174,"``"
229175,"DT"
229176,"JJ"
229177,"CC"
229178,"JJ"
229179,"NN"
229180,"."
229181,"''"
229182,"``"
229183,"PRP"
229184,"MD"
229185,"RB"
229186,"VB"
229187,"IN"
229188,"DT"
229189,"JJ"
229190,"NN"
229191,"IN"
229192,"NNP"
229193,"MD"
229194,"VB"
229195,"VBN"
229196,"IN"
229197,"CD"
229198,"NN"
229199,"POS"
229200,"NN"
229201,","
229202,"''"
229203,"NNP"
229204,"NNP"
229205,"VBD"
229206,"."
229207,"CC"
229208,"DT"
229209,"NN"
229210,"NN"
229211,"IN"
229212,"DT"
229213,"NN"
229214,","
229215,"VBN"
229216,"IN"
229217,"PRP"
229218,"VBZ"
229219,"IN"
229220,"NN"
229221,"NN"
229222,","
229223,"VBZ"
229224,"JJ"
229225,"TO"
229226,"DT"
229227,"JJ"
229228,"NN"
229229,"IN"
229230,"NN"
229231,"NNS"
229232,","
229233,"CC"
229234,"IN"
229235,"DT"
229236,"JJ"
229237,"NN"
229238,"CC"
229239,"IN"
229240,"JJ"
229241,"NNS"
229242,"."
229243,"IN"
229244,"JJ"
229245,"NNS"
229246,","
229247,"``"
229248,"DT"
229249,"NN"
229250,"NN"
229251,"VBZ"
229252,"VBN"
229253,"IN"
229254,"IN"
229255,"DT"
229256,"NN"
229257,","
229258,"''"
229259,"VBZ"
229260,"NNP"
229261,"NNP"
229262,"NN"
229263,"NN"
229264,"NNP"
229265,"NNP"
229266,"IN"
229267,"NNP"
229268,"NNP"
229269,","
229270,"WP"
229271,"VBZ"
229272,"VBN"
229273,"VBG"
229274,"CD"
229275,"NN"
229276,"IN"
229277,"PRP$"
229278,"NN"
229279,"IN"
229280,"NN"
229281,"."
229282,"``"
229283,"DT"
229284,"NN"
229285,"VBZ"
229286,"RB"
229287,"VBG"
229288,"RP"
229289,"TO"
229290,"DT"
229291,"NN"
229292,"."
229293,"''"
229294,"NNP"
229295,"NNP"
229296,"IN"
229297,"NNP"
229298,"NNP"
229299,"VBD"
229300,"TO"
229301,"DT"
229302,"NN"
229303,"."
229304,"O"
229305,"IN"
229306,"PDT"
229307,"DT"
229308,"JJ"
229309,"NNS"
229310,"VBN"
229311,"IN"
229312,"DT"
229313,"NN"
229314,"CC"
229315,"JJ"
229316,"NN"
229317,","
229318,"JJ"
229319,"VBP"
229320,"JJR"
229321,"CC"
229322,"JJR"
229323,"NN"
229324,"IN"
229325,"DT"
229326,"NN"
229327,"IN"
229328,"JJ"
229329,"NN"
229330,"CC"
229331,"DT"
229332,"NN"
229333,"IN"
229334,"DT"
229335,"JJ"
229336,"NN"
229337,"."
229338,"TO"
229339,"VB"
229340,"JJ"
229341,"NN"
229342,"IN"
229343,"DT"
229344,"JJ"
229345,"NNS"
229346,"IN"
229347,"DT"
229348,"NN"
229349,","
229350,"RB"
229351,","
229352,"DT"
229353,"NN"
229354,"CC"
229355,"JJ"
229356,"NN"
229357,"MD"
229358,"VB"
229359,"JJR"
229360,"IN"
229361,"VB"
229362,"DT"
229363,"JJS"
229364,"NN"
229365,"NN"
229366,"CC"
229367,"NN"
229368,"NNS"
229369,"."
229370,"PRP"
229371,"MD"
229372,"RB"
229373,"VB"
229374,"DT"
229375,"JJ"
229376,"NN"
229377,"IN"
229378,"DT"
229379,"VBN"
229380,"NN"
229381,"IN"
229382,"DT"
229383,"JJ"
229384,"NN"
229385,"."
229386,"RB"
229387,","
229388,"PRP"
229389,"MD"
229390,"VB"
229391,"WRB"
229392,"NN"
229393,"NNS"
229394,"VBP"
229395,"TO"
229396,"NNS"
229397,"IN"
229398,"JJ"
229399,"NNS"
229400,"CC"
229401,"RB"
229402,"VB"
229403,"NN"
229404,"IN"
229405,"DT"
229406,"NNS"
229407,"."
229408,"WRB"
229409,"DT"
229410,"JJ"
229411,"NN"
229412,"VBZ"
229413,"JJ"
229414,","
229415,"DT"
229416,"JJ"
229417,"NN"
229418,"NN"
229419,"VBZ"
229420,"NN"
229421,"."
229422,"IN"
229423,"JJ"
229424,"NNS"
229425,","
229426,"JJ"
229427,"NN"
229428,"NNS"
229429,","
229430,"JJ"
229431,"IN"
229432,"NN"
229433,"NNS"
229434,"CC"
229435,"NN"
229436,"NN"
229437,","
229438,"NNP"
229439,"RB"
229440,"RBR"
229441,"IN"
229442,"DT"
229443,"JJ"
229444,"NN"
229445,"IN"
229446,"NN"
229447,"."
229448,"NNP"
229449,"VBD"
229450,"VBN"
229451,"IN"
229452,"DT"
229453,"JJ"
229454,"NNS"
229455,"IN"
229456,"NNP"
229457,"NNP"
229458,"CC"
229459,"DT"
229460,"NNS"
229461,"IN"
229462,"NNP"
229463,"NNP"
229464,"."
229465,"CC"
229466,"DT"
229467,"NN"
229468,"VBZ"
229469,"RB"
229470,"JJ"
229471,":"
229472,"WRB"
229473,"DT"
229474,"NN"
229475,"POS"
229476,"NN"
229477,"NNS"
229478,"IN"
229479,"DT"
229480,"NN"
229481,","
229482,"DT"
229483,"JJ"
229484,"NNS"
229485,"MD"
229486,"VB"
229487,"RB"
229488,"JJR"
229489,"IN"
229490,"DT"
229491,"VBG"
229492,"NN"
229493,"."
229494,"WRB"
229495,"VBP"
229496,"JJ"
229497,"NN"
229498,"NNS"
229499,"VBP"
229500,"TO"
229501,"JJ"
229502,"JJ"
229503,"NNS"
229504,"."
229505,"IN"
229506,"JJ"
229507,"NNS"
229508,"CC"
229509,"NNS"
229510,"VBP"
229511,"JJ"
229512,"JJ"
229513,"JJ"
229514,"NNS"
229515,"IN"
229516,"JJS"
229517,"NNS"
229518,"CC"
229519,"NNS"
229520,"VBP"
229521,"DT"
229522,"NNS"
229523,"RB"
229524,"WRB"
229525,"JJ"
229526,"IN"
229527,"JJ"
229528,"JJ"
229529,"NN"
229530,"CC"
229531,"NN"
229532,"."
229533,"NNP"
229534,"NNP"
229535,"VBD"
229536,"VBN"
229537,"RB"
229538,"RB"
229539,"IN"
229540,"DT"
229541,"JJ"
229542,"NN"
229543,","
229544,"IN"
229545,"DT"
229546,"JJ"
229547,"NN"
229548,"NN"
229549,"VBD"
229550,"DT"
229551,"JJ"
229552,"JJ"
229553,"NN"
229554,"CC"
229555,"NN"
229556,"."
229557,"NNP"
229558,"NN"
229559,"VBD"
229560,"IN"
229561,"CD"
229562,"NN"
229563,"IN"
229564,"PRP$"
229565,"CD"
229566,"NN"
229567,"CC"
229568,"JJ"
229569,"NNS"
229570,"VBD"
229571,"RB"
229572,"CD"
229573,"NN"
229574,"."
229575,"RB"
229576,","
229577,"DT"
229578,"NN"
229579,"NN"
229580,"VBD"
229581,"VBN"
229582,"RB"
229583,"JJR"
229584,"."
229585,"IN"
229586,"NN"
229587,","
229588,"JJ"
229589,"NN"
229590,"NNS"
229591,"IN"
229592,"DT"
229593,"NN"
229594,"NN"
229595,"IN"
229596,"CD"
229597,"VBD"
229598,"RB"
229599,"CD"
229600,"NN"
229601,"IN"
229602,"DT"
229603,"CD"
229604,"NN"
229605,"NN"
229606,"."
229607,"IN"
229608,"JJ"
229609,"NNP"
229610,"POS"
229611,"NN"
229612,"VBD"
229613,"IN"
229614,"DT"
229615,"NNS"
229616,","
229617,"JJ"
229618,"NN"
229619,"VBD"
229620,"."
229621,"NNP"
229622,"NNS"
229623,","
229624,"IN"
229625,"NN"
229626,","
229627,"VBD"
229628,"DT"
229629,"JJ"
229630,"NN"
229631,"NN"
229632,"IN"
229633,"CD"
229634,"CC"
229635,"DT"
229636,"JJ"
229637,"NN"
229638,"IN"
229639,"CD"
229640,"."
229641,"WRB"
229642,","
229643,"JJ"
229644,"NNS"
229645,"CC"
229646,"JJ"
229647,"NNS"
229648,"VBP"
229649,"RB"
229650,"VBG"
229651,","
229652,"VBP"
229653,"NN"
229654,"POS"
229655,"NNS"
229656,"."
229657,"VB"
229658,"DT"
229659,"JJ"
229660,"IN"
229661,"JJ"
229662,"NNP"
229663,"NNP"
229664,"NNP"
229665,","
229666,"CD"
229667,"IN"
229668,"DT"
229669,"RBS"
229670,"JJ"
229671,","
229672,"JJ"
229673,"CC"
229674,"RB"
229675,"VBN"
229676,"JJ"
229677,"NNS"
229678,"IN"
229679,"DT"
229680,"NN"
229681,"."
229682,"IN"
229683,"NN"
229684,","
229685,"DT"
229686,"NNS"
229687,"VBP"
229688,"VBN"
229689,"NNP"
229690,"NNP"
229691,"NNP"
229692,"IN"
229693,"DT"
229694,"JJ"
229695,"CD"
229696,"NNS"
229697,"IN"
229698,"DT"
229699,"JJ"
229700,"NN"
229701,"."
229702,"CC"
229703,"RB"
229704,"VBZ"
229705,"TO"
229706,"VB"
229707,"DT"
229708,"NN"
229709,"TO"
229710,"VB"
229711,"."
229712,"NNP"
229713,"NNP"
229714,"POS"
229715,"NN"
229716,"VBD"
229717,"NN"
229718,"CC"
229719,"RB"
229720,"VBN"
229721,"IN"
229722,"DT"
229723,"NNS"
229724,"IN"
229725,"PRP$"
229726,"CD"
229727,"NN"
229728,"."
229729,"IN"
229730,"DT"
229731,"NNS"
229732,","
229733,"NN"
229734,"VBD"
229735,"RB"
229736,"RB"
229737,"JJ"
229738,"IN"
229739,"CD"
229740,"NN"
229741,"IN"
229742,"DT"
229743,"CD"
229744,"NN"
229745,"CC"
229746,"JJ"
229747,"NNS"
229748,"VBD"
229749,"RB"
229750,"CD"
229751,"NN"
229752,"."
229753,"DT"
229754,"NN"
229755,"NN"
229756,"VBD"
229757,"RB"
229758,"JJR"
229759,"JJ"
229760,"NNS"
229761,"."
229762,"NNP"
229763,"NN"
229764,"VBD"
229765,"CD"
229766,"NN"
229767,"."
229768,"DT"
229769,"NN"
229770,"NN"
229771,"VBD"
229772,"JJR"
229773,"IN"
229774,"CD"
229775,"NN"
229776,"IN"
229777,"RB"
229778,"DT"
229779,"NN"
229780,"NN"
229781,","
229782,"CC"
229783,"JJR"
229784,"IN"
229785,"CD"
229786,"NN"
229787,"IN"
229788,"NN"
229789,"NN"
229790,"VBD"
229791,"JJ"
229792,"."
229793,"TO"
229794,"DT"
229795,"NNS"
229796,","
229797,"DT"
229798,"JJ"
229799,"NN"
229800,"NNS"
229801,"IN"
229802,"NNP"
229803,"POS"
229804,"``"
229805,"NNP"
229806,"NNP"
229807,"''"
229808,"VBD"
229809,"JJ"
229810,"IN"
229811,"DT"
229812,"JJ"
229813,"JJ"
229814,"NN"
229815,"."
229816,"IN"
229817,"JJ"
229818,","
229819,"DT"
229820,"NN"
229821,"NN"
229822,"VBD"
229823,"VBN"
229824,"."
229825,"RB"
229826,","
229827,"DT"
229828,"NN"
229829,"POS"
229830,"NN"
229831,"VBD"
229832,"DT"
229833,"JJ"
229834,"NN"
229835,"."
229836,"NNP"
229837,"NNP"
229838,"POS"
229839,"NN"
229840,"VBZ"
229841,"VBN"
229842,"JJ"
229843,"IN"
229844,"DT"
229845,"JJ"
229846,"CD"
229847,"NNS"
229848,"."
229849,"CC"
229850,"JJ"
229851,"NN"
229852,","
229853,"IN"
229854,"NN"
229855,"IN"
229856,"DT"
229857,"NNS"
229858,","
229859,"VBZ"
229860,"VBN"
229861,"TO"
229862,"PRP$"
229863,"CD"
229864,"NN"
229865,"IN"
229866,"JJ"
229867,"NN"
229868,"NNS"
229869,"."
229870,"NNP"
229871,","
229872,"JJ"
229873,"NNP"
229874,"POS"
229875,"NN"
229876,"NN"
229877,"VBZ"
229878,"VBN"
229879,"IN"
229880,"DT"
229881,"JJ"
229882,"NN"
229883,"."
229884,"JJR"
229885,"IN"
229886,"CD"
229887,"NNS"
229888,"VBD"
229889,"VBN"
229890,"IN"
229891,"NNP"
229892,"NNP"
229893,"JJ"
229894,"NN"
229895,","
229896,"RB"
229897,"IN"
229898,"NN"
229899,","
229900,"NN"
229901,"NN"
229902,","
229903,"CC"
229904,"DT"
229905,"NN"
229906,"NN"
229907,"."
229908,"DT"
229909,"NN"
229910,"VBZ"
229911,"NNP"
229912,"IN"
229913,"DT"
229914,"JJ"
229915,"CD"
229916,"NN"
229917,"NNS"
229918,"IN"
229919,"DT"
229920,"NN"
229921,"JJ"
229922,"NN"
229923,"."
229924,"CC"
229925,"NNS"
229926,"VBP"
229927,"DT"
229928,"CD"
229929,"NN"
229930,"TO"
229931,"CD"
229932,"NN"
229933,"NN"
229934,"NN"
229935,"IN"
229936,"NNS"
229937,"IN"
229938,"DT"
229939,"JJ"
229940,"JJ"
229941,"NNS"
229942,":"
229943,"RB"
229944,"RB"
229945,"DT"
229946,"JJ"
229947,"NN"
229948,"."
229949,"NNP"
229950,"VBZ"
229951,"DT"
229952,"JJ"
229953,"NN"
229954,"WRB"
229955,"DT"
229956,"JJ"
229957,"NN"
229958,"NN"
229959,"VBZ"
229960,"VBN"
229961,"TO"
229962,"DT"
229963,"NN"
229964,"POS"
229965,"JJ"
229966,"NNS"
229967,","
229968,"IN"
229969,"NNP"
229970,"VBZ"
229971,"RB"
229972,"VBN"
229973,"IN"
229974,"JJ"
229975,"DT"
229976,"JJ"
229977,"NN"
229978,"IN"
229979,"NNP"
229980,"."
229981,"IN"
229982,"DT"
229983,"NNS"
229984,","
229985,"JJ"
229986,"NNP"
229987,"POS"
229988,"NN"
229989,"VBZ"
229990,"RB"
229991,"VBN"
229992,"IN"
229993,"DT"
229994,"JJ"
229995,"CD"
229996,"NNS"
229997,"."
229998,"PRP$"
229999,"NN"
230000,"VBZ"
230001,"VBN"
230002,"TO"
230003,"VB"
230004,"IN"
230005,"CD"
230006,","
230007,"DT"
230008,"JJ"
230009,"NN"
230010,"IN"
230011,"DT"
230012,"JJ"
230013,"NN"
230014,"."
230015,"NNP"
230016,"VBZ"
230017,"RB"
230018,"CD"
230019,"NN"
230020,"JJR"
230021,"IN"
230022,"IN"
230023,"CD"
230024,"."
230025,"NN"
230026,"NN"
230027,"IN"
230028,"JJ"
230029,"NNS"
230030,"RB"
230031,"VBD"
230032,"CD"
230033,"NN"
230034,"IN"
230035,"CD"
230036,"CC"
230037,"CD"
230038,"("
230039,"DT"
230040,"RBS"
230041,"JJ"
230042,"NN"
230043,"JJ"
230044,")"
230045,"."
230046,"DT"
230047,"NNS"
230048,"IN"
230049,"NN"
230050,","
230051,"RB"
230052,","
230053,"VBP"
230054,"JJR"
230055,"IN"
230056,"DT"
230057,"JJ"
230058,"NN"
230059,"IN"
230060,"DT"
230061,"NN"
230062,"NNS"
230063,","
230064,"CC"
230065,"DT"
230066,"VBZ"
230067,"VBN"
230068,"IN"
230069,"DT"
230070,"NN"
230071,"IN"
230072,"NN"
230073,"IN"
230074,"DT"
230075,"NN"
230076,"."
230077,"IN"
230078,"DT"
230079,"JJ"
230080,"NN"
230081,","
230082,"RB"
230083,","
230084,"DT"
230085,"NN"
230086,"POS"
230087,"NN"
230088,"NN"
230089,"PDT"
230090,"CC"
230091,"VBN"
230092,"IN"
230093,"JJ"
230094,"NNS"
230095,"."
230096,"NNP"
230097,"NN"
230098,"NNS"
230099,"VBP"
230100,"RB"
230101,"JJR"
230102,"IN"
230103,"CD"
230104,"NN"
230105,"IN"
230106,"PRP$"
230107,"CD"
230108,"NNS"
230109,"."
230110,"IN"
230111,"DT"
230112,"NN"
230113,"MD"
230114,"VB"
230115,"WRB"
230116,"JJ"
230117,"NNP"
230118,"POS"
230119,"NN"
230120,"NN"
230121,"MD"
230122,"VB"
230123,","
230124,"JJ"
230125,"NN"
230126,"VBZ"
230127,"NNS"
230128,"VBG"
230129,"JJ"
230130,"CD"
230131,"NNS"
230132,"VBP"
230133,"IN"
230134,"NN"
230135,"CC"
230136,"JJ"
230137,":"
230138,"PDT"
230139,"IN"
230140,"DT"
230141,"JJ"
230142,"NN"
230143,"NN"
230144,","
230145,"DT"
230146,"JJ"
230147,"NN"
230148,"VBG"
230149,"DT"
230150,"JJ"
230151,"NN"
230152,","
230153,"CC"
230154,"DT"
230155,"JJ"
230156,"JJ"
230157,"NN"
230158,"."
230159,"WRB"
230160,"NNP"
230161,"POS"
230162,"JJ"
230163,"NN"
230164,"VBZ"
230165,"TO"
230166,"VB"
230167,"RBR"
230168,":"
230169,"PDT"
230170,"DT"
230171,"NN"
230172,"MD"
230173,"VB"
230174,"RB"
230175,"JJ"
230176,"IN"
230177,"JJ"
230178,"NN"
230179,":"
230180,"NN"
230181,"CC"
230182,"NN"
230183,"NN"
230184,"MD"
230185,"VB"
230186,","
230187,"CC"
230188,"DT"
230189,"JJ"
230190,"NN"
230191,"IN"
230192,"NN"
230193,"NN"
230194,"MD"
230195,"VBP"
230196,"DT"
230197,"JJ"
230198,"JJ"
230199,"NN"
230200,"."
230201,"WP"
230202,"NN"
230203,"NN"
230204,"MD"
230205,"VB"
230206,"VB"
230207,"IN"
230208,"DT"
230209,"JJ"
230210,"NN"
230211,"WP$"
230212,"JJ"
230213,"NN"
230214,"VBZ"
230215,"RB"
230216,"RB"
230217,"JJ"
230218,"TO"
230219,"VB"
230220,"IN"
230221,"NNP"
230222,"POS"
230223,"CC"
230224,"NNP"
230225,"POS"
230226,"."
230227,"RB"
230228,","
230229,"NN"
230230,"IN"
230231,"JJ"
230232,"JJ"
230233,"NN"
230234,"VBZ"
230235,"VBG"
230236,"IN"
230237,"PRP$"
230238,"NNS"
230239,"NN"
230240,","
230241,"RB"
230242,"IN"
230243,"JJ"
230244,"RB"
230245,"JJ"
230246,"JJ"
230247,"NNS"
230248,"IN"
230249,"NNP"
230250,","
230251,"NNP"
230252,"NNP"
230253,"CC"
230254,"NNP"
230255,"NNP"
230256,"."
230257,"NN"
230258,"NNS"
230259,"IN"
230260,"DT"
230261,"CD"
230262,"NN"
230263,"TO"
230264,"CD"
230265,"NN"
230266,"NN"
230267,"NN"
230268,"MD"
230269,"RB"
230270,"VB"
230271,"TO"
230272,"DT"
230273,"NN"
230274,"TO"
230275,"VB"
230276,"NN"
230277,"NN"
230278,"IN"
230279,"DT"
230280,"NN"
230281,"IN"
230282,"NNS"
230283,"."
230284,"IN"
230285,"DT"
230286,"NNS"
230287,","
230288,"RB"
230289,"DT"
230290,"NN"
230291,"IN"
230292,"IN"
230293,"JJ"
230294,"NN"
230295,":"
230296,"``"
230297,"VBG"
230298,"JJ"
230299,"''"
230300,":"
230301,"IN"
230302,"DT"
230303,"JJ"
230304,"JJ"
230305,"NNS"
230306,"MD"
230307,"VB"
230308,"JJ"
230309,"NNS"
230310,"IN"
230311,"NNS"
230312,"CC"
230313,"JJ"
230314,"NN"
230315,"NNS"
230316,"VBG"
230317,"IN"
230318,"NNS"
230319,"IN"
230320,"DT"
230321,"JJ"
230322,"NN"
230323,"VBZ"
230324,"NN"
230325,"."
230326,"DT"
230327,"VBG"
230328,"IN"
230329,"JJ"
230330,"NNS"
230331,"IN"
230332,"JJ"
230333,"JJ"
230334,"NNS"
230335,"MD"
230336,"VB"
230337,"IN"
230338,"NNS"
230339,"CC"
230340,"VB"
230341,"RB"
230342,":"
230343,"DT"
230344,"VBG"
230345,"IN"
230346,"JJ"
230347,"JJ"
230348,"NNS"
230349,"MD"
230350,"VB"
230351,"DT"
230352,"JJ"
230353,"("
230354,"JJ"
230355,")"
230356,"NN"
230357,"CC"
230358,"VB"
230359,"IN"
230360,"DT"
230361,"NNS"
230362,"RB"
230363,"."
230364,"NNP"
230365,"NNP"
230366,"VBZ"
230367,"VBG"
230368,"NN"
230369,"IN"
230370,"DT"
230371,"JJ"
230372,"NN"
230373,"NN"
230374,"VBN"
230375,"IN"
230376,"NNP"
230377,"NNP"
230378,","
230379,"NNP"
230380,"."
230381,"O"
230382,"NNP"
230383,"NNP"
230384,"NNP"
230385,"VBD"
230386,"PRP"
230387,"VBZ"
230388,"PRP$"
230389,"JJ"
230390,"JJ"
230391,"NNS"
230392,"TO"
230393,"VB"
230394,"IN"
230395,"CD"
230396,"NNS"
230397,"CC"
230398,"CD"
230399,"NNS"
230400,"DT"
230401,"NN"
230402,","
230403,"VBN"
230404,"IN"
230405,"CD"
230406,"NNS"
230407,"DT"
230408,"NN"
230409,"DT"
230410,"NN"
230411,"RB"
230412,"."
230413,"NNS"
230414,"VBD"
230415,"VBN"
230416,"VBG"
230417,"IN"
230418,"DT"
230419,"NN"
230420,"POS"
230421,"NNS"
230422,"MD"
230423,"VB"
230424,"IN"
230425,"CD"
230426,"NNS"
230427,"CC"
230428,"CD"
230429,"NNS"
230430,"DT"
230431,"NN"
230432,"."
230433,"DT"
230434,"JJ"
230435,"JJ"
230436,"NNS"
230437,"VBD"
230438,"TO"
230439,"$"
230440,"CD"
230441,"CD"
230442,"."
230443,"DT"
230444,"NN"
230445,"VBD"
230446,"DT"
230447,"NN"
230448,"IN"
230449,"NN"
230450,"IN"
230451,"DT"
230452,"NN"
230453,"NN"
230454,"VBD"
230455,"NNS"
230456,"NN"
230457,"IN"
230458,"PRP$"
230459,"CD"
230460,"JJ"
230461,"NNS"
230462,"."
230463,"RB"
230464,","
230465,"DT"
230466,"NN"
230467,"VBD"
230468,"PRP$"
230469,"JJ"
230470,"NNS"
230471,"NN"
230472,"VBD"
230473,"TO"
230474,"VB"
230475,"NNS"
230476,"."
230477,"NNP"
230478,","
230479,"DT"
230480,"NN"
230481,"IN"
230482,"JJ"
230483,"NN"
230484,"CC"
230485,"JJ"
230486,"NN"
230487,"NN"
230488,","
230489,"VBD"
230490,"PRP"
230491,"VBZ"
230492,"PRP$"
230493,"JJ"
230494,"NNS"
230495,"TO"
230496,"VB"
230497,"RBR"
230498,"RB"
230499,"IN"
230500,"NN"
230501,"IN"
230502,"JJ"
230503,"NNS"
230504,","
230505,"WDT"
230506,"VBP"
230507,"IN"
230508,"CD"
230509,"NNS"
230510,"CC"
230511,"CD"
230512,"NNS"
230513,"DT"
230514,"NN"
230515,"."
230516,"O"
230517,"NNP"
230518,"NNP"
230519,"VBD"
230520,"DT"
230521,"JJ"
230522,"NNP"
230523,"NNP"
230524,"NNP"
230525,"CC"
230526,"DT"
230527,"NNP"
230528,"NNP"
230529,"TO"
230530,"VB"
230531,"$"
230532,"CD"
230533,"CD"
230534,"IN"
230535,"JJ"
230536,"NNS"
230537,"IN"
230538,"NNP"
230539,"NN"
230540,"NNP"
230541,"NNP"
230542,"TO"
230543,"CD"
230544,"NNP"
230545,"NNS"
230546,"WP"
230547,"VBD"
230548,"IN"
230549,"NNP"
230550,"NNS"
230551,"IN"
230552,"PRP"
230553,"."
230554,"NNP"
230555,"NNP"
230556,"VBZ"
230557,"RB"
230558,"DT"
230559,"NN"
230560,"IN"
230561,"DT"
230562,"$"
230563,"CD"
230564,"CD"
230565,"JJ"
230566,"NN"
230567,"NN"
230568,"VBG"
230569,"PRP"
230570,"IN"
230571,"VBG"
230572,"RP"
230573,"NNS"
230574,"IN"
230575,"DT"
230576,"JJ"
230577,"NN"
230578,"PRP"
230579,"VBD"
230580,","
230581,"NNP"
230582,"NNP"
230583,"CC"
230584,"NNP"
230585,"NNP"
230586,","
230587,"CC"
230588,"VBG"
230589,"PRP"
230590,"IN"
230591,"NN"
230592,"."
230593,"NNP"
230594,"NNP"
230595,":"
230596,"NN"
230597,"IN"
230598,"JJ"
230599,"NN"
230600,","
230601,"DT"
230602,"JJ"
230603,"NNS"
230604,"NN"
230605,":"
230606,"VBD"
230607,"NNP"
230608,"NNP"
230609,"RB"
230610,"VBZ"
230611,"VBN"
230612,"VBG"
230613,"TO"
230614,"VB"
230615,"NN"
230616,"IN"
230617,"DT"
230618,"NNS"
230619,":"
230620,"NNP"
230621,"NNP"
230622,"NNP"
230623,"NNP"
230624,"IN"
230625,"NNP"
230626,","
230627,"NNP"
230628,"NNP"
230629,"IN"
230630,"NNP"
230631,","
230632,"NNP"
230633,"NNP"
230634,"IN"
230635,"NNP"
230636,"CC"
230637,"NNP"
230638,"NNP"
230639,"IN"
230640,"NNP"
230641,":"
230642,"CC"
230643,"NNP"
230644,"NNP"
230645,"NNP"
230646,"NNP"
230647,"IN"
230648,"NNP"
230649,"."
230650,"NNP"
230651,"NNP"
230652,"VBD"
230653,"DT"
230654,"IN"
230655,"DT"
230656,"NN"
230657,"IN"
230658,"NNP"
230659,"NNP"
230660,"WDT"
230661,"VBD"
230662,"VBN"
230663,"IN"
230664,"DT"
230665,"NNP"
230666,"NNP"
230667,"NNP"
230668,"NN"
230669,"IN"
230670,"NNP"
230671,":"
230672,"``"
230673,"PRP"
230674,"VBP"
230675,":"
230676,"VBD"
230677,"TO"
230678,"VB"
230679,"IN"
230680,"IN"
230681,"PRP$"
230682,"JJ"
230683,"NN"
230684,"IN"
230685,"DT"
230686,"NN"
230687,"VBD"
230688,"JJ"
230689,"JJ"
230690,"NNS"
230691,"TO"
230692,"VB"
230693,"RP"
230694,"PRP$"
230695,"NN"
230696,"."
230697,"PRP"
230698,"VBP"
230699,"TO"
230700,"VB"
230701,"IN"
230702,"DT"
230703,"RBS"
230704,"JJ"
230705,"NN"
230706,"PRP"
230707,"MD"
230708,":"
230709,"PRP"
230710,"RB"
230711,"VBP"
230712,"RB"
230713,"."
230714,"''"
230715,"IN"
230716,"DT"
230717,"RB"
230718,"JJ"
230719,"NN"
230720,"IN"
230721,"NNP"
230722,"NNP"
230723,"POS"
230724,"NN"
230725,"IN"
230726,"NNP"
230727,"CD"
230728,","
230729,"DT"
230730,"CD"
230731,"NNS"
230732,"VBD"
230733,"JJ"
230734,"NNS"
230735,"TO"
230736,"VB"
230737,"RB"
230738,"IN"
230739,"NNP"
230740,"."
230741,"VBG"
230742,"TO"
230743,"NNS"
230744,"VBN"
230745,"IN"
230746,"NN"
230747,"IN"
230748,"DT"
230749,"NNS"
230750,"IN"
230751,"DT"
230752,"NN"
230753,","
230754,"DT"
230755,"NNS"
230756,"VBD"
230757,"NNP"
230758,"VBD"
230759,"VBG"
230760,"RB"
230761,"IN"
230762,"NNS"
230763,"POS"
230764,"RB"
230765,"JJ"
230766,"NN"
230767,"CC"
230768,"VBD"
230769,"``"
230770,"DT"
230771,"JJ"
230772,"NN"
230773,"NN"
230774,"."
230775,"''"
230776,"NNP"
230777,"NNP"
230778,"VBD"
230779,"VBN"
230780,"IN"
230781,"DT"
230782,"NNS"
230783,"VBD"
230784,"VBG"
230785,"RB"
230786,"JJ"
230787,"."
230788,"DT"
230789,"NNS"
230790,"VBP"
230791,"IN"
230792,"NNP"
230793,"NNP"
230794,"VBD"
230795,"DT"
230796,"NNP"
230797,"NNP"
230798,"NNP"
230799,"NNP"
230800,"NNP"
230801,"POS"
230802,"NNS"
230803,"``"
230804,"RB"
230805,"JJ"
230806,","
230807,"''"
230808,"CC"
230809,"IN"
230810,"NNP"
230811,"NNP"
230812,"VBD"
230813,"IN"
230814,"NNP"
230815,"NNP"
230816,"POS"
230817,"NN"
230818,"VBD"
230819,"``"
230820,"JJ"
230821,"CC"
230822,"JJ"
230823,"."
230824,"''"
230825,"IN"
230826,"DT"
230827,"JJ"
230828,"CD"
230829,"NNS"
230830,","
230831,"DT"
230832,"NNP"
230833,"NNP"
230834,","
230835,"WDT"
230836,"IN"
230837,"DT"
230838,"NN"
230839,"VBD"
230840,"DT"
230841,"NN"
230842,"JJ"
230843,"IN"
230844,"NN"
230845,"NNS"
230846,","
230847,"VBD"
230848,"TO"
230849,"VB"
230850,":"
230851,"RB"
230852,"IN"
230853,"JJ"
230854,"NNS"
230855,"VBN"
230856,"IN"
230857,"NNP"
230858,"CD"
230859,"IN"
230860,"NNP"
230861,"NNP"
230862,"VBD"
230863,"VBN"
230864,"NNP"
230865,"TO"
230866,"VB"
230867,"JJ"
230868,"."
230869,"NNP"
230870,"POS"
230871,"NN"
230872,"NN"
230873,","
230874,"NNP"
230875,"NNP"
230876,"NNP"
230877,","
230878,"VBD"
230879,"JJ"
230880,"NNS"
230881,"DT"
230882,"NNP"
230883,"CD"
230884,","
230885,"CC"
230886,"NNS"
230887,"VBD"
230888,"DT"
230889,"NN"
230890,"DT"
230891,"JJ"
230892,"NN"
230893,"."
230894,"DT"
230895,"RB"
230896,"VBN"
230897,"NNP"
230898,"NNP"
230899,"NNP"
230900,","
230901,"NN"
230902,"IN"
230903,"DT"
230904,"NNP"
230905,"NNP"
230906,","
230907,"VBD"
230908,"NN"
230909,"IN"
230910,"NNP"
230911,"NNP"
230912,"CC"
230913,"JJ"
230914,"NNS"
230915,"IN"
230916,"NNP"
230917,"CD"
230918,"."
230919,"NNP"
230920,"NNP"
230921,"VBZ"
230922,"VBN"
230923,"PRP$"
230924,"JJ"
230925,"NN"
230926,","
230927,"VBG"
230928,"IN"
230929,"PRP$"
230930,"NN"
230931,"VBD"
230932,"VBN"
230933,"RB"
230934,"."
230935,"DT"
230936,"NN"
230937,"IN"
230938,"NNS"
230939,"IN"
230940,"NNP"
230941,"POS"
230942,"NN"
230943,"VBZ"
230944,"VBN"
230945,"VBN"
230946,"IN"
230947,"RB"
230948,"JJ"
230949,"IN"
230950,"$"
230951,"CD"
230952,"CD"
230953,"."
230954,"NNS"
230955,"IN"
230956,"DT"
230957,"NN"
230958,"VBP"
230959,"VBN"
230960,"JJ"
230961,"RB"
230962,"IN"
230963,"DT"
230964,"JJ"
230965,"CD"
230966,"NNS"
230967,","
230968,"RB"
230969,"IN"
230970,"DT"
230971,"NN"
230972,"IN"
230973,"NN"
230974,"IN"
230975,"JJ"
230976,"NNS"
230977,"."
230978,"IN"
230979,"DT"
230980,"NN"
230981,"IN"
230982,"PRP$"
230983,"CD"
230984,"NN"
230985,"NN"
230986,","
230987,"NNP"
230988,"NNP"
230989,","
230990,"NN"
230991,"IN"
230992,"DT"
230993,"NNP"
230994,"NNP"
230995,"NNP"
230996,","
230997,"VBD"
230998,"$"
230999,"CD"
231000,"IN"
231001,"NNS"
231002,"IN"
231003,"DT"
231004,"NNP"
231005,"NN"
231006,"VBD"
231007,"IN"
231008,"NNP"
231009,"NNP"
231010,"VBD"
231011,"VBN"
231012,"DT"
231013,"NN"
231014,"IN"
231015,"PRP"
231016,"IN"
231017,"CD"
231018,"NNS"
231019,"IN"
231020,"DT"
231021,"NN"
231022,"IN"
231023,"NNS"
231024,"."
231025,"NNP"
231026,"NNP"
231027,","
231028,"IN"
231029,"NNS"
231030,"IN"
231031,"NN"
231032,"IN"
231033,"JJ"
231034,"NN"
231035,"NN"
231036,","
231037,"VBD"
231038,"$"
231039,"CD"
231040,"JJ"
231041,"JJ"
231042,"NN"
231043,","
231044,"RB"
231045,"IN"
231046,"DT"
231047,"NN"
231048,"RB"
231049,"VBD"
231050,"NNP"
231051,"NNP"
231052,"IN"
231053,"VBG"
231054,"NN"
231055,"."
231056,"IN"
231057,"NN"
231058,","
231059,"NNP"
231060,"NNP"
231061,"JJ"
231062,"NN"
231063,"VBD"
231064,"IN"
231065,"PRP"
231066,"RB"
231067,"VBD"
231068,"VBN"
231069,"$"
231070,"CD"
231071,"TO"
231072,"NNP"
231073,"NNP"
231074,"IN"
231075,"NN"
231076,"IN"
231077,"NNS"
231078,"PRP"
231079,"CC"
231080,"PRP$"
231081,"NN"
231082,"VBD"
231083,"IN"
231084,"DT"
231085,"JJ"
231086,"NN"
231087,"TO"
231088,"NNP"
231089,"NNP"
231090,"POS"
231091,"NN"
231092,"NN"
231093,"IN"
231094,"NNP"
231095,"NNP"
231096,","
231097,"DT"
231098,"NNPS"
231099,","
231100,"IN"
231101,"CD"
231102,"IN"
231103,"CD"
231104,"."
231105,"NNP"
231106,"NNP"
231107,"VBD"
231108,"PRP"
231109,"VBD"
231110,"VBN"
231111,"TO"
231112,"VB"
231113,"IN"
231114,"DT"
231115,"NNS"
231116,"IN"
231117,"DT"
231118,"NN"
231119,"CC"
231120,"IN"
231121,"DT"
231122,"NN"
231123,"``"
231124,"VBD"
231125,"IN"
231126,"DT"
231127,"NNS"
231128,"."
231129,"''"
231130,"NNP"
231131,"NNP"
231132,","
231133,"PRP$"
231134,"NN"
231135,"NNS"
231136,"CC"
231137,"NNS"
231138,"RB"
231139,"VBD"
231140,"$"
231141,"CD"
231142,"TO"
231143,"NNP"
231144,"NNP"
231145,"POS"
231146,"JJ"
231147,"NNS"
231148,"IN"
231149,"DT"
231150,"NNS"
231151,","
231152,"VBG"
231153,"TO"
231154,"NN"
231155,"NNS"
231156,"."
231157,"CC"
231158,"NNP"
231159,"NNP"
231160,"VBZ"
231161,"NNP"
231162,"NNP"
231163,"VBD"
231164,"RP"
231165,"PRP$"
231166,"NN"
231167,"RB"
231168,"IN"
231169,"CD"
231170,","
231171,"IN"
231172,"DT"
231173,"NN"
231174,"VBD"
231175,"TO"
231176,"VB"
231177,"DT"
231178,"NN"
231179,"NN"
231180,"POS"
231181,"NN"
231182,"RB"
231183,"RB"
231184,"IN"
231185,"NNP"
231186,"NNP"
231187,"VBD"
231188,"."
231189,"``"
231190,"PRP"
231191,"VBD"
231192,"RB"
231193,"JJ"
231194,"IN"
231195,"DT"
231196,","
231197,"VBD"
231198,"PRP$"
231199,"NN"
231200,"CC"
231201,"VBD"
231202,"DT"
231203,"NN"
231204,"IN"
231205,"NNS"
231206,"IN"
231207,"PRP"
231208,"VBD"
231209,"DT"
231210,"NN"
231211,","
231212,"''"
231213,"NNP"
231214,"NNP"
231215,"VBZ"
231216,"."
231217,"IN"
231218,"NNP"
231219,","
231220,"NNP"
231221,"NNS"
231222,"VBD"
231223,"IN"
231224,"NNP"
231225,"NNP"
231226,"VBD"
231227,"$"
231228,"CD"
231229,"IN"
231230,"JJ"
231231,"NNS"
231232,"TO"
231233,"CD"
231234,"JJ"
231235,"NN"
231236,"NN"
231237,"NNS"
231238,"IN"
231239,"CD"
231240,"CC"
231241,"CD"
231242,"IN"
231243,"DT"
231244,"NN"
231245,"IN"
231246,"NNP"
231247,"NNP"
231248,","
231249,"WP"
231250,"VBD"
231251,"IN"
231252,"VBG"
231253,"DT"
231254,"NN"
231255,"VBD"
231256,"``"
231257,"DT"
231258,"JJ"
231259,"JJ"
231260,"NN"
231261,"TO"
231262,"VB"
231263,"RB"
231264,"."
231265,"''"
231266,"IN"
231267,"NN"
231268,","
231269,"NNP"
231270,"NNP"
231271,"VBD"
231272,"$"
231273,"CD"
231274,"IN"
231275,"NN"
231276,"NNS"
231277,"IN"
231278,"NNP"
231279,"NNP"
231280,","
231281,"CC"
231282,"DT"
231283,"NNP"
231284,"NNP"
231285,"NN"
231286,"VBD"
231287,"$"
231288,"CD"
231289,"IN"
231290,"JJ"
231291,"NNS"
231292,"IN"
231293,"DT"
231294,"CD"
231295,"NN"
231296,"NN"
231297,"WDT"
231298,"VBD"
231299,"DT"
231300,"NN"
231301,"POS"
231302,"NN"
231303,"NN"
231304,"IN"
231305,"NN"
231306,"."
231307,"RB"
231308,"IN"
231309,"NNP"
231310,","
231311,"NNP"
231312,"NNS"
231313,"VBD"
231314,"$"
231315,"CD"
231316,"IN"
231317,"JJ"
231318,"NNS"
231319,"IN"
231320,"NNP"
231321,"NNP"
231322,"TO"
231323,"DT"
231324,"NNP"
231325,"NNP"
231326,"IN"
231327,"NNP"
231328,"NNP"
231329,","
231330,"DT"
231331,"JJ"
231332,"NN"
231333,"VBN"
231334,"IN"
231335,"NNP"
231336,"NNP"
231337,"."
231338,"DT"
231339,"VBD"
231340,"IN"
231341,"NN"
231342,"TO"
231343,"$"
231344,"CD"
231345,"IN"
231346,"JJ"
231347,"NN"
231348,"NNS"
231349,"VBN"
231350,"IN"
231351,"NNP"
231352,"NNP"
231353,"TO"
231354,"DT"
231355,"NNP"
231356,"NN"
231357,"."
231358,"NNP"
231359,"NNP"
231360,"VBD"
231361,"DT"
231362,"NNP"
231363,"NNP"
231364,"NNP"
231365,"MD"
231366,"VB"
231367,"DT"
231368,"JJ"
231369,"JJ"
231370,"NN"
231371,"TO"
231372,"VB"
231373,"DT"
231374,"NN"
231375,","
231376,"RB"
231377,"VBD"
231378,"VBN"
231379,"IN"
231380,"DT"
231381,"NN"
231382,"IN"
231383,"JJ"
231384,"NNP"
231385,"NNP"
231386,"NNP"
231387,"NNP"
231388,"."
231389,"NNP"
231390,"NNP"
231391,","
231392,"NN"
231393,"NN"
231394,"IN"
231395,"DT"
231396,"NNS"
231397,"NN"
231398,","
231399,"MD"
231400,"RB"
231401,"VB"
231402,"."
231403,"NNP"
231404,"NNP"
231405,"VBD"
231406,"PRP"
231407,"MD"
231408,"VB"
231409,"IN"
231410,"DT"
231411,"NN"
231412,","
231413,"CC"
231414,"IN"
231415,"PRP$"
231416,"NN"
231417,"VBD"
231418,"VBN"
231419,"``"
231420,"RB"
231421,"JJ"
231422,"."
231423,"''"
231424,"NNP"
231425,"NNP"
231426,"VBD"
231427,"PRP"
231428,"VBD"
231429,"VBN"
231430,"``"
231431,"RB"
231432,"JJ"
231433,"''"
231434,"IN"
231435,"DT"
231436,"NN"
231437,"IN"
231438,"DT"
231439,"NN"
231440,"IN"
231441,"PRP"
231442,"MD"
231443,"VB"
231444,"TO"
231445,"VB"
231446,"JJ"
231447,","
231448,"CC"
231449,"VBD"
231450,"PRP"
231451,"VBD"
231452,"``"
231453,"RB"
231454,"JJ"
231455,"''"
231456,"IN"
231457,"PRP"
231458,"TO"
231459,"VB"
231460,"JJ"
231461,"NN"
231462,"IN"
231463,"DT"
231464,"NN"
231465,"."
231466,"NNP"
231467,"NNP"
231468,"VBD"
231469,"PRP"
231470,"VBD"
231471,"RB"
231472,"VBN"
231473,"DT"
231474,"JJ"
231475,"NN"
231476,"IN"
231477,"PRP$"
231478,"NN"
231479,"IN"
231480,"DT"
231481,"NN"
231482,"CC"
231483,"``"
231484,"PRP"
231485,"VBP"
231486,"RB"
231487,"VBN"
231488,"TO"
231489,"VB"
231490,"DT"
231491,"NN"
231492,"NN"
231493,"IN"
231494,"DT"
231495,"NNS"
231496,"IN"
231497,"DT"
231498,"NNP"
231499,"NNP"
231500,"NNP"
231501,"."
231502,"''"
231503,"NNP"
231504,"NNP"
231505,"VBD"
231506,","
231507,"``"
231508,"WRB"
231509,"PDT"
231510,"VBZ"
231511,"VBD"
231512,"CC"
231513,"VBN"
231514,","
231515,"PRP"
231516,"VBP"
231517,"TO"
231518,"VB"
231519,"RB"
231520,"JJ"
231521,"."
231522,"''"
231523,"NNP"
231524,"NNP"
231525,","
231526,"WP"
231527,"VBD"
231528,"RB"
231529,"VBD"
231530,"PRP$"
231531,"NN"
231532,"TO"
231533,"DT"
231534,"NNP"
231535,"NNP"
231536,"IN"
231537,"NNP"
231538,"IN"
231539,"DT"
231540,"NN"
231541,"IN"
231542,"NNP"
231543,"NNP"
231544,","
231545,"VBD"
231546,"PRP$"
231547,"NN"
231548,"IN"
231549,"CD"
231550,"IN"
231551,"JJ"
231552,"NNS"
231553,"TO"
231554,"VB"
231555,"."
231556,"``"
231557,"WRB"
231558,"VBD"
231559,"RB"
231560,"DT"
231561,"NNP"
231562,"NNP"
231563,"NN"
231564,"RBR"
231565,"."
231566,"''"
231567,"PRP"
231568,"VBD"
231569,"."
231570,"``"
231571,"DT"
231572,"VBZ"
231573,"WP"
231574,"JJ"
231575,"VB"
231576,"MD"
231577,"VB"
231578,"VB"
231579,"VBN"
231580,"."
231581,"O"
231582,"NNP"
231583,"NNP"
231584,"NNP"
231585,"VBD"
231586,"PRP"
231587,"VBD"
231588,"DT"
231589,"JJ"
231590,"NN"
231591,"TO"
231592,"VB"
231593,"CD"
231594,"NN"
231595,"NN"
231596,"NNS"
231597,"IN"
231598,"NNP"
231599,"NNP"
231600,"NNP"
231601,"."
231602,"NNP"
231603,"VBD"
231604,"DT"
231605,"NN"
231606,"IN"
231607,"DT"
231608,"NN"
231609,"IN"
231610,"JJR"
231611,"IN"
231612,"$"
231613,"CD"
231614,"CD"
231615,"."
231616,"NNP"
231617,"VBD"
231618,"PRP"
231619,"VBZ"
231620,"TO"
231621,"VB"
231622,"NN"
231623,"IN"
231624,"DT"
231625,"JJ"
231626,"NNS"
231627,"IN"
231628,"DT"
231629,"JJ"
231630,"NN"
231631,"IN"
231632,"CD"
231633,"."
231634,"PRP"
231635,"VBD"
231636,"DT"
231637,"CD"
231638,"NN"
231639,"NNS"
231640,"VBP"
231641,"IN"
231642,"NN"
231643,"TO"
231644,"DT"
231645,"JJ"
231646,"NN"
231647,"NN"
231648,"NNS"
231649,"RB"
231650,"VBG"
231651,"VBN"
231652,"IN"
231653,"NNP"
231654,"NNP"
231655,","
231656,"DT"
231657,"NNP"
231658,","
231659,"JJ"
231660,"NN"
231661,"NN"
231662,"."
231663,"O"
231664,"WRB"
231665,"NNP"
231666,"VBD"
231667,"PRP$"
231668,"NNS"
231669,"TO"
231670,"JJ"
231671,"NNS"
231672,"IN"
231673,"CD"
231674,","
231675,"NN"
231676,"NNS"
231677,"IN"
231678,"NNP"
231679,"NNP"
231680,"VBD"
231681,"IN"
231682,"DT"
231683,"JJ"
231684,"TO"
231685,"VB"
231686,"IN"
231687,"."
231688,"NNP"
231689,","
231690,"IN"
231691,"IN"
231692,"CD"
231693,"NN"
231694,"IN"
231695,"DT"
231696,"NNS"
231697,"POS"
231698,"NNS"
231699,"VBG"
231700,"VBN"
231701,"IN"
231702,"NNP"
231703,","
231704,"DT"
231705,"NN"
231706,"IN"
231707,"DT"
231708,"NNP"
231709,"NNP"
231710,"NNPS"
231711,"NNP"
231712,","
231713,"NNP"
231714,"NNP"
231715,","
231716,"VBZ"
231717,"VBN"
231718,"DT"
231719,"JJ"
231720,"NN"
231721,"NN"
231722,":"
231723,"``"
231724,"NNP"
231725,"IN"
231726,"NNP"
231727,"IN"
231728,"NNP"
231729,"NNP"
231730,"NNP"
231731,"."
231732,"''"
231733,"DT"
231734,"NN"
231735,"NNS"
231736,"VBD"
231737,"VBN"
231738,"IN"
231739,"DT"
231740,"NN"
231741,"IN"
231742,"JJ"
231743,"NN"
231744,"CC"
231745,"NN"
231746,"NNS"
231747,"IN"
231748,"DT"
231749,"JJ"
231750,"NN"
231751,"."
231752,"CC"
231753,"IN"
231754,"DT"
231755,"NN"
231756,"IN"
231757,"DT"
231758,"NNS"
231759,"IN"
231760,"NNP"
231761,"IN"
231762,"NNP"
231763,"CD"
231764,","
231765,"DT"
231766,"NNP"
231767,"NNP"
231768,"NN"
231769,"NN"
231770,"VBZ"
231771,"VBG"
231772,"IN"
231773,"PRP$"
231774,"JJ"
231775,"NN"
231776,"IN"
231777,"NNP"
231778,"."
231779,"IN"
231780,"DT"
231781,"NNS"
231782,"NN"
231783,"IN"
231784,"NN"
231785,"VBZ"
231786,"RB"
231787,"VBN"
231788,"VBN"
231789,"IN"
231790,"NNP"
231791,"POS"
231792,"JJ"
231793,"NN"
231794,","
231795,"PRP"
231796,"VBP"
231797,"VBG"
231798,"IN"
231799,"JJ"
231800,"NNS"
231801,"."
231802,"DT"
231803,"NN"
231804,"NNS"
231805,","
231806,"CC"
231807,"PRP$"
231808,"JJ"
231809,"NNS"
231810,","
231811,"VBP"
231812,"NN"
231813,"IN"
231814,"NNP"
231815,"POS"
231816,"JJ"
231817,"CC"
231818,"JJ"
231819,"NNS"
231820,"."
231821,"``"
231822,"NN"
231823,"VBZ"
231824,"TO"
231825,"VB"
231826,"DT"
231827,"PRP$"
231828,"NNS"
231829,"IN"
231830,"NN"
231831,"NN"
231832,","
231833,"''"
231834,"VBZ"
231835,"NNP"
231836,"NNP"
231837,","
231838,"NN"
231839,"CC"
231840,"JJ"
231841,"NN"
231842,"NN"
231843,"IN"
231844,"NNP"
231845,"NNP"
231846,"NNP"
231847,"NNP"
231848,"."
231849,"RB"
231850,","
231851,"NNP"
231852,"CC"
231853,"JJ"
231854,"JJ"
231855,"NNP"
231856,"NNP"
231857,"NN"
231858,"NNS"
231859,"VBD"
231860,"VBG"
231861,"IN"
231862,"NNS"
231863,"IN"
231864,"NNP"
231865,"NNP"
231866,","
231867,"RB"
231868,"IN"
231869,"NNP"
231870,","
231871,"RB"
231872,"IN"
231873,"DT"
231874,"NN"
231875,"."
231876,"PRP$"
231877,"NNS"
231878,"VBD"
231879,"RB"
231880,"VBN"
231881,"IN"
231882,"NN"
231883,"IN"
231884,"DT"
231885,"NN"
231886,"IN"
231887,"NN"
231888,"NNS"
231889,"IN"
231890,"JJ"
231891,"NNP"
231892,"."
231893,"IN"
231894,"VBG"
231895,"NN"
231896,"NNS"
231897,","
231898,"DT"
231899,"NN"
231900,"NNS"
231901,"VBP"
231902,"RB"
231903,"VB"
231904,"TO"
231905,"VB"
231906,"IN"
231907,"NNP"
231908,","
231909,"NNS"
231910,"CC"
231911,"JJ"
231912,"NNS"
231913,"VBP"
231914,"."
231915,"PRP"
231916,"MD"
231917,"RB"
231918,"VB"
231919,"JJ"
231920,"TO"
231921,"VB"
231922,"RB"
231923,"DT"
231924,"NN"
231925,"NN"
231926,"VBD"
231927,"RB"
231928,"IN"
231929,"JJ"
231930,"NNP"
231931,"IN"
231932,"DT"
231933,"JJ"
231934,"NN"
231935,"."
231936,"DT"
231937,"NN"
231938,"IN"
231939,"JJ"
231940,"NN"
231941,"CC"
231942,"DT"
231943,"NN"
231944,"TO"
231945,"NNP"
231946,"NNP"
231947,"POS"
231948,"NN"
231949,","
231950,"NN"
231951,","
231952,"NNS"
231953,"CC"
231954,"NN"
231955,"NNS"
231956,","
231957,"JJ"
231958,"IN"
231959,"NN"
231960,"NNS"
231961,","
231962,"VBP"
231963,"VBN"
231964,"NNP"
231965,"POS"
231966,"JJ"
231967,"NN"
231968,"DT"
231969,"NN"
231970,"NN"
231971,"NN"
231972,"."
231973,"``"
231974,"NNP"
231975,"NNP"
231976,"VBZ"
231977,"DT"
231978,"RBS"
231979,"JJ"
231980,"NN"
231981,"IN"
231982,"NNS"
231983,"IN"
231984,"DT"
231985,"NN"
231986,","
231987,"''"
231988,"VBZ"
231989,"NNP"
231990,"NNP"
231991,","
231992,"NN"
231993,"NN"
231994,"IN"
231995,"NNP"
231996,"NNP"
231997,"NNPS"
231998,"NNP"
231999,"NNP"
232000,"."
232001,"NNP"
232002,"NNP"
232003,"NN"
232004,"NNS"
232005,"VBP"
232006,"DT"
232007,"NN"
232008,"NNS"
232009,"POS"
232010,"NN"
232011,"IN"
232012,"NNS"
232013,"IN"
232014,"DT"
232015,"NN"
232016,"."
232017,"IN"
232018,"CD"
232019,","
232020,"NNS"
232021,"IN"
232022,"RB"
232023,"VBN"
232024,"NNS"
232025,"CC"
232026,"NNS"
232027,"VBD"
232028,"CD"
232029,"NN"
232030,"IN"
232031,"CD"
232032,","
232033,"TO"
232034,"$"
232035,"CD"
232036,"CD"
232037,"("
232038,"$"
232039,"CD"
232040,"CD"
232041,")"
232042,"."
232043,"CC"
232044,"NNS"
232045,","
232046,"RB"
232047,"IN"
232048,"NNP"
232049,","
232050,"VBD"
232051,"CD"
232052,"NN"
232053,","
232054,"TO"
232055,"$"
232056,"CD"
232057,"CD"
232058,"."
232059,"IN"
232060,"NNP"
232061,"POS"
232062,"JJ"
232063,"CD"
232064,"NNS"
232065,","
232066,"JJ"
232067,"NNS"
232068,"VBD"
232069,"CD"
232070,"NN"
232071,","
232072,"TO"
232073,"$"
232074,"CD"
232075,"CD"
232076,","
232077,"IN"
232078,"NNS"
232079,"VBD"
232080,"CD"
232081,"NN"
232082,","
232083,"TO"
232084,"$"
232085,"CD"
232086,"CD"
232087,"."
232088,"NNS"
232089,"VBP"
232090,"EX"
232091,"VBZ"
232092,"DT"
232093,"JJ"
232094,"NN"
232095,"IN"
232096,"JJ"
232097,"NNP"
232098,","
232099,"WRB"
232100,"DT"
232101,"JJ"
232102,"CD"
232103,"NNS"
232104,"VBP"
232105,"VBN"
232106,"IN"
232107,"DT"
232108,"NN"
232109,"NN"
232110,"."
232111,"``"
232112,"IN"
232113,"DT"
232114,"JJ"
232115,"JJ"
232116,"NNS"
232117,","
232118,"IN"
232119,"PRP"
232120,"CC"
232121,"RB"
232122,","
232123,"NNP"
232124,"VBZ"
232125,"VBG"
232126,"TO"
232127,"VB"
232128,"DT"
232129,"JJ"
232130,"NN"
232131,","
232132,"''"
232133,"VBZ"
232134,"NNP"
232135,"NNP"
232136,","
232137,"NN"
232138,"NN"
232139,"IN"
232140,"NNP"
232141,"NNP"
232142,"NNP"
232143,","
232144,"NN"
232145,"IN"
232146,"DT"
232147,"JJ"
232148,"JJ"
232149,"NNP"
232150,"NNP"
232151,"NN"
232152,"NNS"
232153,"TO"
232154,"VB"
232155,"IN"
232156,"DT"
232157,"NN"
232158,"."
232159,"IN"
232160,"DT"
232161,"NN"
232162,","
232163,"IN"
232164,"NNS"
232165,"CC"
232166,"NNS"
232167,"VBP"
232168,"JJ"
232169,"NNS"
232170,","
232171,"PRP"
232172,"VBP"
232173,"VBG"
232174,"RB"
232175,"IN"
232176,"NNP"
232177,"NNP"
232178,"."
232179,"JJ"
232180,"JJ"
232181,"NNS"
232182,"VBP"
232183,"VBN"
232184,"VBG"
232185,"JJ"
232186,"NNS"
232187,"IN"
232188,"NNP"
232189,","
232190,"VBG"
232191,"NNP"
232192,","
232193,"NNP"
232194,"NNP"
232195,"CC"
232196,"NNP"
232197,"NNP"
232198,"NNP"
232199,","
232200,"DT"
232201,"NN"
232202,"NN"
232203,"VBN"
232204,"IN"
232205,"NNP"
232206,"NNP"
232207,"."
232208,"NNP"
232209,","
232210,"DT"
232211,"NNP"
232212,"CC"
232213,"NNP"
232214,"RB"
232215,"VBP"
232216,"VBG"
232217,"VBN"
232218,"."
232219,"IN"
232220,"DT"
232221,"NNP"
232222,"NNP"
232223,"VBD"
232224,"TO"
232225,"VB"
232226,"PRP$"
232227,"JJ"
232228,"NN"
232229,"NNS"
232230,"IN"
232231,"CD"
232232,","
232233,"JJ"
232234,"NNP"
232235,"NNP"
232236,"NNS"
232237,"VBP"
232238,"VBG"
232239,"TO"
232240,"VB"
232241,"NNP"
232242,","
232243,"NNP"
232244,"CC"
232245,"NNP"
232246,"IN"
232247,"JJ"
232248,"NN"
232249,"NNS"
232250,"."
232251,"NNS"
232252,"IN"
232253,"NNP"
232254,"VBD"
232255,"RB"
232256,"IN"
232257,"NNP"
232258,"NNP"
232259,"POS"
232260,"NN"
232261,"NN"
232262,"VBD"
232263,"VBG"
232264,"IN"
232265,"DT"
232266,"CD"
232267,"NNS"
232268,"NN"
232269,"CC"
232270,"NN"
232271,"NNS"
232272,"IN"
232273,"CD"
232274,"JJ"
232275,"NNP"
232276,"NNS"
232277,","
232278,"NNS"
232279,"IN"
232280,"NNP"
232281,"NNP"
232282,"CC"
232283,"NNP"
232284,"NNP"
232285,"NNP"
232286,"."
232287,"NNP"
232288,"NNP"
232289,"NNS"
232290,"VBP"
232291,"JJ"
232292,"NN"
232293,"NNS"
232294,"CC"
232295,"JJ"
232296,"JJ"
232297,"NNS"
232298,"VBG"
232299,"IN"
232300,"DT"
232301,"CD"
232302,"NNS"
232303,"VBD"
232304,"DT"
232305,"JJ"
232306,"NN"
232307,","
232308,"VBG"
232309,"PRP"
232310,"TO"
232311,"VB"
232312,"NN"
232313,"NNS"
232314,"CC"
232315,"JJ"
232316,"NN"
232317,"."
232318,"DT"
232319,"NN"
232320,"VBZ"
232321,"JJ"
232322,"NN"
232323,"CC"
232324,"DT"
232325,"NN"
232326,"IN"
232327,"DT"
232328,"NN"
232329,"IN"
232330,"NN"
232331,"WDT"
232332,"MD"
232333,"VB"
232334,"TO"
232335,"JJ"
232336,"NNS"
232337,"."
232338,"RB"
232339,","
232340,"PRP"
232341,"RB"
232342,"IN"
232343,"DT"
232344,"``"
232345,"JJ"
232346,"''"
232347,"NN"
232348,"TO"
232349,"VB"
232350,"JJ"
232351,"NNS"
232352,"IN"
232353,"DT"
232354,"NNP"
232355,","
232356,"NNP"
232357,"NNP"
232358,"POS"
232359,"JJS"
232360,"NN"
232361,"IN"
232362,"NNS"
232363,"CC"
232364,"NNS"
232365,"."
232366,"DT"
232367,"JJS"
232368,"NN"
232369,"DT"
232370,"NN"
232371,"POS"
232372,"NNS"
232373,"VBP"
232374,"TO"
232375,"DT"
232376,"NNP"
232377,"VBD"
232378,"DT"
232379,"NN"
232380,"VBZ"
232381,"DT"
232382,"JJ"
232383,"NN"
232384,"NN"
232385,"VBZ"
232386,"NN"
232387,"IN"
232388,"NN"
232389,"NNS"
232390,"VBN"
232391,"IN"
232392,"NNP"
232393,"NNP"
232394,"NNP"
232395,"."
232396,"VBN"
232397,"IN"
232398,"NNP"
232399,","
232400,"DT"
232401,"NNP"
232402,"NN"
232403,"NNS"
232404,"VBP"
232405,"VBN"
232406,"IN"
232407,"DT"
232408,"JJ"
232409,"JJ"
232410,"NN"
232411,"CC"
232412,"NN"
232413,"NN"
232414,"."
232415,"NNP"
232416,"NNP"
232417,","
232418,"NN"
232419,"NN"
232420,"IN"
232421,"NNP"
232422,","
232423,"VBZ"
232424,"CD"
232425,"CD"
232426,"FW"
232427,"FW"
232428,"VBP"
232429,"VBN"
232430,"VBN"
232431,","
232432,"VBG"
232433,"DT"
232434,"JJ"
232435,"NNS"
232436,"IN"
232437,"DT"
232438,"CD"
232439,"JJ"
232440,"NNS"
232441,"IN"
232442,"DT"
232443,"NNP"
232444,"."
232445,"MD"
232446,"NNS"
232447,"VBP"
232448,"TO"
232449,"VB"
232450,"JJ"
232451,"IN"
232452,"DT"
232453,"NNP"
232454,"NN"
232455,","
232456,"WDT"
232457,"VBZ"
232458,"IN"
232459,"IN"
232460,"CD"
232461,"NN"
232462,"IN"
232463,"NNP"
232464,"JJ"
232465,"NN"
232466,"NNS"
232467,","
232468,"NNP"
232469,"NNP"
232470,"VBD"
232471,"DT"
232472,"NNP"
232473,"NNP"
232474,"MD"
232475,"VB"
232476,"CD"
232477,"DT"
232478,"NN"
232479,"NNS"
232480,"NN"
232481,"IN"
232482,"NNP"
232483,"."
232484,"NNP"
232485,"NNP"
232486,"NNP"
232487,"NNS"
232488,"VBP"
232489,"PRP$"
232490,"NNS"
232491,"TO"
232492,"VB"
232493,"RB"
232494,"RB"
232495,"DT"
232496,"NN"
232497,"IN"
232498,"CD"
232499,"."
232500,"IN"
232501,"DT"
232502,"NN"
232503,"IN"
232504,"DT"
232505,"JJ"
232506,"NN"
232507,","
232508,"PRP"
232509,"VBP"
232510,"DT"
232511,"JJ"
232512,"NN"
232513,"IN"
232514,"DT"
232515,"JJ"
232516,"NN"
232517,"IN"
232518,"NNP"
232519,"NNP"
232520,"NNP"
232521,","
232522,"DT"
232523,"JJ"
232524,"NN"
232525,"NN"
232526,"VBN"
232527,"IN"
232528,"NNP"
232529,"NNP"
232530,"IN"
232531,"NNP"
232532,"."
232533,"NN"
232534,"NNS"
232535,"VBP"
232536,"JJ"
232537,"NN"
232538,"VBD"
232539,"TO"
232540,"VB"
232541,"IN"
232542,"JJ"
232543,"NNS"
232544,"."
232545,"JJ"
232546,"IN"
232547,"DT"
232548,"NN"
232549,"NNS"
232550,"POS"
232551,"NNS"
232552,"VBD"
232553,"RB"
232554,"IN"
232555,"NNP"
232556,"CD"
232557,"IN"
232558,"DT"
232559,"NN"
232560,"IN"
232561,"JJ"
232562,"NN"
232563,"CC"
232564,"NNP"
232565,"POS"
232566,"NN"
232567,"NNS"
232568,"VBD"
232569,"RB"
232570,"JJ"
232571,"NN"
232572,"."
232573,"JJ"
232574,"NNS"
232575,"VBP"
232576,"DT"
232577,"NN"
232578,"IN"
232579,"NNP"
232580,"VBZ"
232581,"VBN"
232582,"VBN"
232583,"RB"
232584,"CD"
232585,"NNS"
232586,"DT"
232587,"NN"
232588,"IN"
232589,"JJ"
232590,"NNS"
232591,","
232592,"RB"
232593,"IN"
232594,"CD"
232595,"NNS"
232596,"DT"
232597,"NN"
232598,","
232599,"IN"
232600,"DT"
232601,"NN"
232602,"POS"
232603,"JJ"
232604,"NN"
232605,"VBZ"
232606,"VBN"
232607,"PRP$"
232608,"VBG"
232609,"NN"
232610,"."
232611,"NNS"
232612,"VBP"
232613,"VBG"
232614,"JJ"
232615,"NN"
232616,"NNS"
232617,"."
232618,"NNP"
232619,"NN"
232620,"IN"
232621,"NNP"
232622,"NNS"
232623,"PDT"
232624,"CC"
232625,"VBN"
232626,"RP"
232627,"VBG"
232628,"NNP"
232629,"LS"
232630,"."
232631,"RB"
232632,","
232633,"NN"
232634,"VBZ"
232635,"IN"
232636,"DT"
232637,"NNP"
232638,"NNP"
232639,"NN"
232640,"MD"
232641,"VB"
232642,"PRP$"
232643,"NN"
232644,"IN"
232645,"NNP"
232646,","
232647,"WDT"
232648,"VBZ"
232649,"VBN"
232650,"DT"
232651,"JJ"
232652,"NN"
232653,"IN"
232654,"DT"
232655,"JJ"
232656,"NN"
232657,"CC"
232658,"JJ"
232659,"NNS"
232660,"."
232661,"CC"
232662,","
232663,"NN"
232664,"NNS"
232665,"CC"
232666,"JJ"
232667,"NNS"
232668,"VBP"
232669,"NNP"
232670,"MD"
232671,"VB"
232672,"VBN"
232673,"IN"
232674,"NN"
232675,"NNS"
232676,"IN"
232677,"JJ"
232678,"JJ"
232679,"NNP"
232680,"."
232681,"PRP"
232682,"VBP"
232683,"NNP"
232684,"POS"
232685,"NN"
232686,"NN"
232687,"VBZ"
232688,"NN"
232689,"CC"
232690,"DT"
232691,"NN"
232692,"VBZ"
232693,"RB"
232694,"JJ"
232695,"IN"
232696,"JJ"
232697,"NN"
232698,"IN"
232699,"PRP"
232700,"TO"
232701,"VB"
232702,"NN"
232703,"IN"
232704,"NNP"
232705,"."
232706,"``"
232707,"DT"
232708,"JJ"
232709,"NNS"
232710,"VBP"
232711,"TO"
232712,"VB"
232713,"IN"
232714,"PRP"
232715,"VBP"
232716,"NN"
232717,"CC"
232718,"IN"
232719,"DT"
232720,"VBP"
232721,"NNS"
232722,","
232723,"''"
232724,"VBZ"
232725,"NNP"
232726,"NNP"
232727,"IN"
232728,"NNP"
232729,"."
232730,"O"
232731,"DT"
232732,"NNP"
232733,"NN"
232734,","
232735,"VBG"
232736,"DT"
232737,"NNP"
232738,"NNP"
232739,"TO"
232740,"VB"
232741,"NNS"
232742,"JJR"
232743,"NN"
232744,"TO"
232745,"VB"
232746,"NNS"
232747,","
232748,"VBD"
232749,"NNS"
232750,"VBP"
232751,"RB"
232752,"DT"
232753,"NN"
232754,"TO"
232755,"NN"
232756,"IN"
232757,"DT"
232758,"NN"
232759,"IN"
232760,"PRP$"
232761,"NNS"
232762,"."
232763,"NNP"
232764,"NNP"
232765,"NNP"
232766,"NNP"
232767,"VBD"
232768,"IN"
232769,"DT"
232770,"CD"
232771,"NNP"
232772,"NNP"
232773,"NN"
232774,","
232775,"NNP"
232776,"CC"
232777,"NNP"
232778,","
232779,"VBG"
232780,"DT"
232781,"JJ"
232782,"NN"
232783,"TO"
232784,"NN"
232785,","
232786,"VBD"
232787,"JJ"
232788,"."
232789,"PRP"
232790,"RB"
232791,"VBD"
232792,"IN"
232793,"DT"
232794,"JJ"
232795,"NN"
232796,"VBD"
232797,"JJ"
232798,"IN"
232799,"CD"
232800,"TO"
232801,"VB"
232802,"DT"
232803,"NNS"
232804,"VBP"
232805,"DT"
232806,"NN"
232807,"TO"
232808,"NN"
232809,"WDT"
232810,"MD"
232811,"RB"
232812,"VB"
232813,"RB"
232814,"VBN"
232815,"IN"
232816,"PRP$"
232817,"NNS"
232818,"."
232819,"DT"
232820,"NN"
232821,"POS"
232822,"NN"
232823,"VBD"
232824,"VBN"
232825,"IN"
232826,"DT"
232827,"JJ"
232828,"NN"
232829,"VBN"
232830,"IN"
232831,"CD"
232832,"IN"
232833,"CD"
232834,"NN"
232835,"NNS"
232836,"DT"
232837,"NNP"
232838,"NNP"
232839,"MD"
232840,"VB"
232841,"VBN"
232842,"CC"
232843,"MD"
232844,"VB"
232845,"DT"
232846,"NN"
232847,"."
232848,"DT"
232849,"NN"
232850,"VBD"
232851,"DT"
232852,"NN"
232853,"IN"
232854,"DT"
232855,"NN"
232856,"VBG"
232857,"DT"
232858,"NNP"
232859,"NN"
232860,"WDT"
232861,"VBZ"
232862,"IN"
232863,"DT"
232864,"NNS"
232865,"IN"
232866,"DT"
232867,"JJ"
232868,"VB"
232869,"VBN"
232870,"IN"
232871,"PRP"
232872,"MD"
232873,"VB"
232874,"DT"
232875,"NN"
232876,"."
232877,"DT"
232878,"NN"
232879,"VBD"
232880,"DT"
232881,"NNS"
232882,"TO"
232883,"VB"
232884,"DT"
232885,"JJ"
232886,"NN"
232887,"VBN"
232888,"IN"
232889,"NNP"
232890,"NNP"
232891,"NNP"
232892,"NNP"
232893,"JJ"
232894,"NNP"
232895,"WRB"
232896,"DT"
232897,"JJ"
232898,"NN"
232899,"VBD"
232900,"NNP"
232901,"POS"
232902,"NN"
232903,"NNS"
232904,"."
232905,"IN"
232906,"DT"
232907,"NN"
232908,","
232909,"WDT"
232910,"VBD"
232911,"DT"
232912,"NNS"
232913,"IN"
232914,"RB"
232915,"CD"
232916,"IN"
232917,"DT"
232918,"CD"
232919,"NNS"
232920,","
232921,"DT"
232922,"NN"
232923,"NN"
232924,"IN"
232925,"NN"
232926,"VBZ"
232927,"JJ"
232928,"IN"
232929,"DT"
232930,"NN"
232931,"VBZ"
232932,"DT"
232933,"``"
232934,"JJ"
232935,"''"
232936,"NN"
232937,"IN"
232938,"VBG"
232939,"PRP"
232940,"."
232941,"DT"
232942,"VBZ"
232943,"DT"
232944,"RB"
232945,"JJR"
232946,"NN"
232947,"IN"
232948,"DT"
232949,"NN"
232950,"TO"
232951,"VB"
232952,"IN"
232953,"DT"
232954,"NNP"
232955,"NNP"
232956,"POS"
232957,"NN"
232958,"IN"
232959,"CD"
232960,","
232961,"WDT"
232962,"VBZ"
232963,"DT"
232964,"NN"
232965,"TO"
232966,"VB"
232967,"DT"
232968,"``"
232969,"JJ"
232970,"''"
232971,"NN"
232972,"IN"
232973,"VBG"
232974,"NN"
232975,"."
232976,"IN"
232977,"DT"
232978,"NNS"
232979,"IN"
232980,"DT"
232981,"NNP"
232982,"NNP"
232983,","
232984,"DT"
232985,"NNP"
232986,"NN"
232987,"VBD"
232988,"IN"
232989,"VBG"
232990,"IN"
232991,"DT"
232992,"NNS"
232993,"VB"
232994,"VBN"
232995,"VBZ"
232996,"DT"
232997,"JJ"
232998,"NN"
232999,","
233000,"CC"
233001,"IN"
233002,"EX"
233003,"VBZ"
233004,"DT"
233005,"NN"
233006,"TO"
233007,"VB"
233008,"DT"
233009,"NN"
233010,"WDT"
233011,"VBZ"
233012,"NNS"
233013,"TO"
233014,"VB"
233015,"TO"
233016,"NN"
233017,"IN"
233018,"DT"
233019,"NN"
233020,"POS"
233021,"NN"
233022,"RB"
233023,"."
233024,"DT"
233025,"NN"
233026,","
233027,"NNP"
233028,"CC"
233029,"NNP"
233030,","
233031,"MD"
233032,"VB"
233033,"VBN"
233034,"NNP"
233035,"CD"
233036,"."
233037,"O"
233038,"NNP"
233039,"NNP"
233040,"IN"
233041,"NNP"
233042,","
233043,"VBD"
233044,"RB"
233045,"IN"
233046,"DT"
233047,"NN"
233048,"IN"
233049,"DT"
233050,"NN"
233051,"RB"
233052,","
233053,"VBD"
233054,"JJ"
233055,"NN"
233056,"IN"
233057,"DT"
233058,"JJ"
233059,"NN"
233060,"VBD"
233061,"CD"
233062,"NN"
233063,"TO"
233064,"$"
233065,"CD"
233066,"CD"
233067,","
233068,"CC"
233069,"$"
233070,"CD"
233071,"DT"
233072,"NN"
233073,"."
233074,"DT"
233075,"NN"
233076,"POS"
233077,"NN"
233078,"CD"
233079,"NN"
233080,"NN"
233081,"VBD"
233082,"$"
233083,"CD"
233084,"CD"
233085,","
233086,"CC"
233087,"$"
233088,"CD"
233089,"DT"
233090,"NN"
233091,","
233092,"DT"
233093,"NN"
233094,"RBR"
233095,"."
233096,"NNP"
233097,"VBD"
233098,"CD"
233099,"NN"
233100,"TO"
233101,"$"
233102,"CD"
233103,"CD"
233104,"IN"
233105,"$"
233106,"CD"
233107,"CD"
233108,"."
233109,"NNS"
233110,","
233111,"WP"
233112,"VBD"
233113,"VBG"
233114,"NNP"
233115,"TO"
233116,"VB"
233117,"IN"
233118,"$"
233119,"CD"
233120,"TO"
233121,"$"
233122,"CD"
233123,"DT"
233124,"NN"
233125,","
233126,"VBD"
233127,"VBN"
233128,"IN"
233129,"DT"
233130,"JJ"
233131,"JJ"
233132,"NNS"
233133,"."
233134,"``"
233135,"PRP"
233136,"VBZ"
233137,"JJ"
233138,","
233139,"''"
233140,"VBD"
233141,"NNP"
233142,"NNP"
233143,","
233144,"DT"
233145,"NN"
233146,"IN"
233147,"NNP"
233148,"NNP"
233149,","
233150,"NNP"
233151,"NNP"
233152,"CC"
233153,"NNP"
233154,"."
233155,"RB"
233156,"IN"
233157,"DT"
233158,"NN"
233159,"NN"
233160,"VBD"
233161,"VBN"
233162,"IN"
233163,"JJ"
233164,"NN"
233165,"NNS"
233166,","
233167,"WDT"
233168,"VBD"
233169,"DT"
233170,"JJ"
233171,"NN"
233172,"IN"
233173,"$"
233174,"CD"
233175,"CD"
233176,","
233177,"CC"
233178,"CD"
233179,"NNS"
233180,"DT"
233181,"NN"
233182,","
233183,"VBN"
233184,"IN"
233185,"$"
233186,"CD"
233187,"CD"
233188,","
233189,"CC"
233190,"CD"
233191,"NNS"
233192,"DT"
233193,"NN"
233194,","
233195,"DT"
233196,"JJ"
233197,"NN"
233198,"."
233199,"NNP"
233200,"NNS"
233201,"IN"
233202,"NN"
233203,"NNS"
233204,"CC"
233205,"JJ"
233206,"NN"
233207,"NNS"
233208,"CC"
233209,"DT"
233210,"NN"
233211,"IN"
233212,"DT"
233213,"NN"
233214,"NN"
233215,"RB"
233216,"VBD"
233217,"TO"
233218,"VB"
233219,"NNS"
233220,","
233221,"DT"
233222,"NN"
233223,"VBD"
233224,"."
233225,"``"
233226,"IN"
233227,"NN"
233228,","
233229,"NNS"
233230,"VBD"
233231,"JJR"
233232,"RB"
233233,"JJ"
233234,"TO"
233235,"JJ"
233236,"NN"
233237,"NNS"
233238,"IN"
233239,"NN"
233240,"NN"
233241,","
233242,"''"
233243,"DT"
233244,"NN"
233245,"VBD"
233246,"."
233247,"VBG"
233248,"DT"
233249,"JJR"
233250,"NN"
233251,"NN"
233252,","
233253,"WDT"
233254,"VBD"
233255,"CD"
233256,"NN"
233257,"NNS"
233258,"TO"
233259,"CD"
233260,"NN"
233261,","
233262,"CC"
233263,"DT"
233264,"JJ"
233265,"NN"
233266,"NN"
233267,"NN"
233268,","
233269,"DT"
233270,"NN"
233271,"MD"
233272,"VB"
233273,"VBN"
233274,"NNS"
233275,"POS"
233276,"NNS"
233277,","
233278,"VBD"
233279,"NNP"
233280,"NNP"
233281,"NNP"
233282,","
233283,"DT"
233284,"NN"
233285,"IN"
233286,"NNP"
233287,","
233288,"NNP"
233289,"CC"
233290,"NNP"
233291,"."
233292,"VBG"
233293,"IN"
233294,"DT"
233295,"JJ"
233296,"NN"
233297,"VBZ"
233298,"RB"
233299,"DT"
233300,"NN"
233301,"NN"
233302,"VBZ"
233303,"JJ"
233304,","
233305,"NNP"
233306,"NNP"
233307,"VBD"
233308,","
233309,"``"
233310,"DT"
233311,"JJ"
233312,"NN"
233313,"VBZ"
233314,"RB"
233315,"DT"
233316,"NN"
233317,"IN"
233318,"NN"
233319,"IN"
233320,"PRP"
233321,"RB"
233322,"."
233323,"''"
233324,"RB"
233325,","
233326,"DT"
233327,"NN"
233328,"VBD"
233329,"NNS"
233330,"VBD"
233331,"RB"
233332,"RB"
233333,"TO"
233334,"CD"
233335,"JJ"
233336,"NNS"
233337,"IN"
233338,"CD"
233339,","
233340,"VBG"
233341,"DT"
233342,"NN"
233343,"IN"
233344,"DT"
233345,"JJ"
233346,"NN"
233347,"NN"
233348,"."
233349,"DT"
233350,"NNS"
233351,"VBD"
233352,"VBN"
233353,"IN"
233354,"DT"
233355,"NN"
233356,"NN"
233357,"VBD"
233358,"."
233359,"IN"
233360,"NNP"
233361,"NNP"
233362,"NNP"
233363,"NNP"
233364,"JJ"
233365,"NN"
233366,"NNP"
233367,","
233368,"NNP"
233369,"VBD"
233370,"IN"
233371,"$"
233372,"CD"
233373,"DT"
233374,"NN"
233375,","
233376,"IN"
233377,"$"
233378,"CD"
233379,","
233380,"IN"
233381,"DT"
233382,"RB"
233383,"JJR"
233384,"NN"
233385,"."
233386,"O"
233387,"IN"
233388,"CD"
233389,"NNS"
233390,","
233391,"JJ"
233392,"NNS"
233393,"VBP"
233394,"VBN"
233395,"DT"
233396,"CD"
233397,"JJ"
233398,"NN"
233399,"NNS"
233400,"IN"
233401,"NN"
233402,"IN"
233403,"CD"
233404,"IN"
233405,"DT"
233406,"RBS"
233407,"JJ"
233408,"CC"
233409,"JJ"
233410,"NNS"
233411,"IN"
233412,"DT"
233413,"NN"
233414,"NN"
233415,"."
233416,"CC"
233417,"IN"
233418,"CD"
233419,"NNS"
233420,","
233421,"NNP"
233422,","
233423,"NNP"
233424,"CC"
233425,"NNP"
233426,"VBP"
233427,"VBN"
233428,"IN"
233429,"NNP"
233430,"NNS"
233431,"IN"
233432,"DT"
233433,"JJ"
233434,"NN"
233435,"TO"
233436,"VB"
233437,"IN"
233438,"."
233439,"CC"
233440,"IN"
233441,"JJ"
233442,"NNS"
233443,"VBG"
233444,"IN"
233445,"NNP"
233446,"NN"
233447,"NNS"
233448,","
233449,"DT"
233450,"NNS"
233451,"VBP"
233452,"VBG"
233453,"PRP$"
233454,"NN"
233455,"RBR"
233456,"IN"
233457,"RB"
233458,"."
233459,"PRP"
233460,"VBP"
233461,"DT"
233462,"JJ"
233463,"NNS"
233464,"MD"
233465,"VBP"
233466,"DT"
233467,"NNP"
233468,"NN"
233469,"CC"
233470,"VB"
233471,"NNP"
233472,"TO"
233473,"VB"
233474,"IN"
233475,"VBG"
233476,"JJ"
233477,"NNS"
233478,"WDT"
233479,"VBP"
233480,"DT"
233481,"NNS"
233482,"IN"
233483,"VBG"
233484,"DT"
233485,"NN"
233486,"IN"
233487,"JJ"
233488,"NNS"
233489,"CC"
233490,"NN"
233491,"NN"
233492,"IN"
233493,"DT"
233494,"NNS"
233495,"PRP"
233496,"VBD"
233497,"IN"
233498,"DT"
233499,"NN"
233500,"."
233501,"JJ"
233502,"NN"
233503,"NNS"
233504,","
233505,"RB"
233506,","
233507,"VBP"
233508,"RB"
233509,"IN"
233510,"NN"
233511,":"
233512,"RB"
233513,"IN"
233514,"NNP"
233515,"CC"
233516,"IN"
233517,"NNS"
233518,"IN"
233519,"DT"
233520,"NNS"
233521,":"
233522,"VBZ"
233523,"RB"
233524,"JJ"
233525,"DT"
233526,"NN"
233527,"RB"
233528,"."
233529,"CC"
233530,"IN"
233531,"DT"
233532,"NNS"
233533,"RB"
233534,"VBP"
233535,"VBG"
233536,"IN"
233537,"JJ"
233538,"NNS"
233539,"TO"
233540,"VB"
233541,"DT"
233542,"``"
233543,"JJ"
233544,"''"
233545,"NNS"
233546,","
233547,"VBN"
233548,"RB"
233549,"IN"
233550,"DT"
233551,"JJ"
233552,"NN"
233553,"CC"
233554,"NN"
233555,"NNS"
233556,"."
233557,"DT"
233558,"VBD"
233559,"JJ"
233560,"JJ"
233561,"NN"
233562,"IN"
233563,"DT"
233564,"NN"
233565,"IN"
233566,"NNP"
233567,"NNP"
233568,"NNP"
233569,","
233570,"VBN"
233571,"IN"
233572,"DT"
233573,"JJ"
233574,"NNS"
233575,"IN"
233576,"JJ"
233577,"NNP"
233578,"NNP"
233579,"NNP"
233580,","
233581,"VBD"
233582,"VBN"
233583,"TO"
233584,"VB"
233585,"NN"
233586,"NNP"
233587,"NNP"
233588,"NNP"
233589,"POS"
233590,"JJ"
233591,"$"
233592,"CD"
233593,"CD"
233594,"NN"
233595,"IN"
233596,"NNP"
233597,"NNP"
233598,"NNP"
233599,"."
233600,"NNP"
233601,"POS"
233602,"NN"
233603,"MD"
233604,"VB"
233605,"DT"
233606,"NN"
233607,","
233608,"WDT"
233609,"NNP"
233610,"VBD"
233611,"JJ"
233612,"NN"
233613,"WRB"
233614,"DT"
233615,"JJ"
233616,"NN"
233617,"VBD"
233618,"NN"
233619,"NN"
233620,"NN"
233621,"."
233622,"RB"
233623,"IN"
233624,"DT"
233625,"NN"
233626,"VBZ"
233627,"RB"
233628,"VBN"
233629,","
233630,"NNP"
233631,"VBZ"
233632,"TO"
233633,"VB"
233634,"DT"
233635,"."
233636,"``"
233637,"PRP$"
233638,"NNS"
233639,"VBP"
233640,"JJ"
233641,","
233642,"''"
233643,"DT"
233644,"NNP"
233645,"NN"
233646,"VBZ"
233647,"."
233648,"NNP"
233649,"MD"
233650,"RB"
233651,"VB"
233652,"DT"
233653,"NN"
233654,"TO"
233655,"VB"
233656,"DT"
233657,"NN"
233658,","
233659,"NN"
233660,"NN"
233661,"IN"
233662,"DT"
233663,"NN"
233664,"IN"
233665,"VBG"
233666,"DT"
233667,"NNS"
233668,"."
233669,"CC"
233670,"DT"
233671,"NNP"
233672,"NN"
233673,"MD"
233674,"VB"
233675,"NNP"
233676,"NNP"
233677,"CC"
233678,"NNP"
233679,"POS"
233680,"NN"
233681,","
233682,"NNP"
233683,"NNP"
233684,"NNP"
233685,","
233686,"TO"
233687,"VB"
233688,"IN"
233689,"NNS"
233690,"IN"
233691,"VBG"
233692,"DT"
233693,"JJ"
233694,"NNS"
233695,"."
233696,"CC"
233697,"DT"
233698,"NNS"
233699,"POS"
233700,"NN"
233701,"MD"
233702,"RB"
233703,"VB"
233704,"DT"
233705,"RB"
233706,"JJ"
233707,"NN"
233708,"IN"
233709,"DT"
233710,"NNP"
233711,"NNP"
233712,"NNS"
233713,"."
233714,"DT"
233715,"NNS"
233716,"VBP"
233717,"TO"
233718,"VB"
233719,"RB"
233720,"JJ"
233721,"NN"
233722,"IN"
233723,"RB"
233724,"DT"
233725,"NN"
233726,"IN"
233727,"WRB"
233728,"PRP"
233729,"MD"
233730,"VB"
233731,"IN"
233732,"VBG"
233733,"CD"
233734,"NNS"
233735,"."
233736,"JJ"
233737,"NNS"
233738,"VBD"
233739,"TO"
233740,"DT"
233741,"NNS"
233742,"VBP"
233743,"DT"
233744,"NNS"
233745,"TO"
233746,"VB"
233747,"."
233748,"DT"
233749,"NNS"
233750,"RB"
233751,"VBP"
233752,"``"
233753,"VBN"
233754,"IN"
233755,"PRP$"
233756,"NN"
233757,"''"
233758,"IN"
233759,"WP"
233760,"VBZ"
233761,"VB"
233762,"IN"
233763,"DT"
233764,"NN"
233765,","
233766,"VBZ"
233767,"NNP"
233768,"NNP"
233769,"NNP"
233770,"NNP"
233771,"NNP"
233772,"NNP"
233773,","
233774,"DT"
233775,"RBS"
233776,"JJ"
233777,"NN"
233778,"IN"
233779,"VBG"
233780,"DT"
233781,"NNS"
233782,"."
233783,"NNS"
233784,"VBP"
233785,"``"
233786,"NN"
233787,"''"
233788,"TO"
233789,"VB"
233790,"NNS"
233791,"IN"
233792,"JJ"
233793,"NNS"
233794,"CC"
233795,"VB"
233796,"PRP"
233797,"EX"
233798,"RB"
233799,"JJ"
233800,"TO"
233801,"VB"
233802,"IN"
233803,"JJ"
233804,"NN"
233805,"NNS"
233806,","
233807,"PRP"
233808,"VBZ"
233809,"."
233810,"CC"
233811,"DT"
233812,"VBZ"
233813,"WRB"
233814,"DT"
233815,"NNS"
233816,","
233817,"IN"
233818,"DT"
233819,"JJS"
233820,"NN"
233821,","
233822,"MD"
233823,"VB"
233824,"IN"
233825,"NN"
233826,","
233827,"PRP"
233828,"VBZ"
233829,"."
233830,"JJ"
233831,"NNS"
233832,"IN"
233833,"IN"
233834,"DT"
233835,"NNS"
233836,":"
233837,"VBG"
233838,"NNS"
233839,"IN"
233840,"NNP"
233841,"NNP"
233842,"NNP"
233843,","
233844,"NNP"
233845,"NNP"
233846,"NNP"
233847,","
233848,"NNP"
233849,"NNP"
233850,"NNP"
233851,"CC"
233852,"NNP"
233853,"NNP"
233854,":"
233855,"VBD"
233856,"TO"
233857,"VB"
233858,"VBN"
233859,"."
233860,"CC"
233861,"NNP"
233862,"NNP"
233863,","
233864,"WP"
233865,"VBZ"
233866,"DT"
233867,"NNS"
233868,","
233869,"VBZ"
233870,":"
233871,"``"
233872,"DT"
233873,"JJ"
233874,"NN"
233875,"NN"
233876,","
233877,"TO"
233878,"DT"
233879,"NN"
233880,","
233881,"VBZ"
233882,"IN"
233883,"DT"
233884,"NN"
233885,"IN"
233886,"VBG"
233887,"''"
233888,"DT"
233889,"NNS"
233890,"."
233891,"JJ"
233892,"NNS"
233893,"VBP"
233894,"NN"
233895,"NNS"
233896,"PDT"
233897,"DT"
233898,"RBR"
233899,"JJ"
233900,"IN"
233901,"DT"
233902,"NNS"
233903,"MD"
233904,"VB"
233905,"."
233906,"``"
233907,"PRP"
233908,"VBP"
233909,"RB"
233910,"VB"
233911,"TO"
233912,"VB"
233913,"DT"
233914,"NN"
233915,"TO"
233916,"VB"
233917,","
233918,"''"
233919,"VBZ"
233920,"CD"
233921,"NN"
233922,"NN"
233923,"."
233924,"``"
233925,"CC"
233926,"EX"
233927,"VBZ"
233928,"DT"
233929,"NN"
233930,"IN"
233931,"NNP"
233932,"VBZ"
233933,"VBN"
233934,"TO"
233935,"VB"
233936,"DT"
233937,"NNS"
233938,"."
233939,"DT"
233940,"VBZ"
233941,"DT"
233942,"NN"
233943,","
233944,"VBZ"
233945,"RB"
233946,"PRP"
233947,"."
233948,"''"
233949,"RB"
233950,"PRP"
233951,"VBZ"
233952,"."
233953,"NNP"
233954,"VBZ"
233955,"VBN"
233956,"RB"
233957,"PRP"
233958,"VBZ"
233959,"DT"
233960,"NN"
233961,"IN"
233962,"DT"
233963,"NN"
233964,","
233965,"VBG"
233966,"DT"
233967,"NNS"
233968,"CC"
233969,"DT"
233970,"NNS"
233971,","
233972,"IN"
233973,"NN"
233974,"NNS"
233975,"TO"
233976,"VB"
233977,"NNS"
233978,"VBN"
233979,"IN"
233980,"DT"
233981,"NNS"
233982,","
233983,"TO"
233984,"VB"
233985,"IN"
233986,"PRP$"
233987,"JJ"
233988,"NN"
233989,"."
233990,"CC"
233991,"JJ"
233992,"NNS"
233993,"VBP"
233994,"VBN"
233995,"DT"
233996,"NNS"
233997,":"
233998,"CC"
233999,"NNP"
234000,"NNP"
234001,"NNP"
234002,"NNP"
234003,","
234004,"IN"
234005,"NN"
234006,":"
234007,"RB"
234008,"RBR"
234009,"JJ"
234010,"IN"
234011,"DT"
234012,"NNS"
234013,"MD"
234014,"VB"
234015,"VBN"
234016,"TO"
234017,"VB"
234018,"."
234019,"DT"
234020,"JJ"
234021,"NN"
234022,":"
234023,"NNP"
234024,"NNP"
234025,"POS"
234026,"NN"
234027,"TO"
234028,"VB"
234029,"NNP"
234030,"NNP"
234031,"NNP"
234032,"NNP"
234033,"IN"
234034,"$"
234035,"CD"
234036,"CD"
234037,","
234038,"CC"
234039,"TO"
234040,"VB"
234041,"JJ"
234042,"NN"
234043,"NNP"
234044,"NNP"
234045,"NNP"
234046,"NNP"
234047,"IN"
234048,"$"
234049,"CD"
234050,"CD"
234051,"."
234052,"``"
234053,"PRP"
234054,"VBP"
234055,"WP"
234056,"NNP"
234057,"PDT"
234058,"MD"
234059,"VB"
234060,"IN"
234061,"DT"
234062,"NNP"
234063,"NNP"
234064,"NNP"
234065,"NNP"
234066,"NNP"
234067,"NNP"
234068,"IN"
234069,"NNP"
234070,"NNP"
234071,"NN"
234072,"RB"
234073,"IN"
234074,"NNP"
234075,","
234076,"''"
234077,"VBD"
234078,"NNP"
234079,"NNP"
234080,","
234081,"DT"
234082,"NNP"
234083,"NN"
234084,"NN"
234085,","
234086,"IN"
234087,"DT"
234088,"NN"
234089,"IN"
234090,"JJ"
234091,"NN"
234092,"POS"
234093,"NN"
234094,"IN"
234095,"NNP"
234096,"NN"
234097,"."
234098,"IN"
234099,"PRP$"
234100,"NN"
234101,","
234102,"NNP"
234103,"NNP"
234104,","
234105,"WP"
234106,"VBD"
234107,"IN"
234108,"NNP"
234109,"JJ"
234110,"NN"
234111,"CC"
234112,"JJ"
234113,","
234114,"VBD"
234115,"IN"
234116,"DT"
234117,"``"
234118,"JJ"
234119,"NNS"
234120,"''"
234121,"IN"
234122,"NNP"
234123,"NNS"
234124,"VBP"
234125,"``"
234126,"VBD"
234127,"RB"
234128,"TO"
234129,"DT"
234130,"NN"
234131,"IN"
234132,"DT"
234133,"NNS"
234134,"IN"
234135,"JJ"
234136,"NNS"
234137,"."
234138,"''"
234139,"("
234140,"PRP"
234141,"VBD"
234142,"RB"
234143,"VB"
234144,"IN"
234145,"NNP"
234146,","
234147,"IN"
234148,"DT"
234149,"NN"
234150,","
234151,"VBD"
234152,"VBG"
234153,"TO"
234154,"VB"
234155,"NNP"
234156,"POS"
234157,"NNP"
234158,"IN"
234159,"VBG"
234160,"DT"
234161,"NNP"
234162,"NN"
234163,"NNS"
234164,"IN"
234165,"NNP"
234166,"NNP"
234167,"POS"
234168,"NN"
234169,"VBD"
234170,"``"
234171,"RB"
234172,"JJ"
234173,"''"
234174,"IN"
234175,"NNP"
234176,"NNS"
234177,"IN"
234178,"DT"
234179,"NNP"
234180,"NNS"
234181,"MD"
234182,"VB"
234183,"NNP"
234184,"POS"
234185,"NN"
234186,"IN"
234187,"DT"
234188,"NNP"
234189,"NN"
234190,"RB"
234191,"RB"
234192,"IN"
234193,"TO"
234194,"VB"
234195,"``"
234196,"JJ"
234197,"NNS"
234198,"RB"
234199,"IN"
234200,"DT"
234201,"NN"
234202,"IN"
234203,"JJ"
234204,"NNS"
234205,"JJ"
234206,"TO"
234207,"NNP"
234208,":"
234209,"CC"
234210,"NN"
234211,"RB"
234212,"IN"
234213,"DT"
234214,"CD"
234215,"NNS"
234216,"."
234217,"''"
234218,"DT"
234219,"NNP"
234220,"NNP"
234221,"POS"
234222,"NN"
234223,"IN"
234224,"NN"
234225,"VBD"
234226,"VBG"
234227,"IN"
234228,"DT"
234229,"NN"
234230,"WRB"
234231,"DT"
234232,"JJ"
234233,"NNP"
234234,"NNP"
234235,"VBD"
234236,"RB"
234237,"IN"
234238,"NNS"
234239,"TO"
234240,"VB"
234241,"NNP"
234242,"."
234243,"IN"
234244,"NNP"
234245,"RB"
234246,"VBD"
234247,"DT"
234248,"JJ"
234249,"NN"
234250,"TO"
234251,"VB"
234252,"NNS"
234253,"IN"
234254,"NNP"
234255,","
234256,"DT"
234257,"NN"
234258,"MD"
234259,"VB"
234260,"NNP"
234261,"POS"
234262,"RB"
234263,"JJ"
234264,"JJ"
234265,"NN"
234266,","
234267,"NNP"
234268,"NNP"
234269,"NNP"
234270,","
234271,"JJ"
234272,"DT"
234273,"NNP"
234274,"NNS"
234275,"VBD"
234276,"IN"
234277,"NNP"
234278,":"
234279,"DT"
234280,"JJ"
234281,"NN"
234282,"WDT"
234283,"VBZ"
234284,"RB"
234285,"VBN"
234286,"IN"
234287,"JJ"
234288,"NNS"
234289,"."
234290,"NNP"
234291,"POS"
234292,"NNP"
234293,"NNP"
234294,"VBD"
234295,"DT"
234296,"NN"
234297,"IN"
234298,"VBG"
234299,"DT"
234300,"NNS"
234301,"POS"
234302,"NN"
234303,"TO"
234304,"VB"
234305,"DT"
234306,"NN"
234307,"NN"
234308,"."
234309,"PRP"
234310,"VBD"
234311,"RB"
234312,"RB"
234313,"WRB"
234314,"DT"
234315,"NNP"
234316,"NN"
234317,"IN"
234318,"NNP"
234319,"VBD"
234320,"VBN"
234321,"."
234322,"IN"
234323,"NNP"
234324,"POS"
234325,"NN"
234326,"IN"
234327,"DT"
234328,"NNP"
234329,"NN"
234330,"IN"
234331,"NNP"
234332,"VBD"
234333,"VBN"
234334,","
234335,"NNP"
234336,"NNP"
234337,"VBZ"
234338,"RB"
234339,"VBN"
234340,"JJ"
234341,"IN"
234342,"NN"
234343,"."
234344,"IN"
234345,"DT"
234346,"NNP"
234347,"NN"
234348,","
234349,"NNP"
234350,"MD"
234351,"VB"
234352,"IN"
234353,"JJ"
234354,"NN"
234355,":"
234356,"RB"
234357,"VBG"
234358,"NNS"
234359,"IN"
234360,"DT"
234361,"NNS"
234362,"CC"
234363,"IN"
234364,"NNP"
234365,"."
234366,"``"
234367,"PRP"
234368,"VBZ"
234369,"RB"
234370,"RB"
234371,"VBN"
234372,"VBN"
234373,","
234374,"''"
234375,"VBZ"
234376,"NNP"
234377,"NNP"
234378,"NNP"
234379,","
234380,"WP"
234381,"IN"
234382,"DT"
234383,"JJ"
234384,"NNP"
234385,"NN"
234386,"VBD"
234387,"NNS"
234388,"VBG"
234389,"TO"
234390,"VB"
234391,"DT"
234392,"NNS"
234393,"VBD"
234394,"."
234395,"PRP"
234396,"RB"
234397,"VBZ"
234398,"NNP"
234399,"NNP"
234400,"IN"
234401,"NNP"
234402,","
234403,"VBG"
234404,"TO"
234405,"NN"
234406,"NNS"
234407,"."
234408,"JJ"
234409,"NNS"
234410,"VBP"
234411,"RB"
234412,"RB"
234413,"VB"
234414,"DT"
234415,"NN"
234416,"IN"
234417,"VBG"
234418,"DT"
234419,"JJ"
234420,","
234421,"JJ"
234422,"NN"
234423,"IN"
234424,"DT"
234425,"NN"
234426,"IN"
234427,"NNS"
234428,"IN"
234429,"DT"
234430,"JJ"
234431,"NN"
234432,"NNS"
234433,"MD"
234434,"RB"
234435,"VB"
234436,"."
234437,"NNP"
234438,","
234439,"NNP"
234440,"MD"
234441,"VB"
234442,"JJ"
234443,"TO"
234444,"VB"
234445,","
234446,"VB"
234447,","
234448,"DT"
234449,"LS"
234450,"NN"
234451,"NN"
234452,"IN"
234453,"DT"
234454,"NN"
234455,"JJ"
234456,"IN"
234457,"NNP"
234458,"."
234459,"IN"
234460,"DT"
234461,"NN"
234462,"VBD"
234463,"NNS"
234464,","
234465,"DT"
234466,"NN"
234467,"POS"
234468,"NN"
234469,"NNS"
234470,"MD"
234471,"VB"
234472,"VBN"
234473,"RP"
234474,"IN"
234475,"DT"
234476,"JJ"
234477,"NN"
234478,"IN"
234479,"WDT"
234480,"DT"
234481,"NN"
234482,"VBZ"
234483,"RB"
234484,"VB"
234485,"DT"
234486,"JJ"
234487,"NN"
234488,"."
234489,"CC"
234490,"JJ"
234491,"NNS"
234492,"MD"
234493,"RB"
234494,"VB"
234495,"DT"
234496,"NNS"
234497,"IN"
234498,"VBG"
234499,"DT"
234500,"JJ"
234501,"NN"
234502,"IN"
234503,"DT"
234504,"NN"
234505,"IN"
234506,"NN"
234507,"."
234508,"IN"
234509,"JJ"
234510,"NNS"
234511,","
234512,"RB"
234513,"WRB"
234514,"DT"
234515,"NN"
234516,"NNS"
234517,"RB"
234518,"IN"
234519,"DT"
234520,"JJ"
234521,"NN"
234522,":"
234523,"NNP"
234524,","
234525,"IN"
234526,"NN"
234527,","
234528,"VBD"
234529,"DT"
234530,"VBG"
234531,"IN"
234532,"VBG"
234533,"PRP$"
234534,"JJ"
234535,"NN"
234536,"``"
234537,"NN"
234538,"''"
234539,":"
234540,"PRP"
234541,"VBZ"
234542,"RB"
234543,"VBN"
234544,"TO"
234545,"VB"
234546,"IN"
234547,"DT"
234548,"JJ"
234549,"NNS"
234550,"WRB"
234551,"DT"
234552,"NNS"
234553,"VBP"
234554,"VBN"
234555,"TO"
234556,"JJ"
234557,"NNS"
234558,"."
234559,"RB"
234560,","
234561,"NNP"
234562,"MD"
234563,"VB"
234564,"TO"
234565,"VB"
234566,"IN"
234567,"DT"
234568,"NNS"
234569,"IN"
234570,"DT"
234571,"JJ"
234572,"NN"
234573,"."
234574,"DT"
234575,"NNS"
234576,"VBP"
234577,"IN"
234578,"DT"
234579,"NNS"
234580,"IN"
234581,"VBG"
234582,"DT"
234583,"NN"
234584,"PRP"
234585,"VBP"
234586,"VBP"
234587,"JJ"
234588,":"
234589,"IN"
234590,"JJ"
234591,"NNS"
234592,"IN"
234593,"DT"
234594,"JJS"
234595,"."
234596,"CD"
234597,"NNS"
234598,"IN"
234599,"PRP"
234600,"VBD"
234601,"RB"
234602,"JJ"
234603,"."
234604,"DT"
234605,"NNP"
234606,"NNP"
234607,"NNP"
234608,"NNP"
234609,"VBD"
234610,"VBN"
234611,"IN"
234612,"NN"
234613,"IN"
234614,"VBG"
234615,"JJS"
234616,"IN"
234617,"DT"
234618,"NNS"
234619,"."
234620,"JJ"
234621,"NN"
234622,","
234623,"VBG"
234624,"DT"
234625,"NNP"
234626,"NNP"
234627,"NN"
234628,"IN"
234629,"DT"
234630,"CD"
234631,"NN"
234632,"IN"
234633,"DT"
234634,"NNS"
234635,"VBD"
234636,"VBN"
234637,"CC"
234638,"VBD"
234639,"RB"
234640,"VBN"
234641,"IN"
234642,"DT"
234643,"NNS"
234644,","
234645,"VBD"
234646,"DT"
234647,"NNS"
234648,"VBD"
234649,"RB"
234650,"VB"
234651,"NNP"
234652,"NN"
234653,"IN"
234654,"DT"
234655,"NNS"
234656,"RB"
234657,"VBD"
234658,"VBN"
234659,"VBN"
234660,"."
234661,"CC"
234662,"RB"
234663,"CD"
234664,"NNS"
234665,"IN"
234666,"DT"
234667,"NNS"
234668,"VBD"
234669,"TO"
234670,"VB"
234671,","
234672,"JJ"
234673,"NNP"
234674,"NNP"
234675,"NNP"
234676,","
234677,"DT"
234678,"JJ"
234679,"NN"
234680,","
234681,"VBN"
234682,"IN"
234683,"NN"
234684,"IN"
234685,"NNP"
234686,"."
234687,"DT"
234688,"NNP"
234689,"NN"
234690,"VBD"
234691,"."
234692,"DT"
234693,"NNS"
234694,"CC"
234695,"NNS"
234696,"VBP"
234697,"VBN"
234698,"RB"
234699,"RB"
234700,"."
234701,"NNP"
234702,"NNS"
234703,"VBD"
234704,"IN"
234705,"DT"
234706,"NN"
234707,"NNS"
234708,"MD"
234709,"VB"
234710,"DT"
234711,"JJ"
234712,"NN"
234713,"VBZ"
234714,"JJR"
234715,"NN"
234716,"IN"
234717,"NNP"
234718,","
234719,"CC"
234720,"DT"
234721,"VBZ"
234722,"JJ"
234723,"."
234724,"IN"
234725,"NNP"
234726,","
234727,"DT"
234728,"NN"
234729,"NNS"
234730,":"
234731,"PRP"
234732,"VBZ"
234733,"RB"
234734,"NN"
234735,","
234736,"RB"
234737,"NN"
234738,"NN"
234739,","
234740,"CC"
234741,"NNP"
234742,"VBZ"
234743,"NNS"
234744,"IN"
234745,"NN"
234746,"VBN"
234747,"PRP$"
234748,"NN"
234749,"VBG"
234750,"IN"
234751,"NNS"
234752,"CC"
234753,"NNS"
234754,"VBG"
234755,"DT"
234756,"NN"
234757,"."
234758,"DT"
234759,"NN"
234760,"IN"
234761,"NNP"
234762,"NNP"
234763,"NNP"
234764,"NNP"
234765,"("
234766,"NNP"
234767,")"
234768,","
234769,"WP"
234770,"VBZ"
234771,"DT"
234772,"NN"
234773,"WDT"
234774,"VBZ"
234775,"DT"
234776,"NNP"
234777,","
234778,"VBZ"
234779,"NNP"
234780,"NNP"
234781,"VBZ"
234782,"``"
234783,"DT"
234784,"NN"
234785,"VBZ"
234786,"VBN"
234787,"RB"
234788,"VBN"
234789,"IN"
234790,"DT"
234791,"JJ"
234792,"NN"
234793,"."
234794,"''"
234795,"CC"
234796,"PRP"
234797,"VBD"
234798,"NNP"
234799,"NNP"
234800,"VBZ"
234801,"DT"
234802,"VBZ"
234803,"DT"
234804,"NNS"
234805,"CC"
234806,"NNS"
234807,"TO"
234808,"VB"
234809,"PRP"
234810,"IN"
234811,"IN"
234812,"PRP$"
234813,"JJ"
234814,"."
234815,"CC"
234816,"IN"
234817,"DT"
234818,"NNP"
234819,","
234820,"RB"
234821,","
234822,"JJ"
234823,"NNP"
234824,"NNP"
234825,"NNP"
234826,"NNP"
234827,"VBZ"
234828,"VBD"
234829,"PRP"
234830,"VBZ"
234831,"DT"
234832,"CD"
234833,"NNS"
234834,"TO"
234835,"JJR"
234836,"RP"
234837,"PRP$"
234838,"JJ"
234839,"NN"
234840,"."
234841,"O"
234842,"NNP"
234843,"NNP"
234844,"NNP"
234845,"VBD"
234846,"PRP"
234847,"VBD"
234848,"DT"
234849,"JJ"
234850,"NN"
234851,"VBD"
234852,"IN"
234853,"PRP"
234854,"IN"
234855,"DT"
234856,"JJ"
234857,"NN"
234858,"IN"
234859,"NN"
234860,"IN"
234861,"DT"
234862,"NNP"
234863,"NNP"
234864,"NNP"
234865,"."
234866,"DT"
234867,"NN"
234868,"VBD"
234869,"DT"
234870,"NN"
234871,"IN"
234872,"NNP"
234873,","
234874,"VBG"
234875,"$"
234876,"CD"
234877,"CC"
234878,"JJ"
234879,"JJ"
234880,"NNS"
234881,"VBN"
234882,"TO"
234883,"DT"
234884,"JJ"
234885,"NN"
234886,"NN"
234887,"."
234888,"DT"
234889,"NN"
234890,"VBD"
234891,"DT"
234892,"NN"
234893,","
234894,"JJ"
234895,"JJ"
234896,"NN"
234897,"NN"
234898,"NNP"
234899,"NNP"
234900,"NNP"
234901,"NNP"
234902,","
234903,"JJ"
234904,"NN"
234905,"NN"
234906,"NNP"
234907,"NNP"
234908,"NNP"
234909,"CC"
234910,"CD"
234911,"NNS"
234912,"WP"
234913,"VBD"
234914,"RB"
234915,"NN"
234916,"IN"
234917,"DT"
234918,"NN"
234919,"."
234920,"DT"
234921,"NN"
234922,"VBD"
234923,"DT"
234924,"NNS"
234925,"IN"
234926,"VBG"
234927,"NNP"
234928,"NNP"
234929,"NNP"
234930,","
234931,"DT"
234932,"NN"
234933,"IN"
234934,"DT"
234935,"NNP"
234936,"NNP"
234937,"NN"
234938,"IN"
234939,"NNS"
234940,","
234941,"TO"
234942,"VB"
234943,"$"
234944,"CD"
234945,"IN"
234946,"NNS"
234947,","
234948,"NNS"
234949,"CC"
234950,"NNS"
234951,"."
234952,"NNP"
234953,"NNP"
234954,"VBD"
234955,"RB"
234956,"VBN"
234957,"TO"
234958,"CD"
234959,"NNS"
234960,"IN"
234961,"NN"
234962,"CC"
234963,"VBN"
234964,"$"
234965,"CD"
234966,"IN"
234967,"PRP$"
234968,"NN"
234969,"IN"
234970,"DT"
234971,"NN"
234972,"."
234973,"IN"
234974,"DT"
234975,"NN"
234976,","
234977,"NNP"
234978,"VBD"
234979,"TO"
234980,"VB"
234981,"DT"
234982,"NN"
234983,"$"
234984,"CD"
234985,"IN"
234986,"NN"
234987,"IN"
234988,"DT"
234989,"NN"
234990,"IN"
234991,"DT"
234992,"NNS"
234993,"IN"
234994,"DT"
234995,"NN"
234996,","
234997,"NNP"
234998,"NNP"
234999,"CC"
235000,"NNP"
235001,"NNP"
235002,"."
235003,"DT"
235004,"CD"
235005,"JJ"
235006,"NNS"
235007,"VBD"
235008,"RB"
235009,"NNS"
235010,"TO"
235011,"DT"
235012,"NN"
235013,"."
235014,"DT"
235015,"NN"
235016,"IN"
235017,"JJ"
235018,"NNS"
235019,"IN"
235020,"DT"
235021,"NN"
235022,"CC"
235023,"DT"
235024,"JJ"
235025,"CD"
235026,"JJ"
235027,"NNS"
235028,"VBD"
235029,"NNP"
235030,"CD"
235031,"IN"
235032,"JJ"
235033,"NN"
235034,"IN"
235035,"DT"
235036,"NNP"
235037,"IN"
235038,"NNP"
235039,"."
235040,"PRP"
235041,"VBD"
235042,"VBN"
235043,"JJ"
235044,"NNP"
235045,"IN"
235046,"NNS"
235047,"IN"
235048,"NN"
235049,","
235050,"NN"
235051,"CC"
235052,"NN"
235053,"VBN"
235054,"TO"
235055,"DT"
235056,"NN"
235057,"TO"
235058,"VB"
235059,"$"
235060,"CD"
235061,"CD"
235062,"IN"
235063,"NNP"
235064,"NNP"
235065,"NN"
235066,"NNS"
235067,"IN"
235068,"DT"
235069,"NN"
235070,"IN"
235071,"NN"
235072,"NN"
235073,"NN"
235074,"."
235075,"DT"
235076,"NN"
235077,"CC"
235078,"PRP$"
235079,"NNS"
235080,"VBP"
235081,"DT"
235082,"NNS"
235083,"."
235084,"IN"
235085,"DT"
235086,"JJ"
235087,"NN"
235088,","
235089,"NNP"
235090,"NNP"
235091,"VBD"
235092,"DT"
235093,"NNP"
235094,"NNP"
235095,"VBZ"
235096,"VBN"
235097,"DT"
235098,"NN"
235099,"IN"
235100,"NN"
235101,"IN"
235102,"JJ"
235103,"NNS"
235104,"IN"
235105,"DT"
235106,"JJ"
235107,"CD"
235108,"NNS"
235109,"."
235110,"DT"
235111,"NNP"
235112,"NNP"
235113,"RB"
235114,"VBD"
235115,"DT"
235116,"NN"
235117,"NNP"
235118,"CD"
235119,","
235120,"CD"
235121,","
235122,"CC"
235123,"VBZ"
235124,"VBN"
235125,"VBG"
235126,"DT"
235127,"NN"
235128,"RB"
235129,"RB"
235130,"."
235131,"DT"
235132,"NN"
235133,"VBD"
235134,"PRP"
235135,"MD"
235136,"VB"
235137,"TO"
235138,"VB"
235139,"DT"
235140,"NN"
235141,"IN"
235142,"DT"
235143,"NN"
235144,"."
235145,"O"
235146,"NNP"
235147,"NNP"
235148,"VBD"
235149,"DT"
235150,"CD"
235151,"NN"
235152,"NN"
235153,"IN"
235154,"JJ"
235155,"JJ"
235156,"NN"
235157,","
235158,"RB"
235159,"IN"
235160,"IN"
235161,"DT"
235162,"JJ"
235163,"NN"
235164,"IN"
235165,"JJ"
235166,"NNS"
235167,"."
235168,"DT"
235169,"JJ"
235170,"NN"
235171,"CC"
235172,"NN"
235173,"NN"
235174,","
235175,"VBD"
235176,"PRP"
235177,"VBD"
235178,"NN"
235179,"IN"
235180,"$"
235181,"CD"
235182,"CD"
235183,","
235184,"CC"
235185,"CD"
235186,"NNS"
235187,","
235188,"RB"
235189,"CD"
235190,"NN"
235191,"IN"
235192,"$"
235193,"CD"
235194,"CD"
235195,","
235196,"CC"
235197,"CD"
235198,"NNS"
235199,"DT"
235200,"NN"
235201,"."
235202,"DT"
235203,"JJR"
235204,"NN"
235205,"VBD"
235206,"DT"
235207,"NN"
235208,"IN"
235209,"$"
235210,"CD"
235211,"CD"
235212,","
235213,"JJ"
235214,"TO"
235215,"CD"
235216,"NNS"
235217,"DT"
235218,"NN"
235219,"IN"
235220,"DT"
235221,"JJ"
235222,"NN"
235223,","
235224,"IN"
235225,"DT"
235226,"NN"
235227,"IN"
235228,"VBG"
235229,"DT"
235230,"JJ"
235231,"JJ"
235232,"NN"
235233,"IN"
235234,"NNP"
235235,"NNP"
235236,"IN"
235237,"NNP"
235238,"NNP"
235239,"."
235240,"NNP"
235241,"RB"
235242,"VBD"
235243,"IN"
235244,"DT"
235245,"JJ"
235246,"NN"
235247,"IN"
235248,"IN"
235249,"NN"
235250,"NN"
235251,"NN"
235252,"."
235253,"NNS"
235254,"VBD"
235255,"TO"
235256,"$"
235257,"CD"
235258,"CD"
235259,","
235260,"RB"
235261,"CD"
235262,"NN"
235263,"IN"
235264,"$"
235265,"CD"
235266,"CD"
235267,"."
235268,"NNP"
235269,"POS"
235270,"NN"
235271,"VBD"
235272,"IN"
235273,"JJ"
235274,"JJ"
235275,"NN"
235276,"NNP"
235277,","
235278,"IN"
235279,"NNS"
235280,"VBD"
235281,"VBN"
235282,"IN"
235283,"DT"
235284,"NN"
235285,"POS"
235286,"NN"
235287,"IN"
235288,"JJ"
235289,"NNS"
235290,"VBD"
235291,"RB"
235292,"RB"
235293,"IN"
235294,"DT"
235295,"JJ"
235296,"NN"
235297,"POS"
235298,"NNS"
235299,"IN"
235300,"$"
235301,"CD"
235302,"CD"
235303,","
235304,"CC"
235305,"CD"
235306,"NNS"
235307,"DT"
235308,"NN"
235309,","
235310,"CC"
235311,"DT"
235312,"NNS"
235313,"RB"
235314,"VBD"
235315,"DT"
235316,"$"
235317,"CD"
235318,"CD"
235319,"IN"
235320,"DT"
235321,"JJ"
235322,"NN"
235323,"."
235324,"NNP"
235325,"NNP"
235326,"RB"
235327,"VBD"
235328,"TO"
235329,"DT"
235330,"NN"
235331,"NN"
235332,"POS"
235333,"NN"
235334,","
235335,"VBG"
235336,"IN"
235337,"$"
235338,"CD"
235339,","
235340,"RB"
235341,"$"
235342,"CD"
235343,"."
235344,"IN"
235345,"NNP"
235346,","
235347,"NNP"
235348,"VBD"
235349,"DT"
235350,"JJ"
235351,"NNS"
235352,"MD"
235353,"VB"
235354,"``"
235355,"JJ"
235356,"TO"
235357,"RP"
235358,"''"
235359,"IN"
235360,"DT"
235361,"JJ"
235362,"NN"
235363,"POS"
235364,"RB"
235365,"IN"
235366,"VBG"
235367,"NNS"
235368,"NN"
235369,"IN"
235370,"PRP$"
235371,"CD"
235372,"NN"
235373,","
235374,"JJ"
235375,"NNS"
235376,"VBN"
235377,"IN"
235378,"DT"
235379,"NN"
235380,"IN"
235381,"NNS"
235382,"CC"
235383,"NNS"
235384,"IN"
235385,"VBG"
235386,"IN"
235387,"NN"
235388,"NNS"
235389,"IN"
235390,"DT"
235391,"NN"
235392,"POS"
235393,"JJ"
235394,"CD"
235395,"NN"
235396,"IN"
235397,"DT"
235398,"JJ"
235399,"NN"
235400,"."
235401,"IN"
235402,"NNP"
235403,","
235404,"NNP"
235405,"NNP"
235406,","
235407,"NNP"
235408,"NN"
235409,"CC"
235410,"JJ"
235411,"NN"
235412,"NN"
235413,","
235414,"VBD"
235415,"``"
235416,"NNP"
235417,"POS"
235418,"NN"
235419,"VBZ"
235420,"JJ"
235421,"."
235422,"NNP"
235423,"NNP"
235424,"VBD"
235425,"IN"
235426,"DT"
235427,"NN"
235428,"VBD"
235429,"CC"
235430,"NNP"
235431,"VBD"
235432,"RB"
235433,"JJ"
235434,"."
235435,"IN"
235436,"DT"
235437,"JJ"
235438,"NN"
235439,","
235440,"NNP"
235441,"NNP"
235442,"VBD"
235443,"JJR"
235444,"IN"
235445,"DT"
235446,"JJ"
235447,"NN"
235448,","
235449,"CC"
235450,"PRP$"
235451,"JJ"
235452,"NN"
235453,"VBD"
235454,"CD"
235455,"."
235456,"''"
235457,"IN"
235458,"DT"
235459,"JJ"
235460,"NN"
235461,","
235462,"NNP"
235463,"VBD"
235464,"NN"
235465,"IN"
235466,"$"
235467,"CD"
235468,"CD"
235469,","
235470,"CC"
235471,"$"
235472,"CD"
235473,"DT"
235474,"NN"
235475,","
235476,"RB"
235477,"CD"
235478,"NN"
235479,"IN"
235480,"$"
235481,"CD"
235482,"CD"
235483,","
235484,"CC"
235485,"$"
235486,"CD"
235487,"DT"
235488,"NN"
235489,"."
235490,"NNP"
235491,"VBD"
235492,"TO"
235493,"$"
235494,"CD"
235495,"CD"
235496,","
235497,"RB"
235498,"RB"
235499,"IN"
235500,"$"
235501,"CD"
235502,"CD"
235503,"."
235504,"O"
235505,"NNP"
235506,"NNP"
235507,"CC"
235508,"DT"
235509,"NNP"
235510,"NNP"
235511,"NNP"
235512,"VBD"
235513,"NN"
235514,"NN"
235515,"."
235516,"IN"
235517,"CD"
235518,"NNS"
235519,"IN"
235520,"NN"
235521,","
235522,"NNP"
235523,"NNP"
235524,","
235525,"DT"
235526,"JJ"
235527,"JJ"
235528,"NN"
235529,"IN"
235530,"DT"
235531,"NN"
235532,"NN"
235533,","
235534,"VBD"
235535,"VBN"
235536,"RP"
235537,"IN"
235538,"PRP$"
235539,"NN"
235540,"IN"
235541,"DT"
235542,"NN"
235543,"NNS"
235544,"POS"
235545,"NN"
235546,"RB"
235547,"IN"
235548,"DT"
235549,"NN"
235550,"VBD"
235551,"VBG"
235552,"RP"
235553,"."
235554,"IN"
235555,"DT"
235556,"JJ"
235557,"NN"
235558,","
235559,"CD"
235560,"NNP"
235561,"NNS"
235562,","
235563,"CD"
235564,"IN"
235565,"WP"
235566,"VBD"
235567,"VBN"
235568,"IN"
235569,"PRP"
235570,"IN"
235571,"CD"
235572,"CC"
235573,"VBN"
235574,"TO"
235575,"NN"
235576,"NN"
235577,","
235578,"VBD"
235579,"VBN"
235580,"IN"
235581,"PRP$"
235582,"NNS"
235583,"IN"
235584,"JJ"
235585,"NNS"
235586,"IN"
235587,"DT"
235588,"NN"
235589,"."
235590,"CC"
235591,"IN"
235592,"DT"
235593,"JJ"
235594,"NNS"
235595,"VBN"
235596,"TO"
235597,"PRP$"
235598,"NNS"
235599,","
235600,"DT"
235601,"NNP"
235602,","
235603,"VBN"
235604,"IN"
235605,"NNP"
235606,"NNP"
235607,"IN"
235608,"CD"
235609,"CC"
235610,"RB"
235611,"VBN"
235612,"TO"
235613,"VB"
235614,"DT"
235615,"JJ"
235616,"NN"
235617,"NN"
235618,"IN"
235619,"DT"
235620,"JJ"
235621,"NN"
235622,","
235623,"RB"
235624,"VBN"
235625,"TO"
235626,"DT"
235627,"NNS"
235628,"IN"
235629,"DT"
235630,"NN"
235631,"POS"
235632,"JJ"
235633,"NNS"
235634,"."
235635,"DT"
235636,"JJ"
235637,"NNP"
235638,"NN"
235639,","
235640,"IN"
235641,"JJ"
235642,","
235643,"JJ"
235644,"CC"
235645,"JJ"
235646,"NNS"
235647,","
235648,"VBD"
235649,"VBN"
235650,"IN"
235651,"DT"
235652,"JJ"
235653,"NN"
235654,"IN"
235655,"NNP"
235656,"NNP"
235657,"POS"
235658,"JJ"
235659,"NN"
235660,","
235661,"IN"
235662,"IN"
235663,"DT"
235664,"NN"
235665,"IN"
235666,"NN"
235667,","
235668,"NNS"
235669,"VBD"
235670,"DT"
235671,"NNP"
235672,"NNS"
235673,"IN"
235674,"PRP$"
235675,"NNS"
235676,","
235677,"NNS"
235678,"CC"
235679,"NNS"
235680,"."
235681,"IN"
235682,"DT"
235683,"JJ"
235684,"NN"
235685,"NN"
235686,"IN"
235687,"NNP"
235688,"NNP"
235689,","
235690,"DT"
235691,"JJ"
235692,"NNP"
235693,"NNP"
235694,"CC"
235695,"DT"
235696,"JJ"
235697,"NN"
235698,"IN"
235699,"DT"
235700,"NN"
235701,"POS"
235702,"JJ"
235703,"NN"
235704,","
235705,"NNP"
235706,"PRP"
235707,"FW"
235708,","
235709,"NNPS"
235710,"VBN"
235711,"JJ"
235712,"NNP"
235713,"NNS"
235714,"IN"
235715,"PRP$"
235716,"NN"
235717,"CC"
235718,"DT"
235719,"NN"
235720,"VBD"
235721,"IN"
235722,"DT"
235723,"NN"
235724,"NN"
235725,"VBD"
235726,"IN"
235727,"NNP"
235728,"NNS"
235729,"."
235730,"``"
235731,"PRP"
235732,"VBP"
235733,"JJ"
235734,"TO"
235735,"VB"
235736,"DT"
235737,"NN"
235738,"IN"
235739,"DT"
235740,"NNS"
235741,","
235742,"''"
235743,"VBD"
235744,"NNP"
235745,"NNP"
235746,","
235747,"VBG"
235748,"NN"
235749,"IN"
235750,"DT"
235751,"JJ"
235752,"JJ"
235753,"NN"
235754,"."
235755,"IN"
235756,"DT"
235757,"NN"
235758,"IN"
235759,"PRP$"
235760,"NN"
235761,"VBN"
235762,"``"
235763,"NNP"
235764,","
235765,"NNP"
235766,","
235767,"''"
235768,"DT"
235769,"JJ"
235770,"NN"
235771,"NN"
235772,"PRP$"
235773,"NNS"
235774,"IN"
235775,"DT"
235776,"NN"
235777,"."
235778,"``"
235779,"PRP"
235780,"VBP"
235781,"VBN"
235782,"IN"
235783,"DT"
235784,"NN"
235785,"IN"
235786,"DT"
235787,"NNS"
235788,"."
235789,"''"
235790,"IN"
235791,"DT"
235792,"NNS"
235793,"IN"
235794,"DT"
235795,"NN"
235796,","
235797,"DT"
235798,"NNP"
235799,"VBZ"
235800,"DT"
235801,"JJ"
235802,"NN"
235803,","
235804,"CC"
235805,"PRP$"
235806,"NNS"
235807,"VBP"
235808,"RB"
235809,"IN"
235810,"NNP"
235811,","
235812,"NNP"
235813,"."
235814,"CC"
235815,"DT"
235816,"JJ"
235817,"NN"
235818,"IN"
235819,"DT"
235820,"CD"
235821,"NNS"
235822,","
235823,"WP"
235824,"RB"
235825,"VBD"
235826,"DT"
235827,"JJ"
235828,"CC"
235829,"JJ"
235830,"NN"
235831,"IN"
235832,"DT"
235833,"NNP"
235834,","
235835,"VBZ"
235836,"DT"
235837,"FW"
235838,"FW"
235839,"NN"
235840,"IN"
235841,"DT"
235842,"NN"
235843,"CC"
235844,"DT"
235845,"NN"
235846,"IN"
235847,"PRP$"
235848,"JJ"
235849,"NN"
235850,"."
235851,"``"
235852,"DT"
235853,"NN"
235854,"MD"
235855,"RB"
235856,"VB"
235857,"DT"
235858,"NNP"
235859,"NN"
235860,"IN"
235861,"DT"
235862,"NN"
235863,"RB"
235864,","
235865,"''"
235866,"VBD"
235867,"NNP"
235868,"NNP"
235869,","
235870,"DT"
235871,"JJ"
235872,"JJ"
235873,"NN"
235874,"IN"
235875,"NN"
235876,"TO"
235877,"VB"
235878,"NNP"
235879,"NNP"
235880,"."
235881,"``"
235882,"NNS"
235883,"VBP"
235884,"VBN"
235885,"RB"
235886,"RB"
235887,"IN"
235888,"DT"
235889,"NN"
235890,"TO"
235891,"VB"
235892,"PRP"
235893,"RB"
235894,"."
235895,"EX"
235896,"VBZ"
235897,"DT"
235898,"NN"
235899,"RB"
235900,"."
235901,"''"
235902,"EX"
235903,"VBD"
235904,"RB"
235905,"DT"
235906,"NN"
235907,"DT"
235908,"NN"
235909,"IN"
235910,"NNP"
235911,"NN"
235912,"JJ"
235913,"NN"
235914,","
235915,"WRB"
235916,"NNS"
235917,"IN"
235918,"NNS"
235919,"VBN"
235920,"IN"
235921,"DT"
235922,"NNP"
235923,"NNP"
235924,"NNP"
235925,"NNP"
235926,"IN"
235927,"NNP"
235928,"IN"
235929,"WP"
235930,"VBD"
235931,"DT"
235932,"JJ"
235933,"NNP"
235934,"NN"
235935,"IN"
235936,"DT"
235937,"NN"
235938,"IN"
235939,"CD"
235940,"NNS"
235941,"."
235942,"JJ"
235943,"NNS"
235944,"IN"
235945,"``"
235946,"NNP"
235947,"''"
235948,"CC"
235949,"``"
235950,"NNP"
235951,"PRP"
235952,"FW"
235953,"''"
235954,"VBD"
235955,"DT"
235956,"NN"
235957,"IN"
235958,"DT"
235959,"CD"
235960,"VBG"
235961,"UH"
235962,"VBD"
235963,"WDT"
235964,"DT"
235965,"NNP"
235966,"MD"
235967,"VB"
235968,"PRP$"
235969,"NN"
235970,"IN"
235971,"DT"
235972,"NN"
235973,"CC"
235974,"DT"
235975,"NNS"
235976,"IN"
235977,"JJ"
235978,"NN"
235979,"IN"
235980,"DT"
235981,"NNS"
235982,","
235983,"VBG"
235984,"DT"
235985,"JJ"
235986,"NN"
235987,"."
235988,"CC"
235989,"PRP"
235990,"VBD"
235991,"IN"
235992,"DT"
235993,"NN"
235994,"TO"
235995,"VB"
235996,"NNP"
235997,"NNP"
235998,","
235999,"DT"
236000,"NNP"
236001,"POS"
236002,"JJ"
236003,"NN"
236004,","
236005,"WP"
236006,"VBD"
236007,"VBN"
236008,"IN"
236009,"PRP"
236010,"CC"
236011,"NNS"
236012,"IN"
236013,"NN"
236014,"."
236015,"IN"
236016,"PRP"
236017,","
236018,"VBD"
236019,"NNP"
236020,"NNP"
236021,","
236022,"DT"
236023,"VBG"
236024,"IN"
236025,"DT"
236026,"NNS"
236027,"``"
236028,"VBZ"
236029,"RB"
236030,"DT"
236031,"NN"
236032,"."
236033,"''"
236034,"NNP"
236035,"NNP"
236036,"NNP"
236037,"NNP"
236038,"VBD"
236039,"DT"
236040,"NNP"
236041,"NNP"
236042,":"
236043,"RB"
236044,"IN"
236045,"NN"
236046,"IN"
236047,"DT"
236048,"JJ"
236049,"NNS"
236050,"IN"
236051,"DT"
236052,"NNP"
236053,"NNP"
236054,"NNP"
236055,","
236056,"DT"
236057,"JJ"
236058,"NN"
236059,"NN"
236060,":"
236061,"IN"
236062,"NN"
236063,"IN"
236064,"PRP$"
236065,"NNS"
236066,"TO"
236067,"VB"
236068,"DT"
236069,"NN"
236070,"IN"
236071,"NN"
236072,"CC"
236073,"NN"
236074,"IN"
236075,"WDT"
236076,"PRP$"
236077,"NN"
236078,"MD"
236079,"VB"
236080,"NNS"
236081,"IN"
236082,"JJ"
236083,"NNS"
236084,"IN"
236085,"DT"
236086,"JJ"
236087,"NN"
236088,"VBN"
236089,"IN"
236090,"VBG"
236091,"NNS"
236092,"DT"
236093,"NN"
236094,"IN"
236095,"JJ"
236096,"NN"
236097,"."
236098,"NNP"
236099,"NNP"
236100,"MD"
236101,"RB"
236102,"VB"
236103,"VBG"
236104,"DT"
236105,"NN"
236106,"IN"
236107,"JJR"
236108,"NN"
236109,"CC"
236110,"NN"
236111,"IN"
236112,"DT"
236113,"RB"
236114,"VBN"
236115,"NN"
236116,"."
236117,"IN"
236118,"JJ"
236119,"JJ"
236120,"NNS"
236121,","
236122,"RB"
236123,"NNP"
236124,"CC"
236125,"DT"
236126,"NNP"
236127,"NNP"
236128,","
236129,"VBP"
236130,"RB"
236131,"VBN"
236132,","
236133,"JJ"
236134,"NNS"
236135,"TO"
236136,"VB"
236137,"RP"
236138,"NN"
236139,"MD"
236140,"VB"
236141,"DT"
236142,"NN"
236143,"IN"
236144,"JJ"
236145,"NN"
236146,"WDT"
236147,"VBZ"
236148,"JJ"
236149,","
236150,"IN"
236151,"RB"
236152,"JJ"
236153,","
236154,"TO"
236155,"VB"
236156,"."
236157,"IN"
236158,"DT"
236159,"NNS"
236160,"VBP"
236161,"IN"
236162,","
236163,"DT"
236164,"NNP"
236165,"NNP"
236166,"NN"
236167,"MD"
236168,"VB"
236169,"RB"
236170,"RBR"
236171,"JJ"
236172,"VBN"
236173,"TO"
236174,"VB"
236175,"DT"
236176,"JJ"
236177,"NN"
236178,"IN"
236179,"NNP"
236180,"NNP"
236181,"IN"
236182,"RB"
236183,"IN"
236184,"DT"
236185,"JJ"
236186,"VBG"
236187,"IN"
236188,"DT"
236189,"NNP"
236190,"CC"
236191,"NN"
236192,"IN"
236193,"DT"
236194,"NN"
236195,"IN"
236196,"NN"
236197,"."
236198,"IN"
236199,"PRP"
236200,"VBZ"
236201,"RB"
236202,"VB"
236203,"IN"
236204,"DT"
236205,"NNS"
236206,","
236207,"CC"
236208,"RB"
236209,"VB"
236210,"VBG"
236211,"RB"
236212,"TO"
236213,"DT"
236214,"NNP"
236215,","
236216,"DT"
236217,"NNS"
236218,"CC"
236219,"NN"
236220,"VBD"
236221,"IN"
236222,"NN"
236223,"POS"
236224,"NNS"
236225,"MD"
236226,"VB"
236227,"TO"
236228,"VB"
236229,"CC"
236230,"NN"
236231,"."
236232,"IN"
236233,"PRP"
236234,"VBZ"
236235,","
236236,"DT"
236237,"JJ"
236238,"NN"
236239,"IN"
236240,"JJ"
236241,"NNS"
236242,","
236243,"WP"
236244,"VBP"
236245,"DT"
236246,"NNS"
236247,"TO"
236248,"DT"
236249,"JJ"
236250,"NN"
236251,","
236252,"MD"
236253,"VB"
236254,"RP"
236255,"PRP$"
236256,"NN"
236257,"CC"
236258,"NNS"
236259,"TO"
236260,"VB"
236261,"NNS"
236262,"IN"
236263,"PRP$"
236264,"JJ"
236265,"NNS"
236266,"."
236267,"DT"
236268,"RB"
236269,"VBN"
236270,"NNP"
236271,"NNS"
236272,"RB"
236273,"MD"
236274,"VB"
236275,"IN"
236276,"JJ"
236277,"NN"
236278,"."
236279,"DT"
236280,"NN"
236281,"VBZ"
236282,"VBG"
236283,"RB"
236284,"TO"
236285,"VB"
236286,"IN"
236287,"PRP$"
236288,"NN"
236289,"IN"
236290,"DT"
236291,"JJ"
236292,"NNS"
236293,"TO"
236294,"JJ"
236295,"NN"
236296,"NNS"
236297,"CC"
236298,"NN"
236299,":"
236300,"IN"
236301,"PRP"
236302,"VBZ"
236303,","
236304,"NNP"
236305,"MD"
236306,"VB"
236307,"DT"
236308,"IN"
236309,"DT"
236310,"NN"
236311,"TO"
236312,"VB"
236313,"NNP"
236314,"NNP"
236315,"IN"
236316,"NNS"
236317,"."
236318,"NNP"
236319,"VBZ"
236320,"RB"
236321,"VBN"
236322,"WRB"
236323,"PRP"
236324,"VBD"
236325,"DT"
236326,"VBN"
236327,"TO"
236328,"NN"
236329,"NN"
236330,"IN"
236331,"DT"
236332,"JJ"
236333,"NN"
236334,":"
236335,"IN"
236336,"NN"
236337,"CC"
236338,"NN"
236339,"TO"
236340,"VB"
236341,"DT"
236342,"NN"
236343,"."
236344,"IN"
236345,"NN"
236346,","
236347,"DT"
236348,"NN"
236349,"VBZ"
236350,"VBG"
236351,"IN"
236352,"DT"
236353,"NNS"
236354,"MD"
236355,"VB"
236356,"DT"
236357,"NN"
236358,"IN"
236359,"DT"
236360,"JJ"
236361,"CC"
236362,"JJ"
236363,"NNS"
236364,"IN"
236365,"DT"
236366,"NNP"
236367,"NNP"
236368,"IN"
236369,"DT"
236370,"RB"
236371,"VBN"
236372,"NNS"
236373,"CC"
236374,"DT"
236375,"NNS"
236376,"WP"
236377,"VBP"
236378,"VBN"
236379,"IN"
236380,"NNS"
236381,"IN"
236382,"DT"
236383,"NN"
236384,"IN"
236385,"PRP$"
236386,"NN"
236387,"."
236388,"IN"
236389,"NN"
236390,"TO"
236391,"VB"
236392,"IN"
236393,"DT"
236394,"NNS"
236395,","
236396,"NNP"
236397,"NNP"
236398,","
236399,"IN"
236400,"DT"
236401,"NN"
236402,"IN"
236403,"PRP$"
236404,"NNS"
236405,"IN"
236406,"PRP"
236407,"VBD"
236408,"VBN"
236409,","
236410,"VBD"
236411,"PRP"
236412,"TO"
236413,"VB"
236414,"TO"
236415,"DT"
236416,"NNP"
236417,"NN"
236418,"IN"
236419,"NNP"
236420,"RB"
236421,"RB"
236422,"IN"
236423,"JJ"
236424,"."
236425,"DT"
236426,"NN"
236427,"RB"
236428,"MD"
236429,"VB"
236430,"VBN"
236431,"IN"
236432,"VBG"
236433,"DT"
236434,"NN"
236435,"NN"
236436,"IN"
236437,"PRP"
236438,"CC"
236439,"DT"
236440,"NN"
236441,"POS"
236442,"JJ"
236443,"JJ"
236444,"JJ"
236445,"NNS"
236446,","
236447,"DT"
236448,"JJ"
236449,"JJ"
236450,"NNS"
236451,"WP"
236452,"VBP"
236453,"JJ"
236454,"TO"
236455,"VB"
236456,"DT"
236457,"JJ"
236458,"NNS"
236459,"IN"
236460,"NN"
236461,"."
236462,"VBZ"
236463,"NNP"
236464,"NNP"
236465,","
236466,"NN"
236467,"IN"
236468,"DT"
236469,"NNP"
236470,"NNP"
236471,"NNP"
236472,"NNP"
236473,":"
236474,"``"
236475,"PRP"
236476,"MD"
236477,"VB"
236478,"VBG"
236479,"PRP"
236480,"TO"
236481,"VB"
236482,"JJ"
236483,"NNS"
236484,"IN"
236485,"DT"
236486,"NNP"
236487,"."
236488,"''"
236489,"PRP"
236490,"RB"
236491,"VBD"
236492,"PRP"
236493,"TO"
236494,"VB"
236495,"NN"
236496,"RB"
236497,"."
236498,"IN"
236499,"JJ"
236500,"NN"
236501,"POS"
236502,"NN"
236503,","
236504,"PRP"
236505,"VBD"
236506,"IN"
236507,"PRP$"
236508,"NNS"
236509,"TO"
236510,"VB"
236511,"NN"
236512,","
236513,"RB"
236514,"VBN"
236515,","
236516,"IN"
236517,"PRP$"
236518,"NN"
236519,"TO"
236520,"NN"
236521,"."
236522,"``"
236523,"PRP"
236524,"VB"
236525,"NN"
236526,"IN"
236527,"PRP"
236528,"VBP"
236529,"IN"
236530,"DT"
236531,"NN"
236532,"VBZ"
236533,"JJ"
236534,","
236535,"RB"
236536,"JJ"
236537,","
236538,"''"
236539,"VBD"
236540,"NNP"
236541,"NNP"
236542,","
236543,"DT"
236544,"JJ"
236545,"NN"
236546,"NN"
236547,"WP"
236548,"VBZ"
236549,"RB"
236550,"CD"
236551,"."
236552,"``"
236553,"PRP"
236554,"VBP"
236555,"TO"
236556,"VB"
236557,"NNP"
236558,"NNP"
236559,"CC"
236560,"DT"
236561,"JJ"
236562,"NNS"
236563,"IN"
236564,"IN"
236565,"NN"
236566,","
236567,"CC"
236568,"IN"
236569,"PRP"
236570,"VBP"
236571,"RB"
236572,"VBN"
236573,"PRP"
236574,"MD"
236575,"RB"
236576,"VB"
236577,"PRP"
236578,"RB"
236579,"IN"
236580,"PRP"
236581,"."
